3,0,10500000,-0.7
3,2842782016841.831,10850000,-3
3,8227922.499621538,10150000,-4
3,13452864.788187752,9800000,-4
3,19466447.448448908,9450000,-4
3,26599005.3596413,10150000,0.5
3,33525305.068698168,10150000,0.5
3,37501274.554174185,10850000,0.5
3,41641175.26133698,10850000,0.5
3,45871981.55061385,11550000,0.5
3,47970991.033762015,10850000,-2
3,45636659.72429608,10500000,-2
3,42179055.12709324,10150000,-2
3,38237150.892191164,9450000,-2
3,26291792.58107463,10150000,0.5
3,19375137.219740674,10500000,0.5
3,21777154.95430956,11200000,0.5
3,21204281.26884607,11200000,0.5
3,20187065.640325174,10850000,-4
3,23908698.071345456,10850000,0.5
3,23908698.071345456,11200000,0.5
3,23074841.96833763,11550000,0.5
3,26254430.074559204,11900000,0.5
3,30696964.33506744,11900000,0.5
3,34460533.929000236,11900000,0.5
3,38151980.00703319,11550000,-4
3,39774468.867583826,11900000,0.5
3,38261934.99256934,12250000,0.5
3,37240632.38941527,12250000,0.5
3,29365252.9694209,12950000,0.5
3,28064281.204001293,13650000,0.5
3,23692156.461230256,14000000,0.5
3,22467487.7452304,14350000,0.5
3,29946551.040706694,14700000,0.5
3,28995792.29122353,15050000,0.5
3,29993158.653345708,15750000,0.5
3,28835802.94587394,16450000,0.5
3,29630651.668023083,17150000,0.5
3,25321091.269372344,17850000,0.5
3,26117155.39604598,17500000,-4
3,26117155.39604598,17500000,0.5
3,25261811.590681925,18200000,0.5
3,26641663.525334265,18550000,0.5
3,31185485.109397776,18550000,0.5
3,33987257.95288083,18550000,0.5
3,36163402.455025576,18900000,0.5
3,40143996.28760231,19600000,0.5
3,38393425.64920459,19250000,-4
3,42136800.1386611,19250000,0.5
3,37921446.104144946,19950000,0.5
3,33665247.43479079,19250000,-4
3,30607667.10064468,18550000,-4
3,27336855.2900366,18550000,0.5
3,26553944.1828195,17850000,-4
3,31918056.730079845,18200000,0.5
3,35513112.604010075,17500000,-2
3,35540911.4818609,17150000,-2
3,35648475.7561806,17500000,0.5
3,37981373.5029906,17850000,0.5
3,37363638.43021767,18550000,0.5
3,33546405.480090942,18900000,0.5
3,33546405.480090942,18200000,-4
3,34196691.36115943,18550000,0.5
3,32389222.88915084,18550000,0.5
3,36839955.94851524,18900000,0.5
3,39073880.14324511,19250000,0.5
3,41791761.448709615,19950000,0.5
3,37241986.3485788,20300000,0.5
3,37439839.044866584,20300000,0.5
3,36316614.26614124,20650000,0.5
3,41201697.57933101,21350000,0.5
3,36285144.60480506,20650000,-4
3,33425635.94960892,21350000,0.5
3,34300617.84551218,21700000,0.5
3,33156667.969900023,21000000,-2
3,36152122.85146874,21000000,0.5
3,38623330.50147728,21700000,0.5
3,39317268.90020834,22400000,0.5
3,37899430.52604308,23100000,0.5
3,38371523.51172709,23100000,0.5
3,40058807.338103406,23100000,0.5
3,40058807.338103406,23100000,0.5
3,36767194.69187261,22400000,-2
3,30540628.983827587,22750000,0.5
3,32769409.112378653,23450000,0.5
3,35545544.365545616,24150000,0.5
3,38493989.537171505,24850000,0.5
3,37171363.665031195,24850000,0.5
3,40586534.486929305,25550000,0.5
3,43045544.681195945,26250000,0.5
3,38698459.97776393,26950000,0.5
3,41232726.62636803,27300000,0.5
3,31086695.042196188,28000000,0.5
3,26525834.103697218,28700000,0.5
3,26721162.97645657,29050000,0.5
3,35516502.6139089,28350000,-2
3,42065898.54065017,29050000,0.5
3,45742829.54953701,29400000,0.5
3,46604627.37086461,30100000,0.5
3,48335534.2141206,30800000,0.5
3,46781295.23943782,30800000,0.5
3,46781295.23943782,30450000,-2
3,44842278.39237661,31150000,0.5
3,42792166.72881669,30800000,-2
3,45377203.21953073,30800000,0.5
3,45494602.402387105,30800000,0.5
3,42312363.47181952,31150000,0.5
3,46742648.623398095,30800000,-2
3,40426827.91468585,31500000,0.5
3,38768549.66090528,31850000,0.5
3,27700258.77159221,32550000,0.5
3,21460989.02941651,32900000,0.5
3,22843916.629222892,33250000,0.5
3,26960594.486203928,33950000,0.5
3,29846632.082690947,33600000,-4
3,31479543.23381176,33950000,0.5
3,41335577.898329504,34650000,0.5
3,46068665.68087229,35350000,0.5
3,48900667.20403863,35350000,0.5
3,52119262.12777346,34650000,-2
3,54893848.65027801,35350000,0.5
3,48871738.94518873,35000000,-2
3,42229989.37376621,34650000,-2
3,42229989.37376621,34300000,-2
3,43809903.5756762,35000000,0.5
3,43712358.880381115,35700000,0.5
3,41947639.077991,35000000,-2
3,40659636.756252624,35350000,0.5
3,40361164.782047935,35000000,-4
3,32896712.82318201,35350000,0.5
3,28678653.657413412,35000000,-4
3,27597831.020669483,35700000,0.5
3,23614962.4792834,36400000,0.5
3,25170116.834588263,37100000,0.5
3,29747869.378878016,37450000,0.5
3,34020033.49609659,37800000,0.5
3,36218923.43404361,38500000,0.5
3,40619503.30922995,38850000,0.5
3,46631344.45846809,38850000,0.5
3,50400400.0421591,39200000,0.5
3,51234939.68540441,39200000,0.5
3,54920085.32967827,39550000,0.5
3,54452242.11464451,40250000,0.5
3,47061683.46091382,40600000,-0.7961497
3,47061683.46091382,40600000,-0.7915403
3,44857737.31554398,39900000,-2
3,40900895.97813604,39200000,-2
3,34399237.026828416,39900000,0.5
3,35572803.74010606,40250000,0.5
3,33985472.51066423,39550000,-4
3,31738663.339416437,40250000,0.5
3,34242998.25638189,40250000,0.5
3,30128356.547752462,40250000,0.5
3,34261813.63482532,40600000,0.5
3,32018596.76969047,41300000,0.5
3,31320497.959857408,41650000,0.5
3,36072343.22584854,41650000,0.5
3,41554848.90432964,42350000,0.5
3,41446235.75059875,42350000,0.5
3,46736664.930527635,42350000,0.5
3,52433755.79825729,42350000,0.5
3,57233695.76346264,43050000,-0.7061137
3,58375996.561988965,42700000,-2
3,53127671.99573631,42000000,-2
3,49908048.47983325,42700000,-0.7364965
3,47514616.4398646,42700000,-0.7699295999999999
3,43159572.28838501,42000000,-0.8792355
3,34285855.946207784,41650000,-2
3,34285855.946207784,41300000,-4
3,30119946.140584946,41650000,0.5
3,28687109.006211847,41650000,0.5
3,36626791.42694624,42000000,0.5
3,33885054.376968965,42700000,0.5
3,31549777.66491495,43400000,0.5
3,30296732.843872767,43400000,0.5
3,32244632.706473477,44100000,0.5
3,35924115.844080016,44800000,0.5
3,39037215.10060986,45500000,0.5
3,42269767.71170466,45500000,0.5
3,48892710.83729525,45500000,0.5
3,49390577.91719213,46200000,0.5
3,48774069.44663771,46550000,0.5
3,58531753.016349986,46900000,0.5
3,60314965.9432331,47250000,0.5
3,52801611.043924734,47950000,0.5
3,49365606.72883366,48300000,0.5
3,41903215.87876738,48300000,0.5
3,37661073.00317127,48300000,-0.782802
3,33288037.22098519,48650000,0.5
3,30964224.432265162,47950000,-4
3,30964224.432265162,47950000,0.5
3,27106739.868718892,47950000,0.5
3,32868882.77360976,47600000,-4
3,33465222.49192864,47600000,0.5
3,36203936.03045846,48300000,0.5
3,34331617.163449615,48300000,0.5
3,33553823.6172162,47950000,-4
3,39361440.75383458,48650000,0.5
3,44360068.70311891,49350000,0.5
3,46327724.629684456,49350000,0.5
3,49689345.510530055,49700000,0.5
3,54317341.60963747,50050000,0.5
3,61419415.93710722,50050000,0.5
3,64357651.49856192,50050000,0.5
3,62237190.53389748,50400000,0.5
3,45678461.5339883,49700000,-2
3,32876379.180903412,50400000,0.5
3,33110787.880618304,51100000,0.5
3,38540493.157703444,51100000,0.5
3,39311280.51450919,51100000,-0.7606685
3,33488985.10782867,50750000,-2
