2,0,9000000,-0.7
2,2842782016841.831,8700000,1
2,8227922.499621538,8100000,-4
2,13452864.788187752,7800000,-4
2,19466447.448448908,7500000,-4
2,26599005.3596413,7800000,0.5
2,33525305.068698168,8100000,0.5
2,37501274.554174185,7800000,-2
2,41641175.26133698,7500000,-2
2,45871981.55061385,8100000,0.5
2,47970991.033762015,8700000,0.5
2,45636659.72429608,8100000,-4
2,42179055.12709324,7800000,-4
2,38237150.892191164,8100000,0.5
2,26291792.58107463,8700000,0.5
2,19375137.219740674,8100000,-4
2,21777154.95430956,8400000,0.5
2,21204281.26884607,8400000,0.5
2,20187065.640325174,9000000,0.5
2,23908698.071345456,8700000,-4
2,23074841.96833763,8100000,-4
2,26254430.074559204,7800000,-4
2,30696964.33506744,7800000,0.5
2,34460533.929000236,8100000,0.5
2,38151980.00703319,7800000,-2
2,39774468.867583826,7800000,0.5
2,38261934.99256934,8400000,0.5
2,38261934.99256934,8700000,0.5
2,37240632.38941527,8700000,0.5
2,29365252.9694209,9300000,0.5
2,28064281.204001293,8700000,-2
2,23692156.461230256,9300000,0.5
2,22467487.7452304,9900000,0.5
2,29946551.040706694,10200000,0.5
2,28995792.29122353,9600000,-2
2,29993158.653345708,10200000,0.5
2,28835802.94587394,9600000,-4
2,29630651.668023083,9900000,0.5
2,25321091.269372344,10200000,0.5
2,26117155.39604598,10500000,0.5
2,25261811.590681925,10500000,0.5
2,26641663.525334265,10800000,0.5
2,31185485.109397776,11400000,0.5
2,33987257.95288083,11700000,0.5
2,33987257.95288083,12000000,0.5
2,36163402.455025576,11400000,-4
2,40143996.28760231,11400000,0.5
2,38393425.64920459,11400000,0.5
2,42136800.1386611,11700000,0.5
2,37921446.104144946,11700000,0.5
2,33665247.43479079,12300000,0.5
2,30607667.10064468,12900000,0.5
2,27336855.2900366,13200000,0.5
2,26553944.1828195,13200000,0.5
2,31918056.730079845,13800000,0.5
2,35513112.604010075,13800000,0.5
2,35540911.4818609,14100000,0.5
2,35648475.7561806,14400000,0.5
2,37981373.5029906,15000000,0.5
2,37363638.43021767,15600000,0.5
2,33546405.480090942,16200000,0.5
2,34196691.36115943,15900000,-4
2,32389222.88915084,16500000,0.5
2,36839955.94851524,16500000,0.5
2,39073880.14324511,16500000,0.5
2,39073880.14324511,15900000,-2
2,41791761.448709615,15900000,0.5
2,37241986.3485788,16200000,0.5
2,37439839.044866584,16800000,0.5
2,36316614.26614124,17400000,0.5
2,41201697.57933101,18000000,0.5
2,36285144.60480506,18300000,0.5
2,33425635.94960892,18300000,0.5
2,34300617.84551218,18900000,0.5
2,33156667.969900023,19500000,0.5
2,36152122.85146874,19500000,-0.8018563
2,38623330.50147728,19500000,0.5
2,39317268.90020834,19200000,-2
2,37899430.52604308,19800000,0.5
2,38371523.51172709,19200000,-4
2,40058807.338103406,19800000,0.5
2,36767194.69187261,20400000,0.5
2,30540628.983827587,20400000,0.5
2,32769409.112378653,21000000,0.5
2,32769409.112378653,21300000,0.5
2,35545544.365545616,21900000,0.5
2,38493989.537171505,22500000,0.5
2,37171363.665031195,22500000,0.5
2,40586534.486929305,22500000,0.5
2,43045544.681195945,22500000,0.5
2,38698459.97776393,22800000,0.5
2,41232726.62636803,23400000,0.5
2,31086695.042196188,23700000,0.5
2,26525834.103697218,24000000,0.5
2,26721162.97645657,24300000,-0.76223105
2,35516502.6139089,24300000,-0.7765778999999999
2,42065898.54065017,24000000,-0.9545076333333333
2,45742829.54953701,23400000,-2
2,46604627.37086461,22800000,-0.8054421666666667
2,48335534.2141206,22500000,-0.7651283499999999
2,46781295.23943782,22200000,-2
2,44842278.39237661,21900000,-4
2,42792166.72881669,22500000,0.5
2,45377203.21953073,23100000,0.5
2,45377203.21953073,23700000,0.5
2,45494602.402387105,24300000,0.5
2,42312363.47181952,23700000,-4
2,46742648.623398095,23700000,0.5
2,40426827.91468585,24000000,0.5
2,38768549.66090528,24000000,0.5
2,27700258.77159221,24300000,0.5
2,21460989.02941651,24300000,0.5
2,22843916.629222892,24300000,0.5
2,26960594.486203928,24300000,0.5
2,29846632.082690947,24600000,0.5
2,31479543.23381176,24600000,0.5
2,41335577.898329504,25200000,0.5
2,46068665.68087229,25800000,0.5
2,48900667.20403863,25500000,-0.7062994166666666
2,52119262.12777346,26100000,-0.7190160833333333
2,54893848.65027801,25800000,-0.7700578666666665
2,48871738.94518873,25200000,-0.8654120999999999
2,42229989.37376621,24600000,-2
2,43809903.5756762,24300000,-2
2,43712358.880381115,24900000,0.5
2,41947639.077991,24300000,-4
2,41947639.077991,24300000,0.5
2,40659636.756252624,24900000,0.5
2,40361164.782047935,25200000,0.5
2,32896712.82318201,25500000,0.5
2,28678653.657413412,26100000,0.5
2,27597831.020669483,26400000,0.5
2,23614962.4792834,26700000,0.5
2,25170116.834588263,27000000,0.5
2,29747869.378878016,27600000,0.5
2,34020033.49609659,27600000,0.5
2,36218923.43404361,27600000,0.5
2,40619503.30922995,28200000,0.5
2,46631344.45846809,28800000,-0.7267034833333332
2,50400400.0421591,28200000,-1.1181868833333333
2,51234939.68540441,27600000,-0.7871611999999999
2,54920085.32967827,27000000,-0.8000085333333332
2,54452242.11464451,26700000,-1.01463285
2,47061683.46091382,26400000,-2
2,44857737.31554398,25800000,-4
2,40900895.97813604,25200000,-4
2,40900895.97813604,25500000,0.5
2,34399237.026828416,26100000,0.5
2,35572803.74010606,26400000,0.5
2,33985472.51066423,26700000,0.5
2,31738663.339416437,26700000,0.5
2,34242998.25638189,26700000,0.5
2,30128356.547752462,27300000,0.5
2,34261813.63482532,27300000,0.5
2,32018596.76969047,27000000,-2
2,31320497.959857408,27000000,0.5
2,36072343.22584854,27300000,0.5
2,41554848.90432964,27300000,0.5
2,41446235.75059875,27600000,0.5
2,46736664.930527635,28200000,0.5
2,52433755.79825729,28500000,0.5
2,57233695.76346264,28500000,0.5
2,58375996.561988965,29100000,-0.7014824833333333
2,53127671.99573631,29100000,-0.7646832666666666
2,49908048.47983325,28500000,-0.7826926333333333
2,47514616.4398646,28200000,-2
2,43159572.28838501,27900000,-4
2,34285855.946207784,27600000,-4
2,30119946.140584946,27900000,0.5
2,30119946.140584946,28200000,0.5
2,28687109.006211847,28800000,0.5
2,36626791.42694624,29400000,0.5
2,33885054.376968965,29700000,0.5
2,31549777.66491495,30000000,0.5
2,30296732.843872767,30600000,0.5
2,32244632.706473477,31200000,0.5
2,35924115.844080016,31800000,0.5
2,39037215.10060986,32400000,0.5
2,42269767.71170466,32400000,0.5
2,48892710.83729525,32700000,-0.7031976
2,49390577.91719213,32700000,-0.7296459333333333
2,48774069.44663771,32100000,-2
2,58531753.016349986,31800000,-0.9403770833333334
2,60314965.9432331,32100000,-0.9555389666666666
2,52801611.043924734,31500000,-0.8921404333333333
2,49365606.72883366,30900000,-0.7311923499999999
2,41903215.87876738,30300000,-4
2,37661073.00317127,30000000,-4
2,33288037.22098519,30600000,0.5
2,30964224.432265162,30600000,0.5
2,27106739.868718892,30600000,0.5
2,32868882.77360976,30600000,0.5
2,32868882.77360976,30900000,0.5
2,33465222.49192864,31500000,0.5
2,36203936.03045846,31800000,0.5
2,34331617.163449615,31800000,0.5
2,33553823.6172162,32400000,0.5
2,39361440.75383458,32400000,0.5
2,44360068.70311891,32700000,0.5
2,46327724.629684456,33000000,0.5
2,49689345.510530055,33300000,-0.7239408166666665
2,54317341.60963747,33300000,-0.755804
2,61419415.93710722,33000000,-0.7630961333333333
2,64357651.49856192,32400000,-0.9255707999999999
2,62237190.53389748,32100000,-2
2,45678461.5339883,31500000,-4
2,32876379.180903412,31500000,0.5
2,33110787.880618304,32100000,0.5
2,38540493.157703444,32700000,0.5
2,39311280.51450919,32700000,0.5
2,33488985.10782867,33000000,0.5
