4,0,8000000,-0.7
4,2042155201754.9165,7800000,1
4,25708887.708995912,7600000,-4
4,33276672.381099023,7000000,-4
4,38488074.976022445,7000000,0.5
4,39942998.83392186,7000000,0.5
4,38373787.88517444,7000000,0.5
4,34255304.12957276,7000000,0.5
4,32371958.126959994,7800000,0.5
4,29327794.654573716,7800000,0.5
4,27253920.109226156,7800000,0.5
4,15172109.224477634,7800000,0.5
4,12003344.33993611,7800000,0.5
4,12176320.405981155,7800000,0.5
4,12919576.704775834,7800000,0.5
4,13945004.24230855,7800000,0.5
4,11488288.871127516,7800000,0.5
4,14685442.42512278,7400000,-4
4,16076691.388982654,7400000,0.5
4,25328270.7010304,7400000,0.5
4,25328270.7010304,7400000,0.5
4,31859396.38283118,7400000,0.5
4,37993410.59647547,7400000,0.5
4,41682600.271262154,7400000,0.5
4,43826968.326698184,7400000,0.5
4,43771115.95276444,7400000,0.5
4,44077605.46626406,7400000,0.5
4,41063194.13898245,7400000,0.5
4,35185697.625602186,7400000,0.5
4,27135423.87165675,7400000,0.5
4,23673833.794285268,8200000,0.5
4,24090573.111667197,8200000,0.5
4,18574996.370256063,8200000,0.5
4,19077329.221588854,8200000,0.5
4,19402460.11019289,8200000,0.5
4,20889570.82909156,8200000,0.5
4,20084683.891253263,8200000,0.5
4,22688929.10764908,8200000,0.5
4,26894653.325430468,8200000,0.5
4,25525142.467277832,8200000,0.5
4,25525142.467277832,8200000,0.5
4,32925008.534803987,8200000,0.5
4,40434982.16061891,8200000,0.5
4,44046109.144574896,8400000,0.5
4,44137483.395554006,8400000,0.5
4,42679553.31876598,8400000,0.5
4,35998608.09918901,8400000,0.5
4,26736858.18623451,8400000,0.5
4,21430680.752316333,8400000,0.5
4,24462148.55419817,8400000,0.5
4,28730940.57435031,8400000,0.5
4,34209476.81190277,8600000,0.5
4,28428413.944355812,8600000,0.5
4,26870643.480085883,8600000,0.5
4,27182101.081457205,8600000,0.5
4,27981440.88672468,8200000,-4
4,29913299.205164984,8200000,0.5
4,32810513.506425165,8200000,0.5
4,27412886.49383565,8200000,0.5
4,27412886.49383565,8200000,0.5
4,29792892.047526497,8200000,0.5
4,34362961.01678389,8200000,0.5
4,42052189.487549834,8200000,0.5
4,40552517.32155334,9000000,0.5
4,35492600.44733154,9000000,0.5
4,23613952.08199705,9000000,0.5
4,17782992.326400276,9000000,0.5
4,20835112.18795947,9000000,0.5
4,25579948.44745237,9000000,0.5
4,25853450.489397947,9000000,0.5
4,29830267.13431035,9000000,0.5
4,38640453.464968294,9000000,0.5
4,40330081.532664776,9400000,0.5
4,33199157.046500117,9400000,0.5
4,36202408.325679705,9400000,0.5
4,35899111.14333637,9400000,0.5
4,34405456.53680633,9200000,-4
4,36943870.48445712,9200000,0.5
4,36943870.48445712,9200000,0.5
4,37322515.11685519,9200000,0.5
4,30167543.461227015,9200000,0.5
4,29933756.48983517,9200000,0.5
4,23167047.392581634,9400000,0.5
4,15878416.411189154,9400000,0.5
4,20519618.967760354,9400000,0.5
4,24599818.450471643,9400000,0.5
4,28509508.62684534,9400000,0.5
4,31536717.80807879,9400000,0.5
4,34068641.350137934,8800000,-4
4,35203169.77852267,8800000,0.5
4,34928469.5149497,8600000,-2
4,38814750.0036311,8600000,0.5
4,41635959.49927441,8600000,0.5
4,40048421.51958492,8600000,0.5
4,35487153.54459858,8600000,0.5
4,34227337.52083771,8000000,-4
4,34541275.556709096,8000000,0.5
4,33216766.97312528,8000000,0.5
4,33000161.786741313,8000000,0.5
4,24238428.868106954,8200000,0.5
4,24173908.26644079,8200000,0.5
4,20852847.73697955,8200000,0.5
4,20852847.73697955,8200000,0.5
4,19616729.28745098,8000000,-4
4,24606467.513159666,8000000,0.5
4,27014193.395442687,8000000,0.5
4,31629651.95532413,8000000,0.5
4,31078001.22624611,8000000,0.5
4,36344470.82735004,7200000,-4
4,37919772.921868555,7200000,0.5
4,40556204.74143995,7200000,0.5
4,39985319.59492061,7200000,0.5
4,35701078.291778676,7200000,0.5
4,36087714.0573291,7200000,0.5
4,43075996.77570741,7200000,0.5
4,37624891.73941134,7200000,0.5
4,31747951.745874483,6800000,-4
4,26423344.664774347,6800000,0.5
4,22356274.660893083,6800000,0.5
4,22979427.30352669,6800000,0.5
4,19212534.653627604,6800000,0.5
4,16561779.886206526,6000000,-4
4,21129067.60034745,6000000,0.5
4,21129067.60034745,6000000,0.5
4,29915394.816154324,6000000,0.5
4,34402016.25769884,6000000,0.5
4,36454298.23046224,6000000,0.5
4,32403117.862668425,5800000,-4
4,34682670.964932844,5600000,-4
4,43687087.85534961,5000000,-4
4,37203846.38082422,5000000,0.5
4,38846320.611437604,5000000,0.5
4,33122519.583338108,5000000,0.5
4,34114217.16399218,5000000,0.5
4,40028830.05468587,5000000,0.5
4,38560938.13070094,5000000,0.5
4,29314582.426739335,5000000,0.5
4,22836280.583228964,5000000,0.5
4,23649273.4488313,4200000,-4
4,22040876.9916751,4200000,0.5
4,22895885.303020667,4200000,0.5
4,17463756.2224119,4200000,0.5
4,23419250.92228694,4200000,0.5
4,24716078.770220846,4200000,0.5
4,28635488.566484507,4200000,0.5
4,38320507.561719656,4200000,0.5
4,38320507.561719656,4200000,0.5
4,39700857.963483475,4200000,0.5
4,32815573.3347554,5000000,0.5
4,33560129.12101279,5000000,0.5
4,32377059.220765956,4200000,-4
4,33920292.95476226,4200000,0.5
4,35706168.03998424,4200000,0.5
4,36773391.748061426,4200000,0.5
4,31611146.487484545,4200000,0.5
4,33231264.398521263,4200000,0.5
4,31197779.364030242,4200000,0.5
4,21933069.765472483,4200000,0.5
4,22442445.55850523,4200000,0.5
4,23787017.419426557,4200000,0.5
4,29898700.378285345,3400000,-4
4,28776954.154629055,3400000,0.5
4,27363807.323130783,3200000,-4
4,25392996.64736874,3000000,-4
4,27141875.36688929,3000000,0.5
