5,0,13500000,-0.7
5,4695534633754.363,13950000,-3
5,47667598.520688094,13500000,-2
5,37738408.82306926,13500000,0.5
5,28434060.78874198,12600000,-4
5,20000299.01645011,13050000,0.5
5,10746776.674259484,12150000,-4
5,10422541.841939365,11700000,-4
5,8669169.304406181,10800000,-4
5,13883777.232643034,9900000,-4
5,17636101.51863997,10350000,0.5
5,22645126.16097232,11250000,0.5
5,27222026.944527533,11250000,0.5
5,31793850.99092223,11700000,0.5
5,33155346.06130347,12600000,0.5
5,38766435.587853014,13050000,0.5
5,51372824.98522731,13500000,0.5
5,41759646.013370305,13950000,0.5
5,49784811.45799555,14400000,0.5
5,39714984.98921612,13950000,-4
5,30885522.505669013,14400000,0.5
5,24859295.609123286,14400000,0.5
5,19734606.0825739,14850000,0.5
5,17985337.03054316,15750000,0.5
5,16481121.510854548,14850000,-4
5,16481121.510854548,15300000,0.5
5,20185731.63453276,16200000,0.5
5,18993454.65244432,17100000,0.5
5,16931433.790128224,18000000,0.5
5,16989044.004428893,17100000,-4
5,18405149.82711994,16200000,-4
5,22326038.51020423,17100000,0.5
5,25403558.534571905,17100000,0.5
5,31056762.46263825,17550000,0.5
5,33668532.693517864,17550000,0.5
5,39268213.38608919,18000000,0.5
5,50978353.31470258,18000000,0.5
5,53128080.80373867,18900000,0.5
5,49474209.24800186,18000000,-2
5,43247346.52502764,17550000,-2
5,39913088.48075082,18000000,0.5
5,32116163.99583748,18450000,0.5
5,25566005.587345388,17550000,-4
5,22689342.797684964,18000000,0.5
5,22513901.033143997,18450000,0.5
5,28009449.050915357,17550000,-4
5,24526345.664694816,18450000,0.5
5,24526345.664694816,18000000,-4
5,19621748.76107038,18450000,0.5
5,25081177.537725125,19350000,0.5
5,23552353.475759424,20250000,0.5
5,24049378.84037692,20700000,0.5
5,27998390.525376637,19800000,-4
5,31410548.43512496,18900000,-2
5,35188617.76703568,19350000,0.5
5,37516063.95024127,20250000,0.5
5,43978189.061431296,19800000,-2
5,41094147.14092383,20250000,0.5
5,35102657.94817674,21150000,0.5
5,25036649.26101913,21600000,0.5
5,26878296.95808166,20700000,-4
5,25980668.657299228,20250000,-4
5,31543323.248329774,20700000,0.5
5,32509165.566701572,21600000,0.5
5,31702711.08286515,21600000,0.5
5,30935534.358854994,21600000,0.5
5,33253785.138138685,22050000,0.5
5,38408229.605233006,21150000,-2
5,34960618.378080495,20700000,-4
5,35657397.0727469,21600000,0.5
5,34954858.31996151,21600000,0.5
5,37034858.12962193,22500000,0.5
5,40253709.64209005,22050000,-2
5,40253709.64209005,22500000,0.5
5,36777862.532594495,22500000,0.5
5,33349211.39282801,21600000,-2
5,29651451.179501437,21600000,0.5
5,25036837.849516235,22500000,0.5
5,24165451.627028313,22950000,0.5
5,23627499.670456585,23400000,0.5
5,21918414.055198167,23400000,0.5
5,25917371.91408614,23850000,0.5
5,28939115.83084877,24750000,0.5
5,32815699.532119855,24750000,0.5
5,38398364.557605855,24750000,0.5
5,35873365.8145847,25200000,0.5
5,37236708.64741359,25200000,0.5
5,37524392.83570579,25200000,0.5
5,45492970.51736665,25650000,0.5
5,43405327.38271636,26550000,0.5
5,47721881.649698615,27000000,0.5
5,45288975.6062975,27450000,0.5
5,44498067.473026045,27450000,0.5
5,44498067.473026045,27900000,0.5
5,38970185.20870526,28350000,0.5
5,31130692.874990378,28350000,0.5
5,28866024.82163059,28800000,0.5
5,28476570.581846002,28800000,0.5
5,29363471.065680742,29700000,0.5
5,33932478.43726981,30150000,0.5
5,29443399.925249126,30150000,0.5
5,25819546.35164442,30600000,0.5
5,27261949.193038862,29700000,-4
5,28881946.46745534,28800000,-4
5,36075033.569714285,28800000,0.5
5,39545484.061197884,29250000,0.5
5,39305369.56474589,30150000,0.5
5,44371036.61184126,30600000,0.5
5,53467163.9840954,29700000,-4
5,50001402.92584297,29700000,0.5
5,42267818.86797593,30600000,0.5
5,41566879.3831838,31500000,0.5
5,40718576.32379005,31950000,0.5
5,40718576.32379005,32400000,0.5
5,34931607.55204209,33300000,0.5
5,27796607.060465727,33300000,0.5
5,27890800.161959566,32400000,-2
5,27558843.529397175,31500000,-2
5,29358118.06643719,31950000,0.5
5,35660849.72572704,32850000,0.5
5,26432460.016273804,32850000,0.5
5,27941159.19251077,31950000,-4
5,28126239.98080561,31050000,-4
5,33464199.658198133,31500000,0.5
5,35067137.89323233,32400000,0.5
5,38590889.94528175,33300000,0.5
5,45730679.240521796,33300000,0.5
5,46548090.12154457,33300000,0.5
5,47543981.703557715,33750000,0.5
5,42721335.11500966,33750000,0.5
5,40620045.59940753,34200000,0.5
5,41280044.656176865,35100000,0.5
5,38013263.485956185,35100000,0.5
5,38013263.485956185,36000000,0.5
5,33569426.7341794,36450000,0.5
5,29295802.15539969,36450000,0.5
5,32178716.187328555,36450000,0.5
5,33673211.87464907,36450000,0.5
5,38045076.63993371,36000000,-2
5,38126967.179734096,36450000,0.5
5,35011836.934743874,36900000,0.5
5,28337402.151935983,37800000,0.5
5,27449129.87652492,36900000,-4
5,30523110.042039488,36000000,-4
5,35179613.13956013,36000000,0.5
5,38358066.96961827,36900000,0.5
5,42378130.01370452,36900000,0.5
5,40028958.6248177,37350000,0.5
5,41028727.23023211,37350000,0.5
5,39162632.31215301,37800000,0.5
5,41131717.17465065,37800000,0.5
5,45308002.26485797,38700000,0.5
5,46803196.727675796,38700000,0.5
5,41982090.434741095,39150000,0.5
5,43377453.6343129,39150000,0.5
5,40955650.39031403,39150000,0.5
5,40955650.39031403,40050000,0.5
5,39574925.219738334,40050000,0.5
5,40038187.87037417,40050000,0.5
5,37983177.97285954,40950000,0.5
5,32873114.451219097,40950000,0.5
5,28393016.908334963,41850000,0.5
5,29498710.523804266,42750000,0.5
5,32963066.704518463,43200000,0.5
5,35998613.21576027,44100000,0.5
5,40403656.16119806,45000000,0.5
5,45373787.021133825,45000000,0.5
5,44966791.94938384,45900000,0.5
5,44087380.8036138,46800000,0.5
5,41822129.667513415,47250000,0.5
5,42435174.6378492,47250000,0.5
5,48746943.40405942,47700000,0.5
5,47164178.84460852,48150000,0.5
5,48785107.7342767,48600000,0.5
5,46508904.61928549,49050000,0.5
5,43334686.22646753,49050000,0.5
5,42579758.828924514,49050000,0.5
5,44209979.43870238,49500000,0.5
5,39612082.28881009,50400000,0.5
5,32704474.441468913,50850000,0.5
5,32704474.441468913,51300000,0.5
5,25966870.567317583,51300000,0.5
5,30115403.198112205,50850000,-4
5,30735797.2586968,51750000,0.5
5,32820901.790274706,51750000,0.5
5,37788678.1044881,52650000,0.5
5,39081263.71442536,53550000,0.5
5,43952904.537955835,54450000,0.5
5,46431021.34393065,54900000,0.5
5,45314230.75866584,55350000,0.5
5,47438156.31583987,55800000,0.5
5,44171738.74597845,55800000,0.5
5,44079742.50733266,55800000,0.5
5,50332974.521531776,55800000,0.5
5,50490325.13217039,56250000,0.5
5,48979064.4791691,56700000,0.5
5,43170344.78663565,57600000,0.5
5,40687151.74907955,58050000,0.5
5,41053502.55968497,58500000,0.5
5,44372403.16084554,58950000,0.5
5,36744483.34301366,59850000,0.5
5,31212416.11228672,59850000,0.5
5,31443542.963649537,59850000,0.5
