8,0,12000000,-0.7
8,114423684873.53064,10200000,1
8,17656008.687873162,8160000,-4
8,11406872.55945326,6528000,-4
8,7366712.637920788,6855000,0.5
8,5325557.141994271,7198000,0.5
8,8271562.634331157,7558000,0.5
8,12169578.39022897,7936000,0.5
8,16114629.10539082,9524000,0.5
8,19900118.06321557,10001000,0.5
8,24003521.824943908,10502000,0.5
8,30001208.714032345,11028000,0.5
8,29620319.761259027,13234000,0.5
8,32233497.078664437,13896000,0.5
8,35176739.660062596,14591000,0.5
8,41147990.40035915,15321000,0.5
8,36291932.2498394,16088000,0.5
8,35675765.60602531,16893000,0.5
8,34496615.753915675,17738000,0.5
8,28937829.40087809,18625000,0.5
8,24549579.154176194,19557000,0.5
8,20499144.27164099,20535000,0.5
8,11536126.835866699,21562000,0.5
8,11536126.835866699,17250000,-4
8,10022469.239867914,18113000,0.5
8,16128378.259541547,19019000,0.5
8,20457432.93925917,19970000,0.5
8,14326210.414898459,20969000,0.5
8,16014247.11959869,18873000,-4
8,17950875.99203456,19817000,0.5
8,20715222.08619667,20808000,0.5
8,22466250.55553132,21849000,0.5
8,25122993.659187295,22942000,0.5
8,32643277.583980978,24090000,0.5
8,33222445.552351445,25295000,0.5
8,35666864.81185451,25295000,0.5
8,33636264.33462304,26560000,0.5
8,35113405.3787846,27888000,0.5
8,37214982.02207409,29283000,0.5
8,39854732.0577928,30748000,0.5
8,39854732.0577928,32286000,0.5
8,40510821.95055382,33901000,0.5
8,31342965.774231955,35597000,0.5
8,20234234.03819715,37377000,0.5
8,24396968.95561227,39246000,0.5
8,23650776.0573727,41209000,0.5
8,15313170.433796244,41209000,0.5
8,9369388.034383086,43270000,0.5
8,13709430.27795546,45434000,0.5
8,15999150.046568964,47706000,0.5
8,16396372.858967392,50092000,0.5
8,20936213.650957726,52597000,0.5
8,21586054.15745208,55227000,0.5
8,20805560.402438674,57989000,0.5
8,27323569.91901577,57989000,0.5
8,31886635.369610015,60889000,0.5
8,36172759.816187255,48712000,-4
8,40997685.46390541,51148000,0.5
8,40571607.708934024,53706000,0.5
8,42133583.36459776,56392000,0.5
8,38155788.45066686,59212000,0.5
8,34759786.60968558,62173000,0.5
8,34759786.60968558,65282000,0.5
8,42896615.722793005,68547000,0.5
8,41572613.982183084,75402000,0.5
8,29439392.635255057,75402000,0.5
8,15183914.828559311,79173000,0.5
8,15265368.259220026,71256000,-4
8,10649829.61876798,74819000,0.5
8,10825466.498430114,78560000,0.5
8,12214078.107056657,82488000,0.5
8,15237165.14832079,86613000,0.5
8,18937291.317059383,90944000,0.5
8,20900302.3178876,95492000,0.5
8,22071665.615611374,100267000,0.5
8,28723555.294859793,105281000,0.5
8,33924881.51776463,110546000,0.5
8,38707431.745603226,105019000,-4
8,44959087.14953076,110270000,0.5
8,43594403.20288689,115784000,0.5
8,44167790.61066568,121574000,0.5
8,34780989.88997677,127653000,0.5
8,34780989.88997677,134036000,0.5
8,28142357.88741958,140738000,0.5
8,31514471.395010028,147775000,0.5
8,35365882.93009102,155164000,0.5
8,29900868.08991308,162923000,0.5
8,31296645.702055432,171070000,0.5
8,26408286.460402187,179624000,0.5
8,20840296.485999677,188606000,0.5
8,19329520.809521303,198037000,0.5
8,15319252.165534323,207939000,0.5
8,18710867.55067642,207939000,0.5
8,21150552.033948105,218336000,0.5
8,26279326.839537457,229253000,0.5
8,29962977.98131163,240716000,0.5
8,36554855.53783218,264788000,0.5
8,37581253.577213526,291267000,0.5
8,31816089.2836259,305831000,0.5
8,34208311.442913614,321123000,0.5
8,34208311.442913614,337180000,0.5
8,24734688.518995266,354039000,0.5
8,24865282.889824048,371741000,0.5
8,31038401.82333427,390329000,0.5
8,30990917.54478386,409846000,0.5
8,33930436.69617094,430339000,0.5
8,44111884.19681713,408823000,-2
8,41380545.99284711,429265000,0.5
8,37091585.759031385,364876000,-2
8,28276831.32744412,383120000,0.5
8,22982155.759789694,402276000,0.5
8,24511601.96550416,422390000,0.5
8,17844083.51704607,443510000,0.5
8,16123256.91556921,465686000,0.5
8,27622954.608410757,488971000,0.5
8,34617711.47186613,513420000,0.5
8,30193816.823901147,487749000,-4
8,23067149.854106754,512137000,0.5
8,24113330.199515298,537744000,0.5
8,24113330.199515298,537744000,0.5
8,30119555.18176097,564632000,0.5
8,31285572.69151816,592864000,0.5
8,29610860.701444086,622508000,0.5
8,31234458.30685346,653634000,0.5
8,35279866.66870638,686316000,0.5
8,28601365.64328155,720632000,0.5
8,28936253.149758905,756664000,0.5
8,35902116.857884824,794498000,0.5
8,40352913.22809751,754774000,-2
8,36967156.989259906,792513000,0.5
8,25819188.60947111,832139000,0.5
8,28633159.36902665,873746000,0.5
8,30887332.063650474,917434000,0.5
8,26973852.21564029,963306000,0.5
8,17652866.938874654,1059637000,0.5
8,19768113.147737823,953674000,-4
8,21068927.472612876,1001358000,0.5
8,19548170.83951863,1051426000,0.5
8,22738967.863067925,1103998000,0.5
8,30021330.090541124,1214398000,0.5
8,30021330.090541124,1275118000,0.5
8,26117204.700908773,1338874000,0.5
8,27805269.87413219,1405818000,0.5
8,28077525.9787184,1686982000,0.5
8,27071649.266373616,1771332000,0.5
8,30858797.019526787,1859899000,0.5
8,36494381.99110265,1952894000,0.5
8,38960587.16999969,2050539000,0.5
8,39351266.075393975,2153066000,0.5
8,47038697.747388765,2260720000,0.5
8,43525845.591211945,2373756000,0.5
8,38614850.4858616,2492444000,0.5
8,29575095.952139262,2617067000,0.5
8,30466712.89395958,2747921000,0.5
8,32382660.943395525,2885318000,0.5
8,33539618.662622377,3029584000,0.5
8,44201696.07581506,3181064000,0.5
8,37516226.45276502,3340118000,0.5
8,25393577.766766824,3507124000,0.5
8,28023244.57493426,3682481000,0.5
8,28023244.57493426,3866606000,0.5
8,23126970.14808564,4059937000,0.5
8,29055993.279378027,4262934000,0.5
8,35587580.628826305,4902375000,0.5
8,33104519.551953293,5147494000,0.5
8,27252086.296355776,5404869000,0.5
8,26962936.319671914,5134626000,-4
8,32237602.398730643,5904820000,0.5
8,37734545.575197265,6200061000,0.5
8,38255594.29098863,6510065000,0.5
8,39063169.63212429,6184562000,-2
8,25489959.040915664,6493791000,0.5
8,25550171.93925925,6818481000,0.5
8,21090589.58488431,8182178000,0.5
8,23446133.218155414,8591287000,0.5
8,27699495.149104554,9020852000,0.5
8,39821233.338027954,7216682000,-4
8,45794357.00489705,7577517000,0.5
8,43551947.72591753,7956393000,0.5
8,35126629.8756153,8354213000,0.5
8,37394531.62357299,8771924000,0.5
8,26940901.513531912,9210521000,0.5
8,29172388.87417057,9671048000,0.5
8,29172388.87417057,10154601000,0.5
8,28650382.324495114,10662332000,0.5
8,29734891.725630347,11195449000,0.5
8,26300079.24846004,11755222000,0.5
8,28821252.27197254,12342984000,0.5
8,37993941.04723632,14811581000,0.5
8,41536759.06516882,15552161000,0.5
8,43383001.660326615,16329770000,0.5
8,41168996.56007673,17146259000,0.5
8,23617183.142219327,18003572000,0.5
8,23904161.425317142,18903751000,0.5
8,27912897.974370345,19848939000,0.5
8,23719782.51641964,20841386000,0.5
8,29408469.323424615,21883456000,0.5
8,37063724.98262224,22977629000,0.5
8,44948913.0804787,24126511000,0.5
8,43884626.62539109,25332837000,0.5
8,31303238.07646507,26599479000,0.5
8,31303238.07646507,27929453000,0.5
8,25316679.4987429,29325926000,0.5
8,34922584.22078911,30792223000,0.5
8,27827238.084878527,32331835000,0.5
8,23365486.897984095,33948427000,0.5
8,27353865.721575998,35645849000,0.5
8,31488774.57358403,37428142000,0.5
8,35893679.428910546,39299550000,0.5
8,39421928.86025888,41264528000,0.5
8,38125203.728124075,43327755000,0.5
8,37780503.628890626,49826919000,0.5
