10,0,14000000,-0.7
10,140003098643.5166,16100000,-3
10,29366073.432733454,13685000,-4
10,33719519.28243844,15738000,0.5
10,32208256.43912302,18099000,0.5
10,31184287.906748462,14027000,-4
10,29990169.844720714,16132000,0.5
10,30001664.079956815,18552000,0.5
10,31158342.90348474,21335000,0.5
10,32184556.83926996,16535000,-4
10,27394966.962565552,19016000,0.5
10,24093053.445922695,21869000,0.5
10,22260581.159496658,23510000,0.5
10,22471919.141003486,27037000,0.5
10,19663246.022402767,31093000,0.5
10,7717968.871004359,35757000,0.5
10,8254496.6208064435,41121000,0.5
10,9183450.987741308,47290000,0.5
10,13076634.083594432,54384000,0.5
10,16401043.160808515,62542000,0.5
10,22899544.346223854,71924000,0.5
10,22253896.868139137,82713000,0.5
10,22360661.900551766,70307000,-4
10,23936279.93379414,80854000,0.5
10,23936279.93379414,92983000,0.5
10,25639446.860115495,106931000,0.5
10,25232553.349990726,122971000,0.5
10,28893873.570943594,141417000,0.5
10,30262444.415523417,162630000,0.5
10,39241965.42413972,187025000,0.5
10,39755565.59155314,215079000,0.5
10,43319811.82485849,247341000,0.5
10,25810192.829050384,284443000,0.5
10,23239982.061305054,199111000,-4
10,23821444.91739437,228978000,0.5
10,13927556.034839151,263325000,0.5
10,14699691.622912664,302824000,0.5
10,12575070.507029083,348248000,0.5
10,11758283.538654964,400486000,0.5
10,13112334.415651701,460559000,0.5
10,13112334.415651701,529643000,0.5
10,14584250.600037765,609090000,0.5
10,15541795.85186107,700454000,0.5
10,20225370.893234186,805523000,0.5
10,22337348.22864783,926352000,0.5
10,25395651.836783126,995829000,0.5
10,24960355.754553977,697081000,-4
10,29696973.52172172,801644000,0.5
10,34858209.34811841,921891000,0.5
10,36605827.90134789,1060175000,0.5
10,35582198.42952984,1219202000,0.5
10,27252762.75580715,1402083000,0.5
10,26524259.24986518,981459000,-4
10,27908589.637536883,1128678000,0.5
10,30395356.34498383,874726000,-4
10,16465636.005707078,1005935000,0.5
10,13768492.094462225,1156826000,0.5
10,9001642.410755852,1330350000,0.5
10,13693347.98280165,1529903000,0.5
10,22253252.682533666,1759389000,0.5
10,22717609.652564086,2023298000,0.5
10,23915791.64716806,2326793000,0.5
10,23915791.64716806,1977775000,-4
10,20921715.06966426,2274442000,0.5
10,22652232.88383977,2615609000,0.5
10,23822284.249535237,3007951000,0.5
10,24378777.14225982,3459144000,0.5
10,31509936.311102882,3978016000,0.5
