13200805764.055418,4287191720.3395553,13151392214.842916,4106569782.3244085,12762470940.962698,3883997052.0033736,12637431277.73126,3773812556.6058106,13353731465.365875,3914824167.499837,85072226941.73116
7956830.334579211,0.0,876010.1672336507,0.0,534916.5774243405,431.1417365243173,8055817.687458205,432.46470604661755,11839355.203736199,438.3112029563484,29264231.888077136
8091317.983481819,439.94936333771915,9091417.885745432,438.2063555253831,11934034.743900029,0.0,11288960.66733806,0.0,14240306.681468949,427.54847670136724,54647343.66612986
11043706.427432802,426.5149013690104,24357451.551849388,428.85456848720816,8430966.467089191,435.15772546103767,8483873.308470609,438.85695153069565,1541973.3421589914,0.0,53859700.48114782
6530538.207212163,0.0,4073583.1584558426,433.4379403372791,3856940.2684654933,433.2880345654908,2124575.115613038,432.7240432108053,3593027.320647782,432.331161870207,20180395.851574305
16645667.501427645,438.6035904536911,16982624.95925628,0.0,12029068.235036274,0.0,1204869.5623539141,0.0,9175946.147764064,433.18017032726925,56039048.18959896
5627536.628850785,432.81344248909886,17395570.841249533,435.4725745834843,12812136.960495219,434.63933586037075,8738675.028578514,434.67978176904904,13328359.12749877,0.0,57904016.19180752
3437931.1166661605,432.5911754031881,11599333.642342439,427.1043982760245,15681614.289248623,426.9372917683239,11735653.211457478,426.8575433978122,11833260.979496049,422.3250865305951,54289929.054706134
2769132.2491780478,0.0,13404444.479132636,0.0,8293277.173014295,430.6731218457842,6480032.427025967,430.7899725854341,5519528.643813143,435.33566043892387,36467711.77091896
2260694.0680896537,436.19444292782356,16232927.66133182,441.7927526153507,6423717.172972813,0.0,4413438.538722504,0.0,7994182.70816722,442.21390529613547,37326280.350384854
987.4724571171554,439.3792236651172,9269433.066549134,438.0666687265193,4262864.905117782,437.26431623435053,6461543.593835029,3211169.9995093583,15447643.981981406,0.0,38654957.72965845
3993628.948950309,0.0,3727518.3071725704,0.0,273780.590211052,436.7505624617243,11394098.90947299,9058141.62776404,2634967.1562160365,432.9926312796608,31083005.282980744
4872633.868784529,427.80204030157654,18318144.36414845,427.1599482553362,252945.16054256933,0.0,2714177.1606542817,9716724.335007854,5706520.366457962,419.48030067743474,41582419.69788488
5843764.013599932,925.7628730152262,15037774.296853203,426.8655078434923,4852102.166060016,433.1368346591063,7606770.166332635,9032139.59605996,13581972.510771506,0.0,55956308.51489277
8634793.52386603,434.7243654467201,4441574.8570701685,5250689.588476605,3388320.78252728,433.30025075580784,8768098.315729728,8889297.18876976,9637110.010046279,437.9348822680682,49011190.22598432
7998001.684326393,0.0,10324811.573222455,2700922.8535779375,3437629.438022492,0.0,13926039.322847815,8146978.796197902,6020797.092175105,426.3587293519695,52555607.11909945
7805473.795030151,429.19219770675784,7377177.177351911,2619930.1607530094,7261903.666183279,412.6536808950184,4212624.137293522,11296350.072533488,5708787.946224668,417.10815037279946,46283505.909398995
560558.3332284888,413.6829646774151,3892377.8673386998,2643840.6552106603,5374285.690099742,433.97021025267395,12122832.65994541,8685372.43594893,11289451.439226653,0.0,44569566.734173514
2598135.234614407,0.0,392325.55521868507,2697636.502304017,14010332.662569396,428.138742012535,7345431.41461861,8038734.927244267,9333560.89299032,427.81476728611926,44417013.143069
12539758.71702102,427.85440760404913,4734480.088600002,2682405.2596291997,7265134.742797506,0.0,9082740.51438263,8258445.000428293,1567564.3805887662,438.9329212458205,46131395.49077627
767062.8507461549,430.4143960478084,12301776.643358199,3242044.6800575545,4126480.65036759,434.26526328141244,17355579.280739944,9370687.026681433,14046713.177613366,0.0,61211208.98922357
12860973.89291163,0.0,2657874.170120165,4194257.6695757387,9744229.797091223,427.0253120659123,2421024.697161866,9827493.038688798,11225313.753589794,435.5605689967269,52932029.60502028
1202906.1856721863,430.8909317893224,10665546.124480901,3225795.7858321127,6869480.797704364,0.0,10983205.949962769,8348527.0351548605,7015601.178815094,423.43735237911756,48311917.385906465
4673392.04630499,430.0714426702691,5835678.848395938,2680369.6029255753,7985254.886158003,427.0742279155103,11365601.307989433,10146298.434410252,11045272.278111959,0.0,53732724.54996673
9166414.912199635,420.0499737112241,6467327.543702981,2609543.7874148632,8232993.2154468205,421.88612884163234,9279999.442268368,8931266.158493172,6924849.096202535,425.20620621910246,51613661.29803716
10706730.145984776,0.0,9237854.899998456,2648216.7034899946,8464862.625591772,420.76527784395995,12735159.874566888,9389547.070933057,7377887.894159413,417.01829666901693,60561096.99829887
9842852.335047126,414.0784362119604,5996235.543033822,2585376.5471537914,10188025.592419453,0.0,10003190.663591785,7882562.519994735,10913890.026452009,408.11796517731733,57412955.42409411
1763350.7145546868,409.83563547889474,6915685.162375471,2860088.177023141,3950581.5299381823,7939951.964344696,9639956.53055662,8291510.806708113,3791811.9629304805,0.0,45153346.68406687
9041771.615046924,414.7666087141399,8032379.443463861,4196167.215564388,7841598.989924489,10425933.934126278,4036769.823892736,9437241.15116102,6468408.669047167,431.9007235795014,59481117.50955916
9272182.112108754,0.0,10213637.791974464,3465105.978474468,11262401.10062446,10972668.653214652,7159256.33332408,9367590.488600329,12829936.035140714,419.1671979302996,74543197.66065985
10561771.026900869,418.19576413052215,4533406.722108257,2596303.827793221,5561518.555368836,9798105.894997416,8848348.061810488,9036766.759750929,4964134.582272583,7696019.0338686025,63596792.66063534
7562775.823352463,413.0920193284294,6606093.602661372,2581680.9449931504,7093676.2443268895,8216244.964333658,5410717.601978137,8839554.26042855,7781656.6685753325,10256447.098529186,64349260.301198065
9318407.352687592,6937294.315620717,6203616.785205115,2586832.04448908,5997762.479789802,9637006.19726775,4543437.324047517,8760040.271464579,6431464.391422537,10713786.345230877,71129647.50722557
6224662.66739162,8777247.119359788,6480330.996993162,2640127.168928832,2411932.3736215974,10557060.001415651,4469085.205072161,9128780.5664156,7169397.206803188,10247144.391649509,68105767.6976511
7170828.100162603,10445007.668504788,10388083.508507129,2832390.1495612147,6464854.706364441,7413213.352276883,7868847.650915861,8479676.217797427,1640158.389952229,8263181.226829289,70966240.97087187
1304432.9076835483,7658013.34188105,4742698.497521126,3806231.79865658,7862177.368885539,8669644.741275052,2962464.989876958,8748511.712205611,3901891.4826142006,7458904.40711879,57114971.247718446
4385124.938208013,10350543.167190323,8724110.765710007,3471469.2446859493,2633143.06643896,8543691.163287492,6321702.450648519,7822459.020622896,4465301.155422075,8277313.28401945,64994858.25623368
7457181.598039613,9445376.404005526,9877154.314674532,2553305.3074212535,4305461.535143773,8113584.205308646,5900400.175995795,7539073.455579936,7052484.607071845,10024671.668440416,72268693.27168134
5125897.652654079,8617901.255186109,9264586.325974187,2420146.4910285412,7863387.339615988,8831409.628897298,4525505.861554353,7198072.712126355,4381452.938120311,8675288.212388719,66903648.41754594
6897790.45511459,8218857.634356556,5842248.318670125,2606566.460389076,7599542.24636076,9325022.476781076,8942943.303879628,7202896.953984354,5226653.562686732,8178791.157282522,70041312.56950542
2229092.852286001,7939484.469034955,9445534.646908183,3857371.7130286796,9095812.249890069,8171429.384484953,2459106.904151826,8190874.926990606,7404761.216655918,10718275.120927379,69511743.48435858
8082790.692104272,8719815.430510882,6369867.74633845,3554486.474726602,9317078.53684333,11474458.681283405,4300158.70084072,7179987.016428985,6921804.188981173,9284606.62289396,75205054.09095177
5657227.727085112,8672784.93237132,7986436.8138398295,2598471.464656808,6346921.922814803,11222535.15613981,6587619.261991121,7750287.747644568,8529058.24848152,7840074.390868802,73191417.66589369
8174153.360093219,10595596.14372214,8577796.964457339,2570148.0245444686,7922075.202655897,10137201.191298215,5608345.457357162,8000587.5169435935,7386814.957359439,8186451.553824724,77159170.3722562
3707665.204784687,8839810.228962112,6982933.707774621,2449561.165463844,6078673.1524537625,11017522.741388055,2205049.628654045,7985427.211328153,4774386.315117172,9839774.589567328,63880803.94549377
9287119.171124619,8798340.721372215,4947122.108840615,3157618.8274296382,3543832.913932096,11484880.575410709,4418062.121635268,7212357.245302619,9652557.164800746,9283757.810436726,71785648.66028523
6667124.094462322,8646555.671708895,10588792.35058606,3755751.304164897,7464046.090474699,10631469.795053206,7551734.548420237,7047727.267268363,4037445.647693148,9063662.304193681,75454309.07402551
9047578.542350015,11860188.833395502,11258132.899618346,3214381.729101266,7224732.617481865,9019502.417660005,3728763.0193319195,7823309.584220449,4921914.225341571,8046558.212449366,76145062.0809503
8817505.765910117,9210155.325182714,7598254.853509225,2585358.005301726,2483583.745670186,10025170.42351778,5700524.72694691,4794091.466760377,6640224.899281975,8861869.810961617,66716739.023042634
6363794.103277275,9786471.400394062,7788397.091822801,2577971.0770163764,7089065.275450556,11748634.60281031,7971777.217835565,0.0,3920786.1974908235,9962447.64369329,67209344.60979107
8842675.904488526,10882646.1719973,7803817.259565463,2607219.6714347536,7861318.233673006,11834091.828197557,5843216.954031603,409.8307966400349,6546865.353450215,8912583.72699132,71134844.93462639
7829804.561875957,9481787.984976204,2266365.110913348,3173556.2289109346,2877806.7538916734,10124455.612706158,9499180.853677848,426.6991307974829,11545835.286122562,10730651.021577436,67529870.11378291
10453559.715598023,10422521.820581255,4574101.34686283,2067005.633126193,4226840.68334617,11317997.769986674,12051797.526652655,431.00716259411917,3297039.474953789,9493940.933215486,67905235.91148567
5136832.554873043,9721188.9925057,10080469.881403761,422.7036231182673,4913873.588968033,9955760.959680287,9874927.919637224,0.0,8141047.844909776,12627973.743073534,70452498.18867448
4514881.471249352,11462969.479668558,10894784.788082868,410.8638879365235,7248980.868258475,11279302.160052108,13111784.924857762,418.4892351472054,5387338.510626126,11105027.91362866,75005899.46954697
9634013.699623652,9873545.295602573,6855640.802574673,422.86574368226877,9257346.550349446,11819963.447396982,7894042.341781494,425.5099622333173,7897236.440477861,9630580.82278933,72863217.77630192
9727561.036881028,11064578.556120258,8748312.915785708,0.0,10158627.522483923,12071141.543340478,8291985.494703583,431.77725038185685,8311512.017614878,11339739.512068726,79713890.37624896
9156913.671775658,9880897.846245242,2162165.61290102,418.80995050873594,8342489.81188253,12129443.60849911,6465207.009023909,0.0,2478156.702399355,9688994.270096822,60304687.34277416
9279309.072964849,9921458.770416463,5419694.664314805,435.16525017075764,7223172.952780917,13378289.500917608,8336851.972609886,431.436283049108,3691158.697356458,10006538.834704863,67257341.06759907
13307901.56724458,10662749.773782194,11060450.487570724,422.9289919759141,13112084.948167048,11633461.117673641,11284548.698211174,423.8524169449519,7845385.2130203415,9959947.309899025,88867375.89697766
3879593.627835462,9804249.845587766,6168409.5803238815,0.0,6031197.5424393425,10890727.382205833,8245089.095954275,0.0,14809855.818940273,11335257.027438613,71164379.92072545
10254547.864005242,10786285.650126169,9626042.222246697,420.53667428880095,9017715.538814997,9802857.133320235,10396951.246753989,416.80142501173844,6798896.13749746,12672872.08172059,79357005.21258467
9303676.200984983,10734435.303843567,12191509.550419938,415.92183933406756,7867023.24708791,10502818.62445691,6689631.981189917,420.44463508952117,5242070.78066141,11136937.552035645,73668939.6071547
7074823.247620454,10327820.274722308,8361769.503864547,0.0,8897545.390763262,11138622.132101804,7013346.667505191,428.364841189765,5563069.778414125,9942554.307609444,68319979.66744232
8355554.014660863,10842437.56130996,7922997.925056929,418.0234028964178,4918329.358420097,10023249.155329324,9283621.32757012,0.0,11857263.706097145,11204278.794063069,74408149.86591041
4855951.728717993,9633860.794545466,4436576.077806329,412.62585578325434,9857508.47576608,11151541.443522586,5511105.956563364,423.94604361919136,4081148.9219521824,11754752.225043083,61283282.19581648
13271568.378021184,10691453.370130127,16780737.6212064,422.7805838095374,3522129.05576552,1519710.2906343741,9672176.419476418,430.92099819199757,9974760.003494514,12010710.753634185,77444099.59394471
5517451.483268666,10407811.896570014,3362500.9913896476,0.0,11752056.504989326,0.0,227958.36441734456,0.0,12587782.231202194,12321672.652486535,56177234.124323726
5869098.289034063,11026297.365946341,9149646.695396429,409.9642402826567,12916055.129498994,409.5039392004602,1081073.896791754,426.7602744386554,5484721.069170079,11712697.295200609,57240835.969492204
9510898.968880711,14109449.93984469,10828984.092678841,438.59976837671115,13357525.896773461,439.44136982826944,1172435.089215975,427.3384765665628,7993947.411541782,8016582.241804773,64991129.02035501
7972582.896513367,7158314.220120715,4912864.160639884,0.0,13107415.341005934,425.47255345970433,1142157.8334405308,436.56900782467727,5181173.250222042,433.3232862100004,39475803.06678997
13525723.47066036,6270789.362364627,9199236.541510705,434.54927457339716,10320391.266449245,0.0,1158526.6066721568,0.0,11897666.43749433,432.7998581171501,52373201.034284115
10698197.833317647,435.2261158248975,21187715.015523296,428.2242526687099,8748347.82404348,429.71701973299594,1152445.5002380214,430.84464142217735,14428454.775551356,0.0,56216884.96070345
2527721.946963248,0.0,5670484.210605044,442.95578155857595,11064136.856264392,438.6594959415738,1392026.7164435294,435.6537838663635,16802280.158776596,435.33707245620934,37458402.49518663
6973855.584563691,436.64125170442185,21483373.347865168,0.0,2548596.825673913,0.0,2083214.533453854,0.0,10797021.980873944,438.3236086097767,43886937.23729088
18963494.533762462,432.62798714020386,2798361.6906177853,437.70789629019265,15200598.66969675,438.0167272876008,7427406.033915295,438.22028141214105,16767325.77627872,0.0,61158933.27716315
4726270.237428006,436.303530059358,9101828.754977304,430.32028229385776,10949346.550558584,430.30087587683863,14847140.390122168,429.72325678240196,17257463.000245105,430.3745559743297,56884205.95583215
8642566.79141478,0.0,16950143.24574347,0.0,6633338.009674485,443.2787018075148,600231.2119964012,444.27107680792017,8505392.43600156,443.82065664876995,41333003.06526597
12919830.032424955,439.3130688303705,1844090.9357433787,438.0395998156691,16298690.221400516,0.0,2313344.0695460034,0.0,14274684.023638705,434.8491544888627,47651951.48457669
7668566.066694187,436.61682056117695,8461476.274596779,437.58136623417835,22859636.466142558,439.06071300758737,7030444.838436447,433.5436923310157,17107120.007076394,0.0,63128990.4555385
9559302.329759302,0.0,16692150.818436988,0.0,12667954.574948793,435.91809373274583,6093771.940962057,438.26168276788064,12126694.875834191,438.6357940971734,57141187.355511926
4242483.823493921,438.3724746287064,5401648.768457951,439.48837474303804,15497439.607190307,0.0,1373156.229406047,0.0,13934247.015908862,443.53788531532746,40450296.84319178
16476948.233886376,443.98224834846303,14561128.364837771,444.4665527351835,10741333.99888444,444.2458824419837,1545435.525759627,443.96746432796766,1056407.206821224,0.0,44383029.992337294
665742.8266796301,0.0,16902142.27761621,437.3768847845535,11827577.909378659,437.6591783137543,1515779.2904938462,435.93111942198794,19846001.11409135,434.51241650014,50758988.89785871
10358588.310049392,436.7950981270626,11398244.978072966,0.0,18203028.965532474,0.0,2520874.0468647964,0.0,6786034.086561953,442.6676868886089,49267649.8498666
9234005.454313908,442.5903216764769,12414379.474389628,442.3160149097711,5219499.4318281375,442.7212258217738,7175194.83620934,443.0180662802158,4021638.5253355284,0.0,38066488.367705226
2086128.3451720397,434.8114942667753,19703303.583957937,430.95236026026686,4874518.261033966,428.0336079997908,2957076.4060644945,426.8272269201879,9984855.269528214,427.9813787853439,39608030.47182489
7450619.341057993,0.0,12167898.85808342,0.0,16528904.220613223,435.5895942238886,5262320.02983767,0.0,17788228.862922758,434.79553055541516,59198841.697639845
1687319.3369321076,432.3750793280924,18747453.13317301,433.54005129007965,6746293.751649268,0.0,6237306.108738739,432.5462847183729,21667042.571202893,435.10402540170486,55087148.46713675
3903772.5378439715,441.08288305223215,9517352.850458262,441.2809792908085,8690092.557108287,442.3622760740645,6369054.407851783,441.44643745181565,12875490.673764711,0.0,41357529.19960288
3391184.353598425,0.0,15723417.325536998,0.0,9446907.704138992,443.58684582887344,144761.4100728005,444.9071751860772,12372760.729259085,441.56039509281305,41080361.5770224
5559059.2787106065,440.82414687818175,14450652.781840665,436.34296231452726,9100820.654410344,0.0,1704992.6321136365,0.0,9996918.208085654,431.4255584915857,40813752.14782859
6978389.404761189,432.57165656928964,16484448.285980387,431.02008099880686,12173594.761665279,438.154856510724,1450687.8575787623,438.3148291516408,9239970.753319202,0.0,46328831.12472805
8042732.257056684,0.0,14105711.609717498,441.3213164237309,18330154.099948525,440.0590864679486,439189.68568011734,439.6106345955603,8762724.719121166,439.6354979409957,49682272.998059414
8648882.864736354,435.8425978243221,13766603.065762218,0.0,7737151.323341826,0.0,11259615.98175665,0.0,13833413.619270137,436.8504487161266,55246539.54791372
5904686.124760088,432.89133647921125,24537615.44529788,432.3208569516193,19189544.806290522,431.31455366875304,7163241.239361724,427.47612405744195,23242811.796255957,0.0,80039623.41483733
9803569.203051725,431.5454079923314,12646211.980187925,433.390727955047,6177456.912539184,433.9073573898478,3856874.240391193,437.24066995621655,14350122.546439525,433.3931536370617,46836404.359926485
23947903.96158874,0.0,16829777.487204596,0.0,13388874.109641334,425.3812173677135,15909564.104690103,0.0,14958059.59282157,435.65746049792557,85035040.29462421
7958778.607084517,432.4279220899168,10345981.395922983,432.7609705892532,22840662.43767729,0.0,4077339.9571001166,437.33698044038994,16795857.27411287,431.893311343221,62020354.09108224
15677606.457563128,430.89563515215906,14820105.760111963,431.96929882812964,22939114.099161435,431.8215184725704,13022518.914943302,431.8848802337405,13552688.027887154,0.0,80013759.83099967
7480305.862004875,0.0,13440856.556541022,0.0,16038254.639936808,437.6435756300594,8736025.175152265,436.2788530653914,10428950.703468174,436.0544300787133,56125702.91396192
9604693.94756169,437.98175599871996,14376635.03951223,434.3972870261827,4508442.517420283,0.0,12516157.133549837,0.0,5381154.909193898,423.1425947216098,46388379.068875685
14139324.680542573,418.72598077193055,8219646.807441546,423.6918573940142,4049917.3987754458,420.1705128512828,6895998.648230543,651407.0020101175,17052915.269470282,0.0,51010472.394821525
3503282.9268923574,0.0,11758023.148033919,423.8775823009744,11323752.974695412,423.04105540790647,16674238.260087138,9837135.870682102,4715939.511648634,433.0941598308639,57813652.7048371
5540126.139672159,433.859107725939,13896839.18899022,0.0,10009110.707695177,0.0,13433348.685297169,8234606.887279763,16110655.581480615,435.9372549800823,67225556.98677781
12934656.124501394,435.5131757242019,12591244.014214195,432.54173111145536,21425113.512172624,432.1447281121204,4291459.906950252,9323308.435798736,12338374.810407039,0.0,72905457.00367919
7297983.305296942,428.96421913788515,16560580.83777275,2700762.510003322,6924937.615952586,429.1176413540593,12624470.151543614,9485296.458754266,8333789.167001462,431.34791380951594,63929109.476099245
10362474.271761911,0.0,6405556.693660227,2642968.19670937,11081873.420171274,412.61283255214363,9599196.889683772,10114785.520065056,9622131.49369045,415.1232369644705,59829814.22181157
12806497.415032735,416.7993540773865,8526998.646866843,2558746.669705925,8758160.90718979,0.0,684920.6526603581,8197397.492586771,8904558.770321058,417.96360895980666,50438115.317326516
2490225.5676253205,417.4485629474072,9581070.34605527,2620320.720420017,7667924.444015228,420.59342845330434,2999167.2955912002,9085393.34740106,5166440.58803043,0.0,39611380.35112992
5308292.809121468,423.81306860128376,5687499.681650207,2656088.864636919,2359179.983860923,421.1219944113009,4776514.266422635,7964116.360978972,9157350.308587048,428.141291357069,37910315.351612546
11811208.866456734,0.0,12699802.31818646,3573390.6318462547,4532067.809681063,0.0,16560480.197990919,9445918.676166851,5841640.495511745,419.89595964525665,64464928.89179968
4217954.938600986,421.6087116769978,1493265.736211445,4128524.9377281214,10440096.769979294,426.4143564683576,12207966.387463652,10928961.617099116,5583868.649165092,427.2953041927987,49001914.35462005
6424625.368809915,420.7658054751267,3960665.7581722573,2863213.7862243475,5009004.525714457,417.16795910180457,4031575.9690757794,7773118.854494391,14658849.496474953,0.0,44721891.69273068
11415622.207745966,0.0,10358959.340614527,2605936.7072236175,11002345.24939257,426.53017244118877,5140180.7220978765,9266285.135246653,12886859.149959134,430.17969435421526,62677045.22214714
10314779.69086672,426.98600633756115,3368164.27803037,2628341.094197501,5294800.9478527,0.0,8466742.0190312,9026336.268142894,10943870.100091975,414.91825046746845,50043876.30247017
10999363.882814016,418.0409364375158,6690423.962742416,2660248.652387836,7713418.34154304,427.64138180654936,8175703.19516434,9343749.556330256,9257670.169811917,0.0,54841423.44311207
9325066.020670183,434.6897301760272,9427708.945580931,2689728.8252622867,18442557.35762952,426.50423937518707,7049436.275803831,7897241.126803245,4317521.199049702,421.89939039084976,59150542.84415965
6412326.567083582,0.0,1805413.2571234403,2765199.303221579,11183751.245539868,419.91548987319726,11088895.467994938,8617889.158222867,10099404.588737817,415.90800578103944,51973715.41141975
12302574.760510879,414.4178435086613,2080156.616079192,4155406.3929883093,13727029.592469348,0.0,4851482.470135077,9428853.95816444,2181649.4689058564,426.69334295827497,48727994.370439574
7264724.515170692,421.7471095913741,7730945.85568793,3524658.987411885,7290834.612227877,2238899.2404102143,7278655.97311605,9489907.564574106,4117752.799049759,0.0,48936801.294758104
9045670.632859213,0.0,7421064.963676897,2588417.609246215,5460954.25758492,14917125.117653072,7307106.76773898,8766987.142532581,7449684.94533592,422.14957092371236,62957433.586198725
1438284.0541853062,424.5638188235547,7213580.798655082,2642574.909335954,7267534.02153899,11897738.183443617,5531841.94024838,9861051.15762132,5946036.3847554065,428.40276031126916,51799494.416363195
2332456.8200003947,429.8687781617071,5578024.481337161,2690052.6186911063,3388647.378437928,9541749.02228897,6862678.955491816,8374305.672330783,6035777.440706768,0.0,44804122.258063085
5357303.508200299,433.3625547147514,7694231.884869074,2708839.936308269,8822610.475391861,10500487.032503247,8898292.916280702,9257095.475259703,8059043.839059772,6898474.961598526,68196813.39202617
556764.5996867346,0.0,7560.751782014432,2663036.6193776955,4379563.335850244,8977393.425685791,4235943.212953977,8053544.497549396,3721080.2328358972,9843827.348867686,42438714.024589434
8467595.606941812,5939684.873966257,667284.919888588,3080125.4425704344,4948747.533681919,9324905.374207716,4814342.337143533,9158841.31302769,7771329.530064131,9476060.083129684,63648917.01462176
2385558.030473669,9487086.365476588,3084721.576838007,3632142.741459995,7449529.051618028,8385128.038270016,8082142.516085396,8092900.656426691,8274088.71961706,8938482.173784934,67811779.87005039
6920576.902708574,8715239.702091476,6616794.2959100595,3625902.5316918655,1894570.512297346,8796847.827503022,3705774.522442806,8652801.764212769,3228555.9740003548,8825715.093944447,60982779.12680272
349283.84529900784,9924396.468693973,10836753.158475334,2591817.803560897,3404092.1559309876,10470565.16748837,4484292.667699084,9672711.509561071,4037870.9327605036,9197758.52696014,64969542.23642938
1943058.409354625,9846220.697577806,7231537.392053127,2513088.918200666,5536193.031457524,9329354.897467094,2930131.7132501565,8723380.656740202,4813943.185004558,9577642.788988823,62444551.69009458
5068721.696634624,10617390.040341452,2441584.3969761617,2507507.1623651977,9587631.27586648,8566534.586414712,1453600.7754562555,7702238.644909499,5364559.977819444,8879323.583975425,62189092.14075925
7371565.049990289,10267297.766108308,10936481.6186151,3786839.8903898406,6386213.188364116,10829369.35818634,5319197.703225047,8607827.571955726,7171037.558048789,11198699.19709993,81874528.90198348
6853811.5108199455,10407034.778115306,3200665.5813462185,3677616.820391453,9693921.573810767,11863519.396304809,6730177.5720974235,7703611.263182965,2162669.63708414,8806801.935061608,71099830.06821464
9764741.878127871,9616210.47440758,6318099.192160254,2516101.390679444,8064710.462540717,11211306.685132725,8015897.310946674,7864289.946809112,4008944.6974094664,8812529.195112009,76192831.23332585
4737780.745804345,11227945.90681702,8168976.214223095,2509314.143300857,7214490.485386126,8721955.579461861,5224643.056753313,9662650.995898442,2611334.7848690655,11282761.944324283,71361853.8568384
4163225.011243266,10177897.285276888,5388401.088137782,2540601.4438373917,2162735.5354436366,9098787.9728666,5411510.53459693,8656409.808203312,4713410.913363467,11545413.576399785,63858393.16936906
5662121.666241712,10050425.634543488,8581105.727402233,3571642.877422386,2116650.4172411496,8742097.202747485,10389731.028230755,9107262.497120637,8360856.580205021,11625415.76555905,78207309.39671391
7991550.897665831,10291950.798881685,3395975.183753234,3764415.0985294185,6645885.4391039945,8892132.545268115,3578769.6120837047,9514898.739890778,2983502.5630017132,11846498.953379901,68905579.83155838
8141440.730823404,8845950.410457533,9144256.388415745,2758036.810597719,7012319.632283416,10201804.315511154,9244381.6330937,9458847.610624881,8049024.024323577,7597654.250117075,80453715.8062482
5894205.87896468,8122893.240560892,9583452.241514783,2530673.465961385,6863756.834510471,9944260.858771127,11742757.746504264,6091280.427123773,8714572.173683546,7831627.709230056,77319480.57682498
6185643.360765902,10062536.753878467,9672881.574130062,2599661.045641698,9157510.083474785,9942916.20167454,9082048.477807555,833.8966825402282,7232335.067531237,10212071.42888794,74148437.8904747
550049.1517387399,10086771.773966856,615640.4295473277,2625931.8633015305,4752400.295701944,9793042.345097505,4716526.711813343,0.0,6383019.116642669,8636223.943056116,48159605.63086603
2613034.109230397,9172485.349277334,6827934.12497999,3762033.9603632563,7747050.549046906,10326891.494084379,7437995.434749961,404.87766285525936,9357486.729246639,8443279.681892091,65688596.31053381
9063829.41254113,10676012.434317011,9906730.575118724,1399144.7803788437,14030953.674832532,9204929.316496246,3617041.4289324293,427.489013199873,11081692.976907043,9857405.39257634,78838167.4811135
6006043.126081273,8926096.841996385,4040029.222675901,0.0,6206384.187175576,10593044.303935999,6031110.989013468,0.0,9334419.477832416,10561762.72435077,61698890.87306179
4136322.455229451,9623316.741918089,5693855.34153916,409.6636765643097,7635500.016347184,9644236.420332704,11353134.69950037,420.6465065774532,6116906.30675002,9731049.852530483,63935152.144330606
4537983.997945303,12584065.396256432,3942644.569115419,407.7694675088333,3815313.5920676882,12379003.41855722,6794104.304591345,404.05517464498314,7647834.926686207,10204083.118138505,61905845.14800027
2891010.3987920703,9407409.4988882,3623963.85902315,423.3656721235703,9639844.018795809,10624355.187299721,11475123.090063037,422.496669579473,3413016.759468084,11156849.802589476,62232418.47726125
4321069.695284638,9238344.302760247,3022020.761487495,0.0,3830009.3439365523,14042734.88699783,10636282.765191376,0.0,9947208.445915991,9981670.254427992,65019340.456002116
2468060.176559119,10768885.1708462,5417611.336001094,410.78466647282966,8332943.786012825,12712613.55784665,2549405.0617444846,414.66759709107805,2774104.9699607636,9425105.49012332,54449555.00135802
3365370.758201751,12783483.73621951,10129487.543431075,412.48433565602573,12156012.182050236,11292065.210337818,9717367.957422117,415.41009571121486,9807416.145155378,10855689.100269623,80107720.52751887
7722229.051767502,7939870.892505151,4274923.395885442,0.0,5965458.486444796,10721664.133731693,7677803.635230719,417.832712166852,11729972.013811117,9753876.886792162,65786216.32888075
736171.9386270767,11768727.131264279,7859824.688289588,429.3197811589975,7606781.650540337,10448576.106157824,6869313.486971831,0.0,6999551.126530158,10490605.745807456,62779981.193969704
1435215.3692382888,9570303.373293312,8717498.95049157,432.165136114037,8538197.532103265,16668823.028338475,3920115.5405079257,426.29309718728183,6203392.079273781,9856145.91270276,64910550.24418269
1748186.8685152999,10256924.710128617,6055085.3272840725,426.8656888570755,8036661.598629229,13298175.051855704,5498715.8520613415,434.5225448132566,7803553.562638031,12741241.026510099,65439405.38585606
6085537.614809086,10597790.790240105,2561641.979039298,0.0,3006900.6330511644,12720471.02768794,10196261.623224704,0.0,4160438.4755744105,10892841.080173654,60221883.22380037
7460400.604880448,10177754.293807894,3596157.4689398347,426.88288584755276,10699353.947169716,12045309.086610401,8566764.426467365,436.3487311796635,11237676.328817418,10199970.95806566,73984250.34637576
6484102.920277195,11968869.695215022,2146601.646708158,431.527185836975,1623391.7424239696,17689119.992825057,3492924.6023968724,413.64939122673684,12927831.727901215,15522257.68499578,71855945.18932034
5857061.8096344415,9615567.08535109,2333916.4238272253,409.0361938043164,2341579.0024074484,11846283.516888404,9397870.325565616,423.3857045338977,8011732.16615632,10650360.466170954,60055203.21789983
9113610.421837555,10597311.302014649,6019510.947972701,0.0,6033050.75856792,421.2062229863698,6207739.773060912,0.0,12461502.324447718,11567688.029643383,62000834.76376782
6434365.639544266,11025647.339164648,7689235.179725726,430.1698593959828,6735523.879564365,429.22065487478454,8535824.546684531,427.8552259448762,8915769.738713924,12563336.511249295,61900990.080386974
6543281.967126033,11134167.702829974,8668420.945461575,420.61539625072885,9019273.448374158,425.8629714624885,11727112.291535856,425.1250384578594,9151133.294478545,10305662.072192322,66550323.32540463
1973218.346535926,9540002.172898,2532738.162369898,0.0,11274635.976303235,431.14256748856326,3200013.396972767,0.0,8861578.166849218,7647059.254315141,45029676.61881167
3185800.9423977616,9393289.431642422,5079854.062269264,433.75067865582196,9893045.682850573,0.0,3933860.3229401554,431.74178689183753,12246560.070482086,434.9634899297539,43733710.96853774
2817729.576780281,9480173.199684426,10674903.30003831,436.5859541114004,9760958.939399377,435.8576005538752,21561652.296607412,435.44987515724307,7641141.831328636,0.0,61937867.037268266
15530048.924207164,440.80619438102167,19099297.649446122,0.0,10938069.551193126,437.11906023781955,9299880.879805958,436.9352077902658,12783646.764185917,434.199515606904,67652692.82881631
3045923.575242344,425.70412586659944,9337664.811264057,432.70748839710467,15359268.611589782,0.0,18260217.145835217,0.0,14529989.433433384,433.705733875139,60534355.694712915
12148702.215990944,442.232652623699,16191576.62246244,441.3324418704061,15663416.727496728,443.4969465975082,17471847.711299025,434.18266043550557,14914417.24859778,0.0,76391721.77054845
6244964.998870047,0.0,7262501.053289445,428.23436321474105,14427210.747699548,428.3974731079376,16862065.64376111,436.60687843676783,8584744.980281241,437.7908940649006,53383218.45351021
5943155.209182785,443.0289849682714,11643177.402741654,0.0,11209166.120748289,0.0,9481949.915545221,0.0,10902944.794796387,436.02666493405235,49181272.49866424
12958980.083631301,435.90403063786226,14410404.575137338,436.44010764534266,13222151.46519592,436.48817604995907,6893615.072501764,432.9634855473168,16260069.704622906,0.0,63746962.6968891
9934067.356528705,436.60167083801485,12358859.33089767,436.08172647359584,7931794.158816522,436.55764792210397,16121439.638520828,442.89439122934147,18447054.281321004,443.60140902513785,64795410.50293022
7017523.1056538755,0.0,11774302.504028179,0.0,15487358.082332209,0.0,15926629.174589105,0.0,15394248.747167451,429.83950081152716,65600491.453271635
8670204.173640143,431.82087012959994,5919138.435607851,432.4456630655768,16604496.922894895,434.2403480020896,2208186.414059473,434.7334710275349,8518296.638170313,440.031097543517,41922495.855822444
16371295.262210188,441.2752727139623,9955183.460690552,440.00522778682347,12625817.320577543,440.11690304431914,12805710.449219404,440.2744605436726,14756142.936775614,0.0,66515911.10133739
4250496.936063728,0.0,15129870.885843527,0.0,16196926.381342627,436.20654002386794,10167250.4416286,435.10694047624196,12925900.930815,438.4250750374398,58671755.314249024
4844598.280499849,438.6890312593833,18634321.76278111,439.45518247423155,17576209.16560149,0.0,12566796.442863038,0.0,5150158.925111597,433.33438513710865,58773396.05545595
17632640.788025685,432.730646888781,10669752.044701712,428.81209392832864,22085173.800606422,430.09073651801975,8561001.70525031,435.7215758441721,11083686.08732504,0.0,70033981.78096235
7580467.335782349,0.0,13070301.21685135,442.39172887276203,19174149.54602736,440.6614696055977,3436173.5130105647,437.39522422288957,10894240.823549379,434.38894532298474,54157087.27258903
13644843.889356608,434.0160519457002,13106211.472225454,0.0,15969928.567545911,0.0,11403185.914775908,0.0,11648990.955097781,435.1654382918349,65774029.9804919
9201825.088181846,434.77092995433026,13580264.108444339,435.4762481570951,14598102.204895526,438.79057132445377,8091110.056851211,438.18976007654356,17135776.88674465,0.0,62608825.572627075
19377811.64095359,439.96455398666035,9608163.280637011,441.203131098477,7092366.270316068,441.7943037787186,12321857.840965783,441.0178565639236,14223323.650031323,441.1673591546132,62625727.83010835
14133131.268578408,0.0,1601781.5761863736,0.0,17596117.128411893,0.0,12223889.096648125,0.0,22448305.765725978,442.101454701566,68003666.93700549
3455150.7203785693,441.95471407682413,15416684.49681108,442.32330331659114,4810247.155141215,443.3089600658468,4018052.9229936046,443.188927419733,14130333.479997499,0.0,41832239.55122685
7110008.735128855,440.10054739702775,11570394.468683194,440.0492755118367,19040157.74943113,439.6171621514507,9026440.195457974,439.6987729591051,18489796.867382627,443.0998720396233,65239000.58171384
15999568.694585089,0.0,7851574.8616128415,0.0,16172781.577130692,435.95490747196874,18635027.732683945,436.5080499405057,12481478.584074559,436.9496220006003,71141740.86266655
5696650.264980253,438.9871877589993,15592590.445464851,438.65997382768194,16740231.483454602,0.0,15778537.543178305,0.0,15511173.074447352,438.85044653074925,69320499.30913348
12542037.089771558,435.69630460173465,4465896.835588117,433.2776839814961,17418066.892443348,433.50616453487896,8418948.63333413,431.7371576232931,21808480.388970036,0.0,64655164.05741793
12947321.79479657,0.0,5377743.727153338,0.0,16433368.114727953,436.2466164475104,18585635.59019805,438.3421229677917,12534795.947101975,437.67934928525074,65880177.44206658
7138350.176638028,436.3910093216674,8249223.870607216,436.22875128299967,9997067.427262975,0.0,11644657.91554987,0.0,11789003.332316056,442.1516522603857,48819617.493787006
17282100.54263986,444.3492269278468,8409097.346986985,440.10930232761496,13900977.962929066,438.90746750486267,12885500.227699472,437.6763996403397,9348898.51753573,0.0,61828335.64018752
10944495.707309017,0.0,3301230.523050975,435.0615261705834,15844345.616102513,430.21508554123335,12334245.121095793,431.338672256546,10607650.313556803,434.47556467888876,53033698.371963754
8264111.355622386,435.73194921763655,11129832.73947029,0.0,14067949.336588673,0.0,10177536.063277196,0.0,13611704.103617953,442.83886225901136,57252012.169387974
18526343.073677987,442.2232301930259,2955181.6513144323,439.38651150274563,7456120.882351954,433.93588210228285,15315124.12796821,433.5548959174989,23399868.01449186,0.0,67654386.85032415
3432118.716194211,431.2677103266298,1777041.7999755407,426.7079032906216,9873412.727102458,431.461339912339,8994693.9786179,9395548.940493213,5097558.979027432,426.4774060380207,38572091.05577032
8424569.412202638,0.0,4550401.10396784,0.0,10914726.115019843,430.3441058339942,17650235.310965974,12400044.88387762,6052467.773724149,435.2647889406756,59993310.20865283
11864947.699235605,434.6777170623986,6437762.885622684,436.3572428985899,10901160.854697622,0.0,6017047.809207587,8137663.46826956,12499407.77735436,433.7654442546059,55859295.29479163
7363556.320159267,432.75501713487813,3399218.200110846,433.8001193277568,12577752.756630719,433.9961236525101,17347381.791536354,7832939.764413039,12309151.316132922,0.0,60831300.700243264
14251652.999467477,0.0,4996193.502716471,5308766.724268811,8637725.557924453,429.7901329974596,4958574.390953902,8732641.256557472,10211318.727248443,423.2910791992214,57097726.24034923
14021739.013203945,422.2156156780898,4198510.18016994,2640157.693152946,9128040.970471362,0.0,6265622.8025415065,9222511.842569087,7896472.236522209,435.03435734054307,53373911.988604024
