42601956538.96288,37589421120.75873,37159269638.69735,117350647298.41898
11048406.437342964,11350705.878947474,9771439.143228825,32170551.459519263
13680631.765084898,4577554.315587213,12498600.127859227,30756786.20853134
4249999.638965162,4541679.448026167,3775991.8342262344,12567670.921217563
5538419.847347174,6373666.483781748,7343080.13547002,19255166.466598943
12523404.136054792,10004526.494959358,9031357.012954535,31559287.643968686
8617226.346029162,12736869.243559629,17350282.011509772,38704377.60109857
17189859.723849814,4468366.8324537305,5519507.752621441,27177734.308924988
14076145.795149336,8930686.251770899,7586881.121877,30593713.168797232
8295281.160133039,15299090.115697995,4922430.4992717765,28516801.77510281
11372245.860049916,5615296.786034872,6273280.144296182,23260822.79038097
6915748.011086122,14750161.512353718,6225390.454427016,27891299.977866855
6428455.262147141,17248302.808172103,4061932.573506087,27738690.64382533
6417097.488560319,7907989.988369217,5741720.623962916,20066808.100892454
12624632.476485156,7006401.816447674,8950700.757725801,28581735.050658632
6948041.022430737,6308518.826297739,6061255.134843674,19317814.983572148
8485674.729386369,12289804.828395814,8188310.01893011,28963789.57671229
2178247.1324088774,14681039.52561119,10769402.105567401,27628688.763587467
7980555.241037182,14596479.88155823,6963899.703642583,29540934.826237995
11260828.53702726,6874973.759188953,12001249.49917988,30137051.79539609
8404214.160851158,7533544.464925094,3285193.5410417407,19222952.166817993
7479726.15893414,7438839.628061493,7598565.374485662,22517131.161481295
9325798.666019065,8875241.536607224,13267129.49391679,31468169.696543075
18190524.539908092,17068059.799569827,3848451.1840810934,39107035.52355901
10723683.153005501,14502518.937522557,3532429.9704065667,28758632.06093462
7341194.19833898,11225448.783495666,10239959.364705008,28806602.346539654
12989686.44542076,3201907.2995295064,13590029.318887472,29781623.063837737
3781220.975694654,2559819.9210009454,19392238.843223136,25733279.739918735
9490859.18759508,8461691.040713098,10919422.48479957,28871972.71310775
14557239.79395434,11471730.29347589,4104923.608439129,30133893.69586936
12184354.447197504,7787383.9763409095,10591945.924354123,30563684.347892538
7340025.612939531,10935816.355029166,3346702.6034269594,21622544.571395654
11938914.106585748,10450892.704814492,7432571.68904497,29822378.500445213
7494199.378287542,1205758.282937972,15015353.761250941,23715311.422476456
13805590.106823687,2381734.032446998,15729627.500921272,31916951.640191957
16361579.00326687,7310419.059148291,5767756.0442834245,29439754.106698584
9672779.998385841,12319020.951117199,8356308.316847466,30348109.266350508
14333045.521039633,3411242.3178191157,12607134.74297344,30351422.58183219
677545.5093671198,7812284.35602061,788567.0737650907,9278396.939152822
965008.3170737994,19584338.21777184,5480246.250899739,26029592.78574538
7070491.871478988,5083814.299591528,8659226.739648104,20813532.91071862
12589854.021075074,8986804.338447874,10791205.360268837,32367863.719791785
2234155.240700291,19945802.23640791,3158877.2617330584,25338834.738841258
10427345.629620733,2567237.4068116504,18711536.625763,31706119.662195385
22878225.583817124,5110820.273262371,2637307.190190323,30626353.047269817
2006277.4218603054,14566814.392197944,11080017.470763842,27653109.28482209
5753225.1409987975,2639683.9630997707,17416365.10981959,25809274.213918157
13241399.86244928,9694694.388157807,7186669.698453528,30122763.949060615
2692278.7139800056,17242966.42211876,6560314.7204738,26495559.856572565
3954293.9562942474,4618882.940134793,15548832.37520165,24122009.27163069
8923438.836383464,6737647.29845631,13515743.22736153,29176829.362201303
11868762.581393976,10618656.129391575,8772983.884849189,31260402.595634744
4774099.892643594,12265726.1988548,12118342.607579777,29158168.699078172
15338344.627888354,7278615.708249133,7014313.361930375,29631273.698067863
15418178.920131588,7899955.743163693,6980301.547445255,30298436.210740536
13529304.562712563,4201987.016192712,4119963.603294395,21851255.182199672
14270996.375448309,10016437.147781458,7339655.584488693,31627089.10771846
8173317.8658332955,14549235.73618505,5243487.966046144,27966041.56806449
12709748.465658084,2854449.9609093475,11919651.266518174,27483849.693085603
5107107.680525327,4486714.650475976,16610274.601454886,26204096.932456188
10706133.7017771,8021766.215091529,11598984.676116435,30326884.592985064
13907531.353697727,4867709.127735818,11032598.037328843,29807838.518762387
10063918.790023295,8039472.0614440935,10958536.63129998,29061927.48276737
6430292.5855024,15482013.63008472,5754800.948548397,27667107.164135516
9799627.79758383,10346006.593015075,8720330.973213434,28865965.36381234
6521758.350598789,10922124.429668445,5763367.658547939,23207250.438815173
10259946.009691104,13351413.429463932,6673810.458481073,30285169.897636108
11013538.567853745,7217519.936495609,12732445.388166707,30963503.89251606
9139668.414794149,10591124.369226813,9575753.060191907,29306545.844212867
10086317.06033679,6893073.685791359,6606687.267651797,23586078.013779946
7911068.30599236,6788535.2182530565,13944274.40767151,28643877.931916926
11726997.505657472,3862402.3549814024,12721865.462012751,28311265.322651625
10725489.557715211,11708140.451197933,11494987.93551011,33928617.94442326
10223018.878930297,7623580.7107947515,10995034.590320121,28841634.18004517
15674227.249621755,5240250.92239429,6292929.427858917,27207407.59987496
18540617.635410503,5365083.516641093,2904675.323588687,26810376.475640286
9813023.289021458,6115835.026235439,7643087.727526011,23571946.04278291
12851592.067853035,8453243.524561908,8785914.468073128,30090750.060488075
10201642.744430259,8863537.54275559,10886013.57416988,29951193.86135573
8936771.029919578,6185280.4956813725,7219114.567738992,22341166.093339942
15344567.236184934,14001474.905669961,8454086.751301883,37800128.89315678
13411357.206923626,12658385.577950606,11455656.271356612,37525399.05623084
3916211.6405817275,4143264.1273912527,7378837.115481014,15438312.883453995
2703664.2957346095,13447411.589093296,13051932.350083034,29203008.23491094
6164560.982278159,17690517.97401495,4179959.768383126,28035038.724676233
17265243.729532503,16686620.262668183,3441183.09164116,37393047.083841845
8201775.846689146,6392760.791253313,13756521.870883023,28351058.50882548
14441655.46165044,5409410.897589223,12108137.572582467,31959203.93182213
5427995.976321545,13802662.860470513,9307573.905801049,28538232.74259311
7680864.7606248185,11347420.532673264,11169493.566634592,30197778.859932672
11381072.734951224,10140045.064089743,9817711.005488098,31338828.804529063
4744376.575333694,10447505.738863863,10319494.098708773,25511376.41290633
11237102.246577343,10152108.526930967,9939728.799099851,31328939.57260816
20564607.002698693,2156311.612532309,6561189.673374969,29282108.288605973
5669346.876621077,12161605.887553623,11998815.35447411,29829768.118648812
21226151.71120757,1970095.792536948,5088547.111368918,28284794.615113433
5152604.705706876,5087564.2420576485,9217506.19084359,19457675.138608113
11469100.114976807,10100353.608496845,9864308.716089094,31433762.439562745
4572428.93707125,17031098.662678815,2040399.6926838723,23643927.292433936
18926799.23141964,6788132.728966088,4056118.118210013,29771050.078595743
3791424.8632130437,13078617.99056033,12304949.520676926,29174992.3744503
20736334.78698326,4559810.769322671,2614814.3053577007,27910959.861663632
14546567.583087476,12195103.677956725,4886979.511728417,31628650.772772618
14690012.341406865,2871965.290507133,9326361.926932517,26888339.558846515
14086342.774759326,5957081.94115441,12450043.406802665,32493468.1227164
6342336.35235134,18832347.66385314,6012608.552278657,31187292.568483137
19052338.146370944,9271074.196881365,10032355.828101495,38355768.1713538
15113725.683790369,13579752.361613186,3674235.8137934315,32367713.859196987
14574333.649155563,3866091.897554549,9176243.76865517,27616669.31536528
13525327.423100429,11650884.40454762,11605907.806353189,36782119.63400124
11539725.267745823,10776628.991636248,7954649.605166659,30271003.864548728
10377595.265614195,8069854.370767269,9255587.762534488,27703037.39891595
5248702.559775512,17025751.365756154,4482703.834217008,26757157.759748675
5968576.3188685505,11858083.947929066,10918048.387821663,28744708.65461928
10673013.204441926,4969487.052293754,3898898.9813541207,19541399.2380898
13043115.839798406,5243713.797313907,5107875.468885374,23394705.105997685
10774683.862731837,11087765.227762869,5800208.021448439,27662657.111943148
8986893.014039446,5751629.442174135,1919781.2076609351,16658303.663874516
7480228.221838978,6005499.023226587,6048433.2407072205,19534160.48577279
9595638.68232886,12737627.743106205,8393515.12121409,30726781.546649158
10680816.497480094,9441084.837204559,9198483.652560864,29320384.98724552
10786827.31593404,6587356.791352241,6594703.822475358,23968887.92976164
13220266.997151224,8022561.249940091,10545256.970626323,31788085.21771764
15876862.67340604,13833516.271597486,13582386.189749936,43292765.13475346
14397041.688469674,9331784.095843675,4773102.785456034,28501928.569769386
9091976.916314859,6726940.040851235,6913069.390002028,22731986.34716812
14348257.042683413,8592979.00769808,4071416.55214732,27012652.602528814
12810279.23127074,8514269.269916631,8447961.409523908,29772509.910711277
11453957.35534405,8068266.624761301,10266463.290233988,29788687.27033934
15971405.280962786,13927844.711677019,5927597.681602724,35826847.67424253
22539582.02667782,5932589.783428316,7859831.417103213,36332003.22720935
13884641.628436409,6394016.241383491,12214832.901902037,32493490.771721937
3793382.289982216,19130780.38712118,2657280.1566945743,25581442.83379797
2407232.592403705,9448092.11703023,4459640.575011919,16314965.284445856
7442790.101497339,9599739.797603248,10478704.859299652,27521234.75840024
13691224.088993993,12005852.797892042,4587991.692796667,30285068.5796827
7474047.462684403,6111615.589941718,9458576.002500227,23044239.055126347
9975534.540357303,8149995.2795425,11399412.528138788,29524942.34803859
12352046.567761453,10863845.241778625,8436242.196441349,31652134.005981427
13968598.30358456,5942632.932243523,11297769.900934312,31209001.136762396
11262839.740242405,9858761.190203447,9753558.871661646,30875159.802107498
7588331.04965235,3132228.6297444305,9667401.156526817,20387960.835923597
11583337.319078539,10129940.41136523,9811582.876261435,31524860.606705204
21581217.892455064,3447673.6600592523,3438285.0396218086,28467176.592136122
10437239.95538626,14409212.680987341,5206945.601989717,30053398.23836332
17175090.57555863,2947759.032260044,9964302.799085425,30087152.4069041
4338647.819752759,12831038.983687408,12367382.096335255,29537068.899775423
21411664.77552032,1364426.0589770149,5476351.499411171,28252442.333908506
1649061.7611638352,1474950.4333303329,20561269.263602927,23685281.458097097
10774055.186839847,3154565.227575909,3550731.3936963123,17479351.80811207
16009389.725065265,3762377.478319298,4697191.296684268,24468958.500068832
13369074.171376536,13893132.852044325,13482004.11558828,40744211.13900914
2373910.0991497026,12884089.1097805,12683762.940287769,27941762.14921797
4383029.39233177,4116745.4295815076,8998978.074843114,17498752.896756392
9762891.530934103,17214544.31515712,8833703.506445667,35811139.35253689
11842585.515329897,11081126.225171797,7754925.761002123,30678637.501503818
3317697.9375205194,14812213.457208458,15124335.53010296,33254246.924831938
6040235.20372449,15879516.994071951,4727274.7846608,26647026.982457243
17892407.485689305,4782054.944243306,11344049.880580999,34018512.31051361
6940146.990637838,14961413.65548666,11362421.168137046,33263981.81426154
11006439.01842747,14654959.216849936,3677903.627332914,29339301.86261032
13538432.93675897,5586676.416999534,9493093.682008093,28618203.0357666
8438025.252423972,10185259.178960845,9526731.753164753,28150016.18454957
17797207.515272662,4641728.274749179,4621084.654033169,27060020.44405501
18422389.351174824,6277658.720552891,4614712.588578048,29314760.660305765
9986690.286883082,7283391.482082518,7046287.857947602,24316369.626913205
13236236.914146569,12273590.635246765,12132217.984498741,37642045.53389207
5834708.611187943,5441344.132851722,16777602.88853425,28053655.632573918
11377186.28417741,16093799.792534282,14370011.184651488,41840997.26136318
19129734.584922165,6490965.197305583,13146367.773525696,38767067.55575344
14270947.662767751,11421817.661553297,5696763.567605596,31389528.891926643
12470790.094816184,11072213.70879349,8353372.658403277,31896376.46201295
9631629.444281554,9299913.160192525,12034203.565918002,30965746.17039208
14761614.229660343,19366579.537953105,10155442.298146518,44283636.065759964
10956925.705718776,9455908.34278608,10065258.779242845,30478092.827747703
7506308.445956623,6787459.558159635,11331499.46401949,25625267.46813575
16183927.226208374,9701054.808507882,6931499.313962304,32816481.34867856
19865694.6124999,8424583.532114554,11182819.496369397,39473097.64098385
22334537.549010254,12516616.618419059,14395440.770293845,49246594.93772316
13424915.310609255,10130676.521440532,12980241.852623764,36535833.68467355
7858326.807898264,13479589.039008774,11136787.701406488,32474703.54831353
10993970.916176436,9574377.600801133,7843782.36160425,28412130.878581822
14383516.21333083,8161354.862756959,9638639.972918324,32183511.049006112
10854374.806103162,17478616.010503408,18813475.54201248,47146466.35861905
14983383.883470712,8684935.749389619,7890715.04954615,31559034.68240648
10009442.605521254,8743560.01220313,8609443.012946786,27362445.630671173
10806305.104074694,11981056.809232358,9407868.490286624,32195230.403593674
13678265.385103855,12799151.373329272,6342394.298904642,32819811.05733777
3292653.7202284453,3621801.782046344,18846322.16574696,25760777.66802175
8895207.153803157,13285042.39276967,3948123.062388208,26128372.608961035
10960115.42942294,10061001.174873412,9612659.44059426,30633776.04489061
10224354.192500737,16633456.428610923,1632486.6012126657,28490297.222324327
11823514.03725033,11186346.405658873,10294664.836664239,33304525.27957344
7663969.62038193,15219354.884725805,5271578.090073498,28154902.595181234
13430058.281245867,12035100.936660042,5018925.294962979,30484084.51286889
6533368.087331932,8602607.716373904,13731330.442395521,28867306.246101357
16267087.265253637,17836746.29265351,2206156.4224151084,36309989.98032226
15685644.827324055,12834915.938036976,3382071.411232619,31902632.176593654
1539786.4028036073,11797941.518587902,15224740.713819787,28562468.635211296
7709925.952787258,10264652.714251518,12889101.603447068,30863680.270485844
20264353.80226573,5269344.649648458,17364313.822125684,42898012.27403987
