36119739128.4509,14129541922.919764,37433589724.16149,12778346510.965824,37660815111.930786,15576484278.857056,38297466324.949,15484569479.344698,39522235660.58875,13763485179.39299,260766273321.56128
9182857.091028443,431.4308282506366,3967454.152589836,0.0,14746024.293545272,428.1798994282331,2017215.2035409,427.5423934157399,2872905.05885431,436.5784748617792,32788179.53115472
4661616.852960469,435.9816249247203,1858635.9902347997,436.3574320516711,5363492.252953441,439.64193022954663,6041255.650230265,0.0,6237486.727236708,0.0,24163799.45460289
311354.5605262293,0.0,1349203.9673000218,434.09700021022786,7192211.209370182,0.0,4616999.600326033,438.97761597083115,9677156.480400829,436.40699580948547,23148235.29953529
9682887.261538781,438.73319828034073,1363677.1798187685,0.0,9287225.707592612,430.7449941333991,5057195.421489778,430.8065653695246,19851844.632103384,430.11664812260614,45244560.603949234
11850638.454587823,426.9209051648274,8133441.627640861,426.44542727873517,18880354.353802938,423.34350513244084,5380128.246012639,420.6533620139384,13099208.923195705,423.6072557936369,57345892.57569535
1988281.0640502986,0.0,7738750.510741338,431.0482273475858,7460341.473566003,0.0,10069307.824254826,0.0,12146832.780202026,0.0,39403944.70104184
13920770.538166123,438.0975542457644,433930.42848163436,438.15657294952723,7066296.336039659,438.36856112822426,11317507.598911928,439.49250014407687,12371069.849275295,444.6310701074902,45111773.49713322
5690674.799229399,440.9219460989913,22290093.202462733,0.0,11669318.16856827,438.7491656040809,5791726.41501743,434.296645614798,12027173.990465093,428.61545051476025,57470729.158950746
12173627.995997656,431.5214512638072,5351253.341378604,430.9254255013796,13216822.327131627,430.83339307423546,11664168.549520025,0.0,2691381.5889819637,0.0,45098547.083279714
20664424.467520263,0.0,2163641.1720765913,439.8567038700311,8119780.067933361,0.0,3436854.1666929643,444.7797901791543,10805788.584715717,445.3345850308596,45191818.43001798
6749349.249122726,445.10075126531865,17419549.32575187,0.0,4213886.589239588,444.3528556439043,13204376.227314765,438.2126506796405,21632529.218405195,434.36898277230614,63221452.6450745
23099902.094142023,432.6552281401506,6380344.246096257,433.0357518114442,19085202.1819817,430.9385234909672,5482632.712678066,0.0,6411153.540989733,0.0,60460531.40539123
3246037.093849857,0.0,9417391.71921452,437.714177131031,3187431.0267745857,0.0,16173591.751875311,439.1077322917698,8592174.516803306,439.1911660283275,40617942.12159303
10060879.432239447,435.50912469036535,6172166.687341265,0.0,5907989.808321292,439.8671789688673,15419213.306203557,439.67457459514554,15977015.916542614,434.62300948229483,53539014.824535914
13237432.739529546,436.1406756752951,8702121.556769142,438.1834655799353,12485130.155746404,437.9041149284481,7547420.848007044,438.0653342651962,7643393.473881944,442.0284604138184,49617691.09598495
18041411.348632615,0.0,2908933.4681323525,439.777436040822,12216504.448387688,0.0,11578154.504510045,0.0,7850049.143942809,0.0,52595492.69104155
15548559.174527502,441.19626630271136,7460053.595784891,442.54158088472883,15456743.375442117,436.9216479210876,10707609.012249108,437.26118224324233,5537580.582064311,432.858667844311,54712736.51941312
12640483.06579935,432.80116069119515,11540602.062632045,0.0,8359132.375251999,436.3311413461151,12724148.151071664,435.9747328302132,7202834.22511313,441.10153460272585,52468946.08843767
6598183.26684395,0.0,1287349.9932964414,437.53191572592345,9455324.113594158,0.0,16452145.484556165,0.0,13588722.340059586,0.0,47382162.73026603
12565757.155500207,442.6938706761415,14623437.226916494,440.15654648022934,17537607.977581646,439.5767520158253,4522912.159026384,435.75335764976205,14594263.276284425,435.60514504406103,63846171.58098102
14255763.278976431,431.35059393395056,1787909.2127984855,0.0,2479075.4512727465,432.662945497472,12990291.986493252,436.745351434865,7510269.867034554,436.3441917320121,39025046.89965806
10843549.617574826,440.03629109550195,4480675.731305964,442.1693260674574,9698076.504948003,441.71540215913916,11628628.571472682,0.0,13396483.968183225,0.0,50048738.31450402
6165589.543734111,0.0,21562945.871570613,444.9604704951493,13438080.90939144,0.0,15582228.487040345,443.7142328823973,16162937.63080993,443.5140441882551,72913114.63129401
6734821.4989900375,443.1818055743278,6113609.94704023,0.0,15474945.067071373,442.9735197111481,12695097.561702326,443.2069769571619,3455035.631170834,441.4549556147495,44475280.52323266
12647069.523490043,436.28471478051364,8809230.631950976,430.6932068136806,12020399.16968303,430.1426547513162,10912640.950837549,431.03161594310876,12545786.633085525,0.0,56936855.061239414
10194241.546045635,0.0,12359525.981121305,436.8950995655063,14777682.379922137,0.0,11220000.68168854,0.0,18091566.044225954,425.1285395247636,66643878.65664266
16788940.377157703,426.86804204762734,16724630.057788912,427.74441472087784,12574704.80574659,435.7284599368894,19514436.82521831,438.05437292628886,8894276.641605593,436.6295092633257,74499153.73231602
21150747.5389338,440.4871542643501,16095014.195695877,0.0,10874912.673588382,430.4043663277119,19644689.231767382,431.3319261729265,14053493.808546081,433.506444568998,81820593.17842285
11807522.506663978,0.0,20066066.979695845,435.65114427171693,6264202.465057807,0.0,21216777.442519262,0.0,10099528.257445922,0.0,69454533.30252708
24413767.38671183,438.40951316622693,12019643.96088859,439.0610960160632,12935776.426883651,437.38762219654296,2564780.259547305,437.1290257023104,12402972.698903264,441.61773502618973,64339134.33792676
4668926.711544086,443.45542936476625,22905997.87763633,0.0,2383612.637232825,444.39758198416627,13204346.72412399,437.798510115985,8402001.340401553,437.55112401881854,51566648.49358427
11748496.109855093,436.7354034561534,6874109.191308195,434.9340782764973,23325384.522447307,435.0290931846233,16470290.359417384,0.0,13466464.30071471,0.0,71886051.18231761
12748487.679385034,0.0,8118086.594933261,441.36243499916696,5191678.623636889,0.0,19694427.731631994,438.8121857283909,8483420.465947874,439.50257412324487,54237420.7727299
21085498.693204254,432.487095305804,23447172.262021933,0.0,9685291.787079684,435.4910372727196,12749253.493727941,435.6377582484352,8986125.97679332,435.6156071296507,75955081.44432509
10438610.038468491,441.3607901090366,20514739.941221375,439.87794289290025,15617005.055281535,435.1678838806401,19358442.836828124,433.8882806586817,8560976.657534247,0.0,74491524.82423131
19840650.275167286,0.0,8006741.8756769495,435.77618305290486,12547837.036393277,0.0,17084633.8979159,0.0,9289805.141270414,438.95770798843296,66770542.96031487
7720039.851660108,438.09221569655733,15529660.291617807,0.0,16540753.962214764,440.58528608875406,17583392.88678136,441.31657618643237,9286248.313140973,438.933304031374,66661854.23279702
12421745.168333858,438.00128968141735,9036026.019277714,437.65508725859326,8183204.359731259,439.9727266051966,12194457.972109709,440.3929194697083,9920459.707441784,443.54453002056164,51758092.79344736
11816704.937147308,0.0,9047830.02621841,441.66617562566046,20046592.753575306,0.0,20111675.078374654,0.0,8049015.659340252,0.0,69072260.12083155
9948055.45420691,441.9789700242606,15134389.904309688,441.26975972057045,12175652.136674674,440.8087037819588,16989917.96554728,438.09860290464746,9925181.202387454,436.5496963420536,64175395.36885878
310171.35641245655,436.64494502210266,4557753.279375782,0.0,17957581.629246525,428.56983019977275,913129.2366713389,425.1528690438154,16464810.270985255,426.91339128664623,40205163.05372691
5006293.60980756,0.0,12055295.304664977,429.0516142932676,11771621.61491655,0.0,12753832.35353306,0.0,7627809.976164228,0.0,49215281.910700664
15481163.385366496,436.5564173014836,20842009.275682643,432.4151049085626,6171709.068367472,432.7037683885558,23906629.062899407,438.918471579477,20290659.146004647,438.93875879805535,86694349.47084166
8758458.72148982,440.89490939853715,7330867.722692398,0.0,15546166.515388431,439.01312940345275,16909680.12158054,438.45476977087066,7195582.179754281,438.1519004531977,55742511.7756145
9679799.456926309,437.7619554872508,19450875.097526398,440.3823229866271,13279746.02880993,434.75393650839584,26532852.56522012,0.0,10856140.14998359,0.0,79800726.19668132
18398567.89171501,0.0,8838645.37312558,426.56234466854784,5030104.652095577,0.0,10103077.377029661,428.82387634974884,7212883.629690209,431.35401345141116,49584565.66389051
12197363.655783782,437.6460491520505,17543792.430154495,0.0,7579432.905907488,444.2331392984515,8751165.231419789,439.64193022954663,11447596.372627923,434.5504939040381,57521106.667506054
5616987.345396102,433.9487895979854,17060806.768937413,432.3724793146867,13177108.075619884,431.6703220504226,9261348.771216948,437.0527302961493,16248361.375415668,0.0,61366347.38090729
7871245.895693842,0.0,21383290.90365999,439.68168018769506,11942819.044418488,0.0,18393933.831189714,0.0,7777262.98780013,438.6035904536911,67369430.94803281
14999546.522524767,437.67792203274865,8951917.512625113,437.3567416816524,10602323.767861973,433.05885230255564,10004833.742248772,432.91591100957794,22498641.79690081,432.4115756731993,67059436.76316414
5345312.481872606,434.2104721700949,4051760.4679949484,0.0,4211218.912065056,437.01411827170176,17701650.86142879,437.2578583623696,15190349.675496949,438.4440753841269,46502039.32538253
22463225.773651775,0.0,15213954.792877082,433.4583773444676,13211829.770870136,0.0,12266597.604243115,0.0,14666285.325858222,0.0,77822326.72587767
5514705.148582259,435.241076142211,22674865.464093477,440.956519282236,24978350.546386793,434.7602267451277,2929809.3728438807,437.2402901171988,18782053.995765544,433.94411288040266,74881966.66989712
22723624.89369115,433.8776208630287,15979477.824852107,0.0,17737273.77260769,434.7601328596593,15097456.237678869,434.9745790615815,7545666.933294168,438.3130160464947,79085241.58747281
8713985.321076598,437.6531844682988,5267101.143450507,440.70806060872724,16881494.189978965,440.6179742698209,14237243.876315603,0.0,9736910.966151517,0.0,54838054.476192534
13360667.099968225,0.0,13423796.371524148,440.02484620835236,11908672.934319548,0.0,12223716.280756762,436.1990737681387,12293385.37058833,439.20438806054153,63211553.48546506
11699857.780866874,438.90354444646704,9195464.460140876,0.0,9483538.74532134,438.0298786993732,20645963.686444364,441.6987336789961,14556846.964114435,441.80874951062924,65583432.077794224
9712661.30876149,440.4599781308674,1081444.2619641793,435.5601920711689,6034243.832332098,436.79234991883635,17035561.563757837,431.3617768815056,13202234.378518367,0.0,47067889.51963097
16242429.182103654,0.0,2823986.571529671,437.4747762719643,9831675.367289132,0.0,20100213.138646457,0.0,17554923.756432798,430.2532410053047,66554095.74401899
15007871.799283465,428.8392218693174,4384851.851305282,427.41985662414334,5702533.984124077,430.8339462579428,15471914.364964418,434.4193144115809,18602732.897569153,439.9227341618142,59172066.332319714
22956430.34169362,441.5621383172454,5086476.497581366,0.0,5685152.540558935,440.4356959124303,19288054.64426252,441.0619140215941,15795883.966570273,441.3080633628537,68813762.35847831
9256962.195523648,0.0,16419190.490651969,439.2704143215096,24819810.658453844,0.0,9369655.262399781,0.0,18911484.068853453,0.0,78777541.94629702
13966407.474378338,442.8794847173964,7675557.29536509,443.5000729156157,3710735.971535558,443.2969538754626,21170652.422742747,440.63195742127124,22387226.89735681,437.85306782890103,68912788.2229153
15362494.065344736,436.785337406276,23920727.221984215,0.0,17331879.65130845,432.2433537138605,3043853.690690597,433.27320820644064,13228677.988781337,436.35582425570846,72889371.27583294
17966822.247443072,436.4710481010814,6992994.870672563,441.5792807573192,14378411.608193826,437.4282010713294,10112009.421480903,0.0,15095152.415486285,0.0,64546706.04180657
21023406.082688756,0.0,16207941.485330746,434.3911010133375,7126910.697014755,0.0,15766810.854076179,431.7671570461934,7838982.455042132,432.09343832696976,67965349.82584895
12663849.643697642,436.89263452475916,21436136.804868087,0.0,10638755.771249453,439.23035538270824,11844964.49479539,426.7591888958063,12577084.937475637,425.95181096584776,69162520.48607598
6597453.353011476,424.28599969484105,15822122.276179163,425.38598097784865,11233489.964433094,421.257869294232,13531499.27412151,433.00445830296286,12644591.718802426,0.0,59830860.52085593
9505307.661199437,0.0,12347855.517617706,421.92883401022345,6159837.237516948,0.0,8498660.060661955,0.0,18946984.786561213,432.24084808494075,55459499.433239356
14746831.345299894,434.9745790615815,1782164.5455974932,435.42642470853747,7569399.928021292,433.1319890588917,19205392.217980772,425.18240936130957,7717177.29594621,423.04514449086423,51023117.09339234
2214166.2344391816,424.94153762504885,22435972.067175362,0.0,14787088.629450854,423.58034013658397,3389567.5016411827,425.2860574028657,15346284.619975373,427.23201257632076,58174780.0926297
13643510.86287436,430.94857812174905,3264479.5931873973,433.11577572342077,5171304.818682412,435.3096809556088,8672306.103093311,0.0,2394990.9131325,0.0,33147891.665004782
17997839.85702715,0.0,10328066.661842264,439.24702974703763,16903345.678383667,0.0,11773636.000462683,439.2630344942848,13253491.52975093,438.9522527507748,70257697.18978368
13643925.449202674,441.5314402112053,19045873.83429631,0.0,7645287.881615576,437.2393405225417,20178692.26627743,437.26222690195345,12907767.26691701,428.69174938068295,73423291.42306602
6747254.407725608,428.9745474628644,10286024.441590317,431.4716038958047,17553746.234927278,429.2250473140521,8552406.853318566,0.0,12252183.678764943,0.0,55392905.287525386
9629712.534047032,0.0,13104279.851540484,432.3089744121063,17058403.66200094,0.0,9950972.06510463,426.963458621614,10696463.547085788,426.53279303095525,60441117.465004936
10929168.057249894,420.75129610019457,14773121.06871696,0.0,17066726.870399106,430.8952662572454,509294.10032034013,434.8126211612823,1316085.8572151267,436.6061209601377,44596119.019205905
3406511.392673864,443.2188806998279,8729961.576780975,444.0374768416409,14102516.025233261,444.00848996183754,12260366.77146285,443.2163437830222,9268559.288524987,442.8104212323856,47770132.34628846
19310133.74275359,0.0,23885985.307841312,429.3321408304912,24023565.37617168,0.0,1349887.4160093223,0.0,12482985.043971013,0.0,81052986.21888775
1355712.220261225,428.19137392354827,5128930.048062056,430.01329597218546,4106151.3902501166,426.4193238810513,15307093.143666003,428.54985155997724,3337370.1156521044,433.8184404724786,29237403.91017731
8052710.720724497,436.2609852605302,17017482.27810825,0.0,16820911.287957318,437.7716647151109,15832914.783973627,433.2617394549241,20358724.743250355,429.4680525865686,78084480.57645606
18629637.467095386,430.56987046327947,17928217.368103664,433.59691452441797,16775005.921964847,436.18981218583264,3637102.4106408106,0.0,16059631.905653914,0.0,73030895.4300558
6052169.827635227,0.0,7405895.082013094,438.54053470046387,6392773.075261772,0.0,7180246.631244881,444.4121984637686,9847236.63454488,443.7823069091063,36879647.98573993
8254849.547633479,441.2450013084375,15026140.757759271,0.0,6279914.012903248,433.1238822394258,8404485.036523743,426.75665598396813,17164998.326434787,426.90642081688026,55132115.71321488
13366440.95026413,423.900697796197,20739003.061592218,422.93076888657436,12326218.107804801,430.94802464363187,10660150.176491218,438.34412719314577,7356433.113092081,0.0,64449961.53286296
8475834.238757936,0.0,12668007.90810393,439.06167053002986,22125333.411405567,0.0,12908792.788085412,0.0,14260376.562073024,433.79077240110587,70439217.7608688
5020980.842281597,436.8697868170417,13408370.357281676,0.0,19704682.997052815,437.00207119870356,7298803.285535203,434.6089360028426,8553085.262024118,437.74577439784207,53987668.97074383
11389713.079268266,433.3678719002038,2710939.940199668,428.4006636460571,15431764.91915323,427.78267855602365,19942739.352456223,422.3704503095296,2290071.569172257,414.5216860094864,51767355.303600065
4182707.210020993,0.0,7832322.001252639,417.6883784068071,22752895.04174438,0.0,13080077.734149361,0.0,17353883.315604646,0.0,65202302.991150424
15618898.835600624,431.9016501269254,21850908.1712369,430.82463452150756,11058052.610360455,430.2619763406404,19197247.797463004,428.52330748201206,14543674.96871905,424.4754677995762,82270928.37041631
8930873.121575246,424.4092510260999,6201378.276353715,0.0,9078236.342779245,430.07282074484414,10281895.311829764,432.4337736644598,7692589.109764692,437.4541488881593,42186696.53229699
11940065.346416682,443.17448884824853,10810225.50070685,438.25166559349464,14158956.355605314,435.43829088496926,20759057.535080906,0.0,19192079.11741462,0.0,76861700.7196697
18707117.62680359,0.0,13737498.094338527,438.3636932129448,9936233.58104459,0.0,16149254.255071172,437.6037177274565,4693302.22403937,436.15607689024745,63224717.90478508
14396015.46048071,434.6711476717291,12969613.018507086,0.0,16613152.243387496,426.46277109536254,7307205.585808248,425.8231588859332,9290880.85100717,427.9176109154952,60578582.03387927
18672674.95975649,430.42516241432986,13202113.584976155,430.9529137495208,10343497.260615002,430.4206533576714,14577751.180666914,435.29255125363045,10973490.795202252,435.29095129536546,67771690.1634489
13451480.070153167,0.0,18803928.39345267,437.23953044114313,15367546.33810405,0.0,14433477.402249651,0.0,8561456.171225904,0.0,70618325.61471587
5078712.915156167,425.6212382525662,14326449.13721026,424.2741076721513,14781948.274827005,424.3903740824271,7926228.712238744,431.9276877350026,19020135.73539826,437.9715610612261,61135618.95979923
15557774.376740998,442.061945491937,10619505.564575613,0.0,12709802.114558259,435.2161428513679,14696270.004456412,433.98265204038677,9504861.105961775,429.60450877916253,63089954.03154221
5149169.255438558,429.3876307907687,23479470.31278779,430.4770693793332,12764133.619495949,435.2353365278083,4339426.689282341,0.0,11648946.894714026,0.0,57382441.87175536
5408587.023519077,0.0,3810989.857297489,438.59823956457063,4192924.5942251477,0.0,9946477.061772801,439.65316318477363,20471666.043142688,439.3127812441493,43831962.1441412
18231761.519914594,436.79955219314706,16223331.618343715,0.0,13140766.921577977,431.48908153187756,17583427.462093234,432.4022884869895,8593619.265725201,432.72302012379873,73774640.20159705
9002782.958101416,430.4077708591925,26580640.860814612,435.5085594358216,11339497.158118024,434.899785365449,15384025.031302968,423.64505043614105,16955173.611022558,0.0,79263844.08052567
10899610.676551871,0.0,11395487.041427722,429.2641256790987,10449696.494627783,0.0,15622884.572357185,0.0,16197394.116643399,443.2738218301026,64565945.43955547
644009.1492830171,439.97916876556144,10240297.629784133,0.0,6265925.396813745,438.10298825982494,24035943.89087644,439.3281197014273,14522854.07786674,439.7709037245183,55710787.32580452
1863831.96227528,442.2890013102152,14120499.021258658,442.28239416940977,17776606.06774735,442.5983002337129,10101345.014921743,441.50762064745896,13582570.744011287,440.05552754114893,57447061.54305822
1846318.4502715564,0.0,12882584.762586279,436.8405907352989,11624172.44031803,0.0,4599363.662922381,0.0,20746689.77492431,0.0,51699565.931613296
1091840.4280478694,437.7411106588601,6151661.205154427,441.5491613099623,21056684.281447135,441.2578637304794,6761520.246302905,443.18219580650486,6921757.830290029,441.64369786610945,41985669.36527173
1172611.9124757284,440.2145811822956,21271374.979520377,0.0,3834539.211054612,441.34618015243615,9840976.475779124,436.05046341298595,13474187.953248074,437.6433853602951,49595445.78668802
12627795.757861027,438.5856272710637,13109925.492278205,433.1386051939217,11248099.871022495,432.8054406325477,12211499.315897064,0.0,19742877.54165223,0.0,68941502.50838411
3027806.026977603,0.0,14058246.683120286,435.6632112512205,18228860.526758283,0.0,17439048.686554644,424.64118973259156,6600428.011691384,432.2845615564483,59355682.52406475
8461035.616995469,433.43672724219516,18049932.16155147,0.0,4571508.680000638,439.2772193170043,10402971.322977727,443.4754543536136,13458400.764886038,442.3402133454849,54945607.0760256
19729931.93583261,442.3371033580882,11446557.098514404,442.29687183850587,12365335.999156576,439.2630344942848,8013696.367516347,434.9550324974139,17673217.620661,0.0,69230497.87372312
6083205.437624944,0.0,17401371.175808605,434.14427298525874,19828125.811893433,0.0,7880194.261127999,0.0,11434187.962099446,442.34672502323497,62627961.139552444
12123054.69887991,436.4317819109155,21358342.777151983,0.0,15820777.96065664,435.6977189595017,17542165.261930652,435.0164973286644,9236352.752757823,436.8108299155719,76082437.40820514
9877777.210292561,442.7085699961078,16882836.66044174,443.88171684792565,13158919.20407136,961.3941867743386,11698951.381763868,440.1914809601335,15253849.073487915,439.6259938591509,66875061.33200588
8105583.705229471,0.0,10152711.567312624,432.33181174640487,9689148.35780672,0.0,12624245.0990682,0.0,20997982.396714136,0.0,61570103.457942896
17738639.474368,439.2687849876757,6293085.380623061,432.752040469116,13407878.803911345,430.17905093198493,2563195.189794717,430.26445907962494,6552388.344645948,434.8067050302845,46557354.464383565
5199903.929201902,434.7830421161225,21056015.427861013,0.0,10008208.746574828,439.7726328481838,5438657.054454851,439.4249684389182,14439940.047005765,431.8751524395149,56144471.06089419
16084036.038081054,428.3874460117992,3952329.0648695235,429.4789548976533,21113503.141660906,429.40631380656487,21631149.405041546,0.0,15465584.453021815,0.0,78247889.37538956
5662884.302494721,0.0,13129643.800609421,431.29653579449086,4747504.807007286,0.0,5957969.630040029,434.56062399239175,11143088.778430065,436.8779396667276,40642394.05368097
10425595.756562289,440.2336406908459,17325279.365279254,0.0,16973735.75487068,440.08505875769447,13863576.695055058,440.3495734444568,18542278.44128084,440.9968937153867,77132227.67821474
15889602.098776119,441.5443193384684,8877413.121631019,440.5625325782831,8715688.146850768,437.41727159372886,10446896.852266304,437.1155487062177,20544808.823069114,0.0,64476165.68226555
10899437.580777379,0.0,9621253.51124232,436.88931624460224,8686915.711533856,0.0,10914437.649968931,0.0,13873991.175746957,437.24332884781944,53996909.76191454
11219223.305978578,436.9869895790307,7724159.371587411,0.0,14068944.464582073,437.857067358446,18710264.44533331,427.3931801473749,8452633.81375647,423.4409147639581,60176951.07938968
14815603.380132316,426.95349854159394,10370579.470801111,413.41792530629544,12221936.88232108,408.6874542621811,18474355.98446303,418.01602536085716,12635081.862612147,422.4136967331781,68519647.0689299
5480575.307701384,0.0,18286656.851462744,429.1242268844389,11858671.766217804,0.0,18717265.96195181,0.0,16625112.489742817,0.0,70968711.50130343
18940180.81890454,428.6067819075613,2673390.5536252395,433.7717059196523,17721163.47452391,435.24248754599114,8815954.592567496,430.80573569996255,13922337.31739476,429.2768482746224,62075184.46057528
1916283.0019883292,435.653595322828,19452580.96574724,0.0,14336146.351809155,431.91415890625376,11491917.138711616,435.08860436695187,21975146.19752878,436.8591696085126,69173813.17131332
8678103.236476565,434.26001772185316,17993295.064916518,434.4194081499091,10449058.370202955,438.39509793994586,5277438.522632912,0.0,7234898.644651536,0.0,49634100.9134043
24884699.18066417,0.0,798117.7553492595,439.49441896164655,13473489.484355722,0.0,16151162.959193297,434.7210800215151,9207009.001635367,435.5477538937218,64515788.14445069
10146037.990984103,435.2005257167809,9271173.720648576,0.0,6406256.209872408,439.8648724822537,14382777.379130866,443.7567767014601,18815437.930138398,443.7830894906074,59023445.83603874
14730631.464448744,444.1233824892905,9449430.274842894,444.29441110408357,11008103.147358574,443.77907878958877,9555367.890789231,442.91982230107044,18813535.090348467,0.0,63558842.984482594
4680475.160464823,0.0,13259536.2316372,436.99865640119555,7840169.325750604,0.0,11248823.792598814,0.0,13775088.263846407,432.73204205780434,50804962.50499631
11147549.484254569,435.9174330301224,5242145.434178509,0.0,8074039.752415189,434.3760116301599,11104297.001936005,430.91933797443295,11970469.685589466,430.74840405581745,47540233.31956042
8008635.54535505,432.5773261442877,13104610.936252303,432.12181778844666,8940147.02445163,438.73998664122763,15933406.04417166,437.37545950401267,8806641.089642942,437.254914395797,54795618.709378056
3191492.8807168873,0.0,8227679.066941733,436.513444594507,18472750.071533244,0.0,3310457.510933593,0.0,9097613.68151296,0.0,42300429.72508301
5986819.576177835,428.2603249115673,17052356.16810852,428.01058553808684,5798332.617394602,428.27289696961964,7280870.696341069,440.6103562366472,26036105.277952638,441.31628597113036,62156650.806424275
11122173.689129282,436.2355568874186,5103758.820787429,0.0,13814750.983773066,431.19640233085164,21860147.991557248,431.07997714914126,2864345.7599563384,428.0123144116501,54766903.76945414
9117850.32400624,427.1186242189885,19918067.465431027,426.72762010700484,18964617.992047846,427.3910026228109,6485785.377247243,0.0,15348781.957605727,0.0,69836384.35358503
8585315.790526431,0.0,25417770.075744424,423.6159016145777,8089337.209359565,0.0,13006596.234011363,415.4357258486367,19054811.767462134,421.8509455714435,74155091.97967695
460101.11225573916,428.2694350249195,6943916.083431551,0.0,12381093.669866074,435.2727878879994,9365508.514521608,440.00695875364875,23395051.20010448,435.8187276856406,52547409.94808881
5194108.585156137,436.67714582309384,10627669.100534191,435.0376475026886,11553100.53276284,435.6306884976881,19125088.913555205,436.96896888293315,13565569.405919181,441.4062709999305,60067722.25864926
5260019.243909112,0.0,11464650.406904327,439.3929365074861,16080116.332778208,0.0,17146345.807626016,0.0,13235726.011171032,0.0,63187297.195325196
5184496.230540656,441.15778872625884,19582903.140438575,441.41575543052744,9196740.175152827,440.94454359945007,13670362.267933631,433.2611800191617,8505768.932022098,430.0671247604556,56142457.592480324
5126733.361224421,430.09386044667457,5189470.104346842,0.0,3777595.3875298416,429.84133626489245,5789833.400462196,437.37327409189146,13971225.516769946,439.3540057769712,33856594.43280982
3680952.6683205636,434.7154479795527,10876043.694499148,430.32911233312524,7839373.285048641,423.17541425460865,15567442.219776265,0.0,21808739.828177754,0.0,59773839.915796936
2215494.2665670216,0.0,19389992.59540213,430.4174326607551,20288606.824847154,0.0,7046945.0096126795,442.4348945142023,16967502.682647917,440.1180576065331,65909854.34946169
3749282.5467536924,436.7571948575759,22783920.480831265,0.0,13278608.435019642,438.2163706285365,7266651.6199614545,438.4753961329531,21098948.91250815,438.78129499883727,68179164.22533083
13201784.772528928,438.7262189170407,11170341.960985398,435.868924052565,18290367.508434173,432.30832460456423,12827663.833443718,431.42694525780195,14602034.501159772,0.0,70093930.90696481
12180820.718788994,0.0,20374321.32289581,437.78308788753526,12549290.363101853,0.0,14813584.57081998,0.0,25878704.488330342,441.2603782765502,85797600.50740314
7473914.154416091,442.0932998882945,19630144.935205683,0.0,7354301.324992325,434.6059337785171,12781778.128622258,431.53921043685375,11504155.328414021,430.97127194869614,58746033.081366435
9110352.0009461,430.1432980646749,15987879.810425034,435.4748352368331,12208354.506087134,439.08254555724824,18561912.760823887,442.6219456963834,12442833.474522969,443.23839641546095,68313523.1138261
1603843.7576213775,0.0,9393735.272044202,440.6146955903424,9255150.982475702,0.0,9379545.511855407,0.0,13075375.373511376,0.0,42708091.512203656
4966999.6788384495,438.50051325880463,7955870.717499383,438.74247257241075,12956956.381326165,437.14810371613663,15779042.691941917,436.1695892813078,17846015.948128063,436.4180640641261,59507072.39647687
9935884.713956963,435.26695333270345,4031561.823947065,0.0,19264258.86215273,437.0423888147556,10149481.711902307,438.3963389486236,8872789.022077559,435.6042967888758,52255722.44401451
583831.1254848228,434.980123839531,21207498.7938305,437.11061367608585,11177011.080498364,0.0,9939882.433483098,0.0,8965894.598429753,0.0,51874990.12246405
2300916.98836269,0.0,4495552.992934966,440.16318649172655,24238253.062280275,438.70795889372164,16254479.567651322,439.96734225768495,18897162.78412558,435.0004245717497,66188119.23426705
12461222.847599,434.95644204663074,6795379.9451891715,0.0,11509997.103100384,435.88959095443965,17735062.183188256,435.9597220360549,3717848.4431916145,440.42114713570464,52221257.74917061
8752131.34322385,441.69136893733616,20456470.90181316,443.1929274606837,15424646.786235565,443.71589536123577,1238552.4568063398,0.0,16667610.249524819,0.0,62540740.337795496
11103861.379512709,0.0,9099949.466365661,439.26015930404895,14731236.309936801,0.0,2453798.3432521066,430.10856189668846,9054050.405405192,431.022849329134,46444196.296043
374103.38809631957,430.11775081333434,11465656.405138679,0.0,10859239.170907864,431.0398291997442,10477807.286110912,437.8073641084523,18854002.22868348,439.05602120798824,52032546.49990258
1933931.507708907,438.55304886987847,14349284.41500818,438.8555165876591,9517690.911160419,443.6649509333473,13574919.92746613,435.7975958319615,20445027.840661548,0.0,59822611.4731174
3839943.148389321,0.0,14209434.758948786,427.968550910902,8653040.612849534,0.0,16459004.15881133,0.0,17682894.203773256,434.2094420423135,60845179.060765184
2086685.033527579,440.52194846464573,20395160.93506057,440.33647499140443,12784752.310625318,442.1778721512615,15360002.519919775,442.34380932292765,6906180.278386347,442.4211855936978,57534988.87881011
3454573.8605495887,441.17209618691834,15377502.901216106,0.0,12439538.439790994,438.95885647679677,15945796.93403426,434.0312099010721,4803995.634733283,431.491116057708,52023153.42360285
5896269.008962789,0.0,19543020.717108265,432.654205378516,19741846.043072112,0.0,19185838.554065928,0.0,6813188.915060746,0.0,71180595.89247522
5586873.416298807,437.98480504418757,8488454.001892611,434.0305549058054,7992371.643313689,434.1160952997237,3792006.925558326,434.3993490696171,20885718.538503855,436.25011403194196,46747601.30648564
5789410.533654157,439.4052116658133,17169085.258016437,0.0,18576430.561877426,441.36833735291583,9146004.378968988,440.63359688336135,18771305.35103996,441.6602653033825,69453999.15096816
4552697.207590948,440.68375103015103,6831079.660681274,443.22190552320683,4940445.268451334,442.21196265878154,17905272.45947356,0.0,10395444.00011693,0.0,44626264.71393326
4899518.494840156,0.0,15571649.02738055,443.0162140561722,20994634.089279335,0.0,5107545.623195028,435.832879626216,17797360.778186128,433.15565898090836,64372020.01763386
1749007.551654457,433.0669566878389,12467064.262173565,0.0,8330360.564876839,436.0419636580063,10186427.734535394,435.7182753289206,12235667.602829121,438.0925970171858,44970270.63586206
3523085.2648822777,429.9778461446461,10707029.97318121,428.98432783966416,7087898.245262005,432.4964790457032,12189615.769244483,432.59731025764825,15522493.382414801,0.0,49031846.69094806
2688767.971421849,0.0,15078858.678227907,438.37591093064515,7337750.902427037,0.0,15310176.456610171,0.0,12047109.396936916,433.9330762265612,52463535.71461103
5067566.482439291,434.2762231630417,20421820.499912217,0.0,9312730.176110681,436.2154242560942,12261958.251280865,439.30118224707024,18113950.138195448,438.90631928539005,65179774.24708745
2689583.16360557,436.69533190318054,11735495.743467756,440.0215763499425,11914884.615691662,438.05770892788604,7842017.907851777,429.3496286925482,23320162.720727608,429.35493942480434,57504317.63052967
12078977.693765447,0.0,19754340.745972637,432.07155344510625,5189432.586401652,0.0,16800729.87128415,0.0,8706012.349261453,0.0,62529925.31823879
2567603.3886248264,443.0305448247862,5702198.051799828,442.8924426086769,25333399.533317145,442.8207452922693,8963417.975872561,442.79785769569224,19036279.319348402,442.7630925545134,61605112.57364573
3162577.599080915,442.5514060087158,21063639.013207477,0.0,2692449.275606451,443.31755025969073,16189032.420031615,443.24786215645395,18230491.340051383,439.47619087119176,61339958.24098714
14110972.944365004,438.6291045239498,4626699.863043379,437.7008543496566,16362009.749206545,433.8914599973879,18310036.693175588,0.0,11888889.590506129,0.0,65299919.06171552
5903545.104403347,0.0,7466800.676192234,436.61719931772666,4202026.677844715,0.0,8891865.026637895,432.5926626246548,15524290.771949299,431.55401086437877,41989829.0209003
3091461.7806430347,426.35051294013607,10427996.694857165,0.0,9959583.698424276,434.833563680448,17554511.15862374,435.1075046887285,15520763.659358542,432.8822148257089,56556046.165702894
10649812.882939931,440.7909455588898,16442998.03962661,440.0210954925105,6032487.066710983,439.59009325808523,10986145.467059767,439.6748626552417,10063643.319233764,0.0,54176846.852568015
4882604.575229487,0.0,18302483.050219297,437.356266630866,12466624.992543397,0.0,15594145.043490862,0.0,15304458.187163834,438.858386483116,66551192.0633
7456441.257163318,440.8364056061379,23367242.82405469,0.0,8813491.975365283,439.8256659103451,17041162.68425908,440.1218099755637,9879423.379200565,441.4857398985923,66559524.38966433
10839528.150931617,440.26993532844983,18358573.187412485,440.3954241674935,2631456.0669546323,436.9758924482394,8502266.045758648,436.92809586581285,16668053.737333795,437.2378211796695,57002068.99556016
8031678.58165783,0.0,9029946.82599652,429.15093694105036,10725715.554589886,0.0,5167210.640013292,0.0,6381890.524840669,0.0,39336871.27803514
1467493.9087605132,442.149321753904,24728930.040186595,443.55791775191443,16482862.31563844,436.7417511616707,20743807.91807581,435.00080052910545,9238808.127594076,428.6296860409514,72664088.38973267
9826342.781852733,429.772334002349,6288209.286676612,0.0,3507161.6406154516,436.3422057533646,2940459.228274485,438.36856112822426,18079437.85698431,444.96253569949346,40643360.240040176
5728756.077826537,443.7805461108203,10942908.262291659,441.7056141200754,9982997.427103575,0.0,22758730.955323037,0.0,5675618.879840659,0.0,55089897.088545695
7365352.860209217,0.0,20517276.019126374,432.8441500336791,15652294.043015182,432.8600638389638,10963160.947965609,428.9210831926688,9527663.524809657,438.70317903393453,64027480.72360212
11413721.819540849,436.3861852269949,16264747.243260482,0.0,7899570.537744003,435.8017465700569,9481432.69953626,437.09277257373907,12930779.42322704,437.82374017799435,57991998.82775318
10995694.12421267,438.07143472618606,13548085.2831947,432.2248869826465,15383600.14616057,431.2241098904347,13902299.653223652,0.0,6050874.322680974,0.0,59881855.04990416
8268179.133333961,0.0,16688492.362437459,437.4148956926081,13888579.251099778,0.0,21189208.26663909,429.3722459984401,7937712.7172705615,423.01305620287826,67973461.53097874
13630823.66214462,424.80246973233807,18930318.727702584,0.0,19254010.902603976,426.44136252577533,9388690.67562416,435.4940517379931,8888857.03953436,444.1990304810903,70094431.94452417
3781627.908395047,437.6273081628341,11200236.010581104,435.79457716300783,7892689.312374155,435.304692496667,4937899.978017206,435.12546621760794,11722845.761289092,435.14794372743495,39537477.97064437
21910282.722248238,0.0,18480224.259944297,443.06486444732155,8714256.524820445,0.0,9207339.033299023,0.0,13063599.598757034,0.0,71376145.20393348
4997001.0302595375,415.0973030280163,22778523.790971585,414.9449317348075,14131965.690346215,419.38487926622963,20129374.151301317,424.1999093558386,7810990.155223521,426.71586215316165,69849955.16098772
10548479.370107412,440.79055952645245,19154063.698591262,0.0,20916195.738126665,441.16494234058695,13169066.353526976,440.6290642826377,15155242.447873889,442.47952731054573,78944812.67231967
15717181.714532563,441.96461018184453,20664356.935571615,442.5109409731449,7049398.321193441,0.0,16415184.066582303,0.0,19877734.027762447,0.0,79724739.54119353
11925858.249605143,0.0,25847981.830202322,436.1522028626263,21956411.39315034,437.06060533039306,5843532.8068235805,431.95613810557865,9853238.45831132,432.3709936067799,75428760.27803262
