24077296183.42549,21368488058.817585,20926167292.53562,66371951534.778694
10272764.889789043,6835136.610365352,11268020.038985405,28375921.5391398
4459267.527155451,1988689.3327760724,12442813.736989873,18890770.596921396
7321454.459368662,6419052.481390006,13754870.554895926,27495377.495654594
9182124.283204546,14678072.03436247,3627206.3345718374,27487402.652138855
11069713.943670426,7948138.056426338,10679046.95978189,29696898.959878653
6960955.36583196,6283686.096145266,8336940.09379785,21581581.555775076
14072231.716347935,13734993.408397648,13196205.953864846,41003431.078610435
16418034.194004308,16678678.178209959,6928870.802456023,40025583.17467029
7387170.666269625,6975961.54088703,7820540.460383933,22183672.667540587
6347723.547760333,7945339.572228374,13797505.463525105,28090568.58351381
8862352.497540034,4342929.89306202,7718149.255618307,20923431.64622036
16820231.048607763,5723440.829123346,6817800.137322641,29361472.01505375
17150438.94849485,10981768.397103667,10712758.309282329,38844965.65488085
8588914.204401799,10788945.742498936,10804760.174680406,30182620.121581137
4853971.710246843,5358927.529816808,13182857.86696769,23395757.10703134
5255699.980275352,9457667.263012623,9322398.118984312,24035765.362272285
11994307.584648877,12217655.169815622,6029557.76798746,30241520.52245196
15703534.011570428,9815702.858394302,3786039.8011505543,29305276.671115283
14769460.047452878,10288512.869877288,6261184.4269522205,31319157.34428239
16251044.31233897,7463960.935781274,14460271.064629752,38175276.31275
2915898.5809923527,16265906.939036686,8730154.70908016,27911960.229109198
1304254.0468806785,6561346.169911126,18216363.06444808,26081963.281239886
2481564.798266632,16968304.07742288,6790659.302061203,26240528.177750714
5413010.566277657,5285683.08957338,9183992.877302155,19882686.53315319
11864590.855921578,6519416.49456242,10670322.501810204,29054329.852294203
14714061.504954351,13082321.335852508,1577643.9778496588,29374026.818656515
5779014.857813891,4558073.616267656,15027438.923463648,25364527.397545196
11235659.559493018,10323709.453126278,10006031.334322667,31565400.346941963
3948331.5011000787,1801934.2077541966,8279793.467752394,14030059.17660667
16513164.042052295,5779902.3634065185,7561721.336344232,29854787.741803046
13513024.86660726,6514366.409686572,11618614.17001861,31646005.446312442
4563655.225867101,15684187.096126601,8542458.920104532,28790301.242098235
7080044.395914317,6295217.760069997,15408510.632005071,28783772.787989385
18036186.470970947,10079432.296537073,2281522.6627577622,30397141.430265784
2676916.0139002777,13493871.058496395,13110119.276657362,29280906.349054035
19281904.33361168,5324575.774077094,1932391.816509889,26538871.92419866
14765323.36199158,12301707.517748512,2584499.1607959573,29651530.04053605
18393099.639234677,2340309.954690231,7450246.588028819,28183656.18195373
1998414.224247785,12631894.61048261,3916671.574229739,18546980.408960134
2486534.28035752,13593426.41821617,2908961.445492292,18988922.144065984
4137490.875030095,12749524.773424905,12510084.772320086,29397100.420775086
15439636.968853174,3181018.0571597717,8747910.462297505,27368565.48831045
11679020.233953856,7726507.335037923,11870666.37167771,31276193.940669492
5788254.852472826,17479933.738988996,4414366.858266101,27682555.449727923
8415512.359389884,6408595.765994832,13209447.494182013,28033555.61956673
12850126.839867167,13777881.077089416,4334431.623514421,30962439.540471002
4225042.398574177,3985018.132622129,7754246.877687353,15964307.408883657
10218985.942802973,11361383.398400864,14429039.410006654,36009408.751210496
21047789.527138982,4138747.955886593,4195980.512472944,29382517.995498516
7300887.029535672,9606115.796609156,4861486.580035419,21768489.406180248
7648904.870230185,11445935.873052418,11147958.310667962,30242799.053950563
13379139.544130502,5327209.821668975,13060916.907571165,31767266.273370646
7211180.165370616,10686512.996853847,11284083.459843617,29181776.62206808
11184127.104670208,4614846.235154192,17159874.8830085,32958848.2228329
14375538.089436708,5137320.464811766,11250683.28847525,30763541.842723727
7039647.233861768,5488079.648043204,4815117.433334036,17342844.315239005
16953468.919234704,8093752.190218182,5630578.694918741,30677799.80437163
11294130.77050991,17627398.317394495,11058471.906482987,39980000.99438739
9556295.620680002,7825227.895505371,17714229.443059985,35095752.959245354
11510358.437641783,11880654.35079098,8929205.558694374,32320218.347127136
14300208.080832522,9175118.819786992,8126028.531178905,31601355.43179842
17770181.77612051,14554640.839189246,6307051.8885501195,38631874.50385988
13678619.273065893,14076177.763658976,16362731.276872031,44117528.313596904
10784401.55158539,10053149.622449648,12887154.189089451,33724705.36312449
5879801.748008122,8626248.540870462,7580066.924924014,22086117.2138026
8192546.881080268,13706601.296458062,7701545.421711388,29600693.599249717
12179579.837376926,11935648.858105069,10490526.027116112,34605754.722598106
7969243.28443334,13053901.770516463,9321011.549286807,30344156.60423661
9534877.220918056,7816928.667969676,16468248.436004851,33820054.32489258
9119582.679761948,7958086.263710309,7802084.551725754,24879753.49519801
3422557.5012830016,19585597.283930775,3374894.527718184,26383049.31293196
7630657.468748713,10188547.435113668,9208548.341369111,27027753.24523149
8778253.431190114,9197746.727124318,9163421.944713285,27139422.103027716
18650910.930765312,5532525.890969455,4470022.372185191,28653459.193919957
9960908.356213832,16059781.716509968,934381.568206905,26955071.640930705
8838437.559865661,12490304.788660727,11591512.551253416,32920254.899779804
9242209.866837997,2515721.555305069,16370685.862345174,28128617.28448824
789158.3466665043,1123240.6519854127,16717198.20243737,18629597.201089285
11015935.002661247,9337637.073901746,9681175.959617052,30034748.036180045
1269362.380739688,18778489.421986777,6253946.950800609,26301798.753527075
9408078.430198492,2201675.4822690426,11433098.71944967,23042852.631917205
17927725.789686732,10445880.789245166,1191943.7624859768,29565550.341417875
1009347.0937008364,21081006.101125453,2621477.4192512725,24711830.61407756
15625585.977788378,2008839.8105542122,6697743.577415821,24332169.36575841
17581002.009355858,5273149.85984503,8993593.581422446,31847745.450623333
3162914.9698961396,8518996.922799477,15866693.337802926,27548605.230498545
12455439.180215647,7802471.3057221435,11887313.411134688,32145223.89707248
1392051.8735601055,14500850.929860556,13136665.560006991,29029568.363427654
4045211.9445957756,6331693.997533558,19396373.31704506,29773279.25917439
5122800.079971114,20584500.50073483,6017467.8364486005,31724768.417154543
10550899.51658262,1943645.8582831621,15902536.755620046,28397082.130485825
21413267.061743062,3331301.234409215,4367896.409256342,29112464.70540862
4227521.945621932,18107720.85354893,12428123.659246571,34763366.45841743
16200848.873189807,2454157.346880411,13458832.54608101,32113838.766151227
4513835.548580495,18225257.53398056,4099222.3463852024,26838315.428946257
15118991.835666593,2770591.741431108,13084389.50520067,30973973.082298372
14341334.040556105,6022819.537731088,3106329.169999223,23470482.748286415
8335569.824698465,14743321.138317786,8193710.201952852,31272601.1649691
12472151.909527225,11583455.169109082,7620552.317816182,31676159.39645249
12453616.739145821,8996875.549750956,10640386.355816301,32090878.644713078
8446588.43770518,12407965.318230148,12667392.44711943,33521946.203054756
18223673.722776704,3978520.1521932036,7748192.182400557,29950386.057370465
5184824.086133583,10120083.51179263,10724556.294235148,26029463.892161362
8554796.976997392,11421948.607061302,11737374.893424109,31714120.477482803
14662573.680045951,4442050.262821409,6887342.405238964,25991966.348106325
11549522.016793935,6557174.278919439,12114053.52574717,30220749.821460545
6844669.386836213,13874103.411604293,6000984.373941723,26719757.172382228
12816433.619794166,7429963.575825273,11551151.235404788,31797548.431024224
8081102.734589584,9977183.854980238,12404258.70071215,30462545.290281974
7835995.998735273,16972772.40988841,2756357.0897162124,27565125.49833989
13510811.47588231,13767265.6791537,3169181.1759615047,30447258.330997515
12056454.136902759,14643686.672856648,8454774.459846446,35154915.26960585
7009079.631163324,16066566.16392518,14080069.088529391,37155714.88361789
13165724.835154623,8756741.309235182,7036022.262049008,28958488.406438813
16476281.394891089,6594631.527745596,6741460.175699788,29812373.098336473
19066938.60910054,6239939.734885369,4954151.778433896,30261030.122419804
12960196.254795965,5865909.282982581,7581449.007424944,26407554.54520349
11357599.433404414,8823124.237327108,12654696.53397678,32835420.2047083
7978735.833619968,9131801.388868285,12760032.969089199,29870570.191577453
12604250.27278728,11286098.023053454,10890105.431312822,34780453.727153555
5173199.302286997,8781203.559871063,13389715.070507275,27344117.932665333
10422625.75231968,9347019.522251194,8986309.388800904,28755954.66337178
13270883.085312676,9503540.797456479,7796179.582381459,30570603.46515061
7195321.392925461,6669083.355385212,4950489.345226714,18814894.09353739
9308104.674839001,8195357.516670613,8106807.264400665,25610269.455910277
14736955.887385108,11872262.594238516,3910322.272132171,30519540.753755793
3328654.774758704,9291680.091224236,14676296.229599455,27296631.095582396
9962186.139145013,12980170.245934743,3376683.9296819693,26319040.314761724
12341775.439889273,11015932.046083027,5350038.1710426165,28707745.657014918
20213135.40353119,4231454.0882738875,14101108.90879535,38545698.400600426
8560390.51519454,2658139.53254002,16318887.618826887,27537417.666561447
9517569.715376608,12664997.546409717,7823893.056586515,30006460.318372842
10454167.71981651,13353911.500041824,6064864.16610381,29872943.385962144
12698487.696265766,11948937.0950262,6249580.567103099,30897005.358395066
12611259.292317973,779676.3952568873,15327766.241928384,28718701.929503247
21716101.33819257,5806380.675900277,1040309.8891537832,28562791.90324663
11749441.48346805,15023400.10355488,3640727.125753498,30413568.71277643
13643142.171433922,11759071.714300223,7239203.7741581015,32641417.659892246
4410641.707746636,13000382.264829328,13020872.037818484,30431896.010394447
23008257.36116848,1000804.0546418328,2057811.0274770642,26066872.443287376
19218936.340796977,9227342.76790147,2406470.984430709,30852750.093129158
9716778.836859325,13124718.976333536,8379550.883332596,31221048.696525455
14239655.342348427,5834812.186834327,12402735.697251113,32477203.226433866
7706840.737001919,8318999.699231813,13621208.960460648,29647049.39669438
15028809.763219502,9600085.830795182,7256279.846382827,31885175.44039751
3075651.473076293,14983142.300608302,12087571.413355742,30146365.187040336
11410138.180343451,8928317.800540274,2463176.2308523385,22801632.211736064
12104598.437337322,10793580.84554718,10593290.39318282,33491469.676067322
8424521.423010053,5011937.174121955,16064802.565467857,29501261.162599865
12919995.130820988,8724602.740181321,10126811.538209854,31771409.409212165
5979018.477484413,2048561.8648642006,18352189.23041924,26379769.572767854
15172301.604859862,3825869.0467631207,8133093.844777237,27131264.496400222
11261303.173610354,9166224.048422027,12680665.264668154,33108192.486700535
4980660.7744806465,16638339.807556078,4281992.716505382,25900993.29854211
5579617.651647575,4085643.2137230434,9066202.227818733,18731463.09318935
2861790.947615592,9024996.25245828,15540312.36309269,27427099.563166562
1710330.5745321612,15586820.593124516,2310249.8592920643,19607401.026948743
5108570.300321327,4372972.802975722,4342721.61237893,13824264.715675976
12554860.859165454,6227857.704934644,6861912.792777677,25644631.356877774
13775336.217317926,8504746.891168166,9539823.458508745,31819906.56699484
7989223.0709490795,5199434.034382446,15532074.363759166,28720731.469090693
15489434.362863738,8530963.340901852,7962044.548647959,31982442.25241355
9210562.811805813,6657874.33991376,12639908.647814525,28508345.799534097
10176835.677697992,11289360.108385172,6135387.388953095,27601583.17503626
11022598.092319528,10452486.012827693,14739582.271324268,36214666.37647149
8466318.386949454,7672062.201676701,11105946.88061446,27244327.469240613
14787367.751524527,11678272.20442883,7289650.837820474,33755290.79377383
15854883.428267661,8443623.300373232,7150304.747588549,31448811.47622944
9042452.545726331,6296632.965588995,4147217.828337338,19486303.339652665
11046237.652073622,7186959.024046541,5233732.579298261,23466929.255418424
15203139.46931982,9084006.952880112,6663036.530310852,30950182.95251079
9471450.3777152,11232485.246366248,9455672.041165674,30159607.66524712
16688523.15956586,8170067.204794672,4651128.386103727,29509718.75046426
11003251.391810624,9193261.247819632,9024451.338333193,29220963.97796345
9417153.749314362,10442869.895692129,11099020.51373687,30959044.158743363
8957219.357981447,8053620.080897866,13578683.653752951,30589523.092632264
9195859.719944531,11005127.947289152,9643234.519846264,29844222.187079947
3582724.212239437,5581211.843921958,4909911.73609138,14073847.792252775
11265124.851083735,5061378.369205491,9933303.972170332,26259807.19245956
12537568.226068914,11620404.631740771,6176600.83535803,30334573.693167716
11872827.790882962,15059561.85243719,3708856.2587481104,30641245.90206826
20153291.031188134,4221363.11577201,2262004.155502796,26636658.30246294
15556149.089528201,5663312.840742208,4653644.142783043,25873106.073053453
15896358.817634646,11099483.784604803,14051583.279384594,41047425.88162404
13041134.371838056,14210178.484117445,2354517.577254569,29605830.433210067
12503395.488664845,11491578.106941506,5808245.980435753,29803219.5760421
1389373.556086563,1999254.504999562,19527186.97034387,22915815.031429995
12984929.287268095,6287708.54239334,15998468.638168618,35271106.467830054
22061573.173586573,19754737.826264087,2791437.0230459324,44607748.022896595
6559958.545852332,701102.8537181572,17337668.87970923,24598730.279279716
14222674.615245301,8354698.087482985,20479306.255764823,43056678.95849311
12990250.966904538,8411166.12412037,7059295.680822044,28460712.77184695
12093579.653648166,9164695.31177955,10503644.79537309,31761919.760800805
8565427.07567272,13426924.134432409,7537658.404552703,29530009.61465783
16413111.174318787,1308655.4807435244,13167806.388280198,30889573.04334251
7123515.282189879,4293698.736919007,16157362.092651328,27574576.111760214
11934070.818470104,7083926.749342639,5673724.420281911,24691721.98809465
14474314.399078088,11506280.641375173,6966698.506859008,32947293.54731227
9341076.417175526,2046010.0835230877,14061274.771604782,25448361.272303395
19298973.673124652,12581856.226884944,16885663.443897933,48766493.34390753
