22681670923.692184,9321841595.596388,22358648219.66551,7429708856.347374,22664249396.536243,8803300439.81925,22179713138.839226,8891831089.852242,23318577512.5274,8087689808.857822,155737230981.73364
8090016.773472427,432.404795987951,7324581.09940371,0.0,8090826.877292631,427.1324886293383,2859166.9171019513,7297155.460047478,3791588.023196262,418.4089591285275,37454613.09675821
8465738.257325556,411.0051371918481,15582781.996073555,419.6106577450563,8894718.050568031,422.0048051467305,11495496.658294009,10615600.524325151,12117419.52885497,0.0,67173007.63604134
10899592.86363653,431.65930820134406,10973837.557888659,422.18205952756665,2684929.490163731,0.0,13861711.526101278,5201822.937415398,5035286.647037862,421.07883591786094,48658455.94244711
10212386.550849807,0.0,13769795.435154863,0.0,12018667.643823257,426.8272269201879,14339357.684284069,9413482.366141295,14596041.262093809,425.59289647578254,74350583.3624705
1029674.9269261387,422.43895745008984,10061265.63327395,6308858.978827395,5533685.467993069,416.0564422883182,7045598.5205809185,6339104.399017336,6072807.8836454395,419.43739062317707,42392253.743054606
7871050.824548048,422.64505590542734,9701380.303003836,12941582.641483603,15276778.85957146,433.87687282686136,7790839.486416702,7646188.450137629,9599865.196297137,0.0,70828542.28338715
10624464.978915485,418.91373972101076,10680915.602319118,12487356.2162191,6039410.40043852,0.0,9871023.850800185,1721197.5439167076,9078583.659681618,431.4387793588205,60503802.60480981
1710883.782915525,0.0,3688742.40546607,15112051.00805228,9904757.110319586,436.81092468881604,9592153.867153414,9984960.094467422,3019926.7222655592,428.81191126022526,53014340.613475814
5815793.34640035,421.89541183854413,10946827.303854903,12321054.829099739,2881706.0436148015,414.36572855652446,2876230.14457988,2445520.3758777217,8291991.036714932,0.0,45579959.34128273
12367734.44160064,415.19343746925904,1671523.3137131217,16134625.688925171,8460282.552836725,0.0,11250025.668700969,11016350.074845348,9890410.27487119,427.4321978896173,70791794.64112851
3779527.1951601533,0.0,4123096.521668714,12103032.083660468,12633610.467807826,429.88272990083254,3839181.655355119,9064195.57802873,7640356.330467828,424.57071300322275,53183854.285591744
8611265.879102832,423.8661593576781,10166568.09484827,12045890.71570379,5912490.234873182,422.14240108798964,6954739.410203347,7363698.508440035,10930039.572334975,421.181197590735,61985959.605264455
11638680.74262723,415.8758742464924,14151819.38424077,14222809.027454084,8691318.893620146,419.5412288079434,10564828.444632452,8239976.307484983,8096699.950040268,0.0,75606968.167203
9141124.800448969,427.277620549912,9806619.540469047,13048026.10308384,5228664.416943573,0.0,4837934.865794019,9198348.127406372,4512277.261178685,400.07867770894296,55773822.471622765
11062086.732324637,0.0,9493897.285564743,13565013.306832079,13070177.191576125,395.1093609709811,2689745.668737513,5020383.462547086,7583374.622170817,410.8099804865527,62485484.18909446
11923826.466698645,415.611965070911,8350001.284077842,12989118.383152414,3932073.2089397823,413.98068921045206,7119077.844374557,2726983.039000688,12386827.970369283,419.8112912861565,59429157.60055878
12554205.242552511,418.85865793192295,14738474.920186285,13555351.174288508,4772283.645179993,417.4773885914954,11031856.62580281,10030181.6257338,7262788.370660077,0.0,73945977.9404505
3316654.853242547,409.7628146926055,7209680.920197861,12460079.106494777,10588157.216411183,0.0,5111161.757890645,11172590.550228419,6273812.044667992,420.2955959966757,56132966.50754411
8185422.431595776,0.0,7865033.647318723,13332705.276780862,5623333.475678138,421.02591278198,7478795.420350781,11177236.573354134,6345160.6348678265,416.268235692075,60008524.75409471
8074448.228084017,420.44762046175464,8559087.533810815,13109806.103683302,7331887.674995161,421.13829124528763,8394477.980382625,1506455.9121136947,8265426.657884121,425.4947641257016,55242857.17162957
3041163.400899966,424.1441436127125,15477603.225569058,12923002.131830763,10575049.465445325,0.0,7517147.736945781,9906026.46817139,3299507.062356844,0.0,62739923.63536273
11048879.48089937,0.0,5121025.995988168,14326583.43488388,7685011.410934715,425.0109711389592,1552451.3162878756,2710220.892082536,11286261.60201932,435.26460073369043,53731294.40866773
1921845.6063914343,431.03789121209917,11625436.435147723,11818409.212728277,3300884.2565013957,424.1536156057801,13363976.98852768,10655815.871961866,9946825.342547242,412.76493425336525,62634461.67024669
5540660.028284993,415.8757024334501,8411474.001364782,14919315.5092475,10791877.163010405,418.7884322324237,2906565.831873336,9069258.77350611,4046041.902517945,0.0,55686027.87393974
5678068.870019173,420.9892882519563,2809371.2695131246,13825236.77683838,2351193.7895068894,0.0,10226367.586215746,1802680.2757929247,7650473.858782042,419.922759435438,44344233.33871596
7718405.586166013,0.0,9852928.933934323,12556246.312565632,8914566.926399097,416.19810149427013,13163584.411445966,5752026.690300661,9883288.467747355,416.4415641903422,67841879.96822472
5692556.385423516,412.3094718302648,5596968.423992409,12520647.804569686,8270043.895335315,426.6163977056876,10675185.556600206,10053628.527323246,10103361.378701793,431.0212806042493,62913661.919096306
7082017.049908925,433.64454545924497,13546560.318357173,14444193.57029019,10192252.408271793,0.0,18189571.8614875,7550344.956127904,9740659.939491699,0.0,80746033.74848065
8943957.924192892,0.0,3322309.707631843,14158912.479950001,6374780.330983051,423.53266682206066,10721340.066842798,8841364.07010369,7142885.590060933,419.73409510673036,59506393.43652713
6692596.695667615,419.3019014381218,1072431.944030461,11228607.12615039,9814055.671683306,430.59740546395074,8779063.232941577,4129903.4519416746,11689328.904265344,429.360799695627,53407266.28678696
10326056.23396689,430.31366000221004,11485522.911632653,13433609.25953802,10520674.698972201,422.0633720023413,9746066.186789354,8601397.075584205,14731647.649387531,0.0,78845826.39290285
12932620.640639875,415.4202102371771,6096319.9379948685,12178247.22646201,11395004.197176326,0.0,9841753.341931308,9607299.798073217,20786991.242087536,422.9173535802693,82839074.72192897
8292108.410482531,0.0,9413988.761658618,16378721.878107185,10249423.65308116,431.1099776250712,8518725.31155748,2076213.3382509302,5853194.879452634,420.8864918925767,60783228.22906005
9458856.523899544,412.24986618494614,4645908.058147723,11010151.844958166,8392119.885128051,10132720.751445746,5219654.766611087,1867411.1728944022,6677224.795512707,412.27856930177467,57404872.327032916
7375823.467845887,414.12988261081705,8341911.551312348,11384786.145814197,9624765.577534137,9204764.401772259,7559039.106441996,6654145.938441261,3571727.5630624993,0.0,63717377.8821072
5800831.162552035,0.0,11274202.55152751,13372319.932691928,8868189.442258129,12974156.184857542,12173096.092891809,2666801.830328207,14055364.778652722,425.8438749085445,81185387.8196348
5939350.174630746,429.3904697717472,5642447.813521382,13043116.892080383,6400970.038780844,10722326.604817146,11230557.379006714,0.0,16386712.029853065,428.3506232497497,69366338.6737833
11376292.578384677,426.9156544751306,7717804.842242292,12129660.034580791,5890417.097475089,11250393.342069913,14118647.368098868,435.731289079155,12055708.283248834,0.0,74539786.19304402
3374704.987751992,424.7641098316422,11926505.590433665,13533097.741434472,17971239.04224387,11054944.249913454,15085123.530542275,408.90327048943095,11877521.116667561,414.9545959890135,84824384.8809636
7866377.612479543,0.0,7331751.244114481,10865712.770326136,5034480.592478184,12394578.604235169,15116185.114670191,439.7565909451814,4380926.650232794,437.18844828372454,62990889.53357571
400630.6590570958,435.42840235969726,7486545.7684467,12312827.701073458,10031852.681760726,10070558.192173032,6624117.465812653,0.0,3295712.673329462,10568616.2228446,60791296.79290009
2606186.9133287664,425.9362208262706,10063917.845088594,14094651.91868763,10917854.504368806,12748101.863898274,7158686.660883138,424.4984695404067,3918856.613794958,9520779.814050753,71029886.56879129
2573816.388619234,0.0,10910832.954032587,11315955.206710866,6505592.535838758,9746667.696347604,4842622.819412642,428.45873974431225,8333664.488931846,11865525.46794241,66095106.01657569
2571797.1311504277,1370364.5620051816,11481741.464291854,1128271.8387364354,9910000.591956772,11839975.880220363,10214992.028217243,0.0,4366654.913607393,11795408.80066875,64679207.210854426
661871.9156333129,11799498.292871097,5628833.702454889,418.66990356475395,1714644.942250204,10903586.911705295,5145495.990514805,429.7930690558269,6405807.129665868,15525798.455213118,57786385.80328122
5161322.905461317,10114683.887831362,6472761.8817144055,424.00532916727127,3848172.5317439074,9812048.549494814,9787384.835568424,422.5521802953403,12515682.392536107,15501719.469633352,73214623.01149316
10000361.89367645,10998288.297505237,12981186.936909463,0.0,6155763.738516512,10177372.449276043,2969675.0812884998,425.6674029408823,3093806.8566171057,11714442.64145521,68091323.56264746
4030929.2830213844,12276724.922247155,3800367.957750603,438.9491902206404,13583210.6138627,10377311.222785482,6310507.583378199,0.0,9512104.828000577,13715591.431062512,73607186.79129884
5229202.598335274,15055312.486757746,7510021.135131868,416.8181658199592,6728972.1586010745,12219399.898915289,7759057.090144542,423.1409938989993,14324563.747800406,10014087.003666038,78841456.07851197
6859715.64821642,13028091.2337284,10001684.511296857,424.65408762580535,8161507.78774978,13417845.730986238,5927881.08289448,426.2478796280849,6509165.143634352,10281899.28525897,74188641.32573274
10416076.343786918,15624066.449854597,9282815.50269361,0.0,11047708.108829247,9911241.866164824,8053947.66526614,0.0,6380718.387226784,9667968.174581803,80384542.49840394
11070276.739527322,12491984.500886768,5751360.7272340795,424.19275908212006,3903068.170327727,10602314.97064606,5644540.255218136,425.299264031596,6198381.324718249,9416807.963381281,65079584.14396273
9161578.439421412,20261932.162129197,9746896.034716526,421.84431621530956,8649837.593169367,10807610.729611544,4932838.175727995,422.88750535628765,14526827.51018477,9956460.454965696,88044825.83174808
10584839.533931505,12536761.953590939,6384386.819660218,0.0,12498986.55501207,11453208.68626849,11389936.744063998,414.9091864588067,2902484.4328510207,11669060.467814809,79420080.1023795
7398195.290080527,14102218.747403549,10608827.715335691,406.85132003087057,9187400.156331621,11356096.182623044,6464223.978690304,0.0,3201186.569330004,10599438.487878447,72917993.97899322
7133482.107557074,10651169.211021956,5028141.047390205,418.21522339153296,10834644.20161773,10882212.407259505,8705392.439977,418.9379733238556,6619071.549590013,10370923.164896961,70225873.28250715
3997334.6917875023,14874239.405897737,9224001.724778704,425.19219718033224,5389672.101352733,10380119.426094148,7158266.959396113,421.7259068265955,5407366.79403064,11059640.978532074,67491488.99997367
5287903.5490322765,17587466.027238447,8638162.572138697,0.0,3835685.105198206,11067156.949347643,7849083.212858259,412.66264662398197,8384470.8147665495,9072199.017331814,71722539.9105585
5320624.470020464,14943511.860932415,5468818.842969774,428.2644244146124,9699473.645592388,11438501.590737717,6109764.139787497,0.0,1747468.7859294785,9662908.580523992,64391500.180918135
5514888.246603666,11170733.227447625,13260491.242779084,429.953144927821,10572748.270875106,10956125.907174828,9827810.330272315,427.6189464758913,1536612.3614691151,15638115.513535595,78478382.67224874
6126763.675262903,13769092.543977994,7683944.964067743,409.76123010640987,11036919.766350433,10838785.754860854,3164214.347398131,409.4484727433431,6102929.260466092,10302437.620197289,69025907.14228429
7546441.594312776,9286287.10011284,10342430.91320431,0.0,8789283.904307654,11360732.564267056,14492186.147440113,0.0,5844743.965057967,13899053.86114941,81561160.04985213
2285607.041998026,10174740.378389165,5170430.093984293,422.9267708585855,7054651.16648752,10665724.787219059,4415093.27567853,426.56930390669345,14753781.167000992,9522255.826733178,64043133.23356553
1904507.6845346885,16865905.391372424,7002982.962248617,421.8849795466247,8095916.439860263,12872204.556940239,5668975.570408683,415.8490731281311,6494999.738817317,10303521.129383698,69209851.20761861
1874472.8652372702,9979802.672535269,9614695.399619482,407.90950589293635,7716366.42698209,10853272.10184945,6537713.620985278,407.9636467902689,9807773.308544502,10513062.327872159,66897974.59677818
1855066.6240710374,11392528.3617356,3455474.1184179317,0.0,6245062.508232448,10406942.325711794,10558910.563679103,0.0,7132317.675693974,10948890.44154007,61995192.61908195
1919011.795433351,11151339.859929381,8626515.41094611,423.22238439282967,12597637.22043168,9415541.27300224,2424838.855477851,426.4896929383229,7202935.061901502,9435581.070042169,62774250.259241626
9037124.595691744,9951034.327759152,4656125.952029517,419.048716460757,7614169.082104995,10891482.568909246,7805535.065325223,415.46958990952913,8684325.840657841,11723414.13282254,70364046.08360663
3957309.4004033394,12310748.91858011,3640136.901354278,0.0,7398553.626037144,9842909.990056967,13694320.704501493,419.4539068960323,7318693.601626291,10867783.235846821,69030875.83231334
8992928.904586567,12375835.27678495,2377060.531887806,417.40269250337633,9208918.997902598,12638963.963956265,9623085.32997432,0.0,2934795.3085745187,11169918.038041983,69321923.75440152
5316384.012688494,10031559.878289388,764210.7364852739,415.0706021625353,8136878.494428437,9417043.52693085,10652783.729749516,408.1810989873661,6065057.85519139,9954964.201969363,60339705.68743386
6598295.533351201,10001195.248532955,4369109.666031103,408.1743130277384,10754928.222367726,10901416.287253967,14367755.71231706,413.26983818096613,11109296.893362334,15733892.939615194,83836711.94698274
6507332.43828404,10709822.855898703,8566494.599513214,0.0,8657651.052957557,9612600.84189035,2824071.6330226106,0.0,9057624.849925134,11698173.75589754,67633772.02738915
7025515.7784202155,12164644.272430612,6070647.071114084,428.30050342595143,20826325.136020087,418.9814788030242,6799532.439554195,418.44504908545565,7739717.773724467,11162261.195966838,71789909.3942618
9270548.59374801,11977270.734344512,8646432.718287705,417.1513630531861,2706315.9395283586,0.0,7564084.601862269,429.1999750146086,1101230.4440070605,10737985.444434147,52004714.82755013
7288676.4766636295,18612758.610722557,9178829.464632776,0.0,8476693.327592282,435.97086202337823,11462951.48662476,431.9169387333912,8564883.717597995,11728345.84074889,75314006.81238365
4302071.03593743,15318917.77657624,6106301.167484123,426.00661080009473,8759364.137307476,428.76150081204753,10628180.047088353,0.0,16274824.13893688,11329522.100467028,72720035.17190915
6348772.700315527,16053200.262698393,6929876.130611786,426.15630059673055,9380033.041046457,428.7814991910028,10311193.813325614,430.9780067555924,14755119.339302046,11372008.775141822,75151489.9782482
12028883.95251412,16473610.527350288,8192043.72176332,430.1759257656729,7232586.3677015565,0.0,14793423.954897854,430.3381267053343,13126602.50257892,11339992.54999401,83188004.09085253
9615146.030252347,14179847.812691519,7712998.351784719,0.0,6893354.942797924,430.87636123857703,12094209.404767262,0.0,3552555.771234611,19079748.05067483,73128291.24056444
7493575.487653392,16933316.851497933,7555897.181890524,426.743268235142,6222831.461933251,434.112912668148,18300358.07214052,441.040560514142,14867325.38807926,1848193.5567805558,73222799.89671686
7108662.320252383,15721952.152243514,7871775.472462006,440.53380480781436,9645975.957088847,0.0,16110909.071371064,436.4326333918996,3864908.965272238,433.5426653645595,60325494.44779362
2636136.964978774,14050332.029307427,8909983.48065602,0.0,7121629.394238368,433.5758108282724,8980567.823258543,434.2682608009153,3767908.045542626,436.9549327388811,45467862.53698613
4633255.527959817,18482937.76255138,9232787.711469647,436.58320853430206,5481847.31666015,435.4180434339716,12521208.059530186,0.0,7405321.401593257,438.3228451646727,57758668.103861555
2957071.259682997,3909745.9551523714,11312669.470500775,442.11582343791554,16411396.638853582,0.0,8473688.77435686,440.16684339519924,12615379.965310844,0.0,55680834.34652426
1509678.5871715194,0.0,1844317.1045761472,436.36102599137104,6432155.166989219,436.2754495611493,15388742.641093792,438.6526144970683,11935321.198571343,437.11611813994205,37111963.10361021
6129320.892367634,877.8302449097584,3095756.235108454,0.0,6640809.088123057,439.3341595128814,11624497.403420521,0.0,14126812.002016015,442.4809860506129,41618955.26642615
6205811.6255180985,443.043121569235,4796426.858529051,442.5225155521833,8438215.302613676,443.939269720439,9532226.233995184,443.9501359679569,7847126.67781031,0.0,36821580.15350913
6200606.336051563,0.0,11961381.058588235,435.06810736659077,8324555.606138773,0.0,9283910.539431967,434.2696659024271,11201696.237575375,435.1001700405348,46973454.21572922
6002178.483068552,443.51980881600036,9592868.40435815,0.0,4063584.2862401763,437.85306782890103,16696449.255923972,11433060.691510428,4568072.06653382,432.86145984262095,52357527.42197158
2979473.183331231,429.191282747894,7386690.149102935,435.84391877791046,8514546.210155163,435.48067536662177,7405964.008769674,12977709.324357642,16153279.105514575,0.0,55418962.49710812
3378851.8295880253,433.1530495712932,4352898.334851119,433.9346662183483,9544552.458670711,0.0,5278867.585302083,11923117.833076721,16020807.36913164,423.5307957519561,50500386.029131845
5786046.49413794,0.0,1172125.443695393,0.0,5388539.683539169,419.3076651521794,15572707.483148573,21263338.07173697,4887983.246659532,428.76058768859355,54071588.49117042
13709276.256865852,420.8442613664156,6970810.115214407,427.48029932833094,13839169.403109007,422.0054243486977,18866186.167138673,15869407.92355831,11257168.51882269,423.11227008524804,80513711.82696407
3866111.039086317,430.9247798464287,4453077.760383585,432.795206130993,4115447.379588915,0.0,12671650.317697471,12421574.421557697,7124717.973152425,0.0,44653442.611452386
6111274.0531456955,0.0,4339325.957758369,439.702902311051,10456701.906271733,438.9415340822624,23813279.948579475,12358786.83378949,10606422.522114173,435.7439263631594,67687105.6100217
1829.5819871016208,430.9998732646679,4257026.571848334,718671.9544302814,8903514.373057753,409.4429768856955,11988698.424717227,19165518.091355164,6599512.951897926,405.74038141410364,51636018.132525355
11411.33399400314,407.93173911783697,7086372.063890135,12328537.729645703,11487976.380731527,423.4494647321389,13176219.08836051,18113515.223058797,8481631.372345913,0.0,70686494.57323045
205311.63592778938,423.5116405090388,513253.6916333011,12688569.57070205,2986236.8563337415,0.0,10465125.830055378,11760769.823352026,11623211.302375808,422.65091189637707,50243324.8729325
7074439.546659219,0.0,6800981.397156365,10741012.458288893,12076220.553309144,429.7860959827032,10010232.58636619,11633106.175191537,3338786.424026729,437.16272182860575,61675646.08981589
5332563.207333814,438.983454711962,14222247.416386725,14306615.553942073,2999108.7799424734,434.27491169507704,2410330.1676200544,14193941.0032522,10667057.72078239,424.20053501625785,64133161.30816116
9612483.430495406,422.863967317962,8022361.579419954,14606370.516761832,9112628.9526949,0.0,12082707.885331012,11520003.311025286,14653193.944529036,0.0,79610172.48422475
10211306.452082377,0.0,8389735.810546111,10797258.702309562,17844104.36112888,430.99396816589086,12731447.575475832,11809462.035015976,6601734.740456327,431.54531549019475,78385912.21629873
8979324.015090609,426.20979962528975,5690332.6301138755,13537537.012622751,8122054.564220319,416.3529445583364,6961662.5004439615,10769627.451268332,12184526.865688752,418.01359517086775,66246325.61578796
8930537.530014412,425.30249843305285,8853607.483824259,11971203.920564592,7138936.604964588,428.42135771841816,6864803.363586274,10293959.534042792,8758774.936229914,0.0,62812677.09708299
11059115.334592164,430.30243936219347,10314215.493496167,12780307.183480056,11237850.759499444,0.0,4126593.0101794647,10579983.007900521,8170049.021287508,435.2441812426104,68268979.35705593
7193857.429732745,0.0,96041.77975648052,12486773.344644882,8971315.271019911,439.0559254580201,8510515.43067299,10854243.383018015,3489161.844503703,438.24451074928606,51602785.78378493
10647787.164046993,438.31940969461465,3288333.4593214802,11612674.855163235,8365934.143644069,436.20446078773364,14015338.170462705,10367382.004196038,8441288.363029357,427.47185810403374,66740040.155592464
9299197.535489317,427.12623594069396,10786453.69619602,11966209.029322477,8332950.66430638,0.0,1671446.160761144,10536054.58110599,1230628.7938718863,0.0,53823367.58728916
6245343.53519294,0.0,6715246.940848233,12251186.3401059,15955857.657150008,424.4452202775796,10756341.642455338,15815292.510068897,3687824.1985926554,428.1932863992255,71427945.46292065
13698866.326214327,434.9906499085949,5798301.422885718,14821886.61643322,7788928.032219208,424.92566260546545,3128828.6864262265,18187561.578352608,12390342.37258828,422.0008246060431,75815996.95225671
7640247.18022929,418.8916006786271,10826251.844200354,14815082.110969635,9727781.405942813,423.1936495284316,7001827.071825718,12232122.286971895,8395934.05282506,0.0,70640088.03821498
13097169.093751395,420.51699840233005,2121764.967033371,12690765.450886827,6036344.055249029,0.0,8588976.97458542,14050739.744758971,7257022.338121217,425.29360394742014,63843628.43498858
9954559.281188754,0.0,11450265.852181781,10262960.638483953,12376127.72964181,425.7913682149918,9106595.325688956,10308695.395706274,12815210.286356289,431.41159887492086,76275271.71221492
9625958.224598784,428.7769331867208,3573599.5749385688,14756457.177436689,6528492.558003616,423.8140499904007,7351000.160816334,12959306.014853891,13933542.77239369,422.3816155462899,68729631.4556403
9494755.970067464,426.22080783685414,6157696.980837205,10562139.79012722,3661819.272504858,0.0,6083590.625638851,10654714.784678757,11276031.029247362,0.0,57891174.67390956
9927323.792977203,0.0,1561245.2833559234,10184532.204693338,7257924.258312631,421.79809329704074,20920088.611214668,10393541.979753518,11439267.704893416,428.49576349647225,71684774.12905748
6411068.2202437855,428.18782222832857,3962372.0054179616,14615335.060436964,10811181.248163078,430.6074441829581,6507018.332817049,12293606.892598286,4611142.10813122,428.1249032433674,59213010.787978
14154281.165301379,430.77347325096014,2621691.116838807,11833891.790767306,10040996.745897206,435.3944080942819,11204604.907268062,12291192.883917242,9290738.443454048,0.0,71438263.2213254
9103154.38679111,425.02469905449243,4162236.8485761774,11767388.289061451,5868325.818793028,0.0,6376076.591681402,10978303.510698812,2740744.016531128,429.0389050446862,50997083.5257372
6732538.043211936,0.0,143549.29536339422,11843756.023988947,9979913.195511911,426.40451230151143,12532549.076865653,11265863.548844779,6528296.317926572,420.54001234507297,59027312.44623783
9215798.486140039,421.08271101290165,924215.798279331,11878380.906545598,8493111.292580824,423.437441438008,4909954.477502773,11179764.777892763,9273185.552303268,431.62580734237235,55875687.43720439
6195375.976214288,434.8179739899592,337564.43340109504,11424190.501335952,8922823.222769322,0.0,10995001.309345419,9615504.344448287,4054483.2586171003,0.0,51545377.86410545
10877324.66328915,0.0,913098.2253223846,11687381.792891275,2922745.291753967,412.29064268911515,2192735.2374534444,10481084.536268735,11417591.46480394,430.9039354547073,50492804.40636104
6788352.779255456,430.99784336871204,1865133.0376199211,11617986.640472494,6889130.446481048,425.18240936130957,5963458.085274653,14130929.685091736,14310473.043871654,425.8300039573905,61566745.728323646
10798916.227081034,425.5847095540766,3738567.0409129723,14066673.236823574,11332572.812323451,430.74997079502987,14909921.465641798,16137257.195436146,12066618.808024442,0.0,83051383.12092376
8607553.569557393,427.8498613231247,7284399.745037161,12695735.174104167,2822699.1532023484,0.0,10318839.301974151,12044920.841316238,9876611.06805616,433.3040742851535,63651620.00718323
3952825.4047079096,0.0,10639973.283342874,10813761.963627446,8504738.420038791,9711626.478257293,7250321.517482614,15322146.66015916,5206426.151324779,429.8582231713582,71402249.73716404
9669331.040124334,430.942674428461,8281464.700494651,12797888.635868583,5598122.228892484,15867178.136142066,2080045.5748316713,0.0,6551833.453231445,433.0521454544672,60846727.76440512
11568175.955236051,434.2126260894321,7499788.631660467,11309821.675956436,9740777.388016438,10290856.731825156,6894853.543748047,429.70959054277125,7430265.31205441,0.0,64735403.16071364
9118466.43234523,0.0,4996215.8592610145,13085391.37996082,5310169.123600801,10301251.42891987,9808412.308687175,437.3084817951216,4250556.1712511275,436.2718570309478,56871336.28436486
5813418.731512631,438.23573445943373,3591401.4581026756,14942269.347255532,4226660.975139208,10288722.290789157,10213421.705914384,0.0,6898838.139810838,431.56261407943003,55975602.446872965
4678948.011546513,429.092947415243,903153.8736454427,12050684.331869945,10398011.350052362,10182136.627641138,11856748.59485644,422.15063314231077,11086732.225662986,0.0,61157266.25885538
10629269.39723755,416.76406506788135,5957848.690106021,13604099.84617164,14395520.406944117,11030133.838623017,12628900.408296859,422.50349678820135,7630443.319911592,427.5181527879293,75877482.69300543
6433539.178633006,0.0,6467384.051811906,12622156.21005421,11504789.091255749,11382825.638802243,12119069.675657718,0.0,12065040.03359173,5114535.069956779,77709338.94976334
3508803.3987560333,430.674964425342,10598233.177624106,13605435.431421796,11305254.618697878,10965534.483733272,8126264.164936854,436.45032602630323,6392893.052460332,11532948.508963183,76036233.96188392
7537218.428265421,432.2761151647897,6770006.189748396,636308.9541942069,3730900.27668575,11652308.860155135,5289383.944543333,431.775676160831,7131932.194729005,19834404.75020476,62583327.65031734
5992924.475887434,0.0,4039485.1892185453,0.0,5972491.002004461,12007567.482696056,5698216.1978383465,431.8244823509426,6688903.866993645,20262293.66231899,60662313.70143983
12829953.618245305,5415589.064441472,9245859.20820389,422.93965366384793,4369234.7821124615,11399766.536134778,5451439.46817396,0.0,11691878.45418098,10980882.177801454,71385026.24894796
1980825.1759733004,11686026.847138515,8508198.792698232,424.30942803562465,3716439.405981901,11957179.992783653,13458616.542283027,426.5153531601821,3835169.8907804987,11243977.758090915,66387285.23051124
4966310.591972236,11532462.740956355,6213118.6622971725,420.899162703183,5515533.244443752,9949228.808999365,5920866.499876232,422.2900957421036,9962512.837655656,10528712.137174334,64589588.71263355
5596395.666356918,11421945.81924986,11052655.25013172,0.0,8738516.436115624,10915961.93250937,9098682.779137699,0.0,12688581.798912723,10299592.654037649,79812332.33645158
6151215.556985221,10817124.103882933,3613940.372109461,422.46918564659046,8987842.624487594,10313637.3007357,16368694.153268458,421.7165429508592,4321034.166171903,9494497.009391887,70068829.47276175
3924608.0335654006,13066211.467753801,9817441.915866856,425.24258014858924,3689262.4354808386,10378440.335577674,8813246.063291037,429.24243493507953,7196731.359258114,10722345.13833031,67609141.23413911
2616499.388024581,13322122.670749832,1494513.3378915074,421.51381987008705,8773715.911303949,10288713.25796485,11135509.342340242,418.9224565214677,5683512.574625588,10045400.540443493,63360827.45962044
4847717.02250574,12900461.032730194,6784028.755199482,0.0,8573398.258304402,10378274.04818614,9088197.286297262,0.0,9746022.359640447,10373147.160370175,72691245.92323384
861609.44644146,12515276.96379163,4405371.70253993,430.2053408932345,5566308.902135836,9740178.319739722,6923325.070532558,427.6477404255563,6093939.600815073,10528813.889827069,56635681.7489046
1690008.9256352708,11994052.54162089,4154006.8383994903,423.1709668652344,4134726.7673417726,9851623.2615529,5117193.576209262,432.7709243866556,8542208.055033773,9301172.135597706,54785848.043282315
3504587.205760135,12091464.897157455,12748998.372860271,0.0,7041354.8966849055,10502460.545134025,9625660.238095198,0.0,5675065.832007884,10852638.727609178,72042230.71530904
11780585.021367433,12034476.71775202,2997272.4214315503,425.0154572883162,10879831.954231175,10431551.102767557,3885884.7701398586,426.94064167085844,11957506.846114177,9953553.699434426,73921514.48933716
3458682.7436306835,11320758.189132087,5292547.140973584,426.7565655233871,5451998.223745832,10087504.584819049,7203060.722746971,425.3417643964346,13044573.303109506,13001474.768065838,68861451.77455346
5410376.055989153,12166823.602874797,8639735.2288063,423.03332192365855,7220345.110008092,9817241.141604278,6963271.1454955265,424.15951347555654,9328380.60739371,11060677.812205642,70607697.8972129
6213831.109225656,11945519.735923469,13337611.71966808,0.0,4914909.282059553,10712523.060407065,5091314.058019068,0.0,11091043.902577426,11116212.911683755,74422965.77956407
5265918.628033996,11040298.905341284,8854841.710577175,428.36620834912276,10800390.4530442,9441613.19502203,9059807.248670666,425.15520338761496,7347421.044243745,10980650.188906558,72791794.8952514
788096.1105741368,12088127.141929833,5161874.151423722,424.95544045256736,9916074.933996847,11247239.607234443,7776513.82284644,428.811819926232,6128045.577179083,10246018.72178929,63352843.83423418
9238860.0857597,11988276.51653374,4601758.131034411,0.0,4633486.272603756,11470735.056935517,8556435.00519937,418.6351676128554,8184005.931628453,10672102.611959541,69346078.2468221
2843557.774710569,12179108.336980928,10967184.129164437,420.99958825698036,7448183.621317966,10982206.827433756,10059708.496050999,0.0,3606507.429687456,9993649.825338867,68080527.44027324
7177586.5349835185,13003965.70730916,1869501.5941390973,425.0208407925581,10731329.5263136,11480135.671270784,8396651.211544853,429.5664682842377,4182121.720050378,9865879.298689552,66708025.85161003
9430787.136880523,11412388.830154816,7266052.447300432,429.9839070998629,3387959.1724090753,11342214.221329799,8633895.077704316,431.5844474337194,8023985.490103819,10268503.93717801,69766647.88141534
4021047.190628836,13590220.977878975,11018005.77448288,0.0,4521135.388946445,11284048.638630273,3588614.4734971635,0.0,4300439.773048631,9934220.603216778,62257732.82032998
5904119.140223304,12084833.151111698,11175054.096879523,431.1874443149887,9812161.314293269,11458326.919218346,6600743.761953629,428.6812521119824,5005925.3917368725,10437270.760572419,72479294.4046855
9566571.612530015,12091223.33144156,4615723.834151499,426.2212590051959,11164131.7737653,11437407.93656123,2745573.113714316,430.9804055047745,6723012.553226,10560146.733200563,68904648.09025498
7846952.698943535,12080487.79341752,9004808.009891836,0.0,7533094.794588736,11344725.32195384,6671653.238124309,426.0103066911391,3226881.6894413913,10856449.925473668,68565479.48214152
9770794.741549104,11596795.010568459,7256890.71948689,417.16182186745704,7344128.618446754,11453760.416024935,8924246.621598234,0.0,8943313.187150726,10165691.36323655,75456037.83988352
6817845.5236275075,10832231.054307785,6924246.502346206,428.43822441026236,6175694.261224945,10957277.162819235,5225173.9572541695,427.6203088782259,11118410.705946773,9887919.2856437,67939654.51170361
10836597.757573549,12832620.310907254,12341016.489796186,409.5978333447943,11223482.240235785,11360845.902187588,10278103.122255223,406.9366808903884,10240445.28506156,10201543.628299903,89315471.27083127
4535747.224091897,13373957.61829326,3644257.8148382525,0.0,8441830.78888445,12553434.201209048,2875970.617241228,0.0,12190386.94880923,10061765.673764221,67677350.88713159
9392979.905268103,13364162.531707965,10300536.442348529,432.78050651202415,12376520.623856941,5238879.170556022,5249618.591985048,440.21361862463334,10433303.748601453,12501100.627477141,78857974.63592634
11562191.617062753,13034657.050628679,15297941.242505925,434.96226828031547,6809317.399813172,0.0,10659585.448171426,432.74701743849755,15176847.516606122,12446966.901660468,84988374.88573426
8064279.343441608,11683280.162203643,11254565.484445198,0.0,12559244.595980927,413.5667132834955,8108836.582408001,414.73021068107505,11352147.612122733,11548550.847796878,74571732.92532295
9918539.849992825,13050116.90638038,3852582.152642226,422.00772425762756,9979618.499984475,426.8941098938567,5572228.013731388,0.0,10577184.603730237,11295016.214713633,64246135.14300933
11471676.296859736,15902814.058749242,9123760.875714952,437.7278814094585,9588146.440071909,437.88363751677736,7773191.231255659,438.023398194877,1823880.338948866,15877546.344091,71562329.22060849
5142302.794650223,20336799.206566107,13766703.002881257,432.4765971487381,13005079.908861842,0.0,13227686.864226999,431.59684532158724,2555848.772863927,17107982.747159492,85143267.37065232
14010904.684629891,17973168.504607696,7718005.749866624,0.0,6194223.065794848,431.71095783429377,3005581.4537652032,0.0,11061502.118460873,15202040.614464214,75165857.90254718
4450090.105371668,17255086.910915863,12743888.779400539,422.81006176033765,13609875.910435725,416.46878634311753,13561086.06276675,418.2045379481395,1588711.5162541578,14346999.75714568,77556996.52567643
9218394.218407681,22343457.60783428,5248498.094959521,427.47049664746453,6819475.397403791,0.0,9424358.376796553,434.02044951508447,3187318.668454179,433.0335164108349,56242796.888318576
21114740.171806145,16358144.980571836,10655108.303945817,0.0,13606997.703365456,423.46344823669597,14279046.156890217,417.5300294679611,6465163.067440191,419.5819739881032,82480460.95947134
12071230.144486235,19576878.747588255,8583200.94523442,431.71530881580026,9762408.447511347,434.1834095264468,13224585.391139299,0.0,4061998.7821451174,435.2934924110453,67281603.65031542
7093213.5652343705,17286499.69145433,6845242.683006291,428.8325537407663,16186814.325812409,427.3132613894825,11523878.857607147,433.3314004957793,13076571.835239751,0.0,72013510.43556993
15273577.037520217,1483585.0890801945,13341648.354042886,439.99522691182506,9754331.545984445,0.0,5288381.9920017235,438.14055337699074,16648407.277206864,437.18854322090044,61791246.62015984
5158090.365733422,437.537906250163,15157290.239556711,0.0,9993471.693065492,436.14341568921054,4772483.5409740135,0.0,20552206.217502557,438.62834001428786,55634854.36649415
16655199.856976803,879.8670016100357,3224819.814380702,439.69320325841045,7529737.631985885,434.50116337265626,22637826.81497017,433.79722173741607,15065792.129853787,0.0,65115564.10675732
2791059.06052385,426.09073073479834,16591725.470529322,427.4474439662393,3090098.1985471393,0.0,5081846.014900739,11856900.478108099,19413144.493179448,419.2643538465287,58826046.51831715
6231892.570234731,0.0,3916986.706203395,0.0,4437749.667922216,421.7066494962078,20479200.795207556,12998341.222149806,4603501.206444818,433.93092507974825,52668527.80573709
14428502.626101388,433.4781629498976,11227624.550721075,431.6705071619322,13299400.242083889,430.55384837139337,6808296.901026014,19258172.65544713,7090099.651018289,431.8844169955069,72113824.21333326
5868052.724280623,435.9810584429801,6823618.9185575135,433.2923241416328,11085719.04804267,0.0,6584658.45478264,18134946.676979635,11960344.920435004,0.0,60458210.01646067
15955297.318807768,0.0,9300349.17585443,431.831336475512,3773663.373098962,431.40919532348204,7633924.387004329,18586050.734173678,15750101.616461799,428.7305480957018,71000678.57648085
12804631.352203574,427.85931769596846,10343010.853816207,0.0,13608030.334518962,431.0097462131065,7705130.077045599,21408790.239087146,8165767.303968867,433.26211241290173,74036652.29181667
17154001.4439858,433.6344580349843,12113102.306738826,436.52470754756257,4740354.190628371,434.9626441717195,4313352.540258739,18388884.76518042,6918218.385909691,0.0,63629218.75451161
7402387.719586918,431.0033794936283,11135215.9225846,429.9118295339671,13037930.22003312,0.0,5621993.8179147355,18117792.71736531,17806142.481875017,434.10645394163174,73122757.90102267
9662389.81899694,0.0,6787398.004555485,12877411.397709584,3392825.7101472714,432.17181551512994,10220002.10339717,10822340.89980676,2468182.1772768674,426.45265369755305,56231408.73635929
12322076.179542119,426.923621089489,10649195.895458214,11204677.610080259,8705932.914186016,425.4266108183975,2471002.3419993315,12379534.965741105,6746435.050605449,432.4354455719884,64480139.74328997
6255811.485078006,434.8481213284162,6911887.0828917865,16726714.268503778,12621115.146869289,0.0,4611771.838628057,13930167.751256514,13767657.364534473,0.0,74825559.78588322
14630181.592613673,0.0,5580526.36780641,16146196.61721885,746979.4358452886,412.04365898834436,9369473.45712001,20464382.00741644,13663421.96519546,427.3423770215687,80602000.82925214
7898172.955550457,434.8915182945691,9506841.573970204,11740382.057390336,6455323.993421044,436.2800821216404,3459046.023712398,12705482.285911044,7214521.995208363,423.60645362195646,58981065.66321788
8213868.672070633,423.20058824048743,8896085.566990882,12868201.910816584,11784586.927060042,419.58153676605593,8498246.899446823,12996964.273878617,8858498.322225098,0.0,72117295.35461368
10899056.829238955,428.8239676888781,11956345.566752758,10684225.288223077,10997637.71549471,0.0,4881319.708987832,12294878.473357985,9383837.735263385,426.7572892091089,71098156.8985756
16024535.097962497,0.0,3640568.465809768,13496504.065372445,8276621.256819359,427.2287487607122,4197059.500972292,12929268.797065808,12229842.364884596,422.1082370681169,70795248.8858726
13970105.104401441,417.02347948424347,17835772.04855121,13008934.91517245,12789401.132606052,415.54471066799533,8660434.302721415,12780675.454291282,8853562.17789425,425.44836715338465,87900143.1521954
17214529.22986114,432.06302265101857,20244399.73628512,13544619.719689744,2861683.9618330435,0.0,12809991.362352403,13152074.795154598,10890226.560835281,0.0,90717957.42903398
