321570341979.659,301418029356.4215,320908787004.9466,308752636866.8475,309020741765.78064,299614083080.2776,299701335866.51465,293890732742.6993,304786024810.6531,283319017898.14435,3042981731371.9443
5199977.659832258,3348756.525122193,6663102.560860602,8573103.06790126,4470627.591538886,8549242.808013935,9085645.495310312,10393846.566964079,2463318.4917944614,6732405.19860411,65480025.96594209
5524247.935104711,3530651.601881035,3298210.520665351,9247197.933698041,6019925.637145841,2614810.8005243065,6754726.354864944,10437977.250846058,827334.3245823876,410794.42556566716,48665876.78487834
3773559.743897229,3429019.563525743,9663859.719786564,8296373.382072533,9132227.887494631,2494511.790299341,4607115.598386361,10258286.585003514,64760.532617639816,1676866.1028290782,53396580.90591263
4061460.1393552553,3770142.349491352,4057769.2412775164,9555501.610427009,10081511.384593474,3662813.4963171696,4033765.861717558,2600615.766697599,1918470.8798197708,5363887.364427313,49105938.09412402
4462884.357475297,3631453.4907938684,1636482.9943017617,8437476.136921205,1509168.8268195596,6089105.188433278,5670102.5299116755,1640330.2740188157,2181226.525555578,2818137.051749607,38076367.375980645
257832.73815853187,3576381.8135643033,7074401.497245784,8868905.106131155,1174485.015697255,5121380.154826933,1165038.3693506718,1716912.969282807,762791.8747366195,9382762.92881656,39100892.467810616
491858.93209183856,3823539.5579296895,1846521.7950414638,8857138.18780235,1469091.7632287072,6284409.403382053,3462014.0156357316,2080199.5187788012,4095950.1199893686,2246601.6142589203,34657324.90813892
519729.5379340207,4408890.903410123,4850438.499043151,9067257.387463335,7588421.32037327,8875132.13860067,965552.9076534996,2782684.026439303,2894533.4020634154,3291944.499238333,45244584.62221912
280394.97293108026,4076216.638182522,9746251.170224506,2759809.111293277,1687885.6372342966,7387378.150642743,1009389.5944013762,2986998.9147259663,6003872.374060255,8016942.941946169,43955139.5056422
284084.11303502746,5901223.145615536,3220513.9071479314,7914957.8083898965,6888414.739664855,7588133.436435764,2285022.435643021,6952475.918902182,3310177.9187722895,2964886.014476133,47309889.438082635
212563.38360323932,4690423.2118070945,8879445.465580702,2984831.0506454436,3573648.913732223,3908612.586588773,3205056.0506382007,2837111.3046286847,3969112.5566337164,3295116.9454559954,37555921.469314076
277678.3059686118,2285423.588540321,9448130.698908146,4734259.135720766,5124734.986726981,9025676.247689905,9772481.29239299,4838842.839097155,4792439.1854312625,3946044.899927702,54245711.18040384
272445.3723970538,3817049.6301918197,6212838.3601348875,6786645.115071037,7069367.475762909,7435272.45498506,8767749.351315765,7436494.239904966,4240232.669599552,4494694.706004295,56532789.37536734
4636497.5122154495,5597227.893406247,6068151.1797288405,10687449.832508339,7792251.673000083,6059248.678952499,3866262.932259933,4657369.044435231,6918112.176211485,5125716.481163394,61408287.403881505
786197.8118611702,7066233.398594992,7345133.358584811,8597173.66932179,6753429.469164959,6660569.951339931,1967431.2251120536,4804122.441281287,3337491.91272265,3946066.0921541434,51263849.33013779
2687676.142556851,5946281.163712551,1830411.4993743256,7679699.571202889,6286450.286525363,6142700.5970718,6113297.7651742995,6800857.356359531,5134589.693952496,7596599.662960374,56218563.73889048
2196972.5336550116,3061392.675463,9064889.997230576,8020085.285760233,8763289.024582021,9744416.10962403,1208845.951705958,2803901.20381951,9252042.757905843,2641005.5180995776,56756841.05784576
5586464.47540505,7817506.81614119,10990611.564862816,7704229.430030109,5882272.192342316,8212866.848043948,4889421.613819555,8080826.312913627,2090964.428998919,5322411.158698506,66577574.84125604
6743368.076657641,3918755.3610011744,6858690.862590829,7886153.722295204,11158692.282023435,6913807.120040635,2344933.256423547,9516124.913926905,3482852.611739111,6874215.939483613,65697594.1461821
6431755.575865554,7906917.660716925,7580878.552837698,2558485.5920469533,7258944.09543196,7842955.960802454,3741751.9645886673,5209287.131008159,7198552.96797995,5734455.018861721,61463984.520140044
3936415.666974564,7776365.986341735,4593694.407602648,4662904.758130539,8858169.858799357,4298319.483692762,5798194.907169813,6965829.857980572,4878101.543492977,3038537.213084487,54806533.683269456
4368493.235276836,5031347.468544383,8280916.909757159,6414245.092232134,4634437.667684732,6106493.199282083,5313350.739696251,7176918.9752795715,5621347.385804552,6134583.19425079,59082133.86780848
6410894.502063414,4047335.8560776436,6474976.434499983,4276325.219528241,4649969.187802905,6005701.004863571,4104733.855801262,7100832.25213799,6125466.835886803,5462263.977993762,54658499.12665557
7723869.325250785,6134922.541863689,6705999.764695926,5555098.175231272,6001221.789508676,7692470.907825878,453085.3762064844,9414948.90712929,8215223.055453625,5104727.20852745,63001567.051693074
5327651.845567447,4210308.932223399,9007562.677842123,3269422.800291906,6403833.784284628,3586726.4136067615,8917662.708540985,3784084.6483744164,3823275.7637480926,7564065.719561653,55894595.29404142
11353462.436723629,5898506.122905849,4462212.7493278235,7885229.659502361,11176443.815404568,3526984.785644838,8942021.293017527,2723907.4037358044,3896091.4523122925,1186590.9723153068,61051450.69088999
2769271.9410267673,3243705.9307905245,4793781.467197704,969176.2089831204,11405246.651919903,9599557.201290261,2409419.230754468,7289216.219405399,5558072.262218786,3804169.502131606,51841616.615718536
3154804.489096194,7286084.937869597,6734079.230473429,8980955.256789196,5285336.74459583,3145765.9386104173,6484569.864844965,2092830.5018487603,5454983.152398474,7258708.725122347,55878118.841649204
5307739.230801821,7469978.128946026,8793396.025992911,2241693.91598129,7026321.867600196,4828360.015434625,8895356.167627128,3933626.283507049,3021026.3099682103,5104997.675879099,56622495.62173835
9884708.39739442,2784097.720142972,3453964.2536284435,8978173.349018827,2699214.6233635326,5161959.378414318,5411298.506665773,6402306.221147717,3449089.2489005174,3025919.4933192185,51250731.19199574
2673151.111006731,5570091.723331521,7775687.420202623,6847446.595548916,4370596.486995058,7723855.733834656,6827740.4839700395,3479764.259738272,3764446.606898043,6219567.944959644,55252348.36648551
3179608.6509455196,8774590.504537906,3519237.5681074667,2648303.9528391277,10435387.06540546,4225535.83466916,3935496.7301993244,4801663.25981333,7050087.217365961,3789330.852758518,52359241.63664177
5559392.851207252,6101733.965481532,4935037.774119137,4968254.722472706,9003250.900918612,6031325.430212508,7719249.3159688255,4141050.1450275644,4961975.06351101,7962994.017426073,61384264.18634522
8280488.135045255,9358043.167491313,9865454.967192579,9210177.458247842,2323222.4404068263,4093568.140295912,3971689.158315498,4024344.6856598766,2999355.704174729,2286141.949209264,56412485.8060391
5465071.386944545,5570987.770832813,7972365.548274604,3886266.7442841833,7379468.0349227665,6278769.746044927,3504340.403461882,6504874.0412260555,7056601.041546515,4643218.604014298,58261963.32155259
4384015.817688245,11848051.310928643,6723989.743214345,8974790.718824351,8002733.769714128,7033851.52577298,6048141.215091832,4901951.346186287,7152442.613577043,8393216.28388174,73463184.3448796
5041025.375240149,1989527.2025720456,4459894.025216382,3302392.665600804,4858555.526080508,1125717.071375488,2612171.7560953284,1701887.4636319466,1596268.0788228314,8440142.199005706,35127581.363641195
4893308.367382587,7015789.06151798,6579007.048503441,9899457.798020566,3180499.8086495544,4722603.476847742,10215213.336355114,10078401.16899595,2918873.060571778,1957076.3035915287,61460229.43043623
8663464.759436656,7208130.702714641,8916162.453804221,9982185.223991351,8720264.443839217,8067288.09310791,2854689.1394506027,10074634.744169882,8013034.9381839745,6344793.2824489325,78844647.78114739
3328066.8178365603,4948352.274690523,1419187.123782883,2209225.6378971483,2165300.8931707274,4476466.706273027,6431781.958318774,11410941.602232264,3592383.2463342682,7604934.690715873,47586640.95125205
10292936.602241296,10879068.054972334,2971077.2560442802,5933305.737597126,6751284.5699138595,5820908.810095833,7685245.89515975,4050613.0471458524,5569593.76193207,3387279.8999195932,63341313.635021985
4450644.595407576,1581743.3402033162,5822757.378537291,4582444.476906274,12085673.953806682,8159497.117134229,6816431.390003456,5567858.771597367,7885661.843021974,5808220.204897218,62760933.07151539
5944360.375045307,4955725.107734704,8740427.335681394,6835785.834367076,6121786.636023702,7294185.936165594,6747918.191228696,6780922.774471123,5495887.232620261,4019977.3930531503,62936976.816391006
9529624.626809662,3821832.7698161844,8477236.518821023,7928509.699130458,7533818.337263987,6062391.984795437,4143757.9233585736,5265566.603232173,8416010.953394983,6743132.206099297,67921881.62272179
5386706.2119466765,2700018.981920765,5318170.563918915,5859481.928617078,4798582.606726595,5682944.249983696,5727222.235569227,6702352.431994315,3018989.614771662,1614899.563272651,46809368.38872158
11565425.94538381,3012789.414678959,8459070.428799639,8287549.238840846,3649218.9308191724,5750167.314360822,9679967.636516243,8223200.798020093,2876702.9535218906,8914065.354766471,70418158.01570794
3866236.00020049,7595746.754271017,8070873.495232771,5583099.849484722,7467893.371746919,8905459.105312815,2504202.7666043853,2738224.078048249,8865453.90566437,1024978.8696262304,56622168.196191974
6533523.83970204,8231150.632555471,7584934.621325435,7674517.120636332,1656988.5726518808,3971509.3834082107,5683058.854724553,8716476.416418424,8830352.275567964,7937160.7904571965,66819672.50744751
10712027.682072219,6097225.473955921,10155398.840347566,9029837.97498759,7917969.740208762,7532220.201396271,7147970.055075857,2718750.904457677,7714684.7811421715,8560701.911156658,77586787.5648007
4839116.646468626,9475197.039642654,6351291.997432479,2684675.1468999283,8705037.233890655,6717268.652375406,2534197.036032827,5512707.458949867,8172726.286443444,4563718.677947813,59555936.17608369
9679680.101810448,10874405.527474396,7379373.161903709,5716550.205863129,7423783.501104499,8410613.920771565,4063518.1837760694,5920273.271489524,4459768.426760587,6688992.818025884,70616959.1189798
4108247.8073148974,8530301.108864294,4682624.124650354,5696464.740663603,4985758.7113647945,6737253.387597513,4680578.91247831,7453365.854861241,5154831.633587786,7310565.075296773,59339991.356679566
8656979.307560058,7419305.753000599,8583435.679251188,6211803.10191157,7987573.823010741,8358289.062698332,1707696.882835364,5329788.499884983,4061692.435317006,5048391.35362145,63364955.8990913
3784608.9205944515,4355019.226363559,5607230.641671729,7167559.85291744,6236018.847212163,8008959.487622102,5299647.363282388,3350849.1361199142,5502538.259326171,7969377.936343977,57281809.6714539
4789587.245561245,5299956.255096187,3852652.126430384,3254236.9342451775,3500393.774277853,5837345.056742515,6351358.99018655,6375933.3453272665,2253816.382558319,7008445.743401555,48523725.85382705
6620650.189609997,7473314.411529376,3685478.638808718,2101867.206440931,7866232.582529618,4741832.73108536,4984466.264447115,7358635.732021389,4685785.959776516,3529092.79923178,53047356.51548081
3744444.2738516084,5776312.5500583695,14984765.022143241,5216972.996353963,1375426.0978823733,3948654.407614737,7824575.0296638105,6575967.340800182,7719556.801403389,8049200.879581995,65215875.39935367
4367924.00046679,10395879.003673414,4093518.42730294,8128125.518830575,3979203.1460297694,7746663.708492083,11184032.780999115,6703061.628477567,2287680.4679639777,764082.7444038473,59650171.42664008
7314688.3596349405,4740391.164718832,7856459.638249994,10539926.286706906,7039820.216182719,4013444.653613465,3468220.814056205,2719086.1192596457,7564005.8960447265,2359128.441022812,57615171.58949024
8507752.941595344,6941106.19508063,2329729.1174738347,2994023.9715397065,9110456.075250776,9666523.918514635,7094455.509218123,9076165.537847348,7257906.406254843,4072543.281551147,67050662.95432639
4136395.151070305,6576120.829936325,8792175.39193651,8954183.77864998,3415620.8842914333,3010756.502873001,8018206.53001176,4190356.500028298,3192577.520811446,7346431.737000728,57632824.82660978
7339266.230190004,2250938.6772993836,7700325.316653777,8485125.378952974,5487466.5520515265,4736339.384171345,6300618.347724698,3952795.54336192,7104851.41423725,3634268.1880232533,56991995.03266613
4727099.660325157,5389676.54423424,7465159.558478728,5351775.801997644,3794048.946054799,5944735.522066838,7152034.661179575,4206567.139008142,7443467.042597919,10377584.093549242,61852148.96949229
4237175.266160184,8569782.072803495,6236451.8643212225,3935687.559438526,4644642.259528203,8308296.990580305,5328328.398943655,6182586.79895435,5417587.835382178,3745984.3934301347,56606523.439542264
6600022.8303620005,6336268.00090244,3437858.7814530088,7120361.980312556,3138808.327110874,7801081.9191546,4970559.641857357,2004359.7124190903,7593448.029353806,2772650.2756601754,51775419.49858591
7432970.966990155,6612274.409969376,7081104.164437717,2460024.661845578,7084024.050747158,10317739.8076194,8824483.78726494,5273739.782091421,1794103.7729259015,9343594.527850932,66224059.931742586
8929651.978234464,881930.9100369698,9417102.513950123,4315797.187727819,7831009.6078624185,1119689.188748425,1298502.2490661293,10933791.439730851,10701358.526677981,856550.2880919151,56285383.8901271
9572337.958238073,3671345.461365786,5983191.216040289,8020029.321246436,5775481.874522109,1768740.5600305898,6893575.9066673145,7974186.225921083,1046867.2971672772,7129443.5335031375,57835199.3547021
8353966.316727817,6621328.668748934,6987681.8957758425,10504847.90279734,7105772.180952456,3103047.3104347927,8940658.641751615,10707993.662022613,8315404.179227416,2487627.4751258017,73128328.23356463
2310259.7520286716,7586910.021826442,2471549.9680037876,6968678.638292266,8480566.467040638,5271949.26177697,12169596.095333299,7852853.228745168,9257827.129795693,8225096.192630612,70595286.75547355
6042346.783217693,4059120.2021195916,7801894.530521086,11027804.320367262,4054640.5655058585,7893076.107294367,7674485.432080341,12273928.850359136,10567498.700795997,6199834.154667177,77594629.64692852
5503957.957595441,6370526.2596287,5814780.859545195,5767119.802532268,9591792.096638089,4403494.505324171,5662209.318025927,9888191.57279888,4925986.495943342,3563517.368187043,61491576.23621905
972346.211374715,7629148.223585374,3959065.67456701,7342360.7889679,7572708.957227359,6632085.888594925,4375703.1550801955,16357954.879609266,7789032.899405207,7547161.383796968,70177568.06220892
7367845.766464344,4670776.595600355,6422488.239826515,6713428.817479593,4469081.197131561,4363755.999885925,7355905.506977844,5235918.012282812,6216177.525200553,6294040.878996879,59109418.539846376
9444329.626294738,5769144.41250659,7318685.12506385,5007660.370784275,3876553.5026693614,5789803.031300806,7349622.012064604,5633613.1514338385,7759045.014606166,7806435.147390665,65754891.3941149
9762612.170734268,6310970.439988771,4545874.031650782,8439042.79762958,2449614.786081768,6421847.63473106,6621571.27044697,6527726.93340899,2547121.2477375627,2685009.5918823434,56311390.9042921
9422021.619247802,3644719.8393802857,8730886.689787231,10220399.391167603,8968468.760131828,6650618.91599409,1035948.4135720176,3473917.7692205124,3152212.733629507,4966266.978962693,60265461.11109358
8577670.755417837,6083219.152589899,1012908.4888690633,1047014.4976284722,8756842.477546493,5614781.941012503,9464828.515361369,6008183.675278889,10057776.87122402,9546868.446758123,66170094.821686655
10379385.98343862,7378441.541750843,8250189.341555607,4648453.908204536,5657326.97957343,6945328.154372206,10493498.57508453,7676328.548750946,2548093.240958179,3705643.2068373472,67682689.48052624
4623467.0912623,7396407.450694166,8447896.96419728,7617810.827946062,10035701.39839472,2546595.071782139,7075501.628360096,5149839.921483523,8622246.504527427,7166160.949445123,68681627.80809285
8835521.17270394,3968383.6190695916,2546365.5310893725,4685805.478810991,3991379.886237202,7996816.953928295,7720317.526462573,6407013.271328015,9102586.462962706,3954964.944600617,59209154.84719331
3727164.8243291895,6326927.319481376,5016822.695762935,4762378.745763306,3711741.785749567,8525736.377053099,4672673.618968946,4221902.199229334,5258815.697987402,5036709.46279521,51260872.72712036
6089162.387601025,4356460.77651329,6002042.206712034,5310424.111388951,5549418.451513456,6186846.925184651,5819723.319408068,6482191.016182763,3821019.4414600586,6180574.700625902,55797863.3365902
4330489.248733664,2088298.137213655,8720976.102177707,8325876.815031488,4450149.346236666,5586981.647076427,7132394.399099439,8349911.876711021,4287531.186161813,5928631.733215746,59201240.49165763
2722022.3325260915,4625656.432786221,8926904.184981745,7894512.504992068,6478880.43671681,4461412.15243603,7222732.042133748,8082818.281356038,5722164.656816886,1743595.1035107148,57880698.12825635
4430829.807046653,5168961.050945631,2476302.6716311974,8156113.684828055,7620956.310908942,6378221.569178638,4810093.9872834,9611989.365923999,10793722.02137543,3899125.9177857656,63346316.38690772
8603962.925473908,8978698.931664731,2222208.640501238,4005788.8213392706,5381678.017161821,5831639.875416832,7670416.712303395,4067917.2116653575,3811974.0287920325,7120712.376273539,57694997.54059212
2765866.155480177,5598754.317727113,8444040.474339897,4479650.320747297,8039446.232017974,13250056.600514108,11273676.81837199,9100239.904521188,6669470.811105779,3218091.6066322457,72839293.24145778
8296498.7289326405,5895041.419752284,9641927.219272789,8678101.737176055,5141945.912222724,6138231.308517744,4383923.159521379,3264586.071324173,6820620.080037774,8634735.86343359,66895611.500191145
9790038.722910179,8419228.183324637,5486854.547772398,2770164.7042579455,6045288.227258532,6371007.8680354385,9599036.315639535,7595385.723368374,2857261.6891558385,5497958.881370894,64432224.86309378
3118842.7705938746,4641950.971990368,4719009.910923434,6595803.817820783,2432166.856386523,9106396.747356236,4991117.828704845,6523993.618384733,9090493.282392591,3984641.8121614917,55204417.61671488
8106239.875334139,6917432.330409556,7675692.313159115,6133781.89855372,4215649.159605129,6599667.663092383,6043498.343301254,4087937.047487318,8539082.508709377,7539131.95984665,65858113.099498644
9583253.804650541,7025165.169986217,8311079.805120066,4594600.289152437,6635015.385451534,9123063.383217672,4150410.015798164,8122903.0112520885,5509337.654494111,3718910.316066895,66773738.83518974
7666609.015068088,8154092.558461788,6591068.9632973075,5580695.19776844,7307031.913234354,4333534.6286319075,6129038.021411546,5794715.261143866,5027550.446370699,6674051.840069894,63258387.84545788
7483331.590392292,9465365.545159055,8342054.80658085,3571256.0760279675,9776200.215941744,5377394.153849531,7974235.487416591,7366727.721350123,5581950.746628417,3970013.9313648045,68908530.27471137
9519547.920410853,7104469.582268009,8384119.26202739,5920509.703662106,4974107.096768733,7117412.216569519,8808199.038619496,3198872.0580166983,6903691.96687173,4618106.723101487,66549035.56831602
6570801.480964473,7967913.226728573,891649.4266649672,8755707.818059199,8200692.079969136,6532607.417399332,6554210.319830397,3885362.2155927736,9098770.899517063,7727726.725939789,66185441.6106657
10758717.299091842,3423885.6036290606,8141279.9565287465,4302157.415450921,3757832.3521030094,9583679.40827067,9861277.870667115,8163492.600569779,5198748.473755836,6033117.179440808,69224188.15950778
2451750.94157976,5472325.49577552,1053424.400175121,7907329.38481728,4617749.245860272,3123864.15363505,4249206.019558268,2612665.7192193116,9673835.897847973,8109387.03024551,49271538.288714066
7792852.373593477,7608085.735254418,7151230.322686413,9835433.375703635,9844246.966637509,6402234.491018892,6019795.445778579,5017025.777683105,1777644.0737935035,2248015.7458341387,63696564.30798367
8665543.094557326,9782028.1162488,3128406.966555456,7325969.186860153,7489234.955437748,7930144.956773487,2657360.148604342,8720422.256307185,4909580.2244578535,9297439.68817413,69906129.59397648
5869972.312184553,6043077.862346864,5642698.654880738,7140893.982470725,4286522.313031279,3995754.2071009343,5015535.634664497,5059371.745177918,10196673.245194273,3599518.9981031395,56850018.95515492
9485243.079776218,3682341.7091810717,9019801.848695237,4928119.785292774,8937364.306553056,6788897.976457381,5306725.229353321,5458866.567142848,5268544.487744378,7787753.007283713,66663657.99748
5427192.435365812,6350463.308117231,3949691.8083416633,5432283.018534098,5670588.869157862,10402869.891562099,8048896.079965368,3952838.1494006733,4402134.048688899,9718643.97994233,63355601.589076035
3919674.3851864976,6208655.025708731,5161358.564360556,6824066.380199696,4399169.20558906,7880253.996912928,4245868.990727383,5328199.387635955,5602562.8047929285,6844869.730864795,56414678.47197852
7629947.118313608,7575316.475814933,6577131.09685544,6218715.204818855,7496832.897824627,7375145.368850605,4972471.4730786085,2412198.1115175732,7898719.628620251,1938491.1184566116,60094968.49415111
2686739.731417028,4273647.196908426,6896426.563189801,8120846.536553319,11705821.582217382,3314245.759464994,4565896.668593098,7445954.652857111,10471909.706894668,8541578.102567237,68023066.50066306
5485569.730403919,6682084.770429563,7246958.085262396,3765284.547054474,7705672.3561148,8978833.247075943,5734897.716418416,1041742.096988465,5058630.385044862,2713211.8871718734,54412884.8219647
10664150.819101399,4531714.898836246,3835481.4071242944,8359867.2415990215,9197655.88364418,1807573.8261863408,10600423.923538256,7114851.790813042,9389836.460019907,7596259.121591112,73097815.37245381
2427100.5682824478,7882373.057554241,7911213.195385015,9550056.851864133,5691391.557747747,7332411.560672749,4156682.360509978,6571109.558078789,3019993.384889438,7749729.050467854,62292061.145452395
8072557.159172154,3587388.5792673165,7403176.307540881,9955054.376887793,7112387.9203552045,7171725.674784305,10337941.777261032,7375765.647580827,8076654.584373143,7828822.9216105165,76921474.94883317
10259107.220585935,5824218.350500614,2935370.6832516203,10352420.514183957,10281267.317628434,7316743.748827092,4749143.98091627,6334772.186592593,9448811.970508097,7556833.680389799,75058689.65338442
7559201.282576322,8417864.177807583,8231844.088776183,6986124.459755816,5370956.064650005,6459338.88598244,9379973.252172397,4861007.050218975,5938071.116381712,6938195.162520124,70142575.54084155
6885907.167197965,8306802.847173776,5820746.557301282,3817144.2030525054,5870522.644920161,4619999.6057906095,4373463.548466744,3264602.747050274,4609803.97105667,6774868.690764247,54343861.98277423
4533280.798382658,5561384.916713304,5636733.067552383,4454678.362829266,2940538.8872817843,4169823.595900051,5482167.75017993,7175628.974670787,4263824.922974217,3817127.8873202954,48035189.16380467
5836339.873485213,4071417.5516877575,7837737.026367231,7353965.797654564,6894841.385109768,2949708.3825529483,2883512.017987811,2729891.015821018,2248609.926717579,5883176.570517253,48689199.54790114
7971909.075639621,4929391.510610802,8396787.047874384,12092989.75756751,1562151.9609027656,4458136.435361426,1404971.5877739713,1383832.495348903,7543196.465172578,1147735.150535374,50891101.486787334
7584174.060627099,6804765.630709221,8379214.548882155,13156850.03455922,3717066.0714900475,7044072.52186754,7838975.719028439,11003619.32251898,8572477.943590954,1735555.9506822191,75836771.80395588
7249717.933761302,5224775.185046749,6876186.892973037,8953172.421423815,9866495.419921312,1970865.9286962112,6702847.422593134,899471.8033102156,1396930.391099533,5591393.757703751,54731857.156529054
10179882.687275456,9370653.337174572,9296493.263988037,9439228.919030098,5214973.415585685,7936411.902013268,6282165.70924894,6964276.410430196,8036293.179514193,9678330.479971597,82398709.30423203
2833902.7209429746,8223167.428481622,9041642.59243848,3561093.865944702,5954729.30601422,12779156.434095671,2133722.920326802,11223292.561420053,5440891.018971313,5408158.4595360495,66599757.30817188
7271582.157391885,3999663.1396219963,3114685.2256847857,6092555.295093304,8955254.05347995,2685999.2098519416,6658849.745694092,3255517.4294681572,7681926.53319077,5183602.871036573,54899635.66051346
11138439.66971711,5657838.827151982,5202438.6801168425,1414134.8547268647,4962187.159369006,4182268.888182232,7378482.226212289,6344330.048573836,8411017.46362056,4330516.688568698,59021654.50623943
8311175.930978314,5778395.788183167,5949325.499883839,4224832.208102385,9344588.139640907,7978870.473698998,4505096.187386619,4702523.20965761,8122610.133007206,4942474.682738853,63859892.25327789
5643333.477249078,3696698.092119078,5678045.066228779,6743914.2522943085,6625939.572039484,7154363.719675241,7112092.765849866,4195106.2105121175,6211868.012429906,5502550.221848896,58563911.39024676
5142830.714096875,2284604.6160745327,4974647.950763688,7550218.239292103,6526511.780750012,8499821.999501826,2591714.9668720756,4303825.657925884,5851950.843297565,5934071.320004187,53660198.088578746
6805441.23491948,4857093.747756984,7129975.801478926,8302364.946309892,1640453.0028062835,2067585.8534936404,5211367.211352073,5766659.895899671,5325324.957858503,6407834.084710499,53514100.73658595
2463110.1264542923,15600513.365228679,2485899.684213457,6702976.167955971,5224349.287305417,3366718.1261949264,8356953.19318106,6275805.4419327155,4927246.341239515,13657034.27128015,69060606.00498618
6832748.795459404,4900567.543040119,4913565.564880163,8057379.051534557,7447288.452252318,8500511.988078782,4527419.232582082,1996501.7937610669,7872491.477301027,4841520.087082485,59889993.985972
8163921.111463163,7320853.03962945,10010187.890143065,8870998.945474047,2009125.5225184965,3589778.3233473743,6554322.51496925,3912445.7131829187,2264114.745910513,6767654.204556046,59463402.011194326
3039936.130537857,7661935.83666839,2898122.9463230926,6459203.112762955,7279181.972170457,6034852.11481487,8706638.745720087,6069358.656489391,9576726.330707045,7515668.881407557,65241624.72760171
8970606.701914858,4892356.962738949,4626316.144740263,6776515.3761831755,7511172.724150681,7645688.219771917,5212322.4311643895,9779506.13490657,5662338.393626761,7807128.183125667,68883951.27232322
10567632.357695123,5631823.790712575,801759.299249237,1535374.5112072174,6632437.580849493,5077404.460144729,6368327.945370885,10667429.008393483,4595952.916143687,4216120.219976564,56094262.08974299
5221361.221199662,5897844.090514617,5085150.23278596,4133254.7543071164,2755658.8757050615,7713888.178558134,4804450.016258736,4476431.5236541275,6517285.952268051,5566502.39081546,52171827.23606692
6794860.797926731,7383634.008079527,7262298.011497405,5583084.886751769,5492219.33114086,4387660.595176965,7183921.3762529055,4709924.888594963,8877917.813959071,4708737.674127223,62384259.383507416
6892998.623042882,6579058.875749598,10222911.266322948,6819273.3373581255,5304560.60784297,6565765.427242594,7988800.033353992,7947843.31373902,7687063.8344118,6184458.271246634,72192733.59031057
1495247.1397376473,6333745.149018082,2673342.7327452414,9078970.822268294,7268167.058766725,1918568.8844372018,7999237.168544339,3204066.2562711723,7711477.600184433,7415019.853986991,55097842.665960126
931895.2352102896,7627237.740362803,10575087.337271519,3043541.5106949173,9728737.587860892,2622964.2269302355,6415623.939945386,6137253.862607371,2444463.188761607,1152313.7550003866,50679118.38464541
6955770.269875669,1071225.5726091312,2503061.6535547324,7274815.557221993,8642686.077999385,8502230.82631184,7956058.226522785,9833760.5851066,4709803.478538586,6639759.8120547775,64089172.05979549
8926351.304666823,4257895.304444855,2989775.4244713048,1380613.2026588984,7180447.711003356,6834338.692235312,2350415.4639924197,4230115.938646164,6242919.511214077,7934318.725909549,52327191.279242754
3311356.85565876,5064851.602934384,7818183.769184716,2886689.7258148473,3145639.7262032963,2929030.0386473993,7636071.180133114,6378057.157215654,10028190.789206954,6210680.417876378,55408751.2628755
6126552.7063209,7699704.580260348,3260791.9337149737,6326194.9193825945,8219016.881632653,4377200.190161916,9360620.769184705,3669263.5314860544,5386016.929971761,7607098.977179313,62032461.419295214
4209786.635500147,7902186.850010502,4463463.847657566,8053595.892816252,9102726.183305541,5745337.452002256,7139173.364525836,3833377.848663634,8392516.411732782,8459537.74568806,67301702.23190258
8602841.726116491,6373982.1877981415,2677766.09126126,5308858.154797613,6448186.570027936,6567125.974276693,8480328.694720559,4233826.328231351,6210701.16971577,8827802.136125654,63731419.033071466
7460651.243028971,8572258.954699935,3467705.692809623,7418381.044628841,9558537.45596625,5976958.635875461,5600600.144382638,7146980.050383113,6199883.333290891,6431079.093386846,67833035.64845258
7024524.36806346,6619481.914779141,7905149.2210808145,4269661.996267145,3846459.68811746,6554513.320763285,6846665.149444915,6079786.353442944,4708424.2346443245,4346470.814597696,58201137.061201185
4344175.084582687,9502392.86324184,5134466.15863573,8567001.393968776,5177582.010023792,1448837.4322740212,3545282.8851197017,2437968.8724784693,7570378.140738791,7070685.970914792,54798770.81197861
7837917.33506256,4617088.446097679,8938911.84423152,2183828.9458608734,8999696.111186353,6253042.071486146,4809608.664799162,7397837.257433734,1816379.4229716447,1123657.7156873853,53977967.814817056
3962342.2032576124,5937896.991250578,2096540.8551271309,5355248.18137333,3017844.313873748,7798877.919912491,8195886.218265726,2572485.9036809825,4902120.301326395,6572282.804736862,50411525.69280485
7708144.243523656,6346067.793521263,5535557.554432336,9106796.40333441,12905695.837447219,3057378.955044129,3715610.4574722694,4700361.933262206,8608403.181823678,7979832.262298136,69663848.6221593
2501149.8640723675,2455859.369970054,8339362.623640247,4173937.6697806413,3563739.198131987,5333176.982750364,7261532.171751947,8131846.166712957,7406291.341050707,3000704.141175281,52167599.529036544
5643691.77933676,5116955.643678248,4473886.700429978,6845229.645079708,9135508.284977952,5635746.392181117,3962861.6580839595,4658783.868493437,4940098.095934285,4611053.544061091,55023815.61225654
7693996.192864335,6845524.837368359,6777724.516330338,7216388.629079574,8482095.211680654,3814781.1023141057,7238346.070310655,5315659.433925626,8827855.846485898,3488220.291801729,65700592.132161275
6891626.811241581,5693565.272820074,4017408.9347119424,4774169.740736301,4383705.154400387,4929339.646613152,3642840.4778939243,6139904.104803005,5040985.603719761,7430318.564980239,52943864.31192037
6100632.640253247,6852209.185758545,6518419.944649144,8002347.072487118,3929615.5697520357,4950842.2624483,5014353.52751443,5492931.138777078,5359725.223966244,6824619.212518435,59045695.77812457
3245698.6118520936,2641606.1272275564,9914750.20903346,8021212.717112461,6880355.008244657,6297468.728610629,4080887.014189019,7758805.726635951,3641911.555882967,5297957.714362068,57780653.41315086
4676516.900521827,7295936.328303471,7969835.873385321,7351849.549614152,8976195.362498738,8200119.066245787,3214471.9272407736,1877679.799742976,6633536.505093867,8357334.840211912,64553476.15285882
7069131.687975368,994590.0158524355,12074078.982707268,1325105.4668995882,4360825.237957654,6795616.879056336,6701349.448931202,5970574.906376117,2144173.844531086,8199998.670667482,55635445.14095454
10641546.786747586,1321376.0845405227,11884511.029027127,2424606.400730615,12370988.9563773,8596775.019523231,9714727.302230671,9033068.669661505,2563606.553428803,2778813.213694043,71330020.0159614
3649560.158365743,3885895.0578993824,2571094.4249272794,7769840.270978837,2663076.7335677706,5058424.696484792,3307191.1695216806,2776307.311999755,6022560.495127683,7133676.055299955,44837626.37417288
3844685.930108283,5255311.04831991,9456844.112809971,8923358.986754658,7175934.328817918,8831527.916003944,12612673.495929116,5284636.509652206,2132591.3756133905,3141242.999754223,66658806.70376361
7948081.103498182,8859690.747978134,6678699.647589331,3269619.0002186047,10767973.830250291,4199853.129197652,9296955.245353963,5878070.726978125,3381969.4597285185,4716413.824244785,64997326.71503758
2623141.4678278044,7995239.323569504,3392766.975861656,4755923.846441075,8415057.763833197,6727360.073181538,5180160.690805157,4180047.9448578544,5105807.885570801,4152038.9867323395,52527544.95868093
3114800.654393685,8063663.319056731,5336739.146225755,5041965.565135301,7745214.677264213,4889617.133109082,4582673.196705042,7436725.700667225,4764250.648652051,6638730.802715604,57614380.843924694
5592346.2656226,7704837.960900988,11113727.069783386,3190604.566287594,7146118.335072302,3594236.9639309514,6537585.491313706,4374249.819476801,6548546.348015553,7560678.800159242,63362931.62056312
6199185.594721505,5955168.809651386,2039626.5302240213,2169642.724439885,6674482.204356143,6351090.937613937,8537112.623816634,8136964.518186735,7633885.911896987,6030327.44537183,59727487.300279066
4871362.389188157,4072590.856353775,4648646.582933266,8835321.80288506,6288893.820646705,5070228.942016861,7482991.844536743,8476035.286383882,8184865.071825951,1932359.9827716632,59863296.57954206
7401444.348738996,7686071.711383488,11011245.570853049,2365264.2553567113,7988687.439789608,6682394.184385695,6825516.643304875,4995636.800604372,10015582.186507013,3850997.562078923,68822840.70300274
4259201.429713568,1020860.4134751813,3623943.3330826196,5353007.401255012,2006931.2875085452,7236937.258535058,3535539.5235372195,8776680.038572203,8119930.130757644,8623190.123049537,52556220.939486586
5344794.389152679,5739711.20173529,5400772.433566467,7711331.607095557,5501277.421186153,8922671.57568407,9516881.017999263,2928044.475019367,1749971.2648651,4288015.965818393,57103471.35212234
6395448.684224628,8936787.595908599,9600529.42482952,2149917.75590631,10014582.353583012,6584770.535876274,7708749.701013555,7832568.986585939,6936209.286088884,8400945.382008964,74560509.70602569
8951118.858826613,3621118.3456637436,10796589.402170988,2988850.8884385917,6014125.237273956,5581264.6881550765,3730499.3943768656,6214172.789958615,8800459.083916357,3726678.163268425,60424876.85204923
5033968.463024993,5715149.654321553,9511696.526610605,4208122.322839185,6360092.41203527,8084929.266730978,7382098.179680274,4047575.400350214,4296737.092607172,5596010.846178492,60236380.16437874
10504507.469341885,4472147.686434231,8906393.378663594,5169516.56638666,6090083.903092333,5022368.192487512,11580362.849550826,4876157.750925654,4573028.866711042,8142218.690567548,69336785.35416129
6343881.427465022,3846463.488974264,5920221.013012992,5984706.789447023,3008588.821608238,2634870.5541621055,7993581.819227106,7129537.070155681,2917024.807258356,3384183.530437287,49163059.32174808
6247302.413380059,3019452.6340264035,5420166.491050787,4322103.334121942,7087867.428107489,3198222.6422899235,9101940.67744238,4712121.91359074,2509391.8805720303,3041647.5330710257,48660216.94765278
3843586.677819873,4667204.049625399,8660503.968733842,2738342.4948093165,1876490.8040476807,9074914.407867316,3664488.33139791,8015770.549184518,5896072.428774365,9431159.772550946,57868533.484811164
6444414.601388265,6300962.45249404,617663.0095771869,6556198.432181784,2309485.1410184535,3778087.766621528,8481512.882361988,1889935.6228661195,9427498.508569999,3321751.890299798,49127510.30737916
12752272.817183241,7802050.622297245,9700175.025190497,7348712.226375891,7922707.068925581,9310207.829936948,1492077.9187660317,5991102.020256359,6632361.159324985,7233921.469524787,76185588.15778157
5891583.701527812,3166724.181667426,8145336.253989266,1565663.297972414,4353742.566056501,2441219.248000102,7698726.634857597,9317175.76070106,7274935.080081663,3298873.3640526803,53153980.08890653
8786576.714425936,6188195.5390646495,4648080.404608768,4610797.423665977,8810675.580778306,6811940.378561039,9548055.253275676,3121701.3876499394,11485676.418831797,7965360.7588847475,71977059.85974684
3588590.998302208,6734268.93712211,8254355.701216001,6332613.226210942,7954729.136831872,9542368.471154002,3855857.9863434206,7121433.453714412,4072341.1214563577,9805180.942450464,67261739.97480178
4262573.363431909,9534641.724855574,10481686.534435442,2844299.821968242,6522975.200114096,8980082.177433858,7592956.475616535,3833184.892992907,6355799.999908764,5712564.351219643,66120764.54197696
8465656.109196061,7606324.738766016,10648147.497185213,4392231.979564662,8459537.70824932,4925063.38829947,5637727.129976442,4349572.855425586,8040920.108809914,3761877.670844204,66287059.1863169
11291615.283938255,5755549.557391392,9727875.33248028,8031164.007721021,3709302.3033140786,4621806.8384756055,2326455.8192101787,6959092.581830905,6519196.142870065,5354455.999962107,64296513.86719389
8973404.25541706,4790213.775101239,5996062.926640391,6021837.215888232,5684889.768841079,7046836.359698793,4575291.9950213935,6250173.612345086,3017457.8678048598,6873340.312227958,59229508.0889861
5375910.165796094,3228210.4326788997,5311485.502787965,7298667.569415524,3463133.370708155,6002011.99042164,6111018.221438113,7989577.250431434,3264420.071064598,2387666.9682455948,50432101.54298802
3875999.658126251,7160351.712432496,7912744.366704625,2868731.49979754,8051914.510195217,8213504.31867622,3115406.301254903,6098612.344991037,5524342.865751097,4993005.548770977,57814613.126700364
9219776.665783362,1544332.6891849686,1020487.4238409518,2884578.131735268,9385643.02918848,8873645.71607375,8635906.657666922,7687937.031988042,9864519.505028335,9121773.085508509,68238599.93599859
3578649.1403236534,3008778.4302750533,6260728.169105522,3631215.414866405,7456063.982086699,9548407.519429186,2269365.685134001,5081555.74613005,5876254.279966494,4549023.366326387,51260041.73364345
4773099.690594617,7956742.895479934,9655689.791278748,5313123.78675329,8060335.758651349,3982668.5176032907,7243513.5140403975,8339779.179249091,8665341.672157979,7445382.2846943075,71435677.090503
9379643.352815133,2752100.202767829,2384348.552425657,9886816.366179712,11563673.802461516,8469102.192105291,3104935.375934919,2974758.872194777,4742980.610709685,3819297.235834713,59077656.56342923
7980449.995941975,4349460.838132299,6073217.210321935,4810221.290466322,7730684.509333299,1361190.9235301244,6448690.488486215,6480491.241947218,10479610.843682181,6142057.156713384,61856074.498554945
7466549.14235616,8718129.320600323,5851106.60673919,7889025.05748452,8432788.5848609,1852385.9280744665,8611996.440065065,5119117.962339147,5804802.804743692,4462536.472028886,64208438.31929235
8194658.909586269,9743147.542516973,5718541.115419946,5541788.003281554,9399232.258282011,5627926.822333014,5652366.1852267,7470136.246649132,3515221.9786918643,3644997.25041878,64508016.31240625
8231524.1198515985,6782532.9648441905,4296483.066412834,2193109.953760325,6177780.336361771,7404761.225978357,6505181.416660298,8111112.16715408,6499806.221342462,9149861.907873219,65352153.380239144
13366950.813017404,3491337.7838180913,5168317.56684398,3785727.7100243974,5705130.488061836,3039322.50496858,3482325.333222088,6682549.059471601,6913967.933949718,6646952.853895474,58282582.04727316
9481521.640945194,4322338.67068564,8970135.692925826,7438638.914881317,8741737.563872484,4210898.2501679845,4557054.807770007,3101446.5015026,8924347.856556809,6388032.450784872,66136152.35009273
2953440.731565418,7243985.606658752,4551656.739039606,1395132.8648532778,4499939.405581549,8404166.443282451,4799319.298820855,8786161.122889046,7777932.338048179,6017504.621297258,56429239.17203638
7002072.298688317,7652976.894681511,10833060.495690485,8023989.571805722,9953013.918371094,5436629.491930551,7657429.978112684,1468872.7828966847,8721761.753557334,6096067.112391333,72845874.29812571
