318090274930.774,299699270415.6137,318565495101.05597,306993715242.44977,308565362995.38904,298761052998.0238,293852791549.00946,285811103441.342,299291877944.129,280467735759.02765,3010098680376.8145
6493769.579963295,5747600.6163492445,2357464.3322820845,7436322.834117207,7871016.869121046,7664232.042482431,7121410.094001461,7541064.492314039,4030936.913915636,7041078.990809118,63304896.765355565
1880252.2597508957,1194172.9660939293,6324290.127751454,7087796.808180579,2052771.2798464596,443548.0500732612,2766270.2528590956,8328644.474038249,6647764.09133229,3375260.9952705503,40100771.30519676
1917895.1292036485,4247142.935975646,1023289.0399013361,6978815.303568325,4275132.22535387,89557.77837099295,5056829.192844175,3065269.9155431525,192569.32669823573,4695180.996806995,31541681.844266374
1961413.801288158,5431857.344638928,4594178.387746184,5620202.3700938625,6397612.5175526785,443893.35971738864,5121277.465494396,2998945.4651185414,258715.88245103366,5175547.881036033,38003644.475137204
2023431.681413131,6572735.7305221455,7029366.017952153,7893757.397400691,329585.5857519194,101920.83704681914,2310863.3186216033,3079552.699924757,3851845.373259724,3964361.7139962087,37157420.35588915
2029625.074508499,2181867.88384839,3223801.8887049784,108195.05729964112,1729025.4968190396,317954.1110885718,2554547.25656867,3034326.251453709,1140266.6032063323,6116279.712946168,22435889.336443998
1982911.378136551,4851210.03548433,11130358.338033186,11513956.992896771,5572312.43457128,434105.42003896734,4557413.393619422,3019510.851049599,9789258.683949124,6987145.777842859,59838183.30562209
2539289.27359656,4807531.574988293,9310268.57228674,1246527.6363793625,1241307.643412786,456803.5482909055,7043850.502674408,2954726.2532270015,11538961.12170629,6785357.87792765,47924624.00449
2875888.600811596,4997253.924791603,4519956.555452175,2513478.066108969,2827617.691596314,340331.62400710664,2883725.1297884984,3565631.754757402,6044539.163272754,9528788.30059519,40097210.811181605
7237011.204874334,5444170.665321868,8021878.281543276,7592276.15055025,4519771.904840188,1179536.1090142496,7056444.371713406,3699572.2881499245,8338027.722287302,2882974.8034176594,55971663.501712464
8253094.97737292,5112219.790305802,3429824.284633474,2840472.1959460927,8450783.956656309,5152662.156588485,1679713.3159692937,2007954.829055399,9939643.444167541,7874002.107736064,54740371.05843139
4300188.809941642,2111039.8417752436,7413083.762468637,5402559.789925659,1231611.0892330215,5556231.986931974,5560968.222849135,6515657.386297584,3913581.161200238,7702031.443041413,49706953.49366455
5560892.290512802,7372687.984534503,11142804.51907022,8306122.439475806,4032817.4915511175,6706597.742619175,3775220.1709455675,3121504.041396574,10411477.95616264,4460417.049994639,64890541.68626304
6929878.473374348,1487688.536727614,4823442.249752754,4010118.5766742397,6316187.617573127,7424197.52766175,4145833.6231217566,7976304.711513893,5156782.952331786,4637402.6505945,52907836.91932577
7114788.290007725,1167292.759518993,8853172.656568589,9166321.536976535,7482230.047321851,4191357.3884577607,3473654.7621359625,1908882.1287169324,4650872.299931912,5641704.853862622,53650276.72349888
7140373.430022245,4494397.179605664,1856540.0545416088,7040375.82412951,5499450.478040044,6932966.365272193,5167977.240216593,5967963.387369555,7197797.700764954,5881578.213873353,57179419.87383573
5304254.0277495105,6595142.215502926,6864066.219140005,8371305.293165539,6659021.378124121,7439362.855416689,6008442.786369988,3074261.000569921,9463825.402730405,5294286.722728824,65073967.90149792
2418667.654225204,4138184.971288982,6913541.520353419,5810745.167505835,5377257.810948989,7102722.032216667,3119117.87186583,5045587.541846807,9487099.600404333,7772305.681024612,57185229.85168068
8526026.795995422,10619225.867860438,2990015.7332324316,8030734.094938004,7662787.985279053,4854457.89423276,1314542.5486577798,7273350.653389881,2799589.079897792,2374591.41046174,56445322.06394529
3027446.8267449555,3190423.740511171,7220876.116651204,4234564.100368488,4496205.03351781,9287962.68503575,7930047.667468381,9348610.56103384,8028217.556491533,2380768.3423680207,59145122.630191155
12513230.855415897,8482082.104398957,2312363.5195070296,9487313.109383835,7661144.956281082,3382324.844640644,2009102.737722701,7950236.720709173,2877137.576070965,6645376.772861572,63320313.19699185
7306658.274305513,1716992.914616593,7549330.902113112,2329268.762473058,4535272.364940476,5210650.075261086,4306542.121937255,6003952.067166765,6006650.292832416,7668915.3844737,52634233.160119966
3907243.1341762207,7793730.54565988,891854.4853941343,5991843.023313829,7189720.226656817,7755960.79570054,6336272.2262636,8109028.850809693,8350821.407003681,2819940.7441651565,59146415.43914355
9935030.16408285,2776071.94607696,4329896.720208214,2729856.0738401264,3636689.0807451247,8476777.372638484,4517768.879623064,3697560.8090063273,3350273.3216269324,4012639.1615581163,47462563.52940619
5511675.416080097,3512382.168622571,8783668.190877305,5269192.591554611,5999455.428690897,4264745.801960243,1014884.5525743753,4645391.733769572,3639359.922688327,5568091.220533176,48208847.02735118
8045964.406295112,4831730.033301416,14023839.906196821,8201200.530823049,3668612.9296124857,5667834.088287088,3533805.2487173337,6308749.508022691,5971345.525652735,7715401.183910694,67968483.36081943
4075912.2830488198,6077965.254926562,10824775.252652146,6833890.352644247,5676227.509060488,4931187.517593838,6269986.252082369,3212788.140117712,4317489.653074768,7194229.745589996,59414451.96079095
4539012.259696894,3192527.58689991,11477032.229645342,10450431.503366688,6997215.372402658,3120306.6022011465,7079892.047169504,3200714.128521759,7288274.340042678,7300885.882359716,64646291.9523063
7407254.097429353,7701971.277747952,7782350.733577441,5332803.523265914,4978401.919719749,6317816.909747947,1246705.2343472177,6426389.750475318,3089544.0287035066,5163736.348475488,55446973.823489875
3075491.7506164364,8463639.606437592,5477591.741811758,13243237.636016151,7971131.109058658,7517161.350984648,7529687.959944149,8963748.66199383,8903188.27018938,6771778.208870996,77916656.29592359
7221591.88952625,2611568.9942461215,10707684.134995034,3899901.945976995,5107741.489287182,2749793.873550092,1552020.4366453704,5922882.347208904,2267688.362931946,8159367.429604382,50200240.903972276
2237102.5412823604,6489521.193469089,4222047.716556744,10511057.508756524,8260570.699539331,7100383.67737285,2969612.9798397804,9092183.352786435,7176962.587969274,3328914.198578084,61388356.456150465
6229503.288513401,2538694.6886699703,5654935.345702104,9422525.886942785,4422147.918910392,8571705.77268269,5358329.797136573,8524975.994345624,3214438.7326036035,7486674.203045929,61423931.62855306
6532164.197497147,7583566.783237908,7983348.971411748,7604423.407541818,7061375.038319583,4171167.9488917077,3587821.2232148284,4339006.491396115,4040386.342335537,6182449.585813959,59085709.98966035
5242712.477920982,7776623.387563953,9096983.179294582,7682208.804030461,5585378.5846030265,6004806.274936822,5983821.21230903,6115467.987383502,4084452.457379576,3084223.3363469825,60656677.70176892
11463142.610511478,4407708.446900575,6623276.373882288,5122581.97418567,3865127.9099034285,6295318.38653383,4716363.523415808,3266599.0531674423,2676222.303880315,4619920.63444857,53056261.216829404
8004183.9897175,9257487.82448328,5182654.250671662,6318898.8739469815,5032341.246473837,6972657.264920551,5450566.226617701,6802078.014177086,5665575.541755901,4561790.875684361,63248234.10844885
6585847.28155919,3297576.635812112,8417711.245880308,6215116.0627348535,2711239.1308710845,4325939.377388645,7171192.0696217865,8041435.641119106,6235395.876082671,6762549.359891098,59764002.680960864
6202303.823505277,5039797.192727568,7399349.380503532,7796926.094160605,5520215.21216512,6843562.355809443,6904307.76582001,2259096.236006979,7885789.506063388,2599439.3910014704,58450786.957763396
8439571.084480211,6362769.776568249,9058785.210471407,3034284.6321150274,9819019.781443011,1889311.919034208,9803006.2003507,5340015.327598458,9360759.436096283,7410695.50644999,70518218.87460753
1234452.9281932027,6530173.067887893,10931416.22355247,8653022.15346194,6009591.863360584,6432266.507677795,9479669.142780537,7701858.522251105,10415428.869487606,2666376.760852965,70054256.0395061
4805661.246062025,8246458.107712684,5823812.41718599,2605513.785898694,7907103.292918802,7231773.060058399,7628797.637253452,6567499.694535985,11955968.598429931,7415867.622998779,70188455.46305473
10103910.003616717,4503950.355178522,8331122.242226517,8424265.32181028,2363425.2443087017,2112934.368813884,2049584.7107844856,15395538.625278767,10651567.17683563,6638888.882832834,70575186.93168634
5273678.031296782,8002742.38535044,3283058.1046545203,9881984.088764545,6654849.225488142,7642434.465418833,2926844.7485770825,5432477.636733532,5151524.973631658,3072463.5023500356,57322057.16226556
4738800.705777441,5545591.250792359,7354921.69727588,6407772.557690135,8535570.851660643,9013192.84997054,7462037.49715045,8470836.522982521,6919843.50805569,6826276.565592447,71274844.00694811
7245028.558794646,7204871.85341596,3300480.562405795,8370934.936367422,4552302.148874107,5479513.17663656,6861276.435871013,4771349.443459296,7668508.428610911,3883308.5683373213,59337574.11277303
6380539.358096553,4775210.458912006,5120963.211585355,6556726.078558429,4146036.5780787026,4710651.258659242,5744213.932510982,3769871.953451168,5253832.800517586,2385359.7879326507,48843405.41830267
7316373.625168007,3677318.191538735,3001151.3270737072,8398390.671633786,5971241.298626387,6289174.123186583,4745079.772837338,5338668.266678438,7384574.299756969,6903062.961164879,59025034.53766482
3767378.005164544,7976532.065045873,8587391.954465838,6573786.322417051,6756711.719484581,6668582.752320024,7254172.254006028,7412237.987375053,6024221.412407825,6287434.9507160615,67308449.42340288
3730484.7425732664,2300243.1193337934,10044087.339356503,7718545.50555986,1655571.0453878518,6732301.927269617,10330824.476781923,9101062.212107737,7320420.645271626,4996795.566083415,63930336.57972559
7949056.657942833,2743259.5672593843,1071839.235209598,1340021.6728167657,3694321.9633839517,6229062.668537204,3814900.800716508,6848190.463586936,2568973.3281956953,8292645.6061428385,44552271.96379172
2689693.410994694,4652820.001747507,7713734.928605684,1602352.0528365776,4999575.561558982,7485392.3418443445,14291987.612647122,5733875.397126999,7224262.842633638,4041742.65364975,60435436.8036453
8940589.442099683,8223139.976870589,9167965.01110175,5624235.039075237,10240301.278887913,5861382.370438459,2742911.5277648936,8444949.89342802,10409279.552235778,10137241.220383085,79791995.31228542
9673619.274553334,2036292.456922177,4912194.56908161,7248328.05904611,4543668.192334027,8511944.572371779,6455831.7918750355,3517622.5563842948,5856044.865329735,1864313.2083040369,54619859.546202146
8960739.748240579,6920955.0527686905,8640064.75435443,7637955.222481111,6282007.959252754,4980183.695788732,7708384.813836039,4121883.002404752,7358114.702350586,5666217.724063794,68276506.67554146
3622252.312171717,2084022.8817839606,4124199.758390914,4084635.709183844,10265457.587960556,7234581.264306177,3509236.504921354,7016218.554242797,9970371.228703702,6201185.161905982,58112160.963571
5843891.920114632,4213831.647451172,8488187.041422985,4319282.954237451,6691053.246852838,8681734.595952248,8740966.342914753,4321501.258482061,7023631.076504896,2469163.686161375,60793243.77009441
5415894.78144496,7021827.829102894,7322185.652900133,4176653.9990928276,8771296.485086964,6151133.224615554,3045444.8930436256,5917262.517560715,7030303.067020282,3480490.357993593,58332492.807861544
5247760.437985177,6725535.288426543,6807321.516176508,5300513.235812175,9047273.310737992,6622781.589157527,7253494.668743312,2918868.080167072,3825668.7534904266,6254421.189927279,60003638.07062401
6914448.4786952045,5820745.473381096,8979893.316218624,2081817.5057333293,6762325.201016783,7115414.5946094645,4594148.711866204,4275538.989838204,7343062.736809117,7067393.451246047,60954788.45941408
7491713.09993329,6444063.191658617,4609879.995019328,6708030.798612525,8878972.72185245,1906416.9611406166,4921470.63264842,7156013.111129775,5795472.205870233,3154961.2133394806,57066993.93120473
10218950.028264526,7524577.652581706,8422421.069530182,1321084.550210326,2499034.318932626,1851039.6110626631,8589138.24399172,3283885.0590681992,8529318.672625128,2905374.001832644,55144823.208099715
1355962.98765987,2063731.3838948498,2784034.031510108,6126165.279980354,7796989.490035031,4791852.344749139,7496455.807727093,7047463.213774139,10434179.24719031,9632193.028869862,59529026.81539075
7537951.673866952,4817954.734028981,6692466.746591722,8318982.953769309,3317481.0934555684,6419619.525263739,7811392.48061358,1794705.369401615,6225043.461568565,3546100.520538076,56481698.55909811
3185871.287082728,6069299.903334854,3033291.767847096,3435068.7751534455,8581206.33452304,7864238.007425681,2953090.2232775916,6261113.075954785,5283714.289213307,8593463.284138557,55260356.94795109
7984951.063544531,2928665.512045736,3754013.040231177,8340596.3233620925,8609403.707513649,7087560.813503815,5050581.443123552,5686730.261863889,7858921.585488205,8625576.642211754,65927000.3928884
9137767.632305862,6025225.436552229,8013799.290800927,8862264.923681088,4778353.315440416,7142274.640194203,4565220.862317528,3596152.4553535758,5603690.065035963,5633383.287952324,63358131.909634106
3787713.254431846,8856239.533699144,8817565.110072993,7599067.0855244445,8348868.054584345,4513203.285594366,8415681.914140178,6962557.006361298,7687437.620564802,5974770.52387855,70963103.38885197
5141952.520600775,5395688.643231304,9148324.927672204,7970880.933937503,8570566.237733243,6972710.0181576125,5519307.271692019,7361586.694557312,8022652.2250325605,7443438.533229203,71547108.00584374
8128299.241719896,5579783.114415958,9836095.506213615,8100806.094788255,4132574.7097117314,4310418.801624784,6024611.526317849,8143216.651486048,8889440.987583766,8371372.702546528,71516619.33640842
3760214.7437751405,7683128.323816917,8021691.518951272,8155724.640051184,5921857.74701901,6767712.516526305,2184823.5723527963,8905015.606963787,8646787.5404924,2321108.5771271824,62368064.78707599
4059165.3151234896,6121138.433422396,9452563.609014561,7733094.461529332,9173330.117002184,8727068.234862378,7869481.077067739,8424853.889531104,5756164.648351795,3286785.6734310132,70603645.459336
7882079.56221527,7425623.396963349,7876974.243371822,5974071.041542154,5683115.940639538,1016757.032463803,1438169.9473992193,9765868.08855764,5564990.265018446,6904361.822281419,59532011.34045266
7622081.5605318025,6084401.651348791,8878270.2410634,8286144.590477169,8989094.584710285,4395830.494517503,6510521.6538718715,9056742.332240013,8303530.408486652,1747919.2022185498,69874536.71946605
2068403.78710825,12666740.228276197,8399064.696588315,6034449.541832904,2515989.81526978,7728244.217749258,7882155.035630185,7295902.132031254,7769983.55014963,5730244.720083262,68091177.72471903
4677469.626159553,2884785.650749382,5048460.789028286,7275160.93153547,4754092.002140069,9154609.104178188,3434749.941102621,7391064.853259455,8513754.382700607,7777117.079838585,60911264.36069223
5752441.0270377435,4374503.5137991635,7489452.163610762,8082969.207731076,7968198.3550555175,4364258.238653306,5932132.210174215,4681632.628504746,4260202.778229617,3861061.4130775942,56766851.53587374
6523531.218872138,5269174.822000299,5028731.543849125,6471212.344047903,10433399.784582473,8046684.124338573,4559947.478273749,6548137.671426139,2477437.933343632,6381829.0241487175,61740085.94488275
4139229.062393141,4420218.322971075,6195647.062517225,6870262.916606102,10812281.15858867,6856088.459718417,5894835.296955027,4833399.083571003,4336173.921834293,4669204.301380145,59027339.58653509
5774177.990106544,6399766.946538282,10209108.145324573,5799742.53358089,9540845.519430663,6242134.561938123,6494737.429276627,7852776.615393215,8422597.626731353,7430727.032628948,74166614.40094921
8968362.134909766,9093010.01951252,8210821.964901792,8163666.710328485,9792481.102929788,7838173.3102731,7338842.330727855,3067399.6683337456,10006654.626993999,3384727.0046978695,75864138.87360892
7179822.89334748,8205153.5264122,10466428.302481376,3085826.0428615194,8530512.094581326,5619023.782388728,8588478.202839838,7512368.700777806,6812035.597893323,5373041.450176498,71372690.59376009
10986159.435102237,8677527.612265,12735822.924751546,9192854.04443536,12009412.533454787,7707554.982166397,1813668.995331647,7565421.3845690675,8865313.623616941,6819909.098271413,86373644.6339644
1998077.9781227685,8508677.143641416,10247699.180761402,1772804.9117899435,10957981.66841449,1710730.0425431686,4376169.457078752,6814318.268852087,2051039.7159825251,9297463.70001822,57734962.06720477
3629034.5899771946,2791290.2298121927,2576991.845305233,2747039.400768909,8445349.391107613,5103260.746992574,8812737.759986768,7037649.45946681,6777883.156946196,3634035.475346339,51555272.05570983
7013482.3206589,3868174.5396565003,5654525.6726002665,7656448.941203234,10074799.886820083,7231548.987636144,8695673.372667035,5145404.755420371,8662870.805260614,5924491.686333153,69927420.9682563
4195054.856014563,4982912.505523737,8298635.38055877,4006525.5260367026,9101643.629084237,4797051.546130103,11548530.22940091,4724489.583381178,5016120.447003321,7539355.982078995,64210319.68521251
5227017.126714719,7722970.85922855,8659189.748156058,5437987.448006139,8901635.422907485,8285873.335188509,4601727.485530366,4820185.243794042,5102644.465908254,4633592.072591147,63392823.20802527
9487456.476838425,8472357.839731239,7916154.149597384,2745738.7151140277,6670294.873490576,4892720.237487493,4506921.446180548,5019811.425402836,6694336.348671259,6898773.018264613,63304564.53077839
9439594.964062879,3652164.9262189516,4474569.712571634,8613234.911357155,5872192.835243061,7096726.4773294395,7540277.620151696,8271009.033812021,6857826.817384638,3095515.1506555504,64913112.44878703
4092011.0265252767,7150298.145082736,6400622.881529406,7917464.211409265,6084031.278129755,1604263.107160798,7376494.815614701,3222671.062153391,6414256.086637093,8895106.39363208,59157219.007874504
7491077.028584153,11369815.4001482,12109492.428795781,4402731.283043363,7316501.636562035,1690717.9525367562,4589438.540674502,7555435.4945496535,8049494.697100861,7624685.5773892915,72199390.03938459
1440960.792829982,3085520.5590082114,3577376.776692024,10117378.301099977,4903058.06847853,10225109.165304562,12338090.751044374,972908.1679781511,3657541.4728524373,4493673.375100339,54811617.43038859
8763464.808058111,5630730.817401988,7825843.201100995,3399510.4189857524,5615493.76239971,3702472.734594463,9868723.303980913,9587959.98369391,6402721.215460259,7409115.488644756,68206035.73432085
7450750.937553365,8459969.319621447,10305130.71393117,4396246.927997065,7400965.176930453,9570263.920877598,3927598.907992922,9359524.57941389,7662734.64110886,3200379.5824783496,71733564.70790511
4101335.9942159518,3821511.183820599,4007792.4953791127,7597660.605570962,7454103.938990168,10018529.487404566,7786150.016261622,4252535.651167122,8337186.94034485,8291760.951792551,65668567.26494751
5322986.285982715,5391181.58393272,5596047.3606115645,10419003.927016437,8275284.679503827,4690855.568576012,6106270.504797149,4963859.9522762075,5144505.775371319,5778093.392797259,61688089.03086521
5785446.4884173125,10750684.699885007,8229991.434016411,2901112.4845416546,5220604.7636012165,7868175.337551358,5317927.778078545,5896704.785725646,10695978.560814288,2906629.7087144903,65573256.04134593
5342479.960743967,8971229.981296822,9636152.631516788,5880017.932765484,6156999.029138716,8732474.736506002,2793307.340838588,3816687.747810716,4764701.925638535,7474346.522983593,63568397.80923921
7430168.281442521,8254245.278894517,7772674.807368843,8492298.61786007,7617029.48181092,7408771.024537179,9541196.15259106,2383481.687683099,7390552.531959929,3322365.591681369,69612783.45582952
3468064.098977785,7194050.378812835,8374577.783085989,3034989.8774836105,4521482.935834745,2178903.960821524,3105528.620699625,4918257.276562787,3347327.8896123534,6066906.888391284,46210089.71028254
6218789.828900428,8050207.936413839,6741765.351843377,3960043.131247634,4799315.9043549355,7857142.061948678,8000012.617250451,6166375.645904595,7107858.71747772,7588845.283508711,66490356.47885037
6974176.8467861945,1930664.3994154178,8498900.328963557,4456446.934495033,8474621.419809526,8360032.508202703,2674971.8834756794,8029044.701202956,8492648.170139488,5608969.730977009,63500476.923467554
9032904.71442713,7312240.218334886,5173926.809055401,6347804.633750485,4964881.790831827,6066942.346659337,8623442.26038949,8289172.991468543,4417269.602815116,7723920.085275912,67952505.45300813
10179829.272318408,6442141.676208892,9436925.826430634,8327443.939596856,4409710.119234464,6971374.930744377,9002411.390818229,5990278.95310102,5617130.41359382,8563462.83363102,74940709.35567772
4901890.182875301,3005073.253381656,14249856.9229889,2365553.552141181,5955943.430828499,3764153.99229602,5970177.650219912,9747371.74385896,10839920.600662328,5145737.289060293,65945678.61831305
8193187.167222774,7538243.189789233,8138962.266169465,7112574.315623911,5514948.044271419,3061281.971664242,8028318.6060295785,6591957.191500219,9421613.849416094,3532348.0593412286,67133434.66102816
7642020.653331906,3777303.3483901187,7319693.398389961,7375900.025792789,4346667.702537177,6235347.317549931,8260327.744197605,11651356.77904161,9250729.826580903,6280192.17882349,72139538.9746355
9077061.864417609,3059299.0442200964,3716692.9250826156,3940670.348775816,3721338.457386084,7589246.560630303,5308084.992696685,6922125.568717961,9567022.928200403,2336737.668280319,55238280.35840789
6304198.369679104,7555279.809641487,8784330.57104013,9053407.377785027,8574054.604862114,3917121.8215678367,9172745.25665638,9485829.393771108,1073018.480144371,3996949.4667164274,67916935.15186399
9260318.519621013,10066445.927557357,10061054.110737445,2208318.248482734,3338983.974861603,5210140.81088281,9898950.551138947,1381304.911689187,5901170.242426263,7513921.923105247,64840609.22050259
1614210.5560128377,7325689.876872427,6461704.126164842,7696399.394297902,5328411.755077296,7981204.070646259,2048358.123314697,3021914.3530775704,8740394.246563256,4984641.905145084,55202928.407172166
8134420.786036018,8543098.739079522,9217920.23688524,8675399.55772696,6199379.172824751,3102543.887078851,7040584.426182268,4604533.069143855,3964727.303820759,2487149.8315273854,61969757.010305606
10181995.443554584,4800604.013905022,4227870.029805333,6102351.301899043,8223743.548022483,6276974.49912991,5374797.386065632,6348192.724963783,8198119.2046026,5559101.761783377,65293749.91373177
9472979.880079476,4906803.196193238,6529865.937762821,8741178.284288086,8011328.915696364,8064990.475008512,3703157.992314707,10575722.656086683,8318039.0105156535,8038423.581748386,76362489.92969392
8481976.240837589,6366605.100715425,11790911.706835538,4354069.086391091,4488637.619346185,5379843.96437283,5416789.662525352,13523749.398888042,8279070.49567515,5519680.156008509,73601333.43159571
5361391.287887588,8894214.331301292,13976549.099507779,4347165.431664051,4480579.684590506,5637379.309407843,2985845.153865041,8785562.544688912,2890819.250605539,4652563.532083711,62012069.62560226
6121540.86784828,7159890.408844012,8479096.551200535,5007823.357409799,5948376.94553674,5175790.916752684,5963525.198320018,5783257.41580951,5199478.451457237,6200245.364485365,61039025.47766418
7559583.101467311,3210136.000121886,7817709.249316526,7115671.268718587,7328052.016927444,7669554.416581904,9659060.20787166,9410643.367370317,5925186.441803539,4104887.0399565934,69800483.11013576
3018165.2996308557,4675578.112630033,2830929.886956324,2606986.358659139,4615447.657743062,5715419.184169808,3773250.4629503083,2436556.139425125,8089628.908131487,6164712.864814199,43926674.87511034
6728873.55111373,12373080.663926912,3648057.1634768476,5418812.737366959,10294019.226727085,8227757.212909463,7755710.643162425,2372083.032461136,3814395.97159757,8395803.138398891,69028593.34114102
10973777.676133143,4265436.513730531,6359987.348116777,10400386.840339782,1918568.7446952846,5937877.455633049,7122765.996595327,7761309.610182973,8599404.191900514,1491719.3724178555,64831233.74974523
5087042.224496374,4274987.6742050955,9142666.621959634,5000785.294815748,7310664.946713997,8200183.999660311,2215571.310540874,2808774.0731717395,3358314.658476822,4110132.931698768,51509123.73573937
6690934.392042516,7464274.509891369,11819821.826295422,9534089.470094495,10084073.59763943,3115199.3978702114,7782346.77287187,5614209.997088174,7261679.955824981,7438642.490004738,76805272.40962319
8193688.043185405,4288019.654955577,6513244.180103248,3820671.1258143135,6061882.422569433,5988038.404417819,4189685.176979926,6498655.93524427,8933332.189253138,4618222.19269452,59105439.32521766
5810265.6731312405,5827764.722981723,7678909.156813113,5588076.223066586,7554561.104233879,4208435.548473697,9359034.058732484,8417955.6532806,6396496.191328531,7259606.240633445,68101104.5726753
8042463.247615794,1389011.4206087766,11588701.50607288,4568689.664168685,5918248.0592904445,10672018.830619955,9763211.153787088,5412173.237739315,5990357.386489744,4711884.580403358,68056759.08679605
3878625.4625203586,2139617.5435789325,10720115.305107115,3901784.7034563753,5336785.334829041,8921169.691059629,7830623.954164929,3776228.2841314245,7486146.359258708,1082612.295917495,55073708.934024006
2480318.543903948,4490694.368798171,2986851.5728244903,6252045.896938486,8222956.740715813,5602180.677774992,8478590.344926622,593309.9196801214,8060373.454981846,8079329.009653146,55246650.530197635
5537388.279310701,5482975.994141629,7229984.508666268,7964930.818284874,6091310.841705479,14423768.047531065,6237617.144475494,5824784.041033808,7054749.027743042,3040205.147741746,68887713.8506341
1466337.3778258467,6583529.784503923,985436.968393995,665301.3814546299,8251299.382748423,11428030.777361406,6950745.894100177,7204181.063197017,8750562.47519835,3125333.9437283226,55410759.048512086
5400796.585304454,5114312.996455898,3153413.418974917,6993126.219740924,2365310.5420522,10774386.680865657,6855235.20640769,5601449.597105144,1848588.0741617014,4774142.522771275,52880761.84383986
10324578.543593286,6562929.245318536,8606712.3752789,9461522.083756335,8397050.915584475,3579063.916400597,8598899.860725963,8222197.56872525,7660779.861582842,7520067.743967859,78933802.11493404
10720886.941799553,2473829.3359163487,3835811.648443048,3361186.1613392048,10282999.88485794,7463864.6769264825,7464265.349071595,3649880.0181154218,8007359.722881526,3633539.5025017937,60893623.24185291
4083062.7851966256,5731227.960013619,8489128.454611145,6349734.138537134,9785278.279332096,4238406.106664639,4607047.377739923,8847661.837208536,4512497.952010614,10875704.355231216,67519749.24654555
7012502.583158713,8424000.56182375,5668091.110333921,2978448.3716081292,6303322.670087386,6610298.214696467,4893255.365112736,6192752.006903695,6800315.1781586865,4530470.321727221,59413456.3836107
4024743.549484404,10612453.890999993,9280421.45577726,6115080.344827244,5268159.642821672,4853982.660610708,4351283.902215442,2645354.529981485,9952486.006140174,5951657.668442468,63055623.65130084
6282715.119150821,6723834.721772353,9540959.010674149,5994141.9745618515,6182250.25513755,5927210.308846264,3782226.096348137,5912205.470439372,7478923.569626534,5732033.037559459,63556499.56411649
2154090.2678481992,7301890.634507648,7799745.44201065,7294376.682615115,2007964.0677506155,6228035.622521052,4158549.890590619,4287855.627372993,8902434.090450333,5685551.683159339,55820494.00882656
1077123.542226017,2540655.0546858315,5783809.860477541,8202468.908860062,7057766.911132482,6583295.136333323,7772814.188747545,4618710.724620224,4705365.727462849,7199065.86084863,55541075.9153945
4628182.6403479315,2453850.5250765607,7460061.817481701,7347318.838082002,8985436.34372321,9348800.156468151,10809549.417668665,5297911.540714504,10113076.20214533,2705179.9978402383,69149367.47954829
11369377.253163604,7998286.813125433,10956319.639831966,9090346.295644186,7627374.277031745,7860814.418564207,1013079.0754883002,7020984.267241502,1417517.0980619995,11274652.090769367,75628751.22892231
4400058.515662652,10260908.099246565,3050300.8618669026,3603701.354483614,9898571.013579715,2014604.725333978,6871674.087700333,2203089.003337567,2832528.3813180053,2129218.2793519357,47264654.32188127
5437897.393290619,7231850.094615604,3234725.1924507264,3260175.4070504415,2903179.0759944916,7027258.740437755,8815761.092791153,3684006.268576242,8328144.541393926,4607636.0697627915,54530633.876363754
7237010.739777598,8019307.102848265,7417000.775563689,5816707.537963439,6665656.264368034,8822956.716560673,3194692.3840826494,4736785.452498993,4431633.200943581,10164527.266781263,66506277.44138819
3660300.8051451906,4203679.789653345,3735246.112586337,3762779.892980372,6791941.904143801,8401718.90211105,7668149.733744779,5523585.041421474,6895507.760542925,9577896.907913731,60220806.850243
7400562.615923484,6249400.878819092,6895922.685794342,5219716.141852042,7465418.391245503,6546209.015180499,8490614.474585062,2180104.4939247468,7164933.7572329175,6000850.570226228,63613733.024783924
6776559.9274744,6277721.651268604,7551650.351483494,6657442.066234538,5788524.390019424,8467560.916811543,7338409.452944055,5206850.488738701,3715757.6199858366,4124027.85357137,61904504.71853196
7446052.180500624,6052329.85932859,6127184.367424108,6954508.65418693,7358273.346159608,10154491.042656228,2804310.889010999,2552840.8206542684,4927449.532994546,5591932.056993384,59969372.74990928
4362661.563593002,7100252.474125023,8667194.41022363,5983331.403464551,5802770.172186311,8943363.337578949,2224873.915644857,2769937.101223885,11803069.621717915,5022857.543571049,62680311.54332917
6381439.506576064,7152690.127696011,1571827.2717422717,4931938.188586379,3776872.7168017947,3253379.316942049,8065205.147303689,7185905.476728471,2889829.3244665116,7320601.38012141,52529688.45696466
8584653.756584056,9854378.836241087,5351078.380604002,7472820.207440995,7741875.800969938,4483163.60337537,9847684.838246701,8235929.5004927395,10796950.423959278,1107858.4464732534,73476393.79438742
1775935.379507334,9358052.8273056,8114189.356391989,3239200.1602110085,1752331.664683864,8377068.040098349,3811958.3804773185,2065282.2284661906,3043478.409631945,4971073.016506684,46508569.46328028
9872010.218329879,8883804.073617833,8854556.103054337,6081588.476402168,3469964.803912403,3902573.9250254347,8707107.050640462,4232312.919071479,8149876.105129691,6772291.974250605,68926085.64943428
8471679.429784315,4692958.523034878,4543616.4740081355,8416505.645636523,3964697.804901312,7317730.304703494,4543284.169706925,6351904.357146897,4934628.962409962,3562288.220359087,56799293.89169152
4889895.520067227,7921569.752107431,9685191.912238436,10222999.479585333,7067970.54095512,5754882.891279178,6435429.074627554,3933047.6549776183,6132411.0807378795,3725679.758611419,65769077.665187195
5106681.2585329395,6353459.494550016,5529330.659721437,10070048.63719585,4924983.348094385,6592665.1349404175,4928669.285671767,4840287.599168279,9220439.113290664,4677644.172976593,62244208.70414234
8435241.303265098,6901206.455785002,2165926.0108237183,8221889.300408294,3679950.595087506,6400128.5549279675,6881517.1965143755,6334411.168061921,6460337.96987316,7468965.718004551,62949574.2727516
8621533.40271265,7689140.008441818,4561614.796921806,4791155.880658697,6395590.254072646,6856213.688152459,8592795.549058829,3298973.600977532,3621865.6826409237,3417397.253550112,57846280.11718748
7792701.414377717,7940369.58891578,8023615.14856281,4906175.065099789,7354811.455677278,8342036.696122964,3874707.647254169,2991126.0266460967,8736450.974157088,5392029.945435737,65354023.962249435
5879111.777274743,5254793.505501973,9601446.855421761,9321883.129817694,8063777.838467713,2436252.3020387813,4272142.553669046,7176788.633821714,799812.322010725,8557844.701462368,61363853.61948652
8843273.12977076,7720766.825988666,8439812.289588595,10088903.44560506,9572834.813885462,5999160.413083462,4917504.971250834,10187003.771187298,5812375.520075423,2567081.218975053,74148716.3994106
10283121.713121379,6548305.368929103,11330349.80517263,9663105.648895977,4561634.058516774,6086679.606655912,10032442.70960255,2714066.946227286,8420292.502719516,3353405.4910503197,72993403.85089144
4034084.305195342,9021329.749723684,5392611.018657823,10033496.02282738,7910126.86963017,9812139.578110114,6469482.340060629,3457712.7795289652,2921402.91806,4640086.403779085,63692471.98557319
7484103.620736584,6819384.17962923,9857682.649972955,8577881.285650445,10786716.39256435,6916882.555430087,2935134.762613126,4845340.283323654,6867186.508188322,8187980.783396829,73278293.02150558
7528344.988835255,9815689.996257562,9528251.032011647,9645446.922943318,9299575.361679383,8005208.848478182,4718220.03973903,3735817.0927778212,6767071.828480644,5208807.421357413,74252433.53256024
5534385.062602551,4372880.712102589,7932305.751771374,6730609.511295679,8240501.235271111,9698876.13175442,3704802.540682735,5654500.322733993,5300918.730652031,6675465.445843777,63845245.44471026
4069731.3490925687,5823302.839969147,4638757.343293261,3076673.9431854407,7430712.678240569,10370630.172436966,7321534.038385871,5549808.46529363,2555019.8026970457,5148662.255057068,55984832.88765157
8974564.585538594,6215250.296749106,6885442.106862787,1734281.5079628823,3281905.326286818,8026236.069891281,2701587.3387031606,1883849.3925772838,7699952.642980115,6908146.585374342,54311215.85292637
1423843.9236868385,7160123.348125829,1982630.3642172068,6841521.445841445,6088201.954490898,12906785.317997124,2552494.605770696,4880216.519378792,7503861.339836668,1387428.4985623995,52727107.31790789
8765693.779650552,7508616.344567628,3946939.0702679274,9484172.093129,9824627.370764952,8312518.557818689,3746016.8049563314,8881473.412318224,9424685.954848116,2513685.364964469,72408428.75328588
1144791.8992813136,6546776.115205426,11329520.051331652,6133082.7445168,5093535.882914922,1653349.3918873065,9374619.275889419,4973741.811639963,12208008.565346597,4204325.817388843,62661751.55540224
7031504.705590364,9325112.104656134,2135219.1680006566,8755828.410173358,5946171.338423347,7875472.377329767,3211126.0625907104,9876461.827634934,4276701.004491886,6793431.1032000575,65227028.10209122
10242246.07866959,7584683.8407183485,8396060.432496846,2495414.4485864593,9540659.735451303,6406737.862908488,4902217.219233044,3152238.462860898,8195235.996051843,7969416.003031451,68884910.08000827
4593445.11219748,14239468.158438422,3746658.2098369715,5862651.222091045,3511152.3211426586,594843.7487785056,2186634.6766520073,6517354.473771322,3499909.591668422,4417039.580734797,49169157.09531163
6380335.2542093005,4679420.013641135,8462890.0123254,8812253.888048125,8221856.207575968,4334643.807798731,5101171.549257767,4248886.5094062,4249269.419896166,5203496.412531618,59694223.07469042
3464722.2950724247,11118954.493353207,5441513.021145041,5234120.373451569,6004033.966762716,5502410.492069874,4580394.766714711,5910141.971292374,7001594.19638411,6458813.197605854,60716698.77385189
5801650.200361749,7108365.205970695,7208827.8265162725,5883679.194114682,7980524.978478756,8008402.922774548,7314793.338234584,3274534.406781547,8287119.221593695,8612747.444955302,69480644.73978183
5247119.965729582,3798976.7986580795,9632711.363217676,6197766.809077088,4160212.7949409485,12295082.13980758,3522017.860263441,1430561.2237900828,4208321.20713231,7533293.930198793,58026064.092815585
2391268.1677743294,6198025.678048712,4702579.162448721,8328613.73930352,14249296.441057937,10588716.719847366,6971415.896129775,5318555.015642436,6948105.960995149,7658375.53898199,73354952.32022993
8262862.622319211,4473907.094391749,8122252.148177997,6552353.134062277,8460598.423488157,7404864.234926769,9171744.009880105,7772685.029297063,10751429.292747023,10321608.093554528,81294304.08284487
10543558.574732343,6657563.205736758,2748669.8984704185,10507920.68423178,3161174.159033253,10298817.140649607,2826733.340709468,2418736.5371224037,9185285.438073983,8074845.968144557,66423304.946904585
1254490.1469245334,7583303.004167074,4134175.038153276,2533693.2984112063,7661790.347223693,6115765.269525338,10221827.67177561,8772376.926920656,8697479.119656477,11526912.472678548,68501813.2954364
5950620.399620102,7987106.708466147,6036354.90982282,6736713.89779254,10330633.950068055,9848814.616860384,7568448.743671803,15690894.799308188,5642369.745893738,3347013.132768568,79138970.90427233
6133199.130770343,4470520.488514064,9165132.5226373,9750065.548387097,7156619.1634326745,6279053.246868918,4455750.962385312,6837921.809043146,7508501.058043789,6843017.143292626,68599781.07337525
5338429.501685258,9131550.63992509,6205553.494236882,4890319.6153071495,7719596.701636438,8062986.753088332,7362514.854738373,8099953.122706407,2596163.307120481,4810289.613712146,64217357.604156554
8923369.909403292,6598449.651027074,6063548.350133228,6882255.01255882,11200401.18829228,5196068.269507663,6140750.502156924,5447368.148688349,7233716.238530113,4955861.6138667725,68641788.88416451
6889525.658363495,3573133.5779856667,5829523.207670892,5373619.506597886,11111779.572780972,2547068.0379664837,5538295.507144299,8693055.518286258,3827159.63350318,7807515.945119247,61190676.16541839
4147767.397053206,1684011.5949121695,2605781.8436105824,4418911.326890343,6375603.506264725,8283173.27736133,8099249.627504072,6039719.391756763,3821339.8713267017,1679863.5918103114,47155421.4284902
5893881.005242903,9052409.922157833,4093706.036090027,7237328.891099527,9102862.789647168,4890977.080932392,8848561.699548818,8873467.768628754,10483699.618250266,7129003.903147132,75605898.71474482
7660713.952384362,1631174.0565841466,7954035.657987238,2536923.120825303,3508132.879560798,10213417.673859706,10002168.685619224,1610995.445312609,1642484.0685351938,1675671.7533381502,48435717.294006735
10726195.136297481,7298793.1761370655,4236822.709221048,4304583.895002852,8557315.527748626,7693837.981287573,2084297.526172836,9129407.112988496,10408770.707467318,2353123.834501113,66793147.60682441
12209736.7894195,2518207.9195861267,5386283.083145081,8669520.708804755,2445514.046609984,4337679.210698626,6946179.520757832,9403035.610099576,7927571.047259555,5468457.863765461,65312185.8001465
6758619.236736043,5500920.060544644,6337255.810015743,4667245.70019866,3360251.819204956,8217610.235222164,9079675.936990704,6619470.677086055,1217875.9327833534,6833845.993534612,58592771.40231693
10423507.540942924,8641949.093153939,4958541.206724107,10730361.884964809,5175846.309348207,8618052.679666895,5410228.504558199,7523394.259208927,5564518.118599357,3820683.6935403114,70867083.29070766
5357922.259396697,5576051.250733888,6417959.165289271,6697259.705463134,7871450.002942535,5720690.363430631,8099371.106446723,6184626.044227198,8760961.24256586,5512091.50411841,66198382.644614354
10378342.04997443,10135219.06798802,10175782.163407145,9181960.654278057,2595238.9012882,3888452.5263981395,4939445.899513048,6896204.426593453,5301796.770726919,8812200.492622206,72304642.95278962
8136266.499779506,8312146.350270305,6917539.572542362,10247190.2883204,4005625.143954111,8034348.038287467,6554945.23347458,4212234.843124991,4546880.1767974375,8549540.969184747,69516717.1157359
2365420.099625386,10121678.276855152,9140315.385345116,11426522.58684371,4655030.9129904285,3691304.4370068954,10224292.50540443,7561906.372316227,8748865.188791748,3433614.2514931154,71368950.01667221
12155259.638468623,9036039.11027406,6117935.761867954,2128436.4271153435,8201947.637356091,6269340.338534346,7907216.788151252,1548047.986610614,4113897.0617547287,9953256.768954419,67431377.51908743
