34114076872.572384,14183221865.32093,35462843116.78707,12936267961.299635,36394545284.659256,15936604021.23823,36721605171.11736,15851683574.288828,38116480205.88961,14371120224.446215,254088448297.61954
4938349.204103157,440.43646673535955,5090889.826790619,437.3442006868851,526324.9507612973,437.16946167726695,16492497.983680902,435.12367940224107,9284611.09942586,433.3625547147514,36334856.50112505
12310891.644491162,0.0,6648984.350537507,439.304345549167,6416403.386603093,0.0,15594534.974863375,0.0,13577289.997922868,0.0,54548543.65876355
1782062.5662202968,435.815331356657,10885037.686594281,435.1075046887285,15855770.411130017,425.99651503433654,8099982.8304389175,425.307080585997,5906617.029190507,434.26526328141244,42531627.015268974
4086212.5582246026,432.4041458923166,563614.5189543278,0.0,6203724.057221903,441.7047419396241,3663931.104014178,440.179065592448,14156044.652786825,439.40358133185214,28675280.582736593
3687313.1759586646,0.0,2200347.7916094135,431.91740204139296,6761902.56846856,0.0,21458706.931793835,0.0,9399767.116622616,0.0,43508469.501855135
2487055.9687629114,431.7657680919846,4623919.327664564,433.59495347492407,1844756.5610556072,434.7303732098082,9582758.698692782,439.26236361319644,9542259.206567496,439.340870609272,28082928.45707236
1219959.2161430172,439.0767999389343,10989430.286647074,0.0,4445345.663190568,432.9024132895743,7619925.870614729,423.6637719782064,19190215.025112253,422.67726586394485,43466594.381958716
8640031.371543646,421.8100236731343,11149483.829251803,422.3392616647157,5410295.968338876,428.8418709094464,10887136.889620358,0.0,10447350.782716047,0.0,46535571.83262698
5039471.962508309,0.0,12014881.593339652,439.019256291015,10419179.977422329,0.0,14435842.075289566,439.0033650298561,10419569.719181908,438.78550276803736,52330262.13586585
9138875.540407624,438.1484676622546,11067098.373211302,0.0,1950650.139492508,437.67430636807006,13992367.220459955,440.33329680777564,16480644.746276427,433.6282003317367,52631385.80411898
459180.2394187569,434.68710225068224,9930418.9187991,433.6626666408184,3251354.140113099,430.5978659454054,13025278.197691625,431.118840103018,16928448.921406787,438.68253123647685,43596849.16643554
1517076.3962004706,0.0,13371791.4743926,440.246059137376,3290510.2990924427,0.0,3564016.946431658,0.0,3322324.4081649664,0.0,25066159.770341277
565930.4330374914,433.7596500390397,6460885.588416123,428.84497672231043,13967431.940431556,432.88435558741617,9944024.656245768,430.5554136956279,5424028.654816928,430.60431278918384,36364457.9216567
3159026.3813645723,433.40201693682724,14195313.795308508,0.0,7707909.542543286,439.9408070416195,20393847.83985124,441.1274367811811,15381139.069115488,435.34648613886776,60838986.444929995
13147964.345930202,433.97161342612304,6938391.281925319,433.9533728790178,13390165.880334454,428.4994115030404,10283054.745673392,0.0,17009791.16677477,0.0,60770663.84503594
4523688.120625278,0.0,10814366.081749324,421.955717059158,10360872.630313149,0.0,20573214.497437824,426.20095737537224,7053017.3310951535,428.31125541807063,53326435.12915057
4173242.3478480685,428.837577653974,15438149.10607632,0.0,7244353.564634774,435.2192475960177,8125889.011631688,434.5027575302785,9401563.81980865,433.16628333035703,44384929.575865604
3677965.8128347266,437.71379646887937,21226529.79100809,437.5552131305733,8861299.579730364,436.8216343302964,12088820.243233971,437.3385954748277,11460713.353792459,0.0,57317078.20983901
11182478.650379818,0.0,12538794.285014456,432.92065868360044,10973385.70871013,0.0,13422852.116936663,0.0,13766078.634714467,424.10724261796963,61884446.423656836
5883874.612328749,428.8206795047381,7825622.774946394,0.0,11114798.720072782,423.9514000656585,4124361.7444265243,432.6355175855035,15281267.801882124,433.7818931938635,44231644.84314692
11442903.217426542,419.2587659426922,22470163.10946988,424.0807100359884,5258104.081691028,424.7305057992423,10236829.000999147,423.9543461689108,7983551.59975168,419.9298540701847,57393662.9635203
8952327.516148487,0.0,5711971.632663423,436.4823088663799,22901837.637236144,0.0,13007571.476185882,0.0,12669484.25770365,0.0,63243629.002246454
14698605.063397322,432.77325010624435,14036017.880211405,433.7419879822157,6634713.272022368,431.094653783357,2176899.521369147,428.57238468072063,25681195.950216886,426.087845042182,63229583.95733872
10860230.509716116,428.96504172961085,13605990.979458937,0.0,13119725.904465182,421.4745515751394,4248099.1260035215,426.5176121303976,10700667.686106723,427.84576975289804,52536419.008725666
6409712.718166171,428.0996862080162,14682683.987112232,433.8040451570657,14259651.190629287,439.4220911284257,16999292.272937156,0.0,12384689.657385862,0.0,64737331.1520532
5378554.3728332445,0.0,12350136.975711321,440.879364797115,1097675.9528736665,0.0,10056658.697865447,443.33951533734495,6569697.801858778,443.17224510065483,35454051.192267686
3032423.5297659193,440.38521288598616,14788533.586640934,0.0,10682940.851702554,432.8051615033575,14163737.775096118,433.6112960960754,12423539.473124152,430.6527623912895,55092912.67076255
2963731.0811667605,432.7199508918055,7394371.8280834025,438.33658758345365,12462078.48065417,440.62491751684956,8269234.808371314,440.22593968061267,12999968.230886793,441.9208572263943,44091578.25741534
2441551.9609714947,0.0,5860044.600329,442.27394120356877,13132466.300375551,0.0,9425910.801230073,0.0,11807281.44757647,0.0,42667697.38442379
10203907.575240236,440.6261711819959,17736192.143412247,440.9898421451749,3404544.4672297537,440.67892801991,13615744.82099887,443.7243057392224,6518317.313816266,443.10299276206644,51480915.442937225
12742409.33618857,443.6848970701051,3706355.69310284,0.0,11856641.800428895,442.4503545288801,13880543.489318186,442.1950624339568,11060954.644833896,439.33492648494905,53248672.629112914
5371354.419541599,0.0,15485765.91422684,437.92507054165026,2188193.0554535845,0.0,8415148.779672908,0.0,19235209.34606506,0.0,50696109.44003053
20695441.224248,439.47830141478914,23506754.21859903,441.5172062604265,14466394.757798404,441.738177988415,15171636.431008227,441.60785444878144,5381268.641282307,440.10535775533504,79223699.71983382
4952204.24508414,441.93405010997503,14088922.376433788,0.0,23367513.093435477,442.7684481729142,13180587.785882944,441.0477103271055,6711237.617511673,442.2142938256544,62302233.08285046
9911852.913851405,441.40230314478976,18083515.355998624,436.08711059510557,8671458.60401397,435.7162950437704,7794996.495762303,0.0,11524571.432706663,0.0,55987708.00804175
11517595.50114407,0.0,22718469.67275359,435.393654818877,13370342.566742482,0.0,13765161.259410976,438.5859139060426,19415811.705010977,439.5856780810657,80788694.2703089
9753025.241848314,436.323292576917,14117866.438551039,0.0,12265335.393430365,435.7871250030845,13622701.169695718,437.36244237158604,11336752.877882803,431.7575271474848,61097422.351795346
11872862.796586134,434.9508039045775,16104963.692303171,436.7588056126832,5269170.217689505,436.82457246533096,11456811.193704356,438.30108809711453,17285288.942701336,0.0,61990843.67825459
10903948.764934355,0.0,20449814.30109134,439.0048966675796,14965238.651274221,0.0,13070662.091997951,0.0,3743908.0128556793,438.7696284245064,63134449.596678644
17626752.00942468,443.030252350853,20637338.73260005,0.0,9130182.20391525,442.5755329165217,17250897.16397566,442.00623688756303,13288202.818858173,442.10533805172145,77935142.646134
4333647.9125513695,442.60384647346507,3292200.355054078,442.69017166325955,15271804.533923205,440.4564127168108,13350768.37059619,441.1337194843383,17801211.537913244,436.37805072067647,54051835.972239144
4712210.301038568,0.0,4683357.11953422,431.4987919415331,16613901.35805893,0.0,11622183.253392983,0.0,12278823.774623737,0.0,49910907.30544038
13181567.670493925,435.23571289132803,8035868.428901294,438.8987603238222,16090422.519129757,439.74554480618366,17720047.570884544,442.9717653250627,3375308.607790003,443.3383438115896,58405414.987326674
8695479.78914518,444.2009906160869,23533958.111517087,0.0,14161081.645359915,444.3151983396768,12437843.162190167,444.5852168110071,6055230.874395216,444.1803120632969,64885370.86432539
15210066.22616418,0.0,7609582.427569403,443.53231564226365,4099889.2460926115,0.0,19773820.702693705,0.0,19049164.285759415,0.0,65742966.42059496
12701732.487307098,438.3724746287064,14419728.648507478,434.5359561765887,10911603.516865052,437.2620369636347,16377910.911720496,438.1731658846392,11558315.139334394,437.8869709184015,65971476.9343391
17594583.835130315,438.344508952434,7618811.571195803,0.0,16675415.149951119,438.05332447913787,14981821.87624126,437.00577062289517,3319406.8394207107,436.9439320671229,60191789.61947533
11788423.020117056,437.3325154072553,13357113.76968118,440.54440858215077,9344740.107886951,441.5544876012612,17944721.45141611,0.0,7733722.357634138,0.0,60170040.13814703
8052895.493196533,0.0,10385518.643248,433.6479080382921,14626727.601599604,0.0,9512726.76607043,434.8585470817458,12760649.270504758,434.75083839899804,55339821.03191284
8915276.767945737,436.5052107024833,5972025.21686546,0.0,13087173.407294784,439.6135143757341,13415141.214480266,437.2512107522225,13463414.729472103,437.7048510989115,54854782.41084527
6366818.473992526,436.91908776052446,6074781.0592776295,435.2969747288672,16494705.77472291,434.9180116092433,15350259.164890338,430.24680466938844,16437178.34054601,0.0,60725480.194308184
12568149.405782841,0.0,16970342.781260513,430.8190107964434,16246628.202880224,0.0,8914963.366976678,0.0,14152316.710609892,435.09932375088636,68853266.3858447
6702654.420028297,435.7071482459531,15719808.427401653,438.50519319341646,7501702.983940264,432.01833421313523,12141705.419075605,430.45617624093126,10479344.902069585,432.26850441325854,52547385.10787171
1603501.1842305993,429.5136810732797,4939528.093815968,0.0,16181881.889433835,436.28509296109166,16799111.55501873,437.89449506862815,15247049.924134087,437.24266412188706,54772813.58256645
14287863.922144318,0.0,24884650.164413232,439.72239774091605,4357151.51384469,0.0,14714725.729507891,0.0,14901976.573535888,0.0,73146807.62584376
2653307.182335062,435.05682543819216,9299676.721127821,434.7014623731694,15295242.503748406,434.89969141969624,8763607.364453442,434.7465198959338,12153946.825126689,433.69825955512704,48167953.6995501
10849538.734657291,441.1429988809639,12160715.810826495,0.0,8737200.358394647,436.2326266705958,12987760.304449758,433.1839917376711,21017146.412278153,435.03379331774363,65754107.21401695
18310461.548397344,436.60167083801485,8209411.732469541,434.1345367600633,17158084.87595986,439.37797708552574,10537483.340006612,0.0,12144354.606094986,0.0,66361106.217113025
8884468.7385651,0.0,8834264.294131724,441.9089261055977,8845725.529891135,0.0,15488176.69831705,441.29268307117553,14457708.633582875,438.6076992607397,56511665.70379633
15309797.627897527,436.921173815016,11309658.13895475,0.0,14688608.49371581,440.6869342747422,12938372.54083897,440.7648898868218,22060149.046962515,443.8685052844903,76308348.08987284
11069722.496079452,443.0650594603683,10117244.17351235,442.28006228449107,11235671.713855185,441.4991004520108,13279242.623969382,440.4272170382786,16321927.925904006,0.0,62025576.204759605
12871657.182536656,0.0,18574150.30825798,439.4590194744345,8216081.226331755,0.0,2326378.2466958407,0.0,15781412.52889572,440.7042982366276,57770559.65603566
2281269.4759468734,440.461327221509,10042657.777691847,0.0,9814462.0869772,440.59444600432744,12388128.601747926,441.28862053161134,17439923.479164578,443.72293658619583,51968207.48885877
6311589.531642228,444.9084533374113,27332155.85922517,444.5238647757284,22100516.881637454,444.61879581420084,15808802.053503213,443.8675266814471,4164406.8514506076,440.4444641824621,75719689.54056345
22511819.67379331,0.0,2603007.5696515855,432.2406624839541,4761233.799178943,0.0,6323927.02951226,0.0,12200920.298678983,0.0,48401340.61147757
7135253.935431337,443.41968192969784,13326885.73201078,445.19986678938085,17492185.223302867,444.9805332916629,6081702.959315763,443.36177550314807,5807145.056355003,443.2809466332052,49845393.14921991
21208664.62102664,442.36422003229956,4556276.169966038,0.0,22296717.499281477,442.242658324695,10227157.328772973,444.28088083546436,16320011.10510328,440.7534070685932,74610596.36531667
9689515.475738423,0.0,13321118.010512432,439.3285031765824,8491810.195929773,0.0,5880144.18381087,0.0,13000680.065799678,0.0,50383707.26029435
9558166.340994388,445.65644625634945,13249666.012734896,442.8111029950796,5744298.398500995,440.2605963485721,13908465.197425352,437.296893408354,10583011.057843573,436.87737085338676,53045809.90990907
12260860.485320834,428.0412523687455,13551751.20721794,0.0,13555031.350924041,432.30266207866526,7378194.71097314,431.6530148256335,20522659.78781551,431.740212929394,67270221.27939367
13031609.072925597,440.60071353443783,18871933.34032053,440.4402245357776,7659801.4685763875,438.208644651459,10295893.4922844,0.0,4679270.025500649,0.0,54539826.649190284
17390587.422305573,0.0,10051142.250496231,435.93432876929455,1092668.2412374408,0.0,9978602.367757386,440.0361949174992,2353944.65274194,440.04119622939095,40868260.946258485
12645430.489804374,441.4018192648967,22906829.719561968,0.0,15006669.616651567,440.6747803155366,7196868.331404535,440.0118632336141,13977898.11986285,439.4564294919481,71735457.8221776
2957821.7362684705,439.7756108152599,8276147.486651943,439.5329907481029,2292823.2874407945,442.7220046654493,18738949.099520374,443.1767326185622,25466413.65632618,0.0,57733920.47354661
14993756.997030567,0.0,12525723.486317871,443.5822522673577,4411121.725954662,0.0,20964401.56517069,0.0,9810126.712775202,438.81486376739826,62706012.88436502
19576994.196108725,438.2640678768965,21449960.435285974,0.0,10164979.561935412,440.8095724274014,5188595.616252571,437.98985511912707,8341304.520976871,439.84334644023005,64723591.23740141
7002732.998444203,440.26839485087413,9680452.005481496,439.27328964599644,17626683.98824389,438.9144526360929,10040219.329125017,440.6806642914351,14303185.258585015,436.7699864755864,58655469.486667514
13592989.866413126,0.0,2531986.385599861,435.9156397045259,13015209.983192157,0.0,20091061.611571908,0.0,18908236.451416396,0.0,68139920.21383315
7084648.020812003,441.93162488846156,4142815.439808833,442.99740023698223,15690652.27687602,442.68715409327086,10466514.99947718,439.9051433698139,11356500.512004811,436.5885103693966,48743335.3588118
18163177.475345384,436.23196501418056,10694415.92476155,0.0,13356606.989044318,436.2188268238494,6022974.23066405,435.97832046865483,12701991.578466833,441.0967990855845,60940915.72419353
1135435.3758626874,439.2961977422765,10379553.486155154,439.3101929851014,14033232.969316203,438.93177289316594,6412906.990897991,0.0,14012760.899912173,0.0,45975207.260307826
9968823.85181744,0.0,8191462.463136668,432.61813287938423,14420750.07140809,0.0,12749328.430617223,435.15716111829914,12980487.393736612,432.2543045811616,58312152.24031461
4889468.16956665,437.243993575773,17130462.63188599,0.0,12841246.908930888,436.580462991736,4721812.503446089,436.1000519221934,17480954.0610855,437.7038043241946,57065691.90322793
20085606.949100357,436.4931916706505,4975399.365052749,433.0995636017249,20771835.914676595,432.945702060016,10378496.779552188,430.22271609264914,12189270.273038194,0.0,68402342.04259351
4229859.254988097,0.0,13918956.172746439,431.9427001670902,6656874.349524351,0.0,19553189.602788307,0.0,18667746.41412766,432.53559783326784,63027490.27247284
21050838.320372947,432.6907488623219,17776320.142368488,0.0,15031481.08884707,434.42184536064013,3033920.8775688736,433.9211984212786,7864902.560051436,436.9378629680808,64759200.960864425
19063967.699081298,436.8624874307416,11641195.872284846,438.5263018949545,17735829.590022516,438.6903695233048,20000697.738198895,434.2338854830823,7794372.133812225,431.95956723067883,76238243.30601133
10320485.877659285,0.0,12996551.910238184,429.70142790154756,15498675.127580248,0.0,10971524.718378128,0.0,12969699.427675143,0.0,62757366.762958884
10344943.425804421,434.5547147167889,11728509.02466416,438.7136948629555,9826087.980700865,436.90704592625514,12462778.98007195,440.4492820618617,15124888.625239728,440.08121081761664,59489398.74242952
11164669.149512183,441.81020383128106,16153099.979317259,0.0,12282949.778091755,439.88370949748014,19789483.660726305,435.59138486782746,11912308.603550604,433.74236176746166,71304262.19885807
23571529.08529252,432.59080359941925,8925375.008103773,435.0362374271038,18541993.315493736,435.39582049269137,13419419.0556763,0.0,13047466.365638254,0.0,77507085.8530661
16939941.01557712,0.0,7117006.221678676,437.7641447853369,11144708.361268796,0.0,12905394.535412058,440.280815258253,11476734.980070757,437.04884032370774,59585100.20780777
6100327.71095494,437.2137979739674,7763375.440104471,0.0,13114853.786273967,429.5547366716401,17765583.27996745,429.5790254858424,4723136.244773131,432.9959837560849,49469005.80561785
17380849.43569351,433.28271933896633,17049904.438715626,436.1951044704201,22886418.690318644,436.62022939378096,21917214.852542117,437.19604338809324,15750866.08529898,0.0,94986996.79666547
16026811.534505496,0.0,9524823.854142996,439.1664487121122,8659398.164558325,0.0,14089252.988206938,0.0,22870623.113587856,434.37404352703106,71171783.19549385
5394594.287949868,435.606181804885,17203692.192831974,0.0,16624270.88458873,434.8624920917536,17033698.355910346,440.1894598060405,13471603.262870615,436.3578103583253,69729606.00009559
18875593.9598488,436.06614160812427,2397984.9357831446,436.49271849396297,2147016.299977574,435.86722549025336,20974501.464804504,437.2212990077061,10668130.747144725,442.5903216764769,55065415.64526503
880468.6641041049,0.0,7412663.301690476,434.1634658618559,6335730.095972179,0.0,13612073.335410958,0.0,5082216.107850569,0.0,33323585.668494154
11782618.441485722,437.2919542826362,15250787.465899512,441.0637499400272,12128611.890486147,441.73662721914263,13173512.541763714,441.26482715903535,5886076.757898972,443.0483864649761,58223811.50307913
10917542.481337894,443.33199815467884,8065760.553089237,0.0,13347341.850955851,442.7229782238972,12641534.245159116,433.0322124378042,10043929.734549396,433.5957005393063,55017861.547980845
1310027.9171440192,428.23955530229017,8040778.499111886,428.3715859272669,13485498.27592783,428.4251867967988,8944055.585680028,0.0,12707517.483271698,0.0,44489162.79746349
3436122.0793229053,0.0,18272595.36334961,442.39406193533813,5659251.644089117,0.0,13036114.733063243,437.89192349452935,3607408.1050733626,438.32227258258985,44012810.53315625
7536831.723512111,436.43140347598904,12114442.644992815,0.0,10305058.622212121,433.0507482205966,11490060.012403978,434.1120702146598,8460069.33144126,431.7376205456803,49908197.666404754
17734582.299697336,431.17119154579194,22986636.8802482,438.3958616367622,10545294.43000162,439.07794905056755,11173527.366257109,0.0,21226528.21146765,0.0,83667877.83267415
5973277.247781225,0.0,10820738.31204814,440.53997421441943,11742357.70115562,0.0,26627961.97441063,437.6189370720574,13482504.592404468,437.8813517849954,68648155.86806315
13203625.737296443,439.0959525847733,24854487.601413913,0.0,12610091.001893511,441.33321583539066,12462458.352063023,441.67654329437966,14631216.76372688,441.85257724265983,77763643.41468272
13070941.598255714,442.57310064932926,7408188.733092396,441.2197621935785,23298267.344047025,441.1986834599521,11359307.51120907,440.9487929608199,17068826.460504815,439.7486184587023,72207737.33606675
19168789.882528864,0.0,16119285.3846589,442.4848760711478,15290737.122962367,0.0,7420756.919185767,0.0,6065236.882447168,0.0,64065248.67665913
13045137.490241295,433.5633923566388,5864049.023106249,431.0592100347093,17273584.575998787,441.1852444014348,9016090.327673065,438.4996536898368,9917356.011984678,434.08848284444997,55118395.8249874
20981781.25721028,431.99497381336164,14096690.422924453,0.0,9083523.908007002,428.14365863274975,10453961.955394847,430.5602938971809,10318741.750085805,434.58398127369605,64936424.57653001
10118750.429979732,436.1224412872166,6057208.494994708,443.0452665116543,8178308.707151251,435.03783551345725,7959130.319453529,0.0,12166728.615581922,0.0,44481440.77270445
13415080.681601953,0.0,7444926.01026579,428.150760616864,11238139.511245754,0.0,9198002.760514783,437.82164549612145,5743655.809464373,432.8736519906118,47041103.61915076
19007107.962366797,432.0251944929535,16008735.935479218,0.0,10105123.108781682,436.7422248784366,8816893.33823255,436.83281841025575,8727466.18085017,439.81115740691183,62667071.93710561
2587540.7554237843,441.08230323656437,9245708.597477945,440.9283195184551,12212604.264837548,441.17451307932663,7124448.898901911,0.0,20708348.892003752,0.0,51879974.59378078
19784960.61342188,0.0,16512806.583058551,439.4976809899682,14804746.160594855,0.0,2840751.9252483402,439.5328947899854,7817782.569514759,439.70434280090706,61762366.58675697
13691939.32057848,438.90564949347214,11734195.296842724,0.0,5815598.205429778,442.67362420456254,16771979.437203972,442.94856974891457,14479793.966903856,441.6498983988412,62495272.40470067
9601784.712743152,442.5435264191945,3779907.163881219,441.79663054419393,17821789.54418015,436.23971597243366,6288580.818913082,436.2593781752205,7097291.863227687,437.9567935355413,44591548.89898994
14827945.724145204,0.0,9700357.021874063,433.60373164400255,5439928.850275502,0.0,15992189.263907257,0.0,8475031.941066122,0.0,54435886.40499979
11911393.178080458,427.9836533114289,20315977.128138833,427.5509282236172,12383784.807095146,427.9893852243905,11633685.670104595,438.205783247601,14147282.255095674,435.4589169687584,70394280.22718167
13338219.277027655,434.1902451006927,12062103.834682457,0.0,18489322.557744723,435.3534525261437,13326700.31624365,437.6919095086606,4884146.3154115835,439.07287385290186,62102238.60959105
13389076.401643299,439.9356157432881,14499240.979243238,438.97015026582204,20012631.742942885,0.0,12895048.975739593,0.0,14870368.49033692,0.0,75667245.49567194
18950630.52740154,0.0,6245717.329455008,440.48484127136936,1534070.818454761,440.746845726798,11975071.44207426,437.5746136789535,5381516.529762636,438.66379695403157,44088764.11724583
20597239.340217594,438.63330937472836,15045609.197793813,0.0,8344762.947059875,439.5641793560504,10156708.951101415,441.273144875628,17506493.503336783,441.6441822764595,71652575.05432537
13495006.118717039,440.53978141784745,13578287.169049522,438.4210651244762,13386901.089652866,435.02683715679984,4947005.668859075,0.0,16428634.45050821,0.0,61837148.48447041
17217067.352853693,0.0,15813571.330756359,429.32271079455796,17266934.45234398,0.0,19089110.406760205,425.06041373416184,20227837.36812279,426.73467519034136,89615802.02863674
7158369.886201875,429.79582164697865,3549670.5085884077,0.0,8786255.148174878,441.92231228520046,4596167.069036552,442.00264639650766,8934815.644255059,443.1159637357599,33027035.093000837
18644387.18183776,444.6528709230353,16435386.354702812,444.68537971292096,16463759.271651533,444.51944808265864,12346986.153738007,443.1366408428213,10954444.684770897,442.2201218503666,74847182.86116241
9805619.379063774,0.0,18369211.27078023,441.11506521198993,15617939.67348212,0.0,7177313.432106604,0.0,14203184.91890355,0.0,65173709.7894015
16396015.07893969,433.4350475832891,10544283.117876342,434.33056236976387,6417644.948377713,431.50424845874954,4925865.167313102,431.7200301928223,10485691.708055397,436.43102504171884,48771667.4414759
18327145.06376062,435.09904165506845,13393735.56441913,0.0,12817415.24054009,440.13701253558014,9140705.215431377,441.00104748557465,9068084.983225726,441.36437017972315,62748843.6688488
15279399.274953565,0.0,6524417.35600916,443.1438587779429,18297685.914420176,0.0,7258938.436164666,0.0,13451231.663952736,0.0,60812115.78935908
13908740.616131093,432.13925538482147,13691444.32365446,432.9390918167686,14943883.441074979,432.4838436097513,10010919.360059677,432.5624554442171,8390667.382527713,432.5802074606684,60947817.82830163
16622203.560415477,436.97722028035776,16717532.70849253,0.0,2494451.0808758033,439.06607518705823,11798965.484007623,439.5540065852344,6448883.482507612,439.75591855564176,54083791.66951964
14306946.229181174,438.2388824360164,14249381.303531695,437.4281060300397,4013830.808111831,441.74001954106797,15619363.458833188,0.0,10476210.418125853,0.0,58667049.62479175
6770896.946437455,0.0,23933554.62875234,439.74160675168673,11026616.954354124,0.0,8816659.163793214,440.0375414133634,23989975.0734028,438.5157950474081,74539021.06168315
9638862.861014005,434.89292743215714,2633997.2467036056,0.0,12795829.3996738,430.43372067964054,13631474.998076351,430.08733700016427,3882231.7510785013,425.1457763872324,42584116.81630776
12877159.881004585,432.7126035132998,15415431.639407769,435.32295269553214,12484531.841485532,436.9579675044314,18337002.455470305,437.37773995733687,4622195.199821898,0.0,63738063.38845375
17950422.40147005,0.0,667481.4361498915,431.04315150482273,12631555.276422922,0.0,12474736.936608283,0.0,18352757.410566434,425.4526827239576,62077809.95705181
6859938.5059376005,434.31294748225605,10489567.538617887,438.4214470177887,7359703.627546851,434.23959871466525,20786523.404534135,434.0567562585498,23453675.465265483,439.6396261045497,68951589.21227752
12102496.118686184,439.6095786856165,15490762.149112806,0.0,6645376.474388022,442.9474002883948,11979566.645171693,443.77369869475467,16900238.22832082,437.9574604345844,63120203.903817624
6216659.492361689,0.0,22599545.82298995,438.7925796527829,11769796.599781834,0.0,11643895.529622775,0.0,7354454.939403598,0.0,59584791.17673951
9199566.723637225,443.72098066795763,18312682.037228126,444.45526871532087,11620849.718735557,444.51130196788944,16490110.991735756,444.69451445795187,14624446.658427697,443.4085486598078,70249876.92037882
9353371.632829582,438.8091251524077,16427901.375644611,0.0,9369998.706424288,438.67020083996533,7845954.4223910635,438.41495492195696,2689822.0547224325,439.334447127093,45688803.42074003
14141776.811760254,443.7411274517151,11841783.538225388,443.1453219015621,15349687.98498405,442.80496720640826,13166827.763193373,0.0,11641104.673742972,0.0,66142510.4633226
7653951.4238291895,0.0,2043428.6532867043,427.9505385980381,4023458.168105052,0.0,21163586.71510219,424.4546162355532,14322360.244837286,424.0764222535516,49208061.6867375
12912091.03172084,431.37240584017803,3569127.4012350896,0.0,10789003.51516685,434.2018567064327,11056528.840828858,438.9865177202405,22208049.821405556,440.33454881403145,60536545.50568627
13580173.557389952,430.8093309578111,22298116.92957009,427.6588230420943,16458796.107833218,415.6817301968684,18134425.81869714,415.3077781225039,11210185.624771569,417.2579637972382,81683804.75388807
4612483.323342061,0.0,17192998.38172824,429.1633783763907,9880571.046358187,0.0,9550230.573366193,0.0,10151463.230002757,0.0,51388175.71817581
8334835.857168911,439.10313525774546,7110184.532010674,438.04407929878687,15449132.78341767,437.6642208823258,8050232.563585289,442.6692442019748,3929625.1245804913,442.3823968685309,42876210.723839544
11861333.186852243,441.7859664036855,19810580.98896784,0.0,10133107.933423158,442.3219427957514,7808606.862263563,443.42202584723054,7850570.290677425,443.4807295296685,57465970.2728488
9444852.961258251,0.0,16878470.25076411,439.39005961646075,10817384.505529998,0.0,13103970.675660988,0.0,10614155.502125531,0.0,60859273.2853985
12576221.242833475,439.11884218805415,9971935.384143906,436.49385411973657,5198766.254877658,435.136375513941,16512809.40918869,434.4802528587096,13457966.353740789,434.7317813033019,57719878.605890505
4644215.075532673,437.1748726920791,11963553.582928967,0.0,2567659.1915660175,443.9779403203099,13337495.61262604,444.43692114107847,10210352.667598967,444.0028105436849,42725045.72279736
1983992.2880317483,437.53400763638314,14690407.48349109,431.6361716934669,6897927.705643134,430.9466409545588,18031884.96972834,0.0,11234986.05661896,0.0,52840498.62033355
20006558.237397663,0.0,2059617.273995878,438.7126432573674,22548997.195272367,0.0,9535106.174737392,435.6276721405405,16405690.323452119,434.91979673587525,70557278.46496756
4897488.520887098,433.2463554978544,11940448.549756307,0.0,4134034.597126131,434.98848826356,17710667.592436,438.7781392248972,19884472.791335225,441.3522755796505,58568860.41679933
22450223.238668624,442.27092930531114,25056538.99575026,436.4415268363079,9463636.391757105,435.26874132496204,8164964.88576579,434.3868833783198,7112657.594189692,0.0,72249769.47421232
8450544.106698325,0.0,4909607.952435298,441.08887457006085,8019480.1567246085,0.0,10985335.507547801,0.0,10644076.115868023,441.73158729420396,43009926.65973592
13284313.64090931,441.3866259758881,7250872.831609234,0.0,4958630.935405399,441.2263376235265,15515315.454026679,440.791138575362,8503256.51584884,441.7200540525479,49514154.50195569
1838249.001911583,442.1385434809869,7045140.303102747,440.260692624694,12206142.681675278,439.3928406105117,8747969.178350711,440.3633469230804,17692619.910812326,436.53360474490336,47532319.76488102
15133243.438734936,0.0,8248868.20335309,439.11798019322566,9375233.586658616,0.0,11250015.233058019,0.0,10272869.492128005,0.0,54280669.07191286
5892635.338818793,441.63323486191075,11636448.17242919,441.29558493094623,6523612.101627148,442.28258849426294,9703435.298718719,443.2964658326983,10692336.4155452,443.5414030756514,44450679.37641624
3077422.8423208096,443.0490689606227,13155478.60064029,0.0,17027298.52785376,442.9782956103415,7027863.264736622,442.7701035720868,16340124.822528213,440.75475795733104,56629957.61030579
10412055.587018982,0.0,20086639.432865504,441.20699868312835,11553959.129676603,0.0,11106316.550968176,0.0,13280133.96995332,0.0,66439545.87748127
2155925.6559905936,444.91867881246935,12173534.255261093,444.15943945790144,5319544.879257655,444.37335409891864,16112996.877555124,444.2659788845961,13658850.041642237,441.96179653826954,49423071.38895449
25169327.23675936,440.2152549751638,13156494.46819225,0.0,16259120.39966204,438.4270800214285,2616956.096055486,432.4798487358241,18825775.103374265,434.65707107463993,76029419.08329819
3568685.3376533147,435.33142444202554,12907695.971034855,433.40677527888397,18610731.616212152,433.31284068031243,14354056.865764337,0.0,2714941.358714754,0.0,52157413.200419806
16929891.75872945,0.0,16534039.758701215,439.6884019055452,7399908.753535336,0.0,19312624.16112061,441.5208856971611,14087533.045246644,441.34172962938766,74265320.02835047
4144327.913236974,440.7847691210297,4826344.963063816,0.0,14890814.49021175,441.7405041627391,8723073.529495308,441.08066043378375,5107673.71070867,437.3448657215791,37693995.557515964
6924175.892906254,435.69102441386957,12468716.592089094,434.24690437735535,6205663.36051274,434.9606707490965,11279309.265836075,435.79608649225725,9145403.73101928,0.0,46025009.53704948
1411354.7842459006,0.0,10565455.976968082,444.20373483414505,14867311.44724538,0.0,12982636.578227818,0.0,14692241.462858748,436.6430510052308,54519881.09633177
7042385.984527146,435.735438554268,17775800.018298537,0.0,7919119.48306185,438.1289208501582,11489296.367909664,437.50225078541166,15411702.450241962,440.2326780498322,59640055.90332739
4114936.5562285543,438.7704890522371,440037.50571400864,438.412854579176,14097244.265094673,438.6877885930528,11001372.522385847,439.46074614638593,18997333.37636247,441.08114360980187,48653120.638807535
6059142.077715273,0.0,3465570.4542859877,440.9995984870871,19296047.267911837,0.0,6086374.389096209,0.0,18102548.15856057,0.0,53010123.347168356
5404191.36338212,440.50989998923484,11461088.120836772,437.8649714055175,16743109.662801694,437.2501661461478,12322935.317313736,435.7705236391059,12483764.306077914,436.11573368350844,58417276.2817071
5475086.351722024,436.59816761420313,23426750.718546264,0.0,12943737.45833262,435.6792387418951,18775774.949385386,438.60980147085894,19814278.204420097,438.6722080665805,80437377.2418223
8136865.715518635,439.8880345501379,13685136.129799288,443.9152875432611,19542349.60431846,437.90106700632685,12781290.492142202,0.0,8305511.251608754,0.0,62452474.89777643
1767062.67120897,0.0,15516059.689414287,429.169050446603,8149821.019959285,0.0,16346931.68914452,431.91860664684924,18923306.994774334,438.46336385256683,60704481.61552235
6796177.404221827,438.69209016034443,15242253.759173242,0.0,12645016.41810284,440.10526154713835,13690641.924400045,437.76290735329326,13573319.31798557,434.78182148009296,61949160.165964074
13465949.91840758,435.48491426860744,9488557.680675315,435.1732454599788,14591705.126370687,435.5560459330864,20611827.58439313,432.7687847467111,5401994.019078944,0.0,63561773.31191607
9383086.397770066,0.0,11892294.539457317,435.57677741288586,5005836.569801048,0.0,9318049.859765504,0.0,12178974.732976979,428.19237569439144,47779105.86892402
6589520.039879356,428.8631557645505,8045197.4672489865,0.0,5477794.8344734525,429.8514315386008,8497715.57975785,432.7501800738093,10323701.762869528,441.45534281178465,38935662.60433936
10996053.574762031,441.74777361540896,10727292.160791762,439.0727780955831,10641912.618161166,438.8946460617624,3169698.3126038695,438.5662325078645,10140649.52542951,433.61064236757613,45677798.08382099
10708488.137544895,0.0,15692705.538877483,429.6848284304937,15781336.86765808,0.0,14836883.042446077,0.0,13973506.76103528,0.0,70993350.03239025
10238227.904220864,433.40061744434183,8156973.396414321,436.4549623013856,3829923.819549628,436.3196992587446,17247726.55894659,439.9606120086171,8014125.453419014,440.85020955684314,47489164.11865099
3598449.5478804028,444.274312089175,7712352.4154553935,0.0,8922980.810527284,437.2204444465679,6984179.987742332,436.9161483539139,20433238.03779006,437.2430439650295,47652956.45334433
24726909.78888464,438.44044705001,7243163.571265382,440.6956160846444,9221737.522317061,441.49842272331045,19010148.36933538,0.0,6302962.5042893635,0.0,66506242.390577696
4850722.748375497,0.0,17019223.1999243,431.1205941783066,17515965.70132719,0.0,10141776.12155919,426.60799056458444,18433184.022127163,426.9793957162635,67962156.5012938
17490412.657659095,430.6978137218072,5206326.290423872,0.0,8156467.093295107,442.31008718267674,6114754.206982002,442.7621188196329,22759415.501642086,442.24897283504555,59729133.76899471
4520800.84790145,434.8271774070056,11067757.404008742,434.220773716743,13813668.704956336,434.382853270268,11939119.721213177,0.0,16112177.39567978,0.0,57454827.504563875
8929932.116647165,0.0,15016733.698532073,443.78387207486855,16947595.68886301,0.0,11821878.463521685,441.90223331990023,22515481.172606472,438.38402463510386,75232945.21030043
7892503.936071784,438.15800332546945,22080775.89009721,0.0,8198471.6231397595,437.6888645398189,17067023.760342084,437.70456561440125,12747017.807112878,441.18862825991056,67987547.75682545
11261159.422016794,440.6180707023089,15192372.603565577,441.1385524547005,11707931.783642646,439.99282292311153,5637912.712804555,438.6587313259667,10290099.258919869,438.0885931836935,54091674.277720034
14636233.695839265,0.0,15082609.224094158,440.781005439084,4280169.430654786,0.0,7099532.013957577,0.0,9110113.455658395,0.0,50209098.60120961
7182194.365545148,436.6765775324981,16482674.226443948,435.5453040334216,16970747.33524429,435.28530447785204,12323282.824170662,430.6426294436374,12301929.838529859,434.8761123193008,65263001.61586172
12254688.983980851,430.80988407972933,20044169.245919418,0.0,19558401.886129458,431.2245717132626,17715978.94365673,433.9210113744276,23242206.640277237,429.04932840165816,92817170.70475927
20612096.450958073,434.30479639555216,6011252.138755121,432.07146071727266,8212405.854829078,429.0474082715296,15385414.49171855,0.0,4633233.956533007,0.0,54855698.3164592
16490764.529029036,0.0,8639168.378271883,428.3929152787761,15786642.455296714,0.0,14424212.875957435,436.4015091905334,8992130.58022785,432.36653654432075,64334215.97974393
22498426.09919376,937.8455256497992,18480049.216400355,0.0,1934638.5862802651,436.0366750888094,6102421.463711179,942.9271345351085,6273310.8734533535,438.7377875717404,55291601.78616176
11093819.415237611,437.2670703848354,12962522.46916651,439.79674593394657,7534650.14875444,438.3435545554601,16289720.528576395,0.0,9514553.652456008,0.0,57396581.62156184
