12035547852.167585,3419530257.2552586,11531922754.067776,3261834403.2192407,11012133294.160765,3154507734.1401625,11014778072.11633,3149709769.1014314,11496997206.409618,3234750432.4912996,73311711775.12947
10769018.51091326,440.9387491477515,2176904.720794782,440.8785924231455,7369266.533156597,440.90215104674695,17637624.483114917,440.3605536304933,11303406.904396191,0.0,49257984.232421994
2380376.6450711642,442.46114800974823,1381218.157932925,437.4444537392432,7776057.117412504,429.57636733081824,14807473.41420875,427.10367341258495,9586185.095812712,427.21034540051994,35933474.226425946
10487270.330212263,0.0,5712134.762387107,0.0,8677323.027593609,435.7228960642733,12196733.191877618,430.73080206329814,5813376.391012003,426.1557593598475,42888130.31254009
5437883.287135638,423.8758866689167,1067577.5549442312,426.6286022098265,13157420.218575628,0.0,8362587.827844897,0.0,5150811.097448135,432.6255700158093,33177563.116007417
12393415.29662929,434.8717913271277,16157404.618925652,435.13016843343354,3211565.884111752,436.4582739867506,5398879.569895693,439.081683704915,18768253.15310253,0.0,55931264.06458236
332848.0756772932,0.0,10900830.900674421,0.0,887335.7522637971,437.6672655082878,13539599.370440032,431.9862606603689,4167161.240711719,425.1961483542141,29829070.189441785
4026233.459995365,421.7472862900379,2987168.107478429,422.0382446534209,3459375.5851746905,0.0,3520808.664193955,0.0,24335935.80764575,437.6785880827579,38330803.088607214
1122100.1296890643,440.7298643374919,16164124.565452274,435.8443905489896,16747193.94521759,430.7755932064129,6636602.41160871,429.81096152856713,5879489.747041213,0.0,46551247.95981847
6553136.831991761,427.7127000084129,10949559.619056752,433.39063466012715,5645070.7217733655,441.8471467862445,8751704.247704234,436.52423430254356,12150831.184069479,437.6228371995055,44052479.70214855
8676782.838727325,0.0,11946638.451819599,0.0,13110458.377899585,0.0,9792578.750962496,0.0,19149037.570350945,442.28249133181504,62675938.272251286
2781685.4369789017,431.2553313404957,14042360.776699673,428.3405072132758,3783696.8764951127,930.8304262283888,7487623.732366138,931.4969141767212,9260826.060125621,0.0,37358914.805844404
9007550.464640917,439.35045824550576,750515.5019499748,442.86146184371455,10884628.580277879,437.08185985137703,52263.99705786431,436.4819303438234,9613652.210811254,436.83566191172486,30310803.366110086
8482358.27675744,0.0,16913687.441637322,0.0,9519769.154007489,441.4207881510508,2983251.3506875243,432.8381942905154,12180184.926546158,432.4272719247431,50080557.8358903
11216305.375023503,434.2963645588494,8959351.271596912,434.39625601180677,15990370.091192184,0.0,16104183.197061524,0.0,12679902.83359538,433.5382774717785,64951414.99936754
3133435.244707641,431.7370650389348,5662341.133330086,431.8206848891088,7674559.780899124,429.4487229587562,4706876.192211722,432.9785700690674,9309548.576326476,0.0,30488486.91251801
1407402.9590689382,0.0,15626843.690939581,434.0794042621269,11606815.46743133,437.3328954065258,10080281.713463996,437.00207119870356,20871777.296047118,440.2072658496321,59594869.748587675
5493008.903428723,440.9344034089167,2997792.6402377062,0.0,16053722.848215919,0.0,8344933.889251624,0.0,8695544.733364925,437.0415349528435,41585880.99043726
11724149.508688144,438.34899467388135,22429165.478840344,439.7097207130962,7891139.752604693,433.57067528381344,6037098.628601853,436.85187057699795,12259321.091212133,0.0,60342622.94120841
14753073.368885228,0.0,5091158.724326397,438.48609204770133,9563606.689862764,444.86460711026456,12438028.787844803,445.32640901311845,4485178.957671179,442.0192407757961,46332817.22493931
14470571.399935082,440.4840702791071,4275253.993578258,0.0,8638132.260977713,0.0,9720760.302604625,0.0,14638952.80241039,439.06626669589025,51744550.30984304
8790793.44038275,429.7538025946614,11338772.286273649,429.6851952557751,12792520.944472924,430.33159584696153,8341046.090496518,433.4185316307452,15467067.63292148,0.0,56731923.58367265
3678155.485611649,443.7688078126498,3752725.700698932,443.48532098875575,11708878.235760076,443.7774158372564,16123831.56973464,443.98038805332266,6560633.40547645,444.0290545878486,41826443.438269034
344697.9338689671,0.0,10503561.974741887,0.0,12383873.6778556,444.8557602648012,13869068.390170457,0.0,14425037.489174698,442.58604061800855,51527126.90761249
522848.09168135875,441.86285668634775,10866927.58509344,442.57319793950364,11154144.011373445,0.0,9834123.619676039,442.0932998882945,5217698.209957679,444.3775717189821,37597512.424708195
396762.89163027966,443.993508362317,13215466.51221546,443.2918782832404,17234329.13208805,442.959387551471,1687376.3163075096,443.8091118972086,16742264.961169932,0.0,49277973.86729733
5888654.876616058,0.0,16837720.318523467,518.4042277304884,15492479.33799893,444.25813615408447,393887.72270970524,443.69829327646755,18254112.897829764,961.5866210850529,56869223.10095617
1223709.7340866954,442.51687408508036,5184233.199117529,433.71264785051926,2584186.427463843,0.0,5650386.804176591,199724.85577041487,10312103.06460363,430.5469426650522,25155650.861683305
4023899.1591607425,430.91527971868567,12761826.650864065,436.4537322596212,7916034.455644013,426.40695072250867,15765674.562642472,12060376.977823062,14000359.806253023,0.0,66529465.388350084
4101174.538249138,0.0,4220893.261228713,427.53567476413787,15036809.83675649,435.99984753931926,15599916.551823668,9987614.175730534,4479167.099215752,434.8121516211945,53426873.81067822
4244990.455910654,432.36105819760394,18411472.68713404,782669.848221187,6916918.743756966,0.0,6749827.182971437,8228362.18251329,9913928.786495047,434.3025478737518,55249036.55060869
5285888.254491308,431.7286400285465,5035571.861119082,10925883.08763186,7378450.994269664,429.59855018437435,13359136.158982182,9535210.133750414,11650984.930767609,0.0,63171986.74820234
13755923.888686603,430.64705103488166,7211592.815408584,12460181.127164358,8753169.02471367,429.1323676110737,6869568.978529687,7993388.398826096,1038588.2482670494,427.6660906434643,58083699.92710534
7402596.300340758,0.0,9101956.38336663,12947698.964115458,6739918.152122655,424.68902335481107,4631966.809431748,7184353.026938299,6783000.622392191,425.16463080606735,54792340.11236189
9459440.69386092,432.25226285195566,9780371.944761477,15129142.762856212,6744615.3992171185,0.0,9929978.031362277,8682811.55460254,2693064.8229892864,415.1848751609325,62420272.646787845
3012752.3918826566,413.9704744178242,4481489.212719082,12877427.292978209,10112549.271149775,426.13798951242114,8480334.834958164,8341341.018623745,18684764.069303535,0.0,65991498.2000791
5245965.950375643,0.0,11262546.382182254,12309790.066323379,5526445.056765013,425.8272118621949,17325787.114953995,9234548.149295462,11531498.617933992,427.3812947624367,72437434.54633637
13160717.594113402,418.19532979267893,10410430.095861958,13740434.45904826,14694707.744932173,0.0,9083193.797607569,9387151.479541155,5989918.805695356,418.9303019520448,76467391.10243161
3830688.620163299,425.714477835956,4890766.989761283,13543010.76258109,13993996.740056947,427.5172449526502,1074011.0703257485,12092680.994717373,10070716.316982191,0.0,59496724.726310715
7392062.29904523,433.08922202022666,8203839.598477063,13800885.92176286,10231466.524919838,433.0459976928774,8209734.708707638,8787012.789168637,4643203.751469502,427.1854172687424,61269498.91418776
8938420.320824966,0.0,10695989.250390653,19584814.909561194,9016078.668907644,423.3126176545355,8651595.233392384,8459397.858646203,5925343.734825214,426.04546593440824,71272489.33463183
7708362.302445444,431.1564173642497,11662663.731976634,18244694.09201654,10877160.501125604,5126680.736968999,5835313.779619257,6625666.405463337,7935490.043957211,413.70795706225186,74016876.45794746
10840364.468585018,413.2566894403359,12058981.46703785,12708070.841932,9684196.775773823,9559898.164605554,8037605.274051697,9110902.601540769,6239873.694629697,0.0,78240306.54484585
4159663.9745834237,0.0,4597680.386763772,12716324.831134235,5915456.723904597,10437257.034953006,3636917.3896751944,8740192.608053243,11306464.223262256,434.0972810081974,61510391.26961073
8591621.812680209,434.8344089365783,4626674.276743778,14436912.893374609,7755935.992631219,9353887.974776972,8156258.239520316,9143916.15759003,5797409.129467917,6872102.691686429,74735154.00288042
5606602.312107397,3474738.4058577055,11087235.144797493,8953261.321426012,6215333.589968168,9345278.174981182,2896616.7849226715,6955166.360367002,8415681.73913889,7352422.711610311,70302336.54517685
8482786.577637842,8831159.851899236,4362594.791945776,8350693.701654309,7208124.137455696,8591911.337471398,8549543.554484226,8147198.547204769,5275779.301123809,8934548.855713164,76734340.65659022
3616134.638109538,8355660.818893491,4708614.567066087,8001418.68826752,7384415.141391925,8240309.5510471165,7502933.963929226,9290674.526501069,7413250.589197832,7662463.84824991,72175876.33265372
4950592.3943881085,9551849.287817251,5448788.813248623,8175612.23340529,4434963.5061760945,9413029.98154427,8484480.045824876,8916661.039103173,2560302.871440137,7515766.185215756,69452046.35816358
9835281.073446488,11059683.482474882,9093055.99009531,7795708.89446132,4821793.543848651,7269112.54015404,6460921.843211462,8860436.385590736,4802737.488518818,8950938.192249622,78949669.43405133
5867789.019127456,6975069.405508193,2047525.5428171589,9674102.046611361,3905104.266056625,7507462.932151268,7666543.447579602,8038799.303238223,8424459.290555513,8497248.63295529,68604103.88660069
8925939.68233456,6388701.803546903,9292953.983768415,10151662.693544038,3520339.175067007,6556236.734987743,8411070.552107573,6035116.2621828485,9362917.377621878,9901167.308496835,78546105.5736578
639033.4470499501,9009715.372937674,10115534.807917006,10291491.239107559,8428987.715468803,8151043.189149087,7626395.338615499,7298161.932566338,4961064.602180706,9130646.292555511,75652073.93754813
5099738.890259242,9761521.074218135,7196581.756785129,10346042.194777545,6050467.467749473,7692289.134192726,7612283.050793223,8236638.373739728,3489482.078915136,8849120.532497916,74334164.55392826
4481397.458412223,8190133.352979497,2859716.9035568107,8981007.053429948,8376348.091845875,8436570.199193748,7370535.383066912,8545260.072114889,1169314.6561642585,9141769.062935531,67552052.2336997
5807894.852435797,8625319.450440304,4143511.1752562905,9602669.124815274,2235552.2832492995,9369291.46396975,7799322.309236352,7960360.805922249,8421251.58017294,9786621.968168916,73751795.01366718
9514639.620323183,8324923.73182585,5469406.559776066,9440299.984161979,7851442.720598462,9423268.579153715,7873040.828567847,7759791.832693621,8263380.174463754,9644930.18936503,83565124.2209295
7350846.825050592,8665999.472070757,2831901.6939609745,9665462.274042591,6123821.966390697,9919758.990614416,7556148.208831382,8109451.595860112,8093363.937037363,8043199.99440811,76359954.958267
7416679.77835763,7760564.838202463,192015.7611795853,10320054.01971997,4471196.299947199,7300009.773899212,7483093.206761971,6871922.060190319,10404229.26018702,7381025.241940611,69600790.24038598
3818900.785891406,7262734.470149507,196204.39828147853,12103264.831825567,5469788.782312856,6806377.621085435,7272478.740278283,6414173.732337274,7809969.09391887,8079333.697235111,65233226.15331578
3526578.6524686287,9415255.245796248,191807.4473541928,10128910.444503447,8379370.931465749,9184970.868682936,7633850.659678852,6553703.334023926,6723158.511129242,8939188.72353657,70676794.8186398
8554563.558103029,9714034.490159385,196028.35171195443,10398367.252890848,3604236.0161560993,10034241.723540852,7670925.902441817,7287423.748467023,8606000.79137313,9973478.157711979,76039299.99255611
10594381.37200237,9971087.668872682,376683.6782066916,9830618.28589566,717695.1028432042,9209009.296260694,7441096.461481184,9311845.236443628,2284791.4835708006,9128755.472412778,68865964.0579897
2311811.798638274,8900623.17308389,188548.37183331512,10735652.516672753,454148.55348409835,10104353.47981727,8099376.144614449,8441111.794262085,6798630.483950311,8887625.56880101,64921881.88515745
4380195.104891244,9279993.902585885,11033.286406673906,10619342.885591185,479729.68220649567,9342954.796370508,8655703.62421089,8013268.670047755,1747543.8581932401,7859157.428360262,60388923.23886413
7971123.465606175,9919809.262363361,192985.66683881637,10409479.465954363,2144759.403247074,9228225.086225893,5083379.934114759,7736560.851507178,6416405.766069024,7285016.117999918,66387745.01992657
7517884.399874657,10073223.824228033,7591687.731288809,10543721.778494203,850.8505332785669,10003885.103316963,1843949.6754355468,405.93148668648,2876400.7885952042,10845502.758954689,61297512.84220807
967922.6592034333,8185565.449524036,2283760.763249938,10213889.789040204,3169302.6893285043,9240773.865905493,4296644.697219431,0.0,3817626.9161887276,11926895.102027753,54102381.93168752
4152367.2581211613,9039094.309828715,8007523.346461809,11059198.903434932,9717937.858330064,8701686.777672868,9103723.87859702,419.57961299987306,4482394.116440235,11292822.070851305,75557168.09935112
2774501.5274627577,13150284.025017744,8154656.7113904245,70106.363932383,4692348.766303301,11605652.464293685,4178432.2850710186,424.61467985687756,11946826.75841925,9509430.356918758,66082663.87348918
3988990.4927535746,10923089.384717906,8045531.410022371,0.0,4413186.695171893,10435367.08960134,8522529.944667682,420.22120377785944,7963155.715313291,11950043.429008521,66242314.382460356
1509653.0834478159,13983128.348220466,5953037.274908715,429.9821622619072,8504463.79893824,10525834.060710574,6360094.800278112,0.0,9600339.25390045,10661177.93465986,67098158.53722649
7322497.183090834,12502276.63081365,7486895.159078126,425.86594419333494,1954047.3162788819,10297481.485455735,8171899.837659493,426.56984619452703,6992899.542478424,11144495.57679652,65873345.16744205
7984632.159968663,11463209.918599239,3903159.5790685182,433.5236206865737,2748793.125738948,11030367.002801957,1129827.4567308847,438.027782044582,5607145.513415245,11840121.051338915,55708127.3590651
7115153.032920144,15231817.564911494,7960652.428658766,0.0,8415644.782463374,10393200.949173441,3886983.376674294,0.0,8432360.602306476,11060713.084106708,72496525.8212147
7490138.938453808,11348051.305948606,2541805.122919383,421.0325164401624,2353172.5519117177,10744764.949886449,12604557.890205177,413.4708210922362,10170072.41507272,11959118.643922202,69212516.3216576
3858272.6037280494,12681841.97569459,4162503.157795144,418.6131450453708,9970159.921254167,11582405.832335059,1320402.990038116,423.6907874051872,2066593.321980414,10683489.977193303,56326512.083951294
5102982.179261812,11832003.30470521,1842385.0138256177,419.32312316765626,3423250.166638331,11398484.658076417,2704554.736000865,423.42844667924936,9922857.29922644,10509225.79445491,56736585.90375945
8391149.024306778,13255856.220491568,4815255.656951984,0.0,8184744.804446803,11761843.578724578,7034874.459361503,0.0,6395077.194323708,10581650.91128119,70420451.84988812
8189998.470637639,12273043.551221656,7141203.758087431,409.80702124710217,2115868.82212987,12175859.9608196,6201885.870217758,408.47617526892867,7660125.873207296,9839523.430336684,65598328.01985445
8438309.232592763,11740867.935376583,5231055.676216572,421.4618460981933,8227843.829820703,8155634.9359914735,7830731.002028066,423.7283294112596,10495583.793181164,12127428.797912555,72248300.39329539
8482675.193756081,19681840.501565024,9251512.329365559,0.0,9137260.201443575,845.5894014979614,9986854.010572935,426.0156252810369,12371454.5952782,11713018.976820288,80625887.41382845
7289766.9620304,21601865.74608963,8429171.35433677,427.10385462821415,4794933.25292159,0.0,8730118.425072981,0.0,12407022.657007752,10581874.1361212,73835179.63743496
5112771.6123622665,16886554.41896846,9189601.743466726,425.86306154463165,16936990.62738096,432.0556975640471,12731523.375573067,431.67087738542773,7498154.607399917,6593413.033088696,74950299.00787659
1220896.2686591884,14082279.696167536,6782022.837944261,931.5834506512855,5417598.251263794,931.6479158532866,10392548.596000511,430.5448249594907,10383917.907420194,431.1333347324221,48281988.46698169
1210499.7259689877,6348016.144660171,8284297.718821277,0.0,11189802.218498189,0.0,12427036.671756556,0.0,5815122.601822664,440.82125121521847,45275215.902779065
1230951.0298339115,438.3965298736592,6612602.527534495,432.44798529054816,11223080.882054081,433.77703315014975,12594782.202614535,434.0869853201815,5430359.887071323,0.0,37093515.237641975
1201379.163975739,432.61943435980027,6508274.982565616,435.04761229736386,19668407.67040665,434.11384873141435,8163668.150836134,433.077390366086,12170183.906379752,433.49580352680744,47714082.22825317
2420282.289844712,0.0,565083.1284305503,0.0,16373107.077218547,0.0,9386072.383777747,0.0,13138642.40541153,429.2892054742177,41883616.57388857
5824852.568892011,429.26311888719334,618091.5740620914,430.5974975601629,11798120.921782035,430.8224218908488,12831881.352943681,442.62223763146375,17949550.300928175,0.0,49024230.02388396
6018916.024138139,441.4011418348286,636031.4404459555,440.6103562366472,4560840.086443716,1206.7571593994285,15902445.99132467,429.0034328526771,18247310.095954865,429.01577431594023,45368490.42617198
5807944.934404738,764.5017514878224,4472477.459409975,764.572082521182,5323594.164646409,429.39761318027496,10614600.505814308,1193.0485031830792,12815986.030108683,1191.725059723531,39038946.33939421
5873886.713141771,432.5018679120846,3309848.288573829,432.6735456900296,20680141.448420018,0.0,20285563.518293243,0.0,12756893.361138295,443.2122457479919,62907641.717226505
2174931.1105260453,438.3656021864434,17164118.05342576,431.7262329431155,2046960.9404102464,431.8365235252253,5590728.22395034,431.44062849575045,19109399.333696242,0.0,46087871.030995786
3499169.496335522,0.0,3270179.253268183,438.72478482879575,5941226.747364828,437.00074321555337,9802714.76563014,437.7036140020567,20291687.87669643,435.01076363582933,42806726.57920078
4644816.307308789,435.75024528004997,4819241.383640347,0.0,10394195.65174027,0.0,12662324.819846103,0.0,9448880.435864052,434.25392928484393,41970328.602574125
3549001.6766030653,436.1912297494691,9687305.84808438,438.9217250637421,6434855.505379941,438.5892580084796,15885484.30531653,438.7280354422766,19029909.671613995,0.0,54588309.43724617
3014544.7128924145,434.82755306495653,9341912.645369722,438.4026395626047,12807959.192390772,430.83366966591154,8067092.407776281,427.18922428609625,18958488.01946036,426.85844843349014,52192155.089424565
3168402.979202681,0.0,14172185.39488447,0.0,15476444.876411138,434.1918369776476,11357815.452044861,0.0,16408189.755074862,425.65822319938957,60583898.30767819
10915566.94939573,930.130776833282,9473012.943795433,429.95580774779256,2898737.9314505453,0.0,17599352.36487953,421.1677168319317,10202813.333907343,433.44857853888345,51091698.22630853
3469710.811055953,434.97852617714966,3911370.9425856704,434.5599673982772,13475321.352317465,440.08024884311124,11791245.512887249,443.86821170312425,18638743.552820824,0.0,51288145.65862128
6911307.0247132685,0.0,12575682.18236476,0.0,13136633.94905334,438.9380889071253,3573459.0424486278,433.68078933695455,4056108.720000655,434.9831312358522,40254498.520590134
8258689.154625937,431.8864552511679,12529288.42453575,431.63570898860723,15777247.576488428,0.0,6390554.194706283,0.0,9944777.91801897,437.07455337662253,52901857.865092985
8176699.310190352,437.9425033298159,5688554.190229259,438.79602254411844,18770635.315511774,438.9590478921084,23179213.76658694,438.7484962917246,15962178.516749458,0.0,71779035.54533784
15611728.62761866,0.0,6088737.266373999,436.12829880005825,15793472.397772262,433.7850709736359,2737686.057765943,430.81043720306786,9129500.978000185,425.4606847427296,49362851.51202276
3715878.3744530496,427.8765948412082,13275188.258540425,0.0,13122225.035927428,0.0,11057893.387749808,0.0,11989707.930395601,435.9941823146176,53161756.857843466
7752636.022570575,435.4188909639264,4992443.022350943,432.02936639126733,14085231.695827572,432.684146402007,15740079.87705381,433.3231929441143,9734651.147591913,0.0,52306775.220991515
8611928.086135698,434.5975840602113,8217872.881657757,438.93129441466664,10783331.45370961,438.4266981183025,12091349.697037786,435.52890952384354,3627045.773553298,434.8787425304915,43333710.2553228
8218796.350319944,0.0,10373980.9541358,0.0,6438915.214714575,439.2986899805342,4716707.60793809,0.0,11638371.937824918,443.0327871377701,41387654.39641044
11368122.892872553,441.09747558180806,7752010.880637839,441.7468043412292,9235347.651998982,0.0,7404988.161497857,441.54790238715805,2840840.355737723,442.2159450837266,38603076.550872356
18701816.332193773,438.3815427642087,15421923.541021014,437.1800939737049,14399606.314240746,437.5344830733683,11302583.985065818,437.607046868632,8499092.817353077,0.0,68326773.69304112
7102947.265196147,0.0,11833065.743118653,0.0,6947717.429141772,436.075209030698,5493281.530479747,435.7636382172024,21295763.166000236,438.68186212740665,52674085.654645935
18311212.60598152,438.6608340253004,11675805.939704167,432.3050755961554,16669267.50728381,0.0,10458540.293680862,0.0,6716193.840808736,430.0674003691298,63832321.220769085
18688962.01476935,429.028025063179,18150633.54785177,435.839295475382,17693773.74100046,436.11507238164063,15340993.573246913,423.9549711051676,12546491.730144503,0.0,82422579.54437703
8719692.770589935,0.0,9146435.354719812,422.06956582262507,4915367.636632305,420.87461370047095,9420793.977195071,433.27852319961363,6547942.956813044,438.252333390874,38751947.17098628
21784153.35249192,438.92268198005814,10213631.36966586,0.0,9799065.514780296,0.0,3047698.8214885723,0.0,10996202.295960354,442.40456102146135,55841632.68163
17152709.645285126,438.1304463922558,11105991.348855378,437.42078797475506,14730480.22349712,437.00624491257776,9052590.943053532,437.9606996873987,12098999.722754609,0.0,64142522.401624724
9642254.698235093,439.6270498479524,16140742.473939009,440.19090348564157,15753680.656522542,440.45506365627426,14133567.46055054,437.40938370140685,9666179.992848601,436.8841967112369,65338619.84869319
14152383.75230981,0.0,13490103.067900129,0.0,9560169.14041651,430.6897977651157,9304122.894943712,0.0,4394355.7854081085,429.2939654742272,50901994.62474152
3792902.019761149,433.6175533114378,1442094.5560700514,436.2355568874186,18235060.736018647,0.0,14367238.756805703,434.29168034659364,17335974.169726267,430.38780451045847,55175004.770976864
11383344.284984428,430.4292114436716,14553408.555150408,430.6971687487365,8130846.865550396,429.6594273031388,1636724.7411598181,8077105.551624051,2483593.117982739,0.0,46266313.902259335
17436591.16252425,0.0,6563861.473483451,0.0,9877950.138692623,443.4628530521215,3441756.8963247254,9769801.465822753,20034669.4409901,432.5177565583954,67125506.55844751
3434877.445885805,429.65695154160954,10704694.42637378,428.4427832036009,16787982.57124193,0.0,6641960.5503978925,10057605.048851676,15213702.272901809,438.49573791829374,62842118.911125556
2613908.62961785,439.6600760579165,16236420.63632531,5228928.973959265,9119713.704504382,435.50921889959864,11419482.615553949,7891837.993891529,6383105.204820989,0.0,58894272.927968234
8723469.71991094,0.0,4272437.075909786,13504046.606758045,6636097.809893753,434.82050958638547,5175611.695330681,9849682.657391299,16384083.435873976,424.53329014757384,64546288.35486821
5112284.603320408,427.95272182793514,4551243.114551992,14535412.593966914,8455188.948381497,0.0,8676923.906092161,10752151.60043642,10972386.753401026,440.71925163365285,63056460.192123875
6162029.004865621,438.0561838922798,7621091.90050898,14114525.413549503,5209600.7771848105,439.6796637124154,7283004.659371394,7726412.723488483,10747322.16636536,0.0,58864864.381181754
9836448.277358677,438.85025521014074,16010837.23890204,12774985.283121323,9563413.318346411,431.28350842316325,16499928.252618888,8660959.60464028,8009958.120290726,422.1195654566875,81357822.34860744
9793567.33986819,0.0,7862158.344534379,21937063.69193416,5710421.4321427345,427.65682449502054,9713410.81336734,8046827.7469240455,8589604.941434747,932.2486269234772,71654414.215657
4842421.07439607,429.8336274660929,11674287.253819974,15791494.341317605,9322423.418109605,0.0,5945153.939294509,8692449.900346298,4391245.34503106,432.3408173748417,60660337.44675996
10091398.532305915,433.16814730505166,2070507.686170413,11048350.427784164,18701822.936568517,434.0982170040528,9174152.92783904,8929611.632210445,12643466.992846841,0.0,72660178.40208964
14332443.854186239,0.0,4220884.083837894,11779715.786392085,7676053.573190854,435.2427698278456,10915051.485171169,9319340.475885246,4993013.470915429,441.7245122090088,63237379.696860954
5855815.269524586,437.6688829830597,7876679.994284471,11707139.611034632,9337526.42505608,0.0,3714934.508141337,8909268.98323233,11973547.920153558,428.13327923362147,59375778.51358922
12936737.268300353,426.5378535712901,11428067.320531787,12358020.548202887,12084400.146964628,424.20151820064547,9141059.771638496,10344308.783492662,12201618.621789861,0.0,80495063.20029244
4489416.000651972,414.8747297385295,8985536.46728576,12470281.248318957,7166998.840632821,412.38260937961513,3764138.303028169,9440143.959561212,11930927.227019334,420.8939710982502,58248690.197808444
7835914.813193145,0.0,8853255.016298935,12929796.617159266,8094107.99732783,6619516.695986467,6770040.268594408,8245665.56219956,4662195.943575026,420.5668065585551,64010913.481141195
8667012.956891252,420.7900779393415,6330688.144257695,12487591.606351642,2353613.3618773753,13232440.050099447,8268679.3720541755,8302007.333107385,8506444.972910097,430.09220659643967,68149328.6798336
8533166.417796431,428.66080673400415,9216435.886939444,11073385.104341876,3014997.918429169,9705501.200720597,3446904.287836429,8477639.836813692,2533762.033883178,0.0,56002221.34756755
13490225.395287385,0.0,4814861.969326106,11451229.059361685,8659640.209941547,8586147.51821406,13232717.306722512,8829708.073371703,2455157.4417102104,4921594.59553149,76441281.5694667
3936236.262348988,421.2815814826316,4878051.3035600865,9893181.769256104,2260334.4787912806,10287643.188924417,10295668.62912187,10919835.36626746,9693163.213047707,8538079.228010714,70702614.7209101
10247012.09250473,9742568.755012665,8001558.212205271,11339730.227477722,9009350.2401026,9502649.636740891,3252481.3975533266,5883819.398857575,7683034.135385195,7358934.154459009,82021138.250299
7675768.176704647,10291144.490288256,5815048.432733084,10462911.771866078,6428670.120649528,11234112.290783903,5348261.226587166,10227226.295731962,2494331.72748873,7460457.850790539,77437932.3836239
6667269.406757124,9437110.280268429,7874928.206768428,10363402.601621103,6346266.78187922,10529842.350814037,3434792.855293248,8531878.949483244,6783059.34874845,9172376.757660424,79140927.5392937
5154076.70216878,11795635.858856317,7484746.318662375,9268138.529448459,2886425.39959598,11060597.326598413,3499064.7816669564,7713355.229522014,3010543.9297244237,8298453.332881315,70171037.40912503
8249001.114966542,9620122.552279294,8502239.84679005,9734017.628654087,7985347.948811241,7696669.533679286,6282767.8974150615,8761648.394223299,10141232.486531673,8447559.479364973,85420606.88271551
5171141.875243469,10476561.008144172,4216116.091004023,9804026.04687384,9144905.573974011,8786653.942139091,10549394.323374856,7827679.262298662,10188731.66581561,6892913.654564426,83058123.44343215
7305797.180886851,9299762.477965144,7625228.119401556,10921449.183891363,9177630.684890272,10010722.870992152,3981336.200115561,8605114.149143226,5832570.238773524,7957004.56746828,80716615.67352793
4703671.196091271,8918682.666169185,2822498.8135274253,10913965.184225295,8815663.157568557,8764664.525499023,8212055.12286978,7225264.152941539,8349978.691510221,8163533.466650778,76889976.97705309
6580247.009751879,8334606.405725435,5744394.322392263,10791916.746045027,6459460.389052269,8769704.07490725,8349987.228737288,7205566.0558916135,7805853.531774269,8023190.30787564,78064926.07215293
4623392.3106705835,8239628.524277739,3721420.0668712556,11279420.759817787,3151110.921960132,8267773.466656875,6161307.539516005,7345566.116202285,5107609.026509769,8183125.952219137,66080354.68470157
3748629.269382291,8076139.609384505,5327735.629012315,10490195.656635473,7986616.917768822,8563302.480071774,9067727.808746161,8439190.240929212,8742726.560217267,8675367.54028692,79117631.71243472
7278893.16994156,9775643.31127755,10084852.388195664,9066316.436036259,7082156.23223728,8253248.918013813,4846999.325548337,9386879.702746525,2474040.745493018,8393474.877945706,76642505.10743572
7043211.8112568185,9694418.640657824,5718852.322886215,8761951.423337325,8333432.038408754,8217257.050119609,7323525.715458731,10594293.046821877,6292724.766829793,8045902.38221841,80025569.19799535
3399438.239205389,8712554.04723551,7089602.424525018,11582384.258979574,62879.13823515664,8451327.905050214,4736092.984367455,6543473.639266491,7288549.59290956,7347145.292818183,65213447.522592545
5740107.339646664,9973830.347420502,7210121.924403995,9184310.752216239,1543644.2909332095,8369999.719620529,3654993.237032936,8707971.257364208,4406786.538217902,10172722.078580873,68964487.48543705
4699123.665966258,10925368.422181338,7442126.749931751,9754219.906583225,2795548.8581059244,8238770.8195231315,3303272.0875990456,9614496.338630613,7503968.01806459,8281386.5564015955,72558281.42298748
5852750.149806008,9862135.07906356,3120974.762282443,7710640.2662795065,4782702.49825687,8623514.118473044,7678618.3065460995,8307904.427454961,6284271.905459019,8738535.23290099,70962046.7465225
8363868.705205098,7401068.599536059,8274955.942375526,8956089.453965247,8099196.328195787,8979355.32830683,10538654.687370973,7983034.577182971,7498406.051867484,7886291.02851952,83980920.70252551
2679152.088174139,10144044.754020976,11094476.94195412,8056596.483534437,7848733.134759447,11039035.18182945,8926928.506783161,3775853.5499467533,9088592.61319877,8833987.753207315,81487401.00740857
8633697.381628277,10749660.397952538,6454083.439744672,10007484.588354502,7942360.664228132,9348462.409369698,6905938.465855395,421.95332928132797,6632748.888112835,10312991.020254193,76987849.20882954
7598430.466853258,8335378.344694437,6796922.6805236805,8677825.006654609,10500158.728480725,10086399.508534165,7067916.818087332,424.960194531339,7703590.906345698,11566746.72170488,78333794.1420733
7780688.539586005,8567161.332698908,5887697.998635975,7867294.190050288,629496.4813289072,10269976.281542227,3391505.918510762,417.59515628710903,5338900.512346774,10490212.607675033,60223351.45753117
5917844.539607697,11561086.830249736,3669797.2522163,0.0,6853709.6698562205,10755275.526299477,2741340.4082358675,0.0,9355819.837387064,11815310.80628552,62670184.870137885
3663644.20946878,11363536.58442423,8083054.065768988,430.57972372110333,5264565.633065326,10915910.798784323,4954053.258686706,434.73563013872564,12309289.555796305,12019062.687382096,68573982.10873061
4300888.696955445,10848162.075305462,11831504.369949695,421.067915579191,4221259.79504675,11020100.844482929,10493807.501711993,422.3255294891333,9352000.245000185,12093966.105820483,74162533.02771801
9470843.874760924,10374172.17995881,6904231.292739198,0.0,7137342.897545795,9943740.800667036,3678812.6228092276,428.543830965301,11482808.854138838,11547029.859347917,70539410.92579871
4281636.050679392,12361230.552958138,2002083.573071329,424.35271467661767,5122147.924763218,11815911.464821946,7593516.811274914,0.0,5533820.6325266445,11272132.282561546,59982903.64537181
2356860.0839672536,11491775.115613295,3160509.015551409,424.8408365621263,5968586.954764035,11649120.226688188,7194262.658758458,429.96306180399176,8266263.755820788,11510797.604130726,61599030.21919252
3890729.4008940873,10197852.066719795,7029897.526233317,418.65170782344836,6590163.011701561,13705142.654215245,6750913.154954679,415.66928574614036,9847270.943175215,11004588.969438884,69017392.04832634
3706480.554392942,9769810.17828677,4339558.366778908,0.0,6680339.15251596,12030531.456905557,1900037.3005994214,0.0,3299625.0873481967,11264403.282744735,52990785.37957248
3809041.414560928,11584228.203448497,9046518.817820653,422.0408988095113,8288287.540863262,11852818.361273903,8766259.195298607,429.69968535538703,9603133.897448126,10553413.309840646,73504552.4811388
4989366.651485478,12282248.345875459,7107463.792496004,433.00445830296286,9110798.824032363,9568189.760904001,10414657.98941202,924.2951810777492,11071611.111137357,10222112.487636536,74767806.2626186
5706621.365315516,9533354.474159202,10205380.380239775,0.0,9776361.067801544,9266508.7527031,5195457.0044922875,415.8239072742223,9214820.74493991,11016121.75973809,69915041.3732967
4297229.626657556,9136417.055749036,13501757.063218221,414.0287054890528,6052648.272637447,9657551.153410504,7092404.985816102,0.0,11084555.501605434,15488614.89612597,76311592.58392575
4256049.043483147,10877327.368990257,4993323.045640911,424.5613119046409,6394148.302738912,7983287.876767788,8461793.234117555,426.89229952388604,4602559.06922241,12575494.256854242,60144833.65142665
3836181.5070357597,13542541.806452805,6050270.69075382,435.0569194518445,8718421.845418278,431.0963153520894,11419554.884869792,429.31859100597194,7663642.903357853,7499451.515791537,58731360.625505656
3824457.4733868674,15504387.768510276,9872201.937964082,0.0,11458240.739883695,0.0,11848657.915261978,0.0,7402141.067406128,12058929.169994667,71969016.0724077
3908721.66231108,12156448.595172992,5153790.8353089355,427.48973937187054,10511677.42578423,427.31961025448584,9254158.312204847,427.57953139395454,10524242.801378151,12351054.853868661,63861376.87490992
3830344.635826017,18670296.963487588,3861340.829060835,418.35305372975967,6795411.240351021,418.7404378909834,4890132.511222084,421.85068039319754,10153367.21305998,493753.20386452577,48695905.541044064
4228275.180649068,13039727.77657409,13404070.641195383,0.0,7274078.489194097,437.19889162026703,9193778.1989877,438.2059740066956,6724320.696371429,444.1856040214558,53865570.57344141
2726611.684098498,436.3694436081621,6529301.910806292,436.89235009877063,10676403.236918697,0.0,16603977.284211168,0.0,14339748.434418883,432.7912055028808,50877348.60345275
5165607.124380934,433.918579780039,11500118.045001643,431.46328170959475,12381197.516079828,435.1350588457022,16647685.729883103,435.3488396231454,14507220.211024942,0.0,60203564.492130406
49576.90765731628,0.0,11881681.49882347,441.6596839687523,2932498.019854781,436.9014519140939,11637678.906273412,436.68216578759746,7630816.350150033,439.5759841991887,34134006.50204488
2175217.924375692,435.00925974141865,11948908.516207416,0.0,9851513.367280798,0.0,13634944.266525136,0.0,10516140.830024447,434.08801486700617,48127594.001688085
2166742.998315693,436.62496397181246,12024881.679223763,437.04959933728327,12954448.129677601,436.0167496678329,9820452.349424053,436.6131277192547,20422694.11135278,0.0,57390965.57243458
2205478.0763259097,444.3063733322505,13325056.448716717,443.7014224339131,12953441.708202522,439.05793621612145,7445214.611832402,439.28086151388965,21974737.07816907,438.9443094015644,57906133.21414951
1747487.3881523407,0.0,6726733.893004831,0.0,18234187.4275443,0.0,11222928.186714267,0.0,11392301.258622581,440.6438196868887,49324078.79785801
4292264.048659871,441.146188763718,14441054.136513416,437.2191151358816,7117958.536971315,436.0226043419343,3203210.149325992,434.4334693572809,4680429.208137137,0.0,33736664.90098533
10829926.83873322,431.67615313924125,1935642.8297896704,435.46522762219587,25426716.120714318,434.9090861958906,18596302.84069226,437.3463858084745,15308638.488143902,439.7645637207425,72099406.27948986
2366726.590980716,0.0,8079782.8259990215,0.0,3023516.965624741,433.4901098503591,12641402.313110845,423.17132265294424,5478457.507320774,425.13033496605743,31591167.994803563
5281656.264368412,425.4767796021293,9120658.756583488,428.8556647162311,20135072.62269845,0.0,6860551.787251774,0.0,8064737.217463707,440.66079444608727,49463971.6416046
8193355.70369032,443.5133602593142,16403041.323968997,442.6832605153621,16839277.66395433,442.5172631471592,17321277.60528568,442.64929195361964,11924319.70303578,0.0,70683043.36311099
1705122.7660758086,0.0,7632890.259549242,438.2496622135672,6933098.352303729,434.3762927892056,5789038.033928016,435.21491978230455,23724660.732112575,437.331850410121,45786555.316694565
10005347.817631051,437.83621347143907,13374007.237691093,0.0,12811230.969605876,0.0,14040693.941201303,0.0,10429132.974337932,443.5116015945804,60661294.288282335
10187762.805713486,441.3300232473259,11291737.927633796,439.41240446006884,18367682.066500966,435.6947959635709,15756880.721886922,437.1120372310341,14744825.2250023,0.0,70350642.29599836
896142.848084368,434.2941161243561,14112030.122133184,435.1791715698015,9634134.324643722,438.9141655715246,14462878.072334887,438.1961501292867,11026806.763234088,435.46748819926506,50134174.18152184
6819844.314917956,0.0,419366.01692768745,0.0,13578141.011261808,0.0,12631808.88967644,0.0,12848972.16700261,430.2475402408897,46298562.647326745
10278937.417223912,432.86481028813637,14447227.531617684,431.33201858360536,11689065.91859464,431.74447191308093,14391287.722037796,438.1141427110308,9906638.856912002,0.0,60714891.50182953
7010483.497390232,439.55659771801356,13209509.838950029,435.25622568762157,2377498.2662194767,432.29068771735143,13813372.485454708,434.7694277177382,16217924.459851218,433.66079840775103,52630964.081602916
17867335.128144242,0.0,13295026.790103268,0.0,17665231.104738537,438.40559900440854,16866794.92873761,438.4917267126416,20601190.037064284,439.1114674527898,86296893.99758111
8696504.445992278,438.8847912825842,6064368.867952518,441.699412022817,11646061.041347357,0.0,20716559.45946562,0.0,3362951.3625392667,439.29255529107417,50487765.05405564
