323317027589.31775,304346160387.7921,323891487294.2123,311632219758.54425,313138859821.3628,303877912349.23004,300298580642.53357,295838375377.8807,312146901154.74194,292683048053.7367,3081170572429.352
4869614.6678107865,5490362.469983327,6614159.0904217055,7868560.297272304,5204098.038981502,8032116.421061001,7790201.013849087,5268627.715560532,9724338.63945407,5612573.233805173,66474651.58819949
6193204.443243003,5094065.692145636,5561096.524322485,9543455.519067558,3465431.3112785905,8131302.606661987,5208825.3090310665,2472375.5212194053,4082059.828547177,632339.3470591401,50384156.10257604
5489807.514316469,5741845.504383493,3045651.9150536507,7091240.418551585,2112814.087067176,7576963.716656514,5346259.690144152,4369331.671090305,4804045.913749888,1039441.7487256891,46617402.179738924
4255955.5498610195,2730887.09178237,3269286.8011625353,8502487.677669724,4152441.5098442747,1401853.9042388771,3170178.267153108,4775699.595524463,7243440.5695708,1608948.5713175184,41111179.53812469
873639.9855694686,6968240.939086674,6238485.214358381,7033697.650090186,4211486.047585021,680987.2981432533,3201454.796784339,3096945.2349726753,3651101.676694217,6198550.810245457,42154589.65352967
7339625.14497192,3096240.3173575327,8520236.02875234,7096461.975809953,4289206.581104623,5624424.108015779,3364583.4281571535,5031257.063521197,7531422.516946801,639907.3361384803,52533364.50077578
1576048.0216928278,8455073.284483364,3589641.746041849,5426721.657936364,5176040.3123069415,1143898.4900323253,3937467.5829341193,1554870.9713333035,10543574.664211236,1212913.6258332222,42616250.356805556
7962836.460621821,1265406.414064824,6709501.96089468,7899305.5236757705,5086096.4584514005,1311033.843352139,2929788.9066960933,2347890.2531724446,6405813.533379537,6731293.165798697,48648966.5201074
10849791.988118106,5711065.848964332,7672915.699052843,2772616.297940858,5159417.205520092,769366.7748594091,1556852.3167926066,8896567.9417026,9574259.010841498,3115678.321452955,56078531.40524529
6635509.898062396,9520572.38438661,11038711.739350744,8895517.876963096,5476577.3386634635,736842.4825951303,3374481.815683681,4277919.849214583,4022351.360332862,3716611.8904908774,57695096.63574344
5344839.248679709,4954534.233052466,5283860.012906781,7711177.4789832495,4099053.93277335,776214.8721166713,863496.7293362551,8808934.66416294,6759733.027258678,9032960.761636745,53634804.96090685
1587920.297110325,4557496.350700401,6028554.255649655,4940881.4237668635,4021936.3080859105,765303.3334506593,4644849.200361189,3600896.895601961,5942430.447366441,7980260.70517487,44070529.21726827
5378533.603436904,3687423.6724426285,8504656.713604297,5961620.808066317,5815987.275422996,779027.2033102182,3836815.7462443816,3047636.4854131574,7273351.6089324225,7670793.089740923,51955846.20661424
2457250.1051618773,10661550.762136852,5735011.4318814995,3294517.657854284,3535009.0540563683,756916.373651815,3077855.257878077,6227720.856185815,3021931.2745800843,3902642.569253554,42670405.34264023
6770999.440851546,3650190.57697168,5570449.226044551,6609486.923853111,4938771.099733788,776239.2138518582,4696037.524585923,4128656.0599700725,6238839.803537232,4445184.227236749,47824854.09663651
5361458.248181001,7047198.145951035,9672728.13625294,2324237.4374779374,10368923.666303232,4702631.514111803,6287402.3272953285,8485821.679770913,8164243.5738358125,8735227.75347125,71149872.48265125
4655347.033323955,3598880.5134553034,1792525.6324991882,7226966.233819169,1704190.1487041095,8135936.092809534,4787782.672408627,1507297.9178518783,6344234.626108688,2479645.5397783066,42232806.41075876
9437672.382285487,1650699.2447575943,11130492.313411232,10644919.212202357,4649708.5191218,8226784.150939929,5451036.640196644,7005534.540781222,7564092.856129889,7604168.507960673,73365108.36778682
3342600.9365542126,4570590.810159683,8178849.581048653,4883298.981633214,9254089.428597856,5131701.957294164,6750346.267612848,8325973.970284607,2823548.1470223446,3585396.617265452,56846396.697473034
6301896.148716252,5423162.836479068,3502008.9843187868,8210025.18558748,3298033.065498325,8908102.29464352,794162.3418089031,3444090.3371547777,7235962.497761688,5133229.998630205,52250673.690599
4617022.9289588025,2198980.3498817724,9323367.797694286,4385928.362421176,4460547.340443558,4352005.000484477,4005514.460266309,6399942.565760244,8505752.36924085,9102764.770578014,57351825.945729494
5016755.439234121,5137067.73679878,11187864.880199526,5755428.577308915,5982212.847939891,6454234.299334782,4889137.219167234,5446810.0459878445,5538373.057579047,5445766.028339676,60853650.13188981
7776248.2744081365,7974116.845335719,12741792.755063027,6961990.28418656,7057548.616363736,6772822.718193846,2510642.299800367,4284975.146045333,6125638.514128447,11447248.326078651,73653023.77960381
3579360.9243596494,3565000.8605202255,4677158.5117605,4523918.811177381,5673884.234600056,12789645.480254225,5929329.246302033,7055492.630412602,6513480.742065457,5816822.174242174,60124093.61569431
4174240.3997492525,5092669.222284954,5946540.2210782375,8058137.211696467,7559699.797774382,1084519.3184574568,1660419.3983455717,8474071.345910097,2381450.511064822,3319405.7307559275,47751153.157117166
7588307.059234383,7845554.7702232255,7642717.5630161865,1760273.780118936,4162084.838903425,9196954.261565337,4542051.536404874,2107640.7885966906,5817350.453326566,10084027.135415632,60746962.18680525
3685100.4103280012,5607636.939987887,2643366.283605206,8270288.708551389,4409342.491984167,5480755.218767278,8090903.152856845,9793148.379319374,7614299.126619656,2550873.5689811716,58145714.28100097
6228135.1708732555,6709869.490102285,10510496.529837338,1789938.5500419664,6684968.465643468,3234895.178360617,8161525.752033356,2410813.2055586176,8423637.430963917,7247394.335269314,61401674.10868414
8298264.787268501,1918778.9305569169,11090213.312922053,7107527.935905744,2370562.3368796036,5552465.233782842,4118566.5641118693,7601297.891066117,4602069.558480005,2828249.524484502,55487996.07545815
5040106.191999282,3174280.6066136695,4855119.999020405,5400470.009845253,3482647.145700213,7428984.080306534,4045584.4440116966,6497518.336213386,10255543.243004967,4435815.627802952,54616069.68451835
4945463.001310017,4965065.768632074,5543348.148667872,4572980.336421833,5437713.545498937,4308884.985276102,7095769.282603226,4244198.854066032,4773614.127339496,4990161.27560055,50877199.32541614
5012953.180278727,4413051.180553987,4587870.676821356,5953475.65888649,5091757.225166093,4207622.946795017,4833633.256550926,3508768.3281033374,3443963.1706994986,6485482.915418034,47538578.53927347
6362359.396834255,6761191.858490159,6056640.333239281,8721510.526079567,3785227.5161612425,3828345.240085542,7939018.649264634,2706402.220053386,5493645.649233213,7031427.461347306,58685768.85078858
9234574.183569128,4770487.464887731,5678212.225519778,6710753.514935865,5140025.546623954,5190065.171884422,5386690.162421825,3654646.9445074107,2483190.777466131,3678926.5414360994,51927572.53325234
7183151.160491256,7621721.108227837,4712351.6980404565,7303010.605871304,6473751.926091103,4822775.452215914,6774207.467283866,4268020.611580281,7489889.30496974,7293183.267696319,63942062.60246808
14636284.956370793,7162765.15704846,6049397.254709052,7451747.2083957195,8222332.971405096,7654332.692306152,12676353.646469323,6996138.937398077,8080547.313640678,990453.1112119945,79920353.24895537
2632096.225538824,4051103.0663017724,8197554.199087626,6666562.577142613,7428312.633049226,5084504.048247964,5747996.332669902,9377313.039932512,6494657.749763784,1065513.4681410247,56745613.33987525
12137201.783265661,8577862.327161882,3610800.122025811,5211118.207469177,9352429.751491306,10249228.521999974,7482004.440993659,4694884.750110464,10148170.641902389,6346875.947726144,77810576.49414647
2247464.1809645453,3297390.074754004,5692840.300398475,9527691.386867395,6521599.534922879,3965617.6020140424,8976656.444887014,9182858.644370083,5411571.430199774,3461821.8441821616,58285511.44356038
4727720.366802952,9553840.32283062,7542844.976563898,6293150.28382487,6788862.958588466,5753837.666515624,11069529.961852523,10548603.284041034,7137654.224763902,6030367.249628585,75446411.29541248
8923391.297156684,4007427.1712687197,3468315.968086758,9919097.551496105,3656559.6007327638,4009105.9813478836,9372345.696196191,9457198.166905742,8226208.405718954,7469618.600835517,68509268.43974532
5779553.062102227,7641793.561727458,4254242.8534079725,4562716.49457934,6952263.952722582,9305299.299995488,6525729.086469657,5647607.21086859,8371887.16969165,4614817.123990947,63655909.815555915
8548442.910351245,9393946.96867516,6731602.859197734,6601437.55514773,4301901.426126307,7069725.696648368,5282437.107263772,4674299.145380565,6127252.281392409,5307242.82027874,64038288.770462036
5805851.494632674,7200983.698311341,5055970.39787603,2347372.731092835,1066405.0230886657,7641126.39762244,4369038.363920217,5815282.724936902,2074343.3887312338,1875378.583578832,43251752.803791165
7157258.08042566,4163707.0244059972,6405587.073528916,7146256.257361944,7005832.139793216,6963807.433101812,6931750.465484871,7347844.391230189,2601113.1730493465,5299672.625067627,61022828.663449585
9839532.788826238,5041566.869920782,7988676.305339926,10482062.059763042,1343630.5821669088,4744026.170146201,2279690.6096514277,6056285.523530152,6784743.85534126,7208649.771503621,61768864.53618957
11634602.573199188,9097497.490807144,3597810.4417735217,5467888.734018162,4670729.759012475,7867465.31417562,8518002.056649469,8158522.384412719,7923018.378810481,7481856.586531372,74417393.71939015
8175114.610381077,2567801.3506518425,8478887.807076164,6460704.1991808945,8982905.135327682,5004525.248575792,2230469.6829278735,4695552.144461374,2825166.908004145,4759075.827927148,54180202.91451399
9973270.94277743,5803997.843526037,8454051.613236729,8463828.502301,8840599.437882312,7328077.609872622,8385972.745793309,6692220.673288028,4886618.934409703,7192647.996783427,76021286.2998706
2349176.291968391,6649407.03630639,2841795.9408794865,8009792.723910186,3268887.21879893,5105929.644114434,3067184.618197424,3136842.0038291737,5115468.602684035,1809664.2484318572,41354148.3291203
5050677.616733196,3956854.6140634743,8149225.15394837,7553978.741900043,5395959.304721107,6757109.096110703,8511571.17191138,7731275.370391368,3798715.6194747603,6417355.959419497,63322722.6486739
8260397.466509278,6060654.649107622,4353618.581365948,4215729.364494365,2170364.772637311,4640028.467960568,8077533.505120994,7789887.560597506,9277970.074339597,6078061.38772864,60924245.82986183
12811853.344144508,3753259.7721058116,6283558.16757593,9123667.52254019,3945534.402762996,2842448.3368391264,4791749.230898086,5319988.535864657,5808029.747086738,8138080.986141235,62818170.04595928
8460693.860236058,2958726.52564362,5254802.796864345,7003270.880408527,8238730.254315515,5438949.705694864,4151395.341659011,8108830.563025039,5898323.995607312,3489844.8898927793,59003568.81334707
8450155.81176461,7747982.254212188,6695217.236474881,7948891.402526734,3267634.656391976,2912610.028531198,5807260.069118961,3923517.582934753,6986073.907611483,1571843.5799834656,55311186.529550254
4709909.66371122,5279079.086580095,1614881.3904135192,3957001.22389727,8155970.487339487,7545939.931236012,7251033.229306678,9495487.21075404,1624485.2224293733,7488815.495703712,57122602.9413714
9673290.270988047,8757052.573327798,1826861.6013975143,8984749.59942406,1511904.663112023,9460725.905217672,2024748.9483045412,1107238.661042097,1949355.918132371,7312179.724310325,52608107.86525644
1518996.3033463375,6003972.124216408,4023030.6531862533,9047170.757803267,3880227.327476847,5405009.668713697,9167930.696317514,5462464.24721176,5843224.804468025,7359931.424014801,57711958.00675491
7739864.135497886,7154671.92351548,8734072.693195414,4612236.376082853,8463732.916434838,6062803.72019121,10320956.002107667,6378475.213419116,6349242.505023202,8525431.44806467,74341486.93353233
10612766.679387163,7899015.729166273,3783351.479822911,6916642.751461117,3611989.081950185,3274977.526694582,5317196.842888174,7265730.399361555,2918871.2015901017,6604470.065006299,58205011.75732837
5469920.88217262,3073916.262902627,6109923.492311225,3131327.12053874,7520637.160045554,5830487.555574555,5873350.358709643,4331651.79333535,6498211.135977716,8190251.600851059,56029677.36241908
11636480.748706412,4578131.585141491,4034893.4516069065,6772374.61338629,9292658.134666046,4031763.7835266595,3514392.4297051267,6383960.379721265,4262218.291050448,7217109.70287018,61723983.12038083
7356941.724150372,5336872.165452019,6185449.632315154,3392574.7958673825,8736837.68706698,6868239.730295703,4410391.975959347,6841605.01774207,4318736.746381174,6930696.845333953,60378346.32056415
1008665.8766172794,9532950.033759577,7711782.285870248,5564844.872495968,9070206.387159798,7710589.813922385,5464059.491516125,6386062.138141515,6185318.104249979,4910906.568973727,63545385.5727066
7888262.283795352,7570503.833958723,4356278.558333048,7042866.380953087,6695626.499200903,10640526.4416675,4695064.632065793,6692695.207832215,8341235.980794582,926818.7103016552,64849878.52890285
9302401.228868732,7087789.947746898,7728642.377755465,3022206.9577713804,5172074.653164285,6471117.877448722,4051352.4498413126,4116999.335430859,7172467.331001011,4515631.687166058,58640683.84619473
6797955.527428208,3912824.076066236,9435675.106484858,7895495.157404296,10007697.014333824,6396523.378293896,5439409.91494622,4837968.225948881,9301031.084965792,9944982.688445792,73969562.174318
10165705.889202995,8208766.155929999,7933153.745389013,9370109.27531944,3184300.4434929146,7814659.020761201,7473553.71549048,6516614.510827297,2157587.2257443042,4487639.149507544,67312089.13166519
2899672.6926181787,3603163.4086507796,10022303.37209615,5057608.786099688,8737061.778539006,4526500.1103826035,4955943.793870543,7521374.946950633,3534526.6363192396,9178301.509808118,60036457.035334945
4010526.1318711545,8750490.94439807,4229891.145729073,7003166.467832012,8355337.507705341,7925191.55385565,6620284.07109087,5269544.460927388,6192761.785112506,3785443.627569541,62142637.696091615
6793875.947746522,4714346.966543252,9155110.781431021,7901644.902157675,3305060.5737388083,4568439.616088207,7572988.963687446,7567077.117178802,3239235.3668117295,6393370.63463762,61211150.87002109
3620199.704274402,9455711.335556172,6661923.848446873,7511742.557818023,4607394.374184597,8649289.398122488,6212999.703248477,6195657.014127754,5204625.755590149,3275049.1588981356,61394592.85026707
4909849.619903536,6078599.299095335,5224271.006069069,7453991.445235117,3949308.6570170526,6811639.61606839,3664134.4898860524,8121366.196486321,4289248.733235185,6387663.477863262,56890072.54085933
5992098.987394539,7035123.772482204,4195243.559564373,9396247.542499429,6196857.408835553,4896938.524873857,6350607.149974314,6994745.394928911,7718794.635688583,5312616.038534574,64089273.01477634
8447280.437809927,10255633.141632373,7325611.522362697,7250712.695803678,2343756.5769348037,4506128.405346951,4315570.2921862975,5498734.7827092325,3371301.096912057,6444675.894367642,59759404.84606566
6836122.54529864,2299330.7985785324,10450852.338122547,7583005.412903457,2717871.8586475034,8640639.692702143,7080392.743000649,7252250.705432479,8075336.861170197,6781528.075936411,67717331.03179257
4969031.1627585115,8893327.855782043,3003210.254002346,8919117.31994191,8021907.435269872,2280082.1500341874,10345753.990400737,4127864.6683912072,2622840.195174462,8107705.442253555,61290840.47400883
8933343.849743197,9450284.328674639,8085635.413427272,1675237.8015924424,2605873.510740277,6243704.494634514,7075620.638388233,6573124.414655777,6289173.687110919,9420860.050831048,66352858.18979831
9408431.93657563,4053736.8303142497,2972502.056118179,3839643.042355534,4719883.758789501,7373687.11019633,2559593.2486290117,8272005.89593259,8391700.344279122,8805116.881745825,60396301.10493598
6034834.5627028085,7558765.660325842,7084483.731378899,8509435.290158171,6022914.615209988,9436434.659884317,6236579.380705736,2581534.472760636,3283859.531876714,6567456.140341807,63316298.04534492
6591881.4938703,4928784.897108347,4997105.867156068,3664705.3537392654,8240594.4280000245,6415923.975079904,4434875.640645429,4657604.168283795,5120170.900598712,4316438.419055893,53368085.143537745
6309399.03137551,5855188.560776838,4598380.163361291,5908399.891313293,5074899.968240659,7856237.4918173365,5507047.178411613,5147495.056645083,8564659.460762708,3499990.7806740133,58321697.58337834
7634882.408822052,9711768.741782516,8411111.738430906,3965333.965346002,6752053.372469494,6563528.607752708,1723538.8669385028,5847720.899965514,5442594.853452057,6317794.064246554,62370327.519206315
9736449.917735344,8246255.1003825115,7937985.960847969,6259628.4367988845,8267021.62709497,7098857.840947032,8720138.491601925,4884423.1549549755,6662276.1606628345,7951336.259726592,75764372.95075305
7607820.948892789,8398653.559096877,6623364.37261192,8601304.949448738,3643426.6688031885,8370612.261058218,1953384.2280709636,8675665.501781266,2708772.686089748,4948858.2358086975,61531863.41166241
8858635.494287444,4282623.503048627,5451761.030324726,1697867.8547912745,4239729.007952225,9367315.47241547,3187190.1390704853,2818447.6997257518,4272552.502672276,5538465.20488285,49714587.90917114
20741227.364241414,4797944.125235777,8001498.176568166,8386248.832509697,8659496.478240551,4828329.951618864,7902267.0546880085,4468840.507183895,5140309.553996697,7598715.212925809,80524877.25720888
5985905.67443215,10915680.64819592,2270296.110404822,1542976.5650455337,1515404.02502774,7570247.266061685,2915840.0779668214,9329156.624061378,8194843.466394787,3502115.6253624,53742466.082953244
6896832.6136442935,4471509.768304335,9016419.237631492,8208238.536521542,8008735.20271118,3325384.0363227082,5856500.040933389,3225717.30578482,2969231.451818331,5607272.779811699,57585840.973483786
3543409.816927938,6464999.236018702,8679653.766955765,6526232.867011949,10198098.021263346,6138432.6275254525,4117925.0031698216,8111208.053442308,4489167.333957162,3560378.356079428,61829505.08235186
7028284.668931671,10274235.323125212,6809500.712450052,2937903.511041465,5952490.346472506,9914992.402854629,5218679.443691438,7594943.935502595,5471936.564343825,4997849.855388484,66200816.76380188
6990607.448366767,6737101.295052691,7962095.296103391,4019022.5137320408,6786692.890793877,7036913.4761588285,2215108.46209375,5545959.870292442,7521616.6631078245,6234915.986697874,61050033.90239949
10442788.60757349,6889849.951244291,5532377.028688853,3754260.540668906,7082973.0368587645,10158914.994764475,4890137.660538288,7711449.030443915,3148538.127482062,5721506.71218903,65332795.69045207
7929153.3360876385,6545753.68338189,2786318.8620542367,9204117.276773484,7474991.466759379,2098819.0883197137,6032871.319979605,6000174.741748647,5071153.372613596,2581915.2567836344,55725268.40450182
6701449.124265906,5706809.725011977,7560224.056136689,7838797.931263005,5029548.40130189,6711322.218685394,2496087.9880031184,9558976.360036278,7799520.921274503,5153172.838267688,64555909.56424646
4344599.875401204,5715617.024058245,1164964.0639657362,3126238.880188219,6033832.788539823,8431834.955127886,5765943.236288103,3418763.583445138,1623649.6621995233,9327697.701069934,48953141.77028382
9265435.984062964,7691034.432947076,8848090.948241713,8543842.89694395,7589243.223793872,6856996.393718049,8385473.693510456,8277391.8765498875,7480919.144920611,3831733.495287332,76770162.08997591
1584028.8878314353,5647322.368643931,9362545.000677925,8581252.713719435,1669327.1685173532,9375042.378478471,9733206.048645785,7952380.71680076,1886116.3239854241,5419607.5366203645,61210829.14392088
7190490.205536255,7204163.368722489,2329050.5473289606,2363889.0672041727,8766363.741311507,4958729.86017181,7856245.259951301,3074555.23002057,3964232.629245134,9297995.617916465,57005715.52740866
8764086.389030412,3330818.7145784884,3396565.466516554,3551433.0208145054,8641939.625968195,5693133.449051903,7488839.227839577,6028300.777139952,6851606.724991469,6088482.275180008,59835205.67111106
9037569.931345778,5397433.7928412855,6358608.63950864,4197221.948570304,7350684.625817888,9903095.470299609,3897697.7349647335,7112995.105969456,6879764.371294781,7127301.430720064,67262373.05133255
6693037.441984842,6159931.211303057,9726629.959076663,7053551.256819961,6523197.508237334,5999126.310339788,4262483.774668055,3811331.5463157794,4605630.440468944,4747589.6064121565,59582509.05562658
9913326.605202537,5548203.613245646,6102667.8984941635,4584169.163590438,3672786.7203191067,8268180.219156838,2416751.1960428655,3273538.3760250155,5835037.379734871,5648083.53344876,55262744.70526025
6076676.315149157,7581466.257017502,8373755.368466718,7487632.80362147,9363561.378281692,7331787.194355014,5188193.5128188105,6382005.17105943,4921050.673883118,2092292.412312467,64798421.08696538
6954154.034802047,10079665.96287071,4892115.588297015,2172176.5703627495,9473924.83690746,5821565.251718729,3002046.196648399,6681707.013975437,6726717.404587083,6326050.747381481,62130123.6075511
1720361.5940934003,8063627.120575357,3000065.929028775,9782844.830501318,7933279.727049861,5299032.993327444,7287745.030407232,1902158.4587677233,10488850.962362507,9380071.763548065,64858038.409661695
8564252.510318978,9086350.322500732,8814224.589029688,7371515.75279831,10214103.29058134,7115451.754732721,1352281.755700934,2787661.3673649523,5503866.312401843,6439313.689840381,67249021.34526987
9139717.658095676,10372970.611368334,1846180.255142414,5435935.276325383,4465612.179665821,8356816.595862262,7265546.442253783,6684553.524550733,11046578.283702433,9485531.609339261,74099442.4363061
2867696.821852451,9291342.967920527,4473320.339867375,7936495.454714454,9635349.64966587,4821047.127753942,3075962.1573665477,8905700.156086305,3090540.373819357,3813432.7875972968,57910887.83664413
7196080.083450979,9445324.86456404,6971137.018826323,10431156.432720909,4602447.485915853,6495510.10919191,6029253.1099879695,4829931.095820709,5953053.80477789,5642961.001837187,67596855.00709377
9690640.138651209,4787469.619454215,8079594.143222224,6088668.799541406,6728965.70680668,5613629.598808765,8915476.869654251,7182129.70434503,6284679.657510025,3972661.952118078,67343916.19011189
4752595.70552753,8654993.347008172,8696445.080654148,7174292.172487132,6679126.888656219,4802506.651156258,4872061.926737793,4514617.694005509,4431916.16907314,7544038.425913452,62122594.06121936
9138358.210838389,5183773.275853008,7031930.917043237,4843512.120129069,8492926.58714474,5593581.849705353,3252254.5723854136,7419967.55436383,7009889.139927509,10316774.574806698,68282968.80219725
5779907.12386781,5645850.92930993,7388650.042993204,2635997.3728974243,6878785.200619761,8572286.895340707,5781529.785102445,6437810.651342731,4757946.458045346,7472640.053669138,61351404.513188496
4405330.621421871,2560909.3213245175,4824326.244778297,1686993.1108736277,7553625.689309277,6264657.813643023,7733353.265139111,8130665.129915085,4162649.2750902516,7849492.967959239,55172003.43945431
7815848.60863892,1130276.7810079593,6680223.939692555,4340203.685241743,1879947.5042697147,5389843.474403359,5118155.071514926,2773065.1536231167,7012383.77102863,7471305.446058995,49611253.435479924
1798733.3072201873,5802117.647913485,11142180.16642136,9040254.792129274,9721964.815719325,6421898.391136031,8740707.140203325,4266247.923166833,8583327.913904607,5387189.6698921295,70904621.76770656
9456527.115475558,8846759.977082752,5049135.955596746,1675817.6027364628,1539903.304625379,8367364.653364556,2979103.378288957,5498193.3310353,7773600.401026045,8909081.705438828,60095487.424670584
1896985.8586916723,4068265.9147835327,7040938.59716439,7560790.863228399,4185322.847284918,1855335.013789758,6832798.903338818,9126488.383717136,10235327.914678048,3986169.6871960117,56788423.983872674
4802062.121206636,7739954.691874821,2575095.7860259064,3141480.81219107,7712724.451079972,5008852.867293316,2728414.874547292,7009739.696985427,6631000.022551868,5538974.5453099245,52888299.86906623
9557854.247986378,4390397.475575472,7512869.881188791,10066386.48550233,6559946.676716786,6469573.08760345,8642018.976995463,3142204.091225693,7704257.188479566,6303991.149363672,70349499.2606376
5006414.628777328,6640199.934402765,7935537.547124133,11243593.4960409,7239676.165465566,4285855.040514268,4847826.869865809,7575974.696964245,7681336.909125688,5744134.159263692,68200549.44754438
6311556.846031104,5636370.633461791,7624047.3049674,7595645.067313075,8965484.623453353,5034412.2228790615,5213969.18759809,6144886.81976536,5424831.584684989,5857365.735588629,63808570.025742844
5516132.64760945,6212973.183669168,8949983.527098173,7591953.802114279,6215237.100064303,6808929.818317404,6784692.27093315,5828287.742876784,6754027.859401687,7150198.777472537,67812416.72955693
2889428.9385003913,4254772.845384189,7086362.273296891,5416229.588092572,8635335.6800707,8080655.650082003,6936121.379141761,3593644.8676678566,1455307.6823715582,8033254.63611629,56381113.54072421
1765118.2444372228,7048062.062282873,5007017.625504787,11201945.613085648,8960647.286394177,4866063.93629432,11068083.252637247,8897496.997300029,5522819.252047591,2498668.3315956783,66835922.60157958
6788462.835508747,9051672.922193838,8454251.820537874,3529697.488062247,11307232.249760592,8941219.398486901,6209280.1321806265,2348312.4454956693,9762782.126409683,7747071.02842383,74139982.44706
10687605.2575601,946184.0173443031,2138475.6621327577,6669062.615689364,7078754.411298606,1777533.1544279489,3207912.447071248,4790105.281473778,3578879.9745603944,2286160.548808116,43160673.37036662
3489556.262987035,2604999.655649608,4570683.587389981,7616166.508572342,7154043.720578393,5196316.683267169,6617301.203545572,7550782.781444375,6140167.068858273,4514454.242865501,55454471.715158254
7340766.470061167,8524688.275501873,5608422.8124531135,3664847.4058422493,3450377.5681489944,6112449.193058687,5184935.577443378,5556240.242172487,3426135.4489400024,7098444.177651766,55967307.17127371
5242776.278709395,9501920.546421593,2051921.0023072432,5900352.017302717,4586571.825377316,6008147.9888536725,4710662.42818979,5227093.13983521,5479856.51257744,8200637.457069038,56909939.19664341
4997035.363103423,5417456.810314133,6909939.730452116,6702800.417755691,6093823.985650023,8351625.799860697,3747940.0552861784,7958447.710952552,4576370.197810401,4849101.165093471,59604541.23627869
7877462.759919465,3433096.210330396,6071911.206295489,5615027.825494353,3993309.6724521937,4135830.5087764338,7674827.510427739,6626952.483762653,5754261.167815214,5128419.154923324,56311098.50019726
2964612.2368844845,2348667.3118971987,4601897.968198224,2383819.04301046,5776231.412501509,5898927.442590233,8660087.789179064,8514317.935583454,8664618.907369053,6045344.1539574675,55858524.201171145
8307029.407698416,3788935.9251488335,7413308.452962191,8845966.915190998,1592787.512114148,6621137.004756702,4840746.476218122,6952241.002669114,2286502.5343198585,10893221.726298766,61541876.957377136
1665043.2312737855,8705249.57760605,9497086.189626435,11511070.796114834,6323661.825086227,8565756.057214864,4760722.994659698,4209202.138006367,6839936.752396086,11821754.030815853,73899483.5928002
6054252.920229535,9492110.241247917,4433548.262056108,4892694.727505672,8366750.089965003,7438932.037974245,10681781.376443187,7196960.072036542,9605809.36179694,8296582.585113734,76459421.67436889
9332480.800571153,3935860.0093165874,9228931.342642412,10322897.11353215,8393710.79137343,6422848.7444082545,2505207.8864843007,7913671.502576694,3865415.575458373,9585987.029263254,71507010.79562661
7541792.895859113,8881016.92997962,3935281.816849036,9646249.098728307,8227063.536989884,2608601.1993645,8797545.986591866,7589716.435272344,5581564.519751635,5505207.656860548,68314040.07624686
4548049.262387157,8568638.30288929,7822325.0825210195,2988781.624106939,5690621.54915934,7359392.160323281,7429277.88674767,3972211.981364449,9673442.280974573,5495876.820466288,63548616.95094001
7759719.858363267,3040180.0132759106,4246814.769691326,5544477.353483535,4640460.175498011,6577219.674074023,3687041.2866264856,5901173.8573751515,4793239.371679194,6157997.816130315,52348324.17619722
7511069.550584146,5566610.3158865515,4777646.023362066,8338744.98360283,5494520.446816193,4906482.356995327,5205708.336842648,5072568.518823729,6900269.108844371,3151519.1768493005,56925138.81860716
5555303.408541825,8036294.263561401,5855795.371050544,8125691.524998883,6841678.258802806,4732096.491688046,4644840.839866933,9295123.364682404,8674380.771355933,5070998.925822011,66832203.22037079
8515448.231419157,3298570.0463120406,2962563.542983013,7640128.801100041,4333185.846302797,4191893.7566590845,3624876.02038236,4510880.248858546,12028511.706345616,6947940.008839265,58053998.209201925
8492495.513096357,8636290.693359487,5715493.428966129,7239761.272942462,2759592.006581087,7215544.882659178,5406517.4002006315,2385971.895115546,8050469.236583744,9402163.191019498,65304299.52052412
5599193.437394265,1276745.3715368777,7854445.6013436755,8898050.659595074,8812176.292119116,3401446.125783813,8357632.638239262,7005922.947716329,9470508.86102468,2306670.0314063826,62982791.96615947
10649899.62442086,7238963.617266639,9230125.943944074,5761718.331197494,4130061.9516700557,4820382.056030338,6468349.730661917,8194365.792494664,10928928.623497518,3988317.675210516,71411113.34639408
2062778.0174808314,9776019.42415092,2518293.2116842484,7349751.10441985,9716857.314500665,7854535.701672479,8620076.602759896,4622146.756700603,3981007.0269961664,5576340.785223784,62077805.945589446
6443723.536998738,3636358.037906387,4648417.922320346,3879558.000649431,8467794.17881317,3712318.417582226,10153867.74380582,7176394.588668684,8273916.369624373,2337573.9985677092,58729922.79493687
6330420.126612784,5944089.536167694,8886093.061471168,8450622.16774576,5571652.121069402,7426305.443399041,4828300.460652673,6240156.393577862,8189338.237878124,5064602.352256473,66931579.90083097
4905126.522894941,4149269.122614308,8221928.917522971,9563703.250926185,5167406.582527898,5211881.691062585,776737.5802051881,3539391.290404003,6896519.731406039,6182952.344772216,54614917.03433633
3335072.57339928,7860825.8419765355,5545699.149027485,6624524.68630429,6696291.880600722,6970978.270079652,4480415.320859772,6083860.609966615,4567270.450697557,7008699.582892,59173638.365803905
977053.8676718686,11401340.764845971,6452253.438324255,10930841.811126512,4266029.566281095,5641738.201322173,6031180.755560417,6865090.342331414,7790023.911557789,7046948.284569922,67402500.94359142
2202329.3815914253,5187874.731619317,4795742.777130323,6817036.02402417,5496800.645013978,3609193.158345405,3338641.4833282093,8272892.161192493,7554849.354757993,8207147.032164152,55482506.749167465
7227648.058011129,7392888.905909377,8294483.0979990335,7302723.856178271,7976694.551638833,9367071.836119357,6286252.388182614,10404809.56402793,7616737.0894741975,3336820.7968086475,75206130.14434938
2415984.042988577,1304125.8517757505,7947785.253824805,3749463.371137509,2129347.950111584,7684129.125551013,7648065.195641844,3410822.0486532934,7286303.566884994,5836735.923974267,49412762.330543645
4915041.205297843,7920980.960217379,6927581.10834263,5222158.156589728,9837174.675284173,5017270.990730586,4923425.66283485,5917300.383484057,14076683.896296328,7772189.550857951,72529806.58993553
12757885.653172264,1869095.5021256243,2880114.1070729406,8921262.250903325,13716590.762649765,6636975.149603452,7605087.122655764,7090340.207636826,5967782.931209644,2732742.721163285,70177876.40819289
5213820.453575105,6263115.0392763885,6205403.5380546115,3661476.8708334956,11100977.660712777,3414177.2326127924,3518825.0480054957,3723829.3631212558,10867241.889680566,4925853.661604705,58894720.75747719
8930104.87647985,6375389.828564688,7100184.399686865,9714770.213513905,4953807.211380491,6735463.42856301,7793796.555777071,4422329.733669935,7781959.687436298,2578170.4900179715,66385976.42509008
4972124.644673441,4971519.189273557,5553249.183115685,8759646.791591456,5861210.713668093,9518795.971403213,8533184.448765585,5878458.44739257,5458199.44780282,5132088.9736837605,64638477.81137017
4446246.007432647,5946957.278889836,10303125.469817685,6482102.907577717,7131423.520192936,9678344.07597735,6044377.663348719,6241197.881171592,2550215.242945357,10879165.553281713,69703155.60063554
2951469.039868185,5334850.600737422,8043941.125486505,8940169.411800398,6991771.7223973535,6433245.769379418,5070526.973216944,2638744.8548366483,7950164.4258674905,10270981.154842533,64625865.078432895
3205290.33174524,5708882.6690222705,10111169.207819125,4498427.945876945,4424053.416027199,2011495.1855392791,7419681.575914852,7578357.888421054,6820060.484185906,8812871.292644054,60590289.99719592
9322236.060620837,6662335.283536904,3209895.7279617866,8392325.242712721,6906196.043751781,7180585.67843033,8729381.73986034,6524494.246536717,7487616.458214519,7914477.234447083,72329543.71607302
3950283.831518367,1136768.8002114783,3290313.82579555,1138719.9986872047,11986658.846795404,1109398.4978574205,7743324.318216182,5076250.037400721,14753562.575359786,1453539.9866204897,51638820.71846261
5791174.8249547,6559527.946187735,8373665.872460061,7117269.589085579,9238000.233329855,2943653.322608414,1488107.8255273632,8984747.89293475,6139358.267063568,6722328.015955077,63357833.790107094
9002444.441670032,2115742.6280245148,3246901.1190303336,2988271.8130843746,11402008.991106832,7516401.26775129,2711754.3141571926,4883326.143638742,6661840.752615525,10177487.4306189,60706178.90169774
3635952.7159655625,5658389.511361146,5487701.988759981,3743140.300517595,10025983.048729667,7797789.831288499,7691395.821977331,5830413.441815573,3928491.978538495,4306383.911593463,58105642.55054732
8437716.656586051,4009169.832104367,5562515.775939831,7046221.70680969,5181848.599671683,7335790.109107978,5191629.71913231,7386757.194271424,11893402.853466222,6614702.135795734,68659754.58288528
9855090.447572222,5786379.765507415,9064328.866080342,5794457.546378738,5310326.390022601,8413170.784288088,8890646.088537585,3861230.261418197,8333268.49403565,4047653.004789498,69356551.64863034
8117305.334330661,7097072.245179218,3637194.820715312,2535873.9470329382,2803059.5777980224,6121654.259416215,9211102.911610994,591325.9632590704,7170927.703953249,5259519.5262755575,52545036.28957125
6420661.273637902,7917093.895095733,5374346.603838645,3558007.3675429705,6678994.753683968,6951003.460059435,6971368.2644957695,5396723.145035552,7197032.672192125,6088444.157841932,62553675.59342404
6572939.344080142,8751813.007309563,6958725.988296267,5570408.312310846,7482326.593117755,8420311.859462125,6460848.131232839,7887291.295544665,7432456.464339531,8992302.023668246,74529423.01936199
3513146.9705686737,8753207.339374116,3468533.976222213,9933326.180002967,6657295.970298937,6262956.673643788,10026350.590846868,3949325.4813110144,1140585.5516594949,5231107.472796807,58935836.20672488
8486532.163662063,4545206.412346936,7841043.7033422915,2424008.5608754302,8733556.019594554,8312714.985739007,3890183.972641245,9475697.536920898,8931110.312723454,9204038.702921417,71844092.3707673
2251579.4978802614,7458913.85885671,12541763.729070948,6307823.151936493,1690688.1368721134,6254774.495000354,8732501.037578993,3465076.935371898,2355616.1288861684,2545688.1623263885,53604425.13378033
7528757.940308501,7811798.305989148,9168846.88263,9151260.137484947,7653551.723242392,8069921.833373566,8717087.562957421,5803611.9514802415,3645528.988503062,3399481.735349489,70949847.06131877
9538112.498658659,3869591.1307272273,8524686.56160411,10475702.841243561,8513202.327121962,3549835.23908691,4378660.822492786,6835868.792387336,8188378.051567692,6986226.643275243,70860264.9081655
5015311.767752415,9065094.643583667,4643000.930643412,7464274.960187601,9423638.47871887,4386055.365497079,5187379.815842782,3311038.834206529,9900538.516072905,3453060.5075650397,61849393.820070304
9659379.682496758,4992673.313714369,9542887.343264416,8085371.09487521,7732853.818352828,4829004.832976425,924932.4939476723,5509634.491688083,7285490.861800219,5167031.965342424,63729259.89845839
7270199.535618247,5129085.024826627,10415478.051807031,6724294.863918383,5935988.155743027,5768792.094822303,3443243.5640996792,6554657.885391445,3651379.3829754735,5936295.917788697,60829414.476990916
5924736.285710594,7547151.898266932,5176489.587312984,8849669.98550801,9505097.826386712,6892756.418948143,5900687.573637874,6129102.192098093,5345096.0962484535,4736543.303453069,66007331.167570874
6998138.142966405,2676954.677625411,2315199.206505725,5865565.889654173,4264502.998282949,5741787.86295122,2284547.8697269466,7300531.197681724,7140090.9151463155,6785691.176768731,51373009.93730959
8720962.941420123,4738007.5932187,8461814.993464755,2692151.056511273,7671470.759755186,5716039.9479760425,4969203.732816104,6948084.929560581,7813945.188707055,8082321.220368863,65814002.36379867
4147012.851325796,8621190.92106154,1889436.3435136266,8068548.7351677185,7842214.360512503,9682124.947166583,7719778.684830726,8351739.590219346,6157763.298809188,5417164.943204377,67896974.67581141
7772352.581849091,4630387.642354199,7098525.8631692,2396150.636496499,2850692.310885252,5449366.622088199,9952285.993076261,4149117.7708426416,8339117.574258194,6512672.731150922,59150669.72617046
9302664.213545676,12440045.678214746,1704113.6398765568,5201397.7397003295,8792735.664126933,6404287.3774243025,7486167.507603201,8623917.316608567,3590076.843157602,9138335.582769867,72683741.56302778
2602262.94625157,3454582.771171385,4372181.131407738,11147420.56024733,11596525.15420705,11027589.262557989,2786157.5319721117,4613410.693761625,5833051.201220071,6951541.272631529,64384722.5254284
6567145.022718787,4386971.788238821,8364337.506052738,4155594.8171567875,3570091.209886287,4403134.731016584,6592291.521003588,4660412.780621266,7947239.89636738,7959394.675237121,58606613.948299356
3111853.7934478857,10440803.921142792,3903735.949444669,7052652.426483234,8058902.056952805,6572014.921013027,6137105.987019066,4063245.6879382995,6012666.7753453255,9426858.426897906,64779839.94568501
5187281.264345559,11982553.578039235,4525386.0567518305,7112252.622524099,5162446.692311217,6851161.411627414,5453477.441869276,5092203.823025701,7653727.918781219,8168715.414526211,67189206.22380176
5366486.9550757,8564653.826854685,6050728.471794484,7829634.717978688,8923747.803745516,7161987.661905965,10365399.972634215,6785005.249230768,6469846.972499466,5514589.827258703,73032081.45897819
6398743.74307224,5319104.454554192,2010585.26364695,3312793.5703332317,6399100.609421193,7769338.045223846,10761068.05253088,5753151.915866013,3028360.1725912453,3933349.8157118927,54685595.64295168
9246439.95513004,8961940.089686595,7039115.334409005,1971435.0854615325,8036310.353755264,8501832.1964154,6709939.995907471,7779545.393378519,1568531.3655689924,7046095.727496131,66861185.49720895
5808435.5228469325,4113541.0764839156,7622353.830526129,5915336.264883137,1189924.4056233815,1345413.8032405647,6380558.3240413135,4073434.4454937326,10265947.58333163,1735317.6355019563,48450262.8919727
10820236.327500846,5429657.620628835,1750779.2888624575,7968085.890111051,3869823.060227999,2910066.2209104327,8560480.762184298,7873044.248059347,1323771.9838493944,8004767.077613209,58510712.479947865
3146244.712099139,6064730.851961485,8266756.532800467,1386759.045328121,11019066.860405833,6555078.801434348,2723499.3441615733,2686403.7980233864,2463248.0597426877,7954621.437372126,52266409.44332916
5697808.156337328,8073407.029073834,11009273.783398468,6110174.381146933,3445520.880754848,2552039.527080783,7645908.583646282,8856724.120608075,8702356.237349007,7650421.252978497,69743633.95237407
7877484.611062059,10660469.437901478,3418719.984897388,9958687.221386649,7160328.716416859,3220002.0391200776,3069328.9217042113,8176025.011117202,3940875.007920115,3815501.6852937657,61297422.63681981
