28958328074.365818,12448349979.897123,29100735428.04623,11184206024.835606,29117526428.99449,13147408301.265324,29572652094.159492,13232039426.893826,30766227735.996983,11183310155.828953,208710783650.28384
9729332.568518909,9693524.49777879,6107262.295938674,420.0255236638412,6048381.294952285,10784578.253546903,6053486.855178413,0.0,11433324.717519574,7526423.395696575,67376733.90465379
4517094.152459429,11370496.962167831,6285189.381617903,420.7682677714015,5475335.715329078,6800348.041052183,6801316.239299727,428.1576807254538,6459537.78480947,7097342.836677965,54807510.03936209
6888357.95553847,7659599.145295289,1527085.6434499354,0.0,7416420.012993359,423.6388994334552,5028401.910163578,4646650.126464972,4014432.537547865,8260623.752880727,45441994.72323363
4548804.786765381,7002625.373423549,3059319.153850332,425.33358713359434,4000685.66111753,425.15277926187343,7132617.888922855,10425379.951182488,6926788.005628843,6744825.662664484,49841896.96992186
5106421.768467784,1982844.0149648942,3405238.404407624,411.4673074871436,4804870.398748536,412.63245227889365,8450566.83180591,9427903.644847827,7799844.9152556,8042765.271065358,49021279.3493233
8061275.149396936,9262429.817643194,5155595.690501437,418.1135166365601,3765125.053933907,0.0,2107903.3323720763,11682733.697111472,7257902.794781857,1878731.142927202,49172114.79218472
10373504.021072272,10881809.964229219,2536768.054892358,0.0,7057033.444617405,422.4159124646591,6276567.910837343,11115816.561635165,6810530.183692168,5140895.248265918,60193347.80515432
7150452.16310819,6267263.336999449,3370990.5194740957,427.7365991974571,10065325.587120585,430.08200813437634,9185230.94322721,10966440.217156185,4592723.640891308,9775711.52414132,61374995.75072567
5327662.846018025,4919776.161801003,4600447.1047124965,422.6973219268421,3612112.585594106,0.0,6788901.565752079,10651488.843073422,7679151.326495042,2471038.3703814554,46051001.50114955
8126102.098967354,6046144.81438769,3179966.5206056903,423.17292370504225,1869264.1279215582,422.14532210277343,6844365.360270893,10769588.195371002,8830348.217842571,1167727.577791761,46834352.23140433
5445606.456232713,5188654.406153117,906433.4919384116,0.0,5811534.355269996,418.6260275308506,3862620.0491050202,10911655.245775476,7443230.083344941,5521320.468165421,45091473.18201263
8858116.082442312,1744192.8640437408,935670.6893138107,424.1940103626201,7904332.289181959,427.25277523763725,2334326.970794805,11124383.673102327,3543661.5104135917,4978050.497726345,41423586.023804486
6806692.310034776,12465414.982207984,2695860.1902575404,424.5573725204475,5239479.169972119,0.0,17696745.251076333,10958544.00567118,11062950.938034177,434.3214736589588,66926545.72610029
15185610.581026586,2733635.7479400462,10096255.329778876,4963779.697233045,8267868.558950413,416.9550766946892,4105803.634093452,9859561.193412887,8755518.852361407,416.8166987881615,63968867.36657219
4573513.410315464,7568436.20966138,2597737.18084004,2995620.872628251,3879157.6331548607,423.5369436158083,6220492.810578408,11849120.543368468,9220177.161865951,419.0222025376945,48905098.38155897
11465433.398201944,2404141.190495566,7280629.694880708,2667781.5380213265,2509759.259156945,0.0,11983906.274491914,12164575.691224767,8765372.865534028,0.0,59241599.912007205
6662969.098129066,1982749.4838363295,11640476.629526183,2777637.109781119,5627214.131663726,439.8270111180923,6543579.096510973,11296082.023648743,5752236.397282603,427.23890301748287,52283811.036292866
11945241.588618014,427.8150400155039,5305137.05201099,2706053.429446775,3818862.6097742673,419.83554129735194,4778056.206009118,21546727.79012889,8113226.186991953,418.5564019132549,58214571.06996323
14709192.005985186,417.43938805207,8397888.720767533,2663355.188621817,9028507.114203257,421.42382247694565,2529402.106302632,9596084.622546144,9476919.771257073,0.0,56402188.39289418
17546976.68863927,0.0,2750578.913399177,2715246.0246078065,4755926.383374043,0.0,7902516.057414178,17030314.860190704,7638094.302297387,427.8745942582266,60340081.10451682
9045360.802900212,428.159410787554,15224171.389810788,4239599.041295601,2294079.059048619,422.553510603265,11833574.012516523,20170139.911338832,12228051.592620349,429.6463152611213,75036256.16876757
20196136.468928732,430.3702319758973,2364750.487841564,2797428.147456438,3317486.6544650192,436.28783478989004,4911132.560339061,22012634.459897254,3410420.078833324,429.71912930297367,59011285.234957464
9468343.244409481,0.0,5220245.778023857,3810267.584415362,6479458.833062157,0.0,11422791.24723163,17379439.84885069,7643130.316267391,0.0,61423676.85226057
3644440.3652149756,427.5722667341744,8043883.357416677,2713494.997422139,7460051.78457949,434.0478661593023,5691377.271607665,17063742.09055017,7198832.733470409,434.36738959614996,51817118.587784015
5538660.316774676,438.51589056193626,3726536.4997183047,2780602.893511167,10673992.018229123,432.74041326087126,6793822.24996209,14867535.187463323,3904670.2425125823,429.56170223933606,48287120.22617732
9691791.525814943,428.5938252747545,7833141.375426495,2689249.788095671,6767487.207237022,425.4636518598949,6130166.791561927,16583999.489311554,7561509.449603216,0.0,57258199.68452796
8458132.985910036,0.0,11208350.385008667,2555710.046291921,8324200.50368464,0.0,9474963.120349314,16318889.630656624,15253775.561292456,421.6439428575139,71594443.87713653
1976521.6889319674,425.92405590313484,13389007.74980378,2700751.7026225827,4961500.223847091,418.061683467564,4252099.734798686,11717036.074865572,3126801.609391212,426.41580152193177,42124989.18580179
11197933.40251233,424.9312232118151,18299219.11490861,3474045.520000863,11452891.060498811,434.80914658864606,11838826.259115366,11695898.742346138,1565769.0300294505,439.84382690925014,69525882.71360828
9801407.556171285,0.0,7402710.517636804,4398242.354164262,2945610.7311709127,0.0,4071566.3549994114,13880187.190129578,10886142.5201553,0.0,53385867.22442755
3228977.6883406355,423.7363558814225,12210244.282760246,2965640.6741451533,4800882.719324584,424.01809915868904,11446595.8938193,10966805.646620164,14627046.053448627,415.3034088956431,60247456.01632264
6420026.850045553,416.0134561440667,5978110.117963588,2680198.110559438,729452.0260654549,426.1630661737686,4972591.817315351,10717734.682893269,8435642.539605169,436.00315232171874,39935034.32412246
5007205.12581054,436.44228374193,8142198.222514362,2713733.9848560686,2147828.626708103,432.99905690507865,7494789.550011281,10326755.475865398,10071732.054537572,0.0,45905112.48164397
4133233.394120354,0.0,11007481.34212163,2730879.7087997836,3423434.5146696,0.0,6623982.394367477,9175256.803991143,7637127.44396636,425.26000591441004,44731820.862042256
7342182.2534306375,421.810553927736,9276583.546582947,2691127.3599829623,5639286.611366479,427.05076502625604,7422926.202882493,10197239.277737865,8445667.664788218,422.79514469318326,51016284.57323524
8039562.5737706125,423.37065779072606,2819251.1804649173,2674780.0703341747,778501.7079961827,422.75821172328176,4576194.683648159,10941059.914459411,8020524.506037235,417.79880861095575,37851138.56438882
8042000.208417246,417.8667946876282,8272361.100191506,4150096.622223397,1864289.0297916264,0.0,8297906.260696131,11159457.483268332,7845267.574321585,0.0,49631796.14570451
9822001.744949743,0.0,12040808.303095488,3902017.765585883,2678353.2992543112,434.47087660024073,12714735.487559885,14866779.262820523,13227808.980606113,430.2727350831772,69253369.58748364
8979021.534384733,431.0891153134191,4029206.5743669257,2752276.8378141047,6326119.444664897,432.99225878548486,9252524.703199359,16851052.56846845,8187214.168782226,433.8304996213912,56378713.74355441
12041047.22153728,432.7953922085192,9043301.064050259,2691953.035517546,6796040.164554092,425.77497941196253,10957768.666018832,20645337.493836176,9677554.387705997,0.0,71853860.60359181
15778310.368179204,0.0,7183253.324471769,2746467.0427747075,6325320.294448067,0.0,6391332.204731918,13911603.387943583,7967776.429503341,423.8205629606177,60304486.872615546
7809872.301920476,423.9712200945502,5463634.20178689,2691514.4554010667,12213773.147811098,424.18185537878145,8203424.855009352,143126.18587034463,11688373.530814786,435.82448269726086,48215002.656172186
11710965.300210899,436.12140206750126,1444216.7743916626,2759912.6405719426,5252958.06690568,442.3837577612933,6542378.516945895,441.8107855622227,3625383.174136585,437.0782540281113,31337571.867362086
14975715.41850315,0.0,10964840.637076257,2757572.0904620346,19594971.39348647,0.0,7244100.575798143,0.0,12932396.460197058,0.0,68469596.57552312
17108906.3369933,438.085066057679,14603713.64724234,3352122.174827489,6341488.777644916,428.1315493826937,11837987.44422626,426.47243727202994,18785286.402337946,422.36672869511585,72031219.83905365
5216141.198776384,422.782093122834,5247576.8382056905,3918316.4500134154,10969862.4157774,428.49950270400046,5804572.895105287,428.3668463598096,2049271.997922354,431.3187118535278,33207452.76295457
14251993.699242443,431.4953701282613,10400447.903933,3662471.913109897,12188104.032388665,429.560327438345,8895643.82347906,0.0,7693025.88777824,0.0,57092548.31562887
13188804.90049454,0.0,16174976.455798449,2723507.530989128,9297736.877523711,0.0,11734606.188637547,434.5282656432176,11403048.304786138,439.98445724715816,64523554.7709524
764505.1261121609,436.2831075203713,6845385.046207983,2773415.788831557,9240411.994424893,433.0888493598424,10261863.766245574,430.1458713373526,9158027.254728854,425.31786251181984,39045333.81224175
6578176.936819207,428.96686972251877,11126116.13167422,2710668.687863669,15911384.196687015,428.8106325878594,15187332.001470026,432.55167482598165,7919221.475649378,434.81957047314995,59434624.578911126
13652743.978607388,0.0,11869226.709440382,2744482.5137617043,12699676.139557548,0.0,11028674.148228418,0.0,7565158.791671067,0.0,59559962.28126651
7952164.641054486,431.87089087722995,15828895.315332366,2720326.790646628,9194803.677095206,426.69922123371634,10126111.545271987,425.7890268801718,17621742.050089706,425.1169592927731,63445753.49558865
11349844.829141121,427.588703379501,10689492.467191469,2518675.165104077,14825317.42029214,441.75998683452644,1628678.0639970894,443.3150122132237,2650201.3352978313,443.7573635697978,43663965.70208973
8439143.899262417,440.8305174706108,17145164.306766443,441.57211369956093,12696971.952157484,0.0,7839754.153544918,0.0,20228942.69228341,0.0,66350859.40664585
6368955.20241836,0.0,3694664.6643129922,436.62307012827824,16234557.906245383,430.8179045071553,11208144.493137889,424.717424067264,17875772.247697946,422.74249941153533,55383809.414710686
21153840.68624369,422.81476795827604,12739212.19647256,0.0,3180516.029863223,1795240.1035191137,14740666.761972517,431.74789767832664,6083182.181800386,434.81919482899156,59693947.34173196
8315135.096284887,435.5718770668271,21777930.639937654,435.12499600161493,8735560.682543796,17505790.44004641,17965750.75896878,0.0,9269697.229378847,0.0,83570735.54403345
7474191.600669981,0.0,6850035.393609405,435.0656628991168,9158044.488267597,13041517.008313809,10378829.164291166,433.18772000791813,13907262.670689559,429.34303624217296,60811177.92226067
9725187.382747136,429.20326901819664,9786416.829277832,0.0,9920539.734348483,18176849.91162445,10610171.748753386,431.10766974790494,10694405.00167155,434.893678975938,68914865.81304057
4819104.060688749,437.91630704123395,6243132.137728017,445.2588452267501,13261456.088447232,19241554.5809928,3363584.337063747,440.66098734859344,14891125.451532567,440.5265752543415,61821721.019167975
8109236.659468535,0.0,17650159.369578246,436.49820740661085,12757077.755889619,16534685.938558409,9474774.856559586,0.0,10853536.070087539,0.0,75379907.14834933
18695420.75400728,434.6882285005107,6219670.9023438115,433.96469119180966,13510570.0774852,22647478.800753567,10761066.758818854,428.4915683657068,9913705.499542093,421.2903971032107,81749631.22783597
4799320.05946653,424.67755663570705,12518092.638160367,0.0,4234299.106151714,19034101.214322224,5787277.73621953,424.9440490362453,11009906.039616471,432.9236376694883,57384279.33918018
13632383.424247907,427.67726506242667,16597737.019410362,424.03863991932326,6461243.319781492,15004765.766200598,14857180.251771348,0.0,14295345.151871786,0.0,80849506.64918847
3651940.590522768,0.0,10230891.119439483,426.9476132581852,15700305.494274562,11624941.16400795,1888332.2473533046,429.13062967720975,19394913.629454166,431.977269796504,62492612.30056497
5008516.84541199,435.2040065473015,14400066.683563275,0.0,4436725.192820363,10619961.017614473,5944227.101622502,443.3136455848556,11030467.278035272,1991625.8080749845,53432468.44479498
9661833.064186227,439.04414853041044,15369709.284111151,435.44243478148024,11269324.876972051,12370566.207516484,7045765.048096328,430.15267227764065,8335695.346334071,13467192.547528146,77521391.01400004
15293586.685243154,0.0,6306183.52254162,431.84235910510404,9360675.613234999,12382475.584191764,8084903.220083319,0.0,5027375.765252178,11444521.979784586,67900154.21269071
13342700.650383333,436.7633536912367,10364658.130074177,434.98350716331635,8495293.613621367,12444816.02962354,7419070.772871806,410.5152070391306,7896778.949636367,10666464.519363614,70631064.9276421
18072869.047780767,409.8268755958041,8731794.934295973,0.0,11005134.171605123,12875957.137099009,9172948.454903813,430.11334008434494,4391716.38777999,9018381.545621723,73269641.61930208
10132771.797696615,433.43906012338357,10958311.433416018,429.5641769032962,5181758.129987267,13980521.992288204,5049140.60206773,0.0,3749456.2361580203,15930641.641607499,64983464.836458385
12806199.425328098,3188102.5028595217,2822762.460988769,433.9835875419834,11343215.188406173,10865054.334996562,5466748.472129986,427.2593036529559,12104249.427447231,11057623.170376103,69654816.22542363
12342155.760441288,3257898.61922004,10513651.458545733,0.0,3448130.323060954,12257679.354369113,7352073.357820647,430.4901401270944,5862569.296286694,10583777.37307427,65618366.032958865
9367441.09491731,3455994.6784156812,3293830.988426395,423.3195602683908,9530674.350502064,11539741.881234232,11623319.853083612,414.8372869886873,7499133.606773423,11475343.625458239,67786318.2356582
12924760.714851711,2761542.9990473087,6409117.809984879,416.3216051472308,9867490.72174426,10786728.985102708,7455066.676291975,0.0,3732258.7527162083,11101320.689682472,65038703.67102666
7533710.063131286,2515827.2356218067,8108724.189255419,416.25394877299874,8798790.005014077,10696623.20155151,8003697.165428545,416.8715037527974,6889111.201910762,11499890.438037345,64047206.62540328
9136306.120921995,2565770.2933050357,8847705.998657767,0.0,3988859.859307624,9929467.680827599,6271825.295007309,417.4882966301138,11024384.699270379,11637428.064996637,63402165.50059097
8010889.438330828,2504304.8929976732,3546441.2746075396,417.21948441550154,9621279.979948932,10129176.132587286,8973562.285073482,0.0,9295745.54881954,11602963.362786135,63684780.134635836
10296864.682528248,2576596.869593164,3475763.953776483,424.4046881986179,7166383.535756451,10009463.869060282,9086350.901193677,426.8957392399588,10177942.179784352,11611879.064752368,64402096.35687246
4714748.454115977,3727652.6874154853,10252153.964638,0.0,1848614.8766533209,11019353.942353511,5270355.315045015,410.5285167481872,7326599.403074584,11515054.032019932,55674943.20383257
6963684.063952442,3848666.2016589763,4134179.569688749,427.39581135249404,9312733.348875618,11244691.792406768,10711349.87251525,418.58729542246994,10053194.306027919,9907723.83320212,66177068.97143461
13512144.629285756,2484787.024563289,8378333.508387722,405.96316406186196,1315614.0728298638,11431383.417604897,5382160.646371687,0.0,1753324.035864493,12767031.638839215,57025184.93691099
7032479.765905594,2581207.28242254,5810323.513580061,431.7847512396891,4658061.9808031935,14989983.421177123,9556321.170037761,428.97445605957716,5766735.300445061,12104096.712621374,62500069.90620001
8693169.887930093,2540139.200111787,7953923.855531939,0.0,5899068.393221919,10462239.291571718,9410485.852847092,426.76534037830623,7939601.276584394,10615143.345099676,63514197.868239
8415054.148032334,2492544.151604845,11799161.17113919,414.7261098947007,9600937.114391966,9702522.129034337,9052821.883983692,412.7063812829476,9446084.6681187,11204477.62652694,71714430.32532318
12167042.6706198,2548588.457717667,11893695.016790953,417.09397856341394,12040815.903882561,12163289.37620986,2327727.3215615107,0.0,5047652.901533765,11090850.434697041,69280079.17699173
3113084.0491114585,4145629.4716925668,14146641.377036009,420.9084903151567,9905550.72673616,10904783.142274937,5125151.368744272,421.32610413981405,12311215.289203491,10404510.16363488,70057407.82302824
12264468.37393117,3373253.45274767,6030022.214433685,0.0,3263999.3029115554,10906693.929794373,8661356.739635548,418.55309527259635,4255498.167985295,11114100.182006134,59869810.916540705
6121581.204907815,2599115.7271192768,10996500.432988308,431.292100856322,7252190.705015145,10923918.12071111,7786089.622109054,0.0,6967374.868864636,9969982.275089147,62617184.24890535
7218463.215021759,2573578.223466309,4380489.886464991,430.0507726113707,7870104.544263238,10333628.3050316,2795796.954492448,431.845879054938,5774642.164308979,11485791.338547807,52433356.5282488
10011549.37262072,2577193.277754034,6721052.142455831,0.0,7808072.276106879,10453461.085887803,3643213.968691829,423.4388663853508,4108123.085912375,12106488.0565104,57429576.70480625
11895302.292070778,2555754.1973984027,9805896.869267968,422.51280697387733,11379025.32703587,10691019.939360894,7168285.092355726,415.74293340690303,4399637.428809309,12511720.401755707,70407479.80379504
8839576.4554478,2499789.6336711003,8242690.553072492,419.8905300391679,11412872.73628093,10414531.43778797,10532732.344986381,0.0,10350662.798792653,12125750.112423925,74419025.9629933
11606887.917530423,3611789.4438054455,11391297.911920754,414.64940596394285,11896040.024773436,10189631.792751508,8926419.275315586,406.4307956734666,4439841.599440071,12113896.261311872,74176625.30705072
1315171.6684466254,3670857.266884922,3186607.899507698,0.0,4741845.088743186,10603051.130614474,11065420.09033651,422.4730863741572,5443982.312555993,11404368.899277845,51431726.829453625
3380610.6174244094,2816652.5623495136,6183910.755093481,417.56977866124856,8966799.722901443,8894206.345618788,6165850.7654223,10231410.690059884,9097887.66729076,10475361.933366653,66213108.6293059
8335061.249143253,2551395.0160708763,10774600.046968365,425.54602836006967,8568737.01809075,425.51490859718257,9300751.939320315,11884105.317953875,4373246.95733837,10494642.053055432,66283390.65887819
7256903.913314591,2540429.5450125006,7432348.889404661,986.7862221078558,7023571.566009171,910.8387839324329,7314165.375472857,12113330.412435634,7327722.145809637,9812718.40015763,60823087.87262272
9875553.780892331,2572395.2862530104,10932298.874246772,426.95594324547574,8493134.690713458,428.97107416533214,4415510.386870753,12659855.560635943,10488538.307317134,10696320.58575416,70134463.39970097
6057276.221321806,2539843.30117016,2102755.946226686,422.2627272429823,7252096.82405522,0.0,2179226.1992080673,12134647.924416423,9895268.98958819,9521859.063688895,51683396.73240269
6322165.220218082,2581342.3914511446,5250464.262091262,432.0952003418531,7572951.346753648,431.8070701481205,10062419.991331596,12603666.611574566,10723114.557624083,10304098.340305539,65421086.623620406
11121311.45570326,3890746.686173698,7621770.477050595,0.0,10358423.360014359,432.8295401433459,12189993.005755264,12505275.095984472,3263602.391543384,10438410.63583585,71389965.93760103
5511384.376332601,3755217.7171650007,12324210.442563148,424.6606264403965,8385874.138229158,416.4803309888291,5909794.565372434,10558461.08274762,4754157.2591243815,10656475.741771678,61856416.46426345
7899726.147589426,2498262.453081455,5257222.442953196,413.9412799150268,10633484.86728633,0.0,8429655.45830471,12391487.828032382,8921785.606204018,9831777.732765801,65863816.477497235
885754.833407685,2551303.1266940655,9896234.67277139,421.1079889509835,5358721.442485542,406.03660582905235,6828696.911689553,12170329.153707746,3510716.2379204314,10284916.576710496,51487500.099981695
1281729.6421773746,2437803.610944913,4508237.4101849105,0.0,6498464.451728299,425.5238123419424,3898549.184245627,10770071.200883264,12467381.604279097,9657481.068698892,51520143.69695472
9055102.868006185,2587208.32783661,9178083.179956816,3595857.237832859,4595865.388527811,428.2983166461587,3306146.9403624996,9655138.51772427,9335080.43866066,428.50461001972394,51309339.70183437
6853130.086876035,2609311.7945284597,1397614.9404549845,2996955.5921094106,8418273.561521385,0.0,5765459.06094627,11145695.194594081,10518172.317164952,412.4188499479167,49705024.96704552
10049100.13639355,4987165.115069972,3764856.7001042827,4057846.687205727,12287843.174407052,403.4885667285548,9483987.92443972,9454429.109356318,11220076.887726655,409.1169037863005,65306118.340173796
11315499.832541045,2471377.439618704,8675352.921341473,3498942.00937253,14680159.636957554,430.65193331402463,7740101.277656407,11365395.691366037,4216497.907601738,430.3175229809007,63964187.685911775
7114305.9045797065,2577309.6123341466,10845477.692677319,2678227.5659597223,11193975.790978264,0.0,5086983.966399199,10778700.401148587,10130927.206055509,0.0,60405908.14013245
9892359.864039583,937527.0574206965,5283854.720533725,2666914.4569189455,9433240.291191481,432.9718657074155,5912802.746101535,11580482.832511032,9305272.42964067,429.65053303347844,55013317.02075641
18234819.481587186,872.9341477041027,8955247.752531199,2771697.7162861843,9152258.202885171,435.8549584888374,7781111.487266832,10584072.63610135,8024909.215306598,435.342155794281,65505860.6232265
17038125.625606246,433.72423392507795,4331027.603378051,2757790.786567431,4327892.093143526,430.83791078275027,10502727.878737427,10496032.125900658,5142835.338006576,0.0,54597296.01348462
21849312.24373173,0.0,4760973.659256204,2742124.0805333783,11865001.664230846,0.0,9188343.77266366,16013345.21481086,6978117.135215863,429.55088737588034,73397647.32132992
27156946.448998634,431.1587257633746,11977429.953171598,3260609.707105983,16993543.955106113,430.8189186054524,10223185.075034384,16030720.221754145,8304656.594791968,431.0502577181633,93948384.9838649
6497561.139994578,429.6787759037749,6557547.717175305,4077572.2356958645,6778337.724540151,425.07602957530315,11140411.869130587,9970417.84933659,2936202.915509542,424.92055056350995,47959331.12673867
8637303.233991137,0.0,10804118.97587953,3528862.3612845307,7539262.486267769,0.0,2949235.605488582,10969942.98704141,10311661.652823253,0.0,54740387.30277622
12990746.514041476,427.1041264519463,8294987.91518838,2712386.7033475414,9155178.738622349,431.8704276690057,2744498.697291874,11487225.175554613,2194576.325499231,436.9028741069956,49580895.94697369
10560831.62550012,432.3552085908134,14597994.54433385,2696846.624321959,2035726.2825978561,418.6271591384032,7175039.709239538,13562740.176901767,8787829.070174959,415.43795470570427,59418274.453392476
13227819.463342171,415.7191538620536,7251515.448868615,2644060.8724085996,9355703.367424302,426.16748646678883,6229122.4969633315,13139301.129338343,15513314.398231944,0.0,67361679.06321763
15984325.956330137,0.0,6962146.356554375,2758959.322669788,9070143.320725387,0.0,15655181.719725106,17295397.276009876,10796659.074018087,424.2556003614442,78523237.28163312
8455392.114033645,424.1366378054492,8518657.571728755,2672937.786507446,4912560.440062314,422.01842800976993,11806076.522744063,12013747.647541001,12155972.8405044,431.8357825104942,60536622.91396996
7981211.149147298,423.9354204007924,3866057.242432206,3465921.600163293,12117162.877014255,428.9379892560219,18823969.54821851,12680972.313384894,3529583.3252182812,417.2442141695077,62466148.173202574
13518307.76350138,0.0,8537553.056820227,3745276.7427546084,5512489.8850126155,0.0,5756705.999789178,13885271.112152576,9055757.323763512,0.0,60011361.88379409
19022290.56122287,437.8090778257789,12019422.546287818,3653611.539915442,16627147.27167996,440.59444600432744,11512142.890668932,16323974.693062523,8700910.29056224,442.29104179065325,87860820.48796542
6913453.015657491,434.36317242156014,5354400.220937886,2772968.468285134,14824388.933100378,437.6680266713971,4054848.4586741547,17148987.483195454,4702830.415444841,423.1446402347943,55773172.17113467
19358389.802805405,427.52042239299544,15133938.271842688,2708274.900607302,18267645.883182336,426.37534372368594,5885773.047949961,13172316.910667103,16559722.101533247,0.0,91086914.81435415
4520352.858515138,0.0,11486128.253877565,2784050.9877158008,18197596.625779778,0.0,7472239.336130507,12497842.225934427,10196586.717276009,433.7790893091995,67155230.78431852
11848234.017093347,429.31859100597194,6544032.6337095825,2701535.5793585917,10053500.160371883,430.03919824623574,8998828.336438688,10508635.674141,10320299.557674998,432.1246930398908,60976357.44127038
10964141.72243862,430.82131558404205,4963248.339332398,2721254.2391533544,11075470.647557141,426.5601756017772,3271419.3030638057,11466260.126266848,8241603.685075447,0.0,52704255.44437881
3924822.520186126,0.0,4391117.860351141,2698546.0310650277,9332261.456013776,0.0,1445704.5519084774,13525928.570652055,18043457.863706768,425.8609896649807,53362264.71487304
7889215.333484582,423.51012598235377,9755305.767168216,3468312.786861167,11532933.889276674,413.23480500479684,7701389.117938415,14599371.63942113,12086953.120526908,421.5455928340433,67034739.94520092
11392962.490644265,423.44118194523753,13598996.977251142,4525613.721240935,3876915.923642875,433.63249664587676,12340777.230354868,6691526.458932028,10785591.654678151,435.5402159500889,63213677.0706388
11462569.955540778,438.10336959920687,4522157.53764584,2783090.0728734084,8105404.633936679,434.8529114773262,9013270.538063878,0.0,16331069.13169736,0.0,52218434.826039016
15959069.53866221,0.0,11856444.8392531,2728189.5060866973,12645283.511892496,0.0,12046303.08271025,430.94737892095867,23260065.93290485,432.00359461914354,78496219.36248314
12634595.341205936,431.9212012044998,11826360.956377076,2718901.4718684508,10472775.712314026,429.05975226510645,15532636.26706067,429.91394101710654,9733132.035907604,424.5648932264378,62920117.24452147
9336318.352728529,424.82819625694134,12254173.464962432,2717442.419528116,8741720.454965338,432.1005792130198,14659801.015783941,434.354457186894,12221065.83070089,0.0,59931812.8219019
11115043.099128446,0.0,4123488.6559552937,2757809.588407975,13044603.298930962,0.0,14011772.1915316,0.0,9299921.881414324,429.8067406058642,54353068.5221092
6881925.877164658,427.06036728704214,7327477.221919081,2695741.3401847486,15130889.551961774,428.41534073353404,4294690.380852818,428.0910384503833,11979328.969841603,429.6581435713769,48311766.56681473
13269604.760262165,432.1160674003442,13630596.052462153,3013353.411570841,2072855.1636959051,428.6373517159623,15079454.85177559,425.94568291358297,6292318.744183589,428.7980289397245,53359898.48108121
13239246.360924618,0.0,9835694.650815707,5180749.470351221,7820167.682270411,0.0,13031426.129119176,0.0,10823882.339695327,0.0,59931166.63317645
8858300.718848884,423.30006812275553,14070902.352642182,2693071.231904134,13742116.684493477,419.16178715473166,13551055.9801206,426.4204076955646,16036862.227617165,433.35341319213575,68954011.4313026
14025289.688474849,434.57441292715095,9056004.988188498,2755456.966312649,9441673.87995368,441.647670062349,17481576.9075998,443.78602419581847,1133350.2499639054,443.7625476408639,53895116.451148205
5612363.254989668,437.5733773181751,10981028.71512672,2777219.9822647204,15973385.849477107,438.56642358090875,9095088.457993358,0.0,3533360.098187455,0.0,47973322.49783993
17611039.79458138,0.0,11408531.669575786,442.75393961572365,11852716.518472431,0.0,14630016.184676433,442.2214817449033,11308744.05942683,442.61990216160376,66812375.82205638
16486915.04077421,441.11139253597,7663711.148068441,0.0,11191781.242111774,439.79194231950106,6662277.583167668,434.34246259711546,10919242.925152909,434.51701169479827,52925677.70208416
9247423.163402317,435.8102369624337,7599094.321183623,434.74426679795806,19260525.15220975,430.93981488517386,8525246.293801447,437.66545775651406,16202442.355102805,0.0,60836470.44547635
17756762.720952243,0.0,10047460.020538872,438.2671208543186,12232698.631423661,0.0,15205712.793308387,0.0,20599519.663519982,440.2179501672629,75843032.31481417
9232502.001140803,440.06649306773704,14237503.985529006,0.0,8551832.536375051,443.0459489976887,12814468.85670263,439.32457258797825,20306529.385363944,437.8775422850535,65144597.07966837
23273127.924725395,437.7704272405536,9552245.852296244,438.09498028615377,8025255.161790295,17779965.13283865,23380431.393338636,438.07467566519585,12271853.249488061,436.38202334866503,94284629.03658381
8748074.719330858,0.0,11091881.687949667,431.6573646392599,2088577.5634488205,21000093.823762372,7147211.387947197,0.0,7000305.067783106,0.0,57076575.907586664
8532159.41611265,426.027254524963,11414750.691647366,428.09622706303753,7724937.932646245,12250695.856386317,15115816.217366729,430.4673128596509,16363175.950325182,427.9947533455925,71403248.65003228
7564301.373115973,431.0974230716934,9485882.707051542,0.0,19452121.05384643,10556352.728218235,8711768.868672347,429.2065630723464,4238097.041909361,433.75451013866893,60009817.83131017
14763702.660516769,432.7201369046263,6135354.881601287,433.3614353239137,7578353.017945602,10490171.916507866,10054640.414831096,0.0,8112066.464225717,0.0,57135155.43720056
3283784.42562508,0.0,12116549.828677757,438.7183793490959,6452780.737723002,9923121.839042762,5146820.495361744,441.0763118972562,12088436.942424532,441.4262081322639,49012815.48975425
7916282.380589263,441.1994569558629,8425369.884831214,0.0,8755025.260019043,12440649.374194538,6743880.002117552,440.9217529679444,18592738.90767565,437.853258281032,62875265.78389546
5004426.022702254,437.7241697493192,8271075.767968232,437.2623218711747,10106339.666150827,13039607.88170234,7879888.620579727,436.46281580840315,13434299.89614448,0.0,57736949.30455529
2255588.890414868,0.0,13632910.756993793,431.902484023006,4713874.530093709,18168445.582941834,18822878.613411468,0.0,12187964.614787627,433.81068183963146,69782528.70180915
11255714.601352764,430.67957094321554,9890352.066494549,0.0,3593319.3469560207,19670298.974721212,9053510.992823789,432.616738444771,11910087.889720785,432.81446600372175,65374579.98284451
3139839.789504355,436.0443246678173,12742359.621704862,429.78719697920644,5547899.8396414425,13641714.394404983,20437602.137431175,433.43168830453067,10046482.880176567,6242833.497105514,71800031.42317885
10566411.595768366,0.0,3744913.2045129067,431.14081323446743,12390280.815007692,12454351.271165527,18875893.217197876,0.0,21193662.24973811,10973862.38667102,90199805.88087474
8103207.081094524,434.2248944722686,11696438.924377507,436.87471641071386,8296350.53019098,16706578.835452735,5251667.914611591,426.35367306105644,7505574.36990466,19461583.06406534,77022698.17298129
6142736.423854376,426.74833377104767,5565154.322585564,0.0,4866746.182053665,12950041.58664182,7038726.084937087,437.7590047288253,12672759.145524364,10957087.559380602,60194115.812315986
13738013.680979224,423.3017591510357,10025484.319747651,426.78506250314007,12682661.123615034,11998094.672287831,6171092.86406936,0.0,6399468.439890143,14052240.616319744,75067905.80373064
6609936.693685692,0.0,7440384.371557285,434.6616693294184,11279361.567166615,16123794.432205196,4817871.966786137,427.64210849629416,9621898.263632432,16753632.75035871,72647742.3491699
3826326.6691379333,3767903.1599904913,4284318.129290622,0.0,1807927.1880460163,11835378.386962974,1933770.2494834005,430.590037894618,11204842.987067582,11197772.937632395,49858670.29764931
8799384.334013863,2605091.7254362516,8649462.172703851,421.18886350513395,4827604.798109701,12319438.295251934,8850020.676427469,421.68032810062186,6343376.646513325,11123561.789034156,63518783.30668216
728900.8867490112,2768112.5128447963,10331799.313523728,422.08867932835335,12232429.320684668,12974671.697465573,3661280.0540454923,0.0,6882075.831225214,10733717.99464554,60313409.69986336
4932543.216986665,3850855.7474401263,7143141.079182731,424.3729300587509,2767936.9809583714,9292721.338636836,12297049.025200246,426.87184341024914,11795852.667013897,10556399.604507774,62637350.90470012
5301933.537435977,3530262.0152850957,10883244.410184888,0.0,11412093.960573724,10199381.592381895,2733261.5792323877,421.1980277230109,4563646.86545347,10874486.078021903,59498731.23659706
3490922.6307512983,2562518.9587776056,4654721.556047591,429.36061655974237,7642856.365669417,10285722.82809208,6337251.790837632,424.1253795926364,9744560.38995564,11784107.15409483,56503515.16022225
3408129.3246442946,2533117.073384999,7836666.216377433,423.4494647321389,5775102.876540913,11757677.40557714,5375501.406379694,0.0,6888543.6196671035,10117773.033352658,53692934.405388966
5001366.029434187,2574265.673119675,7098435.83978033,0.0,9396106.905720877,10510350.384127194,3002712.9460687744,424.0763329256728,10063586.817746852,10203434.142882677,57850682.81521349
3466058.8336160597,2574830.0629962636,8293124.537847894,428.88526501842813,10917635.8841585,10939372.6666222,8996762.006698506,423.37217132006117,9870132.6651945,9420433.041032854,64479201.95560311
9914331.11992977,2551986.4216991235,9389177.329051523,417.48699802419736,6040400.250584326,10481258.091527462,3327790.4226142555,0.0,10408933.116278993,10030180.965828095,62144475.20451157
2729098.591571411,3265899.822058208,8348586.035177967,405.02386971421123,7205782.915682953,9860498.678435124,8974099.57254787,418.2949905350664,11373915.241784098,9844944.582051137,61603648.75816901
6283987.929099609,4022599.8391021974,8321696.466404844,0.0,10411560.274545483,10443635.312053148,10631575.091529867,414.6718675400333,3545536.1319460166,10191481.269003194,63852486.98555191
6942896.427133027,2677072.0758625707,2857170.43574103,419.93835042970727,12239466.061287254,11661326.674959477,8315946.250071137,421.38157225519666,9788472.495787166,11406914.423846211,65890106.164610565
11295489.939759422,2554013.5702732448,5393955.104484992,423.9373843170203,6403349.225316966,11631775.87050429,10299988.665738437,0.0,10366145.539364144,9963763.814107068,67908905.66693288
6859817.89319537,2553679.465480625,7858551.885137505,429.8551026647923,4410788.198582654,11795857.61908909,8060709.832484097,424.21519387423984,9394364.679002175,10387965.365474552,61322589.00874261
401689.8076728847,2537371.5100292414,6731217.87010332,0.0,3112332.3817801382,11018521.368830627,9129338.47077687,429.0430194672002,2731573.565772761,10084666.449860875,45747140.467846185
6734152.297407689,2575883.008096162,12059839.34710686,424.83958146272806,4657818.049347207,10473816.47765091,9855753.262317251,0.0,4936728.4664862985,10799564.098516116,62093979.84650996
2569419.788376357,3234508.3821446244,3960354.4628415485,430.39700536268396,10988654.33991338,10809813.76121913,10846460.148674564,433.90015666188,5939664.820657375,10941418.590425853,59291158.591414854
7936089.557326054,3488076.8227402614,9516597.41395003,0.0,2084129.2490715627,11568984.072293479,5459296.714650534,419.87214048113117,11867221.383253507,10739599.91371022,62660414.999136135
6334376.181570757,3479109.945316158,11538600.259025114,415.12075469830705,4648654.825451607,11448401.245438011,7000358.856506074,430.04103540545293,5130477.666577669,10869312.525129836,60450136.66680533
4796584.257901162,2575803.8045488163,6881934.47241117,418.77815302666096,11259328.331089675,11535348.09379735,11309864.792447219,0.0,7980264.233063425,10794063.344854917,67133610.10826676
6811838.08245696,2538802.091873406,7790075.27823656,417.6151660781138,10798159.330747992,11540484.365925502,6592724.7035497,501244.40612316894,5279881.749191712,10979479.14376037,62833106.767031446
8352332.927520152,2400445.5324586877,7659660.476190989,0.0,9210139.35010352,9554446.565746712,5298761.672269912,9658903.371095823,7016729.855783954,9283931.131210703,68435350.88238046
6023391.984317263,2546083.711419507,4879645.524390264,425.65291352966176,6543518.152983483,10797084.527677095,4789048.019724872,8661998.816125993,2331343.1216635155,9578298.749531554,56150838.26074707
10146442.333602771,3192104.478002084,2649385.659279957,413.01100437655884,9809778.017515024,3226005.6201506015,6855379.302209269,9805590.296726333,3994785.169206358,10800565.38558827,60480449.273285046
5755850.841743941,4124010.219708131,10423029.045704126,426.05808861684216,3394168.690898633,424.8472914761736,6946054.87479096,9453501.005022602,10833232.699421437,11217683.322543247,62148381.60521317
9783840.739328055,2842914.114862833,3299627.272108218,0.0,8972386.762843844,425.3716904675027,9596366.493641702,9797868.480527325,11723309.654770797,10471007.662642073,66487746.55241531
2405081.8776131505,2599883.9621484713,7010123.438443622,427.86204557350914,5322664.215883405,429.32390097042537,10614006.984336615,12205960.013145152,9210805.859599935,10516339.99650493,59885723.533621825
5069959.290535505,2568259.979804086,8708901.412550053,422.5070434772207,11549593.687084412,0.0,9965792.089856153,9865098.913941374,5789669.303183978,10605594.393032124,64123291.57703117
6059813.66901032,2595802.997998739,6818656.919065801,0.0,8304929.655041651,435.8257091947944,4591390.300392422,11555263.85355747,4566032.857296513,9150828.035399975,53643154.11347208
3654169.55433967,2564902.7859258037,8780877.007385105,427.2402629992379,9739225.975696696,424.9033319586828,7512013.535593636,11297487.036730152,9047419.84229665,10620127.264411861,63217075.14597453
11756170.653271621,2530662.4462510324,5704603.8929085005,422.05567422192587,15527630.31574799,0.0,9506561.377978558,10537310.760587262,4708819.824787236,10821785.027339594,71093966.35454601
1625800.2684448732,3724206.654940917,12560271.387463646,422.5098808713089,4961441.491099639,424.45032088886245,3128073.3815020216,10945178.635103986,6306538.612148871,11161989.640418535,54414347.03132425
1729920.6715858537,3526587.3292318406,2614841.2614908544,5311883.888309665,9487525.29000433,422.5066001378369,7652162.532951943,9156333.023140928,11361501.26754591,10235915.966251673,61077093.73711313
