322278043458.20044,303481361573.87805,322235700415.3386,309313890140.5018,312332752810.7631,302215105988.5924,301490271782.568,297201698202.91235,315325914621.7259,295048391456.5988,3080923130451.0796
4958804.000033852,481132.52309338585,4341772.256494194,3841295.2575851097,2146390.1147108558,3363405.3811977175,4011698.6133185844,6352048.364109571,4437291.5032099495,2099902.593276586,36033740.6070298
6170818.251958022,1601394.0927990256,8179823.08225758,3225355.6123113893,2363064.3805569177,2930438.426913503,5830946.4917792855,2136077.940451347,6409474.769754929,32147.735462963756,38879540.78424496
1320104.8379618553,835647.9795666175,7955518.0202287845,5671488.025251897,3662565.040465467,4406871.599232453,479444.38572985487,2581019.901762473,6520938.030427528,9182552.097878829,42616149.91850576
577798.7909772265,1555048.3921723291,8220172.1984242,3295868.4958458995,6202494.983599625,7257932.126110975,63399.686739310026,8564823.464958914,3885810.5769133884,513544.4745578904,40136893.19029976
4081436.348484217,1561965.6364353737,7537774.45319907,2708495.0816796655,1516463.2482457852,3791729.95599143,731021.7019918504,1941097.018037606,8751733.176793383,501202.8089494562,33122919.42980784
1961149.3196061794,2299083.56624544,1003224.1589974707,8785697.287495416,4415276.8463192955,9613217.08487331,5424042.6311555,7449218.46669222,1175630.483003592,5466812.117152784,47593351.961541206
2439060.9470670596,2449085.1052225246,7921119.950551794,5853606.17448526,4304033.399168552,3129256.6462981543,2196273.185819703,1908842.8668499836,8756608.38988599,1975093.7669063786,40932980.4322554
2029881.4551508743,1623871.466067177,5516458.742925046,3152089.65225297,2427418.5459820256,3804149.97633546,2688038.9896405097,6631261.577989104,8297597.258982498,2293039.2567215147,38463806.922047175
2267191.6408261657,1564835.7818145852,5113459.976997998,7708723.855221267,6838287.833228882,5995645.577709282,4240605.822502284,3358342.979345476,6682296.423834618,3108540.5641798866,46877930.455660455
1787584.146763322,1576642.0532979073,9994146.900107687,2209542.390090943,4509059.083399286,3685196.5456310054,7992036.954502158,5229818.93164129,6342682.612846858,971486.5548101529,44298196.17309061
7935570.215107653,1585525.4576159879,8245678.437311452,4305198.509692724,5709158.229153401,3445312.541929965,1728654.7031287507,2796661.805626326,2876785.229449209,2118764.3059121314,40747309.434927605
7500635.4732093215,1578961.280998905,5795236.006559772,7180247.860920732,5455206.664844999,4614989.4607710475,3910178.6339369128,7444754.824756298,5909185.939588048,4201354.130800861,53590750.276386894
9147376.274443641,1578221.4253262186,8529186.649457399,7814652.824294977,2518860.659860041,5969593.062908697,6309042.681408266,8746254.000502067,3673447.3865517946,5711042.339495199,59997677.304248296
6412999.567428316,1552953.110474299,2536517.476836227,7875091.19512702,4984627.841560244,842843.5950607774,3047793.1035583355,8259599.587667383,10389732.486936912,6579900.356786506,52482058.32143602
6599253.3629389,5904931.055107707,9561549.078025175,4164513.790407649,8853878.774508571,7342831.559645435,6073106.643152856,7279027.494881072,3708327.8338110917,3370467.704723249,62857887.2972017
1262665.5541620401,2075351.3572186276,5392599.605063823,12403425.976799367,8251160.736991327,1413665.6634365057,7116340.497185789,5771194.766324852,6597161.231959757,7238913.812628096,57522479.201770194
5012442.766657357,2552952.4313684325,4872133.528190879,3850189.4090707437,6890134.524204409,3706439.03297443,2524041.522344099,6776995.998134397,6776708.131185897,2563640.970831989,45525678.31496263
6608330.758636866,9095496.532161051,9798126.042404396,9302841.251610627,7817854.32662833,8071365.262297581,6395920.4192993725,8896617.744555859,9459686.37116497,3142213.6888675815,78588452.39762662
10497689.40243136,5196155.743672391,4810757.917930905,2710192.208457122,4567294.531565854,3605378.1372259394,4669829.894474575,5664857.361950819,10452652.716546249,6746956.760044616,58921764.674299836
8235930.214414483,5765852.510381857,7850664.260137971,4297027.091842465,5242560.569855503,4939173.586388173,4430619.2248165365,5085854.1391678145,9287336.389353061,7694396.970772484,62829414.95713035
7820187.4905723585,5224790.731178574,9178237.28878197,7545016.75193524,6340373.825797913,8014321.49022929,5947058.172362305,3391838.3525525015,5876028.54240978,5895694.7208995335,65233547.36671947
6808194.586993869,7302889.598137403,9634189.487977551,5904537.795683976,4194882.844970106,8692803.783373002,5534729.916740033,5566291.445420157,6018001.781822085,2992415.4187282505,62648936.659846425
7043634.129739809,7261997.792376553,8553440.061657252,3996296.9453651644,3099655.6083014132,4407614.847577352,5337200.167779135,4653187.583227026,1966609.551830575,2188241.124428894,48507877.812283166
3913267.520174503,7672446.382202878,6406287.141917007,7167867.536400601,5465273.249743488,4663930.178906387,7417595.70882414,6682268.566292241,8191535.274228397,3792934.5177690526,61373406.07645869
7295581.843106515,712513.7995879381,16137368.581242535,1701840.6627798812,7960017.842298193,13788952.338325497,7565907.681528943,9796775.222470658,1233455.0350702745,8311503.732251213,74503916.73866166
6057226.447410316,9108811.75599079,5835510.298563282,2999175.2064494267,1680606.6073726416,4549765.713196897,2223909.0752873146,4733181.647437556,7680552.238575612,2628491.15972951,47497230.15001335
8644749.57986581,1455012.5908624027,7802118.386683566,7442875.239746783,6540488.375560634,6383668.841663913,3797724.253302743,9028078.002870819,6600439.478324965,3538623.2856016546,61233778.03448329
8113564.965300335,3365417.184086063,2436296.5108507294,2834449.5439446075,8902796.504178317,8946131.179919856,7795728.813752757,2997244.4479619088,7606438.400252763,6573159.61005979,59571227.16030713
7288826.136491734,5453166.360785021,5878698.016139338,4404903.335589791,5340976.164659048,9717240.841260955,3027157.963085831,7507547.595325957,8179984.147853176,7768181.714317679,64566682.27550852
9118042.581581514,7897313.7109792065,9618522.546411877,6287012.613562921,8615168.986489141,4218869.854440596,5766987.721650775,3659050.9417001265,4371184.215028458,4889052.086846829,64441205.25869144
4967389.264889565,4601176.061715855,10696749.625957793,3881448.570327822,4974186.784807073,6395128.269225646,4363858.817941847,5295795.290271503,8811940.784129068,6329202.860590974,60316876.32985715
8670877.197595302,5217000.357462144,7654723.611422569,5511675.356111834,4186588.5205166913,7192595.7737072185,3462329.0466496237,2220299.269514004,2449303.3471349454,3053133.5029127076,49618525.98302704
4559736.5300190225,6753012.158331868,9846609.194084477,5552255.347949984,6348613.212816639,8353014.442752296,5783650.710665788,3303101.545562926,5550844.928598937,3640411.727070051,59691249.79785198
13135988.552563054,6388260.169585658,6672883.505810783,7778943.559155058,7970636.452849323,8251227.597559503,9155237.297095109,7232801.283603746,7652255.642851444,7750119.436755095,81988353.49782877
4022254.7426205636,3614191.2181459405,8867862.796152426,6766122.416245146,5725958.0246386705,7279323.543494448,3604291.296687454,4361042.7595577445,8024640.581316312,3816605.967462471,56082293.34632119
981999.4761644823,3861919.8310094927,11449198.97734931,7555612.41065424,9165653.079776676,1129362.3031697613,7692431.449394268,6510182.605298531,5869366.649360526,6375479.725278974,60591206.50745627
5544878.2037816895,5658003.2327664755,6997902.012711031,4033500.9805095196,1751584.7989104118,5835699.2192925615,8386363.212328719,8508520.91063531,12577880.920581024,3755212.7184555414,63049546.20997228
7890294.971583351,6311844.9888423085,13701873.073825818,5414188.198478918,2413886.07914586,7456264.832144373,4899929.760601166,9659687.22979648,3728725.6447371654,9555583.1909393,71032277.97009474
8329847.782949704,1849687.3251297115,6829384.37262239,6380554.168846713,4026923.120458992,3220422.8847341323,8867179.42758723,6658760.441565303,9444410.69250602,8717610.996697009,64324781.21309721
7322116.313682657,3596022.3314831248,9371963.579532577,3689541.4051089925,5359192.945318125,9258625.085331764,7587572.991970746,1209659.7362717115,5608851.656257111,7881406.517877425,60884952.562834226
8129833.335480466,6128343.041543565,9082854.184469627,5427274.754325303,4169383.839505792,8568486.103517722,4415145.078600127,5867266.783509405,4559282.97044119,9122290.739465369,65470160.83085857
8335701.1892867265,3836924.7025748217,7851912.220516807,3967022.175193834,3722464.962471898,5187475.238642229,8218208.773431015,7721466.167854198,4361842.541994568,5341761.368935199,58544779.3409013
4433130.176951242,1371877.511134858,6520795.560672607,4826201.057866699,7245276.305916134,3037896.772020644,4375545.016365902,7867244.012108609,5851827.218384888,6654010.989526341,52183804.62094792
3625457.8396829595,1992334.2574614258,6490143.109350279,6082627.051610001,8128681.679981444,971159.7446829238,7870955.498959339,3488553.828320312,1730224.239722004,7110607.205412193,47490744.45518288
7063752.048801815,4791439.386473305,3386726.108577125,3713144.043690839,3649393.7939321743,7257563.804302743,1786299.3116414796,3497419.2165957396,8414562.38641039,596771.5535135682,44157071.65393919
8031720.937946551,6111160.98281057,8949299.45295998,6801882.296802807,8487277.796254152,2004546.962817459,9218378.542910548,5124039.992515627,8875456.260169005,4107322.712771683,67711085.93795837
2781962.2701701224,6823948.340090842,11225038.818153046,7858903.205274637,9466434.132449966,5700813.916394468,7173213.899460936,6258050.522378275,7869062.310850114,9014021.757841371,74171449.17306378
8742800.648624215,1844195.1555295482,2541738.322830382,6368472.942851056,7771826.54103129,8214105.3096895125,6169395.563237034,106736.2838459308,6904307.052769518,10618553.928261649,59282131.74867013
3732429.0450475398,4222740.909668632,7181633.134221148,7004079.235075851,6749491.048564048,3735419.3761172467,8357237.6986988345,4186273.7201991347,4307052.829755721,6306150.947972621,55782507.94532078
9312622.48815482,7367786.593488649,7776339.412196211,8325711.241051135,2313767.706063172,6144584.328060546,4547323.390420539,4231636.950292018,6743280.999093815,13491638.884795327,70254691.99361624
3460100.9987805616,6802813.236739035,6847733.875242247,6208165.113814744,5012553.944557902,9487062.203401897,4668312.826288442,5606891.046689258,7108180.769137744,6691437.952047341,61893251.966699176
5266197.340313093,7570721.292016267,8050762.234698918,7436003.648889477,7184768.699539968,7661211.638642528,5917592.685860832,5101002.886323352,7146000.40405022,3589130.634559296,64923391.46489396
8851447.411154933,8644097.620697374,7747033.125123979,5250636.841688181,8715265.897509933,5191626.135893859,8466243.55587315,6871499.089512907,6526662.411689559,5242229.660637207,71506741.74978107
1992517.1095170479,1610033.7316512258,4259606.997301178,5324750.5003537955,9766306.103064464,7836452.240978161,9481782.182039198,8077214.628539649,8008681.947376123,7475960.342883381,63833305.78370423
7450391.806923861,2139537.446531442,5024860.784594942,7849475.832615785,12285706.937399015,8583987.565809749,7366450.068247442,2138374.8876112183,4359956.098318986,1556079.5261935587,58754820.954246
9426756.510727502,10206786.464873698,9087165.411023848,2154732.314856486,7469157.73760895,6180002.832404495,10057270.325339243,8860023.912489012,7024657.34682108,9927626.822827144,80394179.67897145
7608198.22803005,9278686.623536438,9649685.581879694,3165329.7943161773,12398162.494294407,8007331.118443776,8492553.660862865,1917621.1014481143,9197747.647696737,3013280.947850005,72728597.19835825
9125831.697668523,5721700.875740854,10340481.249224937,7634295.1903643515,5249585.619480493,11064058.448805192,2300586.311701619,8584978.113808516,4118050.0457583084,6127825.9228513455,70267393.47540413
4340249.405182312,7914282.428271619,8719879.791756142,7794367.893181623,8237993.643026532,7629289.287095108,3096256.7996363393,8107138.075570746,5509766.569225427,1020969.750614517,62370193.64356037
6230986.592584782,4503397.263693342,3865084.932615063,4768496.256185113,9400599.573232146,4951725.940144648,4008781.0922894366,5066535.6479466185,4128552.4725506552,4233540.994513948,51157700.765755765
9604048.957346382,5512975.536334165,5933738.392162955,5560549.721251377,7075354.628695494,6019459.307117541,4565797.576145703,5908883.130063579,5739894.658075924,6355637.419447545,62276339.326640666
8335323.982940427,6509422.7782871,6541781.99654488,8458819.587449523,7298822.713158582,6133756.4345775135,4629564.591099442,3656513.5384079134,7876676.222918312,8286454.405570172,67727136.25095385
3801101.973890796,8148224.409279471,3556400.360903111,10221324.662091415,8485700.180867005,6531801.516893994,6796739.463584193,2012208.3854535345,7190384.866452199,5015549.526249245,61759435.34566497
4460507.666256407,9633307.93625597,6648425.613394965,8183042.258916062,3448514.610004167,4539644.27712077,1622647.8997326826,4300530.809828183,4301366.402485112,6123095.485897874,53261082.95989219
6508284.32394464,7828546.633744626,8195458.871431379,7802871.5898157405,6134665.999490044,5277985.439699088,11922368.641329618,7058622.408026764,4331580.79850739,6992769.206995888,72053153.91298518
8198203.448170148,1451764.0083480158,10073724.36737691,1769688.6983517057,575886.7116070949,8750596.187574476,9117465.65207536,8534845.406685052,9359344.587248787,999098.0542128398,58830617.12165039
4881370.082177159,1829533.6245227535,6850861.103422485,7247961.239454582,6689029.496633845,5517526.317992876,7664420.406287732,6071457.2344944365,2349088.5650343355,3519708.4156116084,52620956.485631816
7952214.207460898,5128582.77339679,10123556.8299926,8713958.874137824,12211168.915845174,5934304.367212269,9741070.386962043,6596031.495843706,5104884.226729391,9039838.462076055,80545610.53965674
4960229.869347911,4995343.68376075,7417783.971269023,5256191.725357779,5231124.81611093,1984379.7316557602,8435979.430615362,8357693.396282998,8742166.890064076,4338191.140311175,59719084.65477577
8017684.691220278,8629543.22692715,8663447.933755238,7368410.186533832,8724678.231090251,4298886.235363125,7344630.7024844345,6533685.507621449,3984707.2896948983,7282796.33804041,70848470.34273107
9690499.619384615,10317137.149287919,10746192.159417817,7405473.957850272,3264153.06664169,7318800.232182777,4211221.3726653615,9365069.977286221,8268679.056541307,794984.5112137729,71382211.10247175
10547815.652541708,5343764.080080516,5127936.366381268,5408359.65918848,5498495.271743401,7782866.748285331,9940925.401896521,5831749.53828204,4644503.692275364,5460943.699625204,65587360.11029983
8517288.84824123,7531427.438622124,4022128.8326851614,7206171.305052259,4516715.944930716,6134765.409619352,10086491.401162757,3638184.7414123197,5337536.24761204,6212223.134688454,63202933.30402641
6833839.63037561,6620878.802705429,4456928.187855436,7410710.84747333,9010688.345877029,4014616.1758050174,8645346.451344911,7698687.491182285,10066090.639245668,5651304.638853811,70409091.21071853
9874455.654324103,9065261.104075989,6832592.2699561715,7461711.167531451,6619004.195345593,6977459.276028112,10804775.579434931,2662410.3118990296,8350689.361724098,6815670.486760934,75464029.40708041
8926180.16154862,8514144.314463401,3796538.1008354593,7836374.77715465,7221105.858138405,8883709.156414518,8317189.777881108,5505337.8504566215,9703662.821800238,2206633.5666921237,70910876.38538514
4556588.664807376,10966981.193358136,5085410.042102807,981575.6764560549,3791888.992391385,2991881.382198953,8776619.052466862,9803664.854178447,9365942.914584689,5123513.331849876,61444066.10439458
8113714.965603749,2461709.0022694417,10098858.7239015,7302591.839706366,8586422.999121029,7423183.305306261,9118358.191539364,6107084.260103295,10038336.141333139,9801322.823279658,79051582.2521638
2135096.1108243586,10539532.940448154,2580465.5458390317,7714316.787155469,2433501.0329225254,8070215.925880691,6039221.153400678,6196241.928396213,3120442.7745585926,9457952.216550257,58286986.41597597
4617122.1426326055,3142691.7286059097,5968358.544946904,6800186.585521027,4457103.846182238,5947693.868135689,8910436.915647134,3133824.0560991974,3868801.121770218,3120449.9302249327,49966668.73976586
9565409.130091598,7787154.99322624,7000775.630460051,6897147.966737132,9098891.776940774,7771555.980793717,3882921.297701749,4064052.7596509582,9428142.582038911,6501888.324024369,71997940.44166549
6075472.370650248,10902568.586560758,11176965.897021951,4152172.258680427,10882196.573192714,4463880.503639728,8153015.906238206,1778452.4145175477,8566565.29266357,4358879.734037779,70510169.53720292
3695200.2461377364,7804933.377392511,5665274.876484078,4983928.4308968885,6320866.551715177,7845127.570424299,3646648.0862337635,3704785.322835349,7370638.620761851,3523390.8134947265,54560793.89637638
6588607.418710738,5972530.402013727,9213697.486641359,5781989.71410061,7228129.727830723,2119007.2031751396,7133102.008866625,4084026.3412212515,3796695.800881149,5996472.135893691,57914258.239335015
7464884.49410058,4125462.1584524205,7427374.933089093,6677092.932625857,7937907.252465223,3929458.4958942016,7181545.86370047,7676269.985346158,6347539.897887172,7776355.607526394,66543891.621087566
6418768.38698777,7213019.7588524185,7434670.722084944,1771621.6073237837,8104886.246216842,7346584.743005435,5850066.565809019,1061935.1942673565,8217288.156028638,4025838.8650741605,57444680.24565036
10339989.043833122,8701801.861684633,11733401.075811842,4019752.3793983175,3057838.84286342,7337690.458353948,7706544.048762108,7258785.7320557125,5631535.475658781,4906070.109671863,70693409.02809376
10192153.111174846,6535778.132446881,8724143.038049143,8378451.013649941,8920465.630769238,6002632.6308028465,2897605.2483189395,8952308.931672294,12553352.157417094,6044497.660020066,79201387.55432129
6324086.614115263,12483040.653935751,12350482.411432354,3989794.891540147,3395973.7124770526,6374222.400472869,6494620.4188456675,3011757.9186395193,2866394.4455956547,7841592.232310353,65131965.69936463
10930209.197443772,6045767.751015326,3459644.8593233866,8792809.067392481,6151848.204870531,7615120.697908198,3270111.1133075464,4029880.8994478253,5312996.997099862,2670579.3506410006,58278968.13844992
7975938.409603167,8669260.92839909,9985492.69376354,9243010.501635266,9609755.413267227,4617716.248778096,6453370.355636371,6675625.965108779,8639674.526976561,2660126.5024755257,74529971.54564363
4568933.119855978,4796232.65354335,3922759.7334901798,5643666.418014755,4759691.970857951,7543892.1483347,7438169.990621305,7542037.30366073,5673279.000952157,5211517.831502883,57100180.17083398
9000940.00064876,7421688.078833573,6136192.787891167,8953829.535117822,6813759.554200061,5686978.2155634845,4637705.353124718,5174121.282327631,7524706.312614107,6143741.23331172,67493662.35363305
8178522.671260292,5941291.038061469,9224403.898894707,9721705.163037205,5970983.62433866,9903633.083335405,6870127.149597679,7322394.088237702,5084156.84943387,4735726.155971544,72952943.72216853
5756826.4181620395,4663853.376336842,6989459.19323562,7744454.099681213,3246610.571408817,7340135.855340603,2872060.603357958,7519480.5311232945,8213563.5706624845,3229041.7665892937,57575485.98589816
4775641.45124877,6568060.932698967,3646626.479680341,5591027.447323681,5903008.282939155,7384652.815995106,6191484.371777486,4986742.145471432,8188378.608669632,4900673.605381938,58136296.141186506
5100078.761654293,881455.5107612452,6286417.009118011,7465568.392186741,9270593.712054905,6002376.585769249,8438289.628423838,9646020.395396685,7779924.181120311,9202804.514125306,70073528.69061059
6349356.110900558,7000629.886883813,8832294.004539233,941737.7763466861,1901853.5455481838,7444629.855989421,6911983.213714438,3620663.608499033,6058905.754739629,5188101.582950858,54250155.34011185
9580447.598371694,6982450.345903761,9195167.195480157,6606422.565667636,8440743.030286845,8327725.682782832,9060016.37049939,7619825.612240961,8218418.254697662,8508243.526872512,82539460.18280345
5651517.716136129,2497988.518208356,10890133.78263507,8114818.69331628,2844484.158530021,6522672.38500669,8715176.337386834,9499138.13195135,3917367.638744652,9200610.495348476,67853907.85726386
8398996.535323326,4266171.160855388,7334566.581692869,4454479.189464371,9078406.166187989,7256813.757238812,3538367.066332284,6307269.281474288,4321396.793429208,6662334.114544948,61618800.64654348
9827969.969517218,5604887.768704008,8721858.268280866,8165651.023482515,10719855.811654849,2767383.2997958036,8953175.94562113,6581505.894655049,10106287.12537016,7487289.561458887,78935864.6685405
4704363.324867671,4351026.965291569,10397220.70205211,6154825.652112064,6139755.791131684,5778887.072633207,4983891.354965983,4321569.517845004,6034800.225346237,7750498.404413771,60616839.01065931
8737686.78907905,6664419.877966194,12379467.819801848,8143945.599945747,6120933.941051303,5279034.215954317,4300827.513392648,4599367.497017253,10864768.648889229,6301331.529754969,73391783.43285257
6289930.545485179,8254498.768099201,11869335.24827782,3139743.7917320738,7527548.846597326,6089390.746543844,4091001.788749927,6278867.9964554105,6264513.635847827,2601296.346666495,62406127.714455105
5768574.729398145,7075003.927847406,9176650.296785533,1630286.0823420496,6885613.464604997,7509351.1837840555,7235558.536878643,1469262.6058194614,8074986.599088306,5426978.784537438,60252266.211086035
8856850.359819874,5852414.960240228,8850293.941080147,4384556.7606533235,1877549.2491748387,4466595.399157565,4515717.644222897,7472592.0226230575,3419062.5174977607,7170933.085502982,56866565.93997268
2851909.050828185,8445456.298255673,2192743.9090912575,8313004.873406487,9586609.241786068,7028384.875545725,5080096.957934431,6897682.29301636,6431611.736631947,3277292.4244438405,60104791.66093998
8386603.248223307,2879663.786611101,6892389.242303688,3955657.3616643073,2073365.4748083947,4512187.7474541245,7659998.661118429,10715304.783583801,8531062.041810844,8133423.41018227,63739655.75776026
8231530.420608628,8452832.940420931,8428187.95903732,6082832.272152551,5205336.031173719,6196657.592332811,2735394.1150196036,5561554.852894837,2415479.972672535,9573474.114057368,62883280.270370305
5920139.695819068,3484857.947193468,3367241.852657114,1611077.5823261114,8400065.6845983,8707304.210905576,5291491.873430046,8256371.34050804,9528684.529343715,7348185.596962398,61915420.31374383
6096695.888276777,9528172.54350774,5482338.243854364,4747804.907459288,4509089.785575359,6841293.271289978,3486760.543665694,10056234.37899935,6792837.290603881,3915823.238114187,61457050.09134662
5098357.4185552085,8105313.901221199,9138770.89970453,8976219.351802288,5144906.923871032,6902545.4003855875,9300283.84846104,6952314.937353279,3814757.635684406,1203456.2101228186,64636926.52716139
8294834.662124105,10273608.429111384,7294970.4775384795,3614335.2557826154,8671739.956090596,8954364.730465932,8238456.640118525,6541925.002596303,5814610.389982269,2523103.264111537,70221948.80792175
2209173.157943347,9053422.54869655,6443318.899928465,4429819.119120846,5074782.930604767,7285102.7057266645,6680732.071526825,8119464.6015869435,2266041.6315688533,2930267.937955743,54492125.60465901
7020069.667587024,6517545.860569934,6735714.626192265,8773790.467065742,7369204.2035210645,4572428.615577741,663582.9057340807,2369257.130199798,2210471.4733119044,4892104.065439293,51124169.01519884
1214871.949521161,9986138.003250018,8232517.866615541,1058928.255952498,9708138.794986723,8446167.95282872,2443882.1921108486,9129380.087398054,7275165.944737175,7593733.249087612,65088924.29648835
6729384.2579630865,6034477.965348069,8383778.091372413,8352787.021944737,6316256.468414841,2649721.638253573,2414029.991390704,8340308.350225501,8790938.433441928,7476297.122131231,65487979.34048608
9018085.379467327,9310849.041741192,3638007.4408812993,10811943.35171054,9016085.78356863,5967510.31939504,7674561.62871026,7959785.373129455,6024662.90699846,4044445.8893487607,73465937.11495097
5749293.006356362,3692877.089388685,7860828.259951519,7841661.741852853,4611783.876426109,7274349.412997147,3158963.8027114086,7363708.559895069,7590509.987576049,4969585.767320797,60113561.504475996
7948934.005819589,8480044.165131044,3895012.6642991803,9272539.632951,8778112.140214114,7791626.958217377,7364110.719388194,3587211.943672625,8438903.968429025,7677827.1870658435,73234323.38518798
7956085.286059649,8621429.496941369,5068885.50552416,8471219.782514703,8877101.075159155,4546703.539875044,6872211.424942357,6203770.094677944,9942570.61408593,5410461.824384608,71970438.64416492
8442115.802460488,6095699.86699435,5301712.249624617,5375839.891918758,7050965.723738722,5643763.088623213,6420457.082146666,8571221.283909494,11529827.954565564,7755425.3560542185,72187028.30003609
6919458.048949197,2741955.344351096,5011574.224514148,7558821.843540787,4746589.993978476,7065502.482958435,7385483.736413403,6386605.987971978,6039981.527202398,3593226.8032971835,57449199.9931771
7966500.5138668455,4872903.486093666,5845143.877848982,3133667.2418839014,9983260.354315415,8727350.251960142,6212891.598649273,5585505.494176944,1927746.58586352,5288896.969941775,59543866.37460046
1534641.5987506767,8444388.48369435,4155711.3260918786,8816312.378170734,3374623.8149535563,1989121.4082637022,11196709.324375551,8182657.262333679,3258765.4331069672,6618339.461083794,57571270.490824886
4608406.883565958,2075833.199596176,6251889.922297485,8173506.352852054,7728606.500462501,9962317.500208778,4065441.273537915,6112175.911077806,10195749.668055872,8301344.897090335,67475272.10874487
9100120.50676988,5050878.543529426,10034598.633249842,5089275.829901162,7174881.547689925,1409943.8697946693,8878913.917044032,11177678.917653143,4693966.557061973,9775184.692727292,72385443.01542135
2012604.7965042267,8316808.456478523,7978653.30026079,7630231.192001046,9075032.497468837,7338153.5596976625,3071559.5403284975,3440159.8940306082,6328558.973770023,7208958.555905131,62400720.766445346
7135430.123927924,3350745.81398606,7564703.29371209,3181102.370278529,7536331.646053348,10061622.937639985,6870331.215407204,9107131.914993398,11230347.049322419,8583941.142249659,74621687.50757062
7674348.553983656,6601078.685385506,3599576.5735996426,5839777.367981236,8721854.216439845,6733361.612303256,4016076.8584347735,7545407.042958105,3453717.836535073,4371047.685990794,58556246.43361189
4640483.554766831,10665903.262267135,4874522.812681457,7389504.733398387,7771802.515351277,1701833.8379135092,7027508.197500141,6772598.802379596,5038355.535255054,4868483.560631756,60750996.81214513
4294086.178624382,5301866.698004777,8031391.87494161,7339379.754656353,6005785.651863553,5486785.173590794,5276836.491977051,9863127.960632281,7850217.6987103075,2963671.614090014,62413149.097091116
5417390.877408406,5894409.009132838,10846630.281243546,9674585.994175157,7305388.320212284,7206581.024513271,5308127.8886554055,5047214.203064088,2986446.0105350926,6324952.611938474,66011726.22087856
8056293.343713794,8041638.522858847,9279675.397489173,3586154.0508171,2738568.334105369,6829280.701897436,6436081.744082363,7124552.65997231,7985097.41821438,6185715.138896606,66263057.31204738
4743651.185289552,1192703.2862892218,9730506.484769324,6392321.139121464,7886073.6459846,5761318.086773094,2084377.4823566636,4016323.542675718,965459.7873704574,7416492.514555374,50189227.15518547
8581524.07100682,9655410.316133592,3322792.450883683,8734040.405574316,9751157.224678729,9990163.383003352,8027906.836157909,9457098.914800499,7544160.673040313,7878949.8901335485,82943204.16541277
9021040.358462485,10876053.03316534,4875547.645377142,4321073.9383385135,1639895.0429578163,4267921.219399023,2242390.1020712066,8579594.087080244,8143479.323097146,3203584.07428178,57170578.82423069
2041833.2395697793,4779043.016138059,9621977.274250673,7807602.077930688,4463349.068558852,11907298.568799578,7843207.532072029,3252275.544863976,4325569.038838138,6211123.310018952,62253278.67104073
2969561.6326685264,5211951.624173797,11732932.725428065,2035664.4633982796,5190516.835125604,4072463.4343655794,9611415.883207906,6496682.91964647,6377948.1350202765,3402202.6718126787,57101340.32484718
4310848.525443441,8255495.777128683,9451772.240105283,3696583.1631925995,7784073.148552343,4420877.8954585595,4391274.319375008,7754797.402453678,8578651.54559915,4195768.181283842,62840142.19859258
5719585.621159018,4060504.4036168912,10311281.96632188,5893505.9204920605,9673223.5146515,8951723.261574863,4217299.891869441,7441628.183693856,9645826.27086474,7478444.460799167,73393023.49504343
5579793.112721548,6825365.881288841,9965553.739429025,6215946.410950856,7092037.855998733,5788862.164116422,6619794.851176956,7307718.90842776,5628419.037680077,6256861.749853554,67280353.71164377
6039325.635470823,3623206.3254184173,7797028.801260695,6382006.669560049,10942606.927712401,8046238.375522323,8199876.469105929,6536783.746583239,6305836.570760909,2759904.379432979,66632813.90082776
2114234.390389756,6337808.027215021,7633526.248734566,2740892.051520321,7401792.044865501,4788863.259087301,7199700.029171952,4019348.3542386643,1127439.5183385815,6551080.002132462,49914683.92569413
5901357.595207508,9347349.63911248,7212473.424470525,8733512.29564277,5497907.487840778,4337772.474985369,2526577.6147642937,12787437.07070233,7250379.5341914445,7004671.168530948,70599438.30544844
7628228.269261695,1349873.881024589,12064587.454304589,1578956.1352229773,5443470.493628794,5831972.93954885,3094212.481823231,1769905.2812834375,8826993.23460458,3879234.2039672425,51467434.37466999
832150.3606521703,7262256.326538149,10504274.324386515,4891747.884964952,8956605.298623316,7729705.561517088,7746415.981009198,5405567.082851662,7427295.973900395,6707720.489680334,67463739.28412378
2438716.308086456,7904656.330180876,2690869.31096146,12553434.198370308,3206400.6530343154,4110595.461643924,2494282.275374297,7044686.326286801,1701180.600515638,8453706.89479387,52598528.359247945
4586602.643608964,7553737.773744844,3936716.568271643,11701059.809376443,4105468.8544903696,7469963.835420409,7320330.940622749,9764989.00641877,3080785.3312394405,5315480.313665261,64835135.07685889
5963404.494390617,6753879.513673212,5860174.718482619,5224772.095992918,7577318.707915401,11209512.079436174,5932275.231527327,3496567.520992683,6522569.458756459,8281898.263205674,66822372.08437309
3595311.61670578,6963369.711051081,6755155.749234275,7913563.496905297,5716483.582013422,7723225.708351712,5877308.858473805,4396569.270187001,10314405.95237252,6218121.663597822,65473515.60889272
6867779.768000955,5131699.827613854,4966522.295037186,5393403.394526334,4391385.995103159,8137161.277648781,9579407.33532955,7272884.356376833,6392341.663140675,6684642.864555505,64817228.777332835
5014102.841695912,9168032.85419965,4304458.655722595,9120022.65603707,5921326.859664894,5527634.546994971,7957600.929047308,5610242.295821871,7908085.853515569,7042357.453593124,67573864.94629295
3599423.484653397,8044322.6767716175,2206506.6037136326,11828526.742779285,3361570.160968311,2838354.5257009408,7291186.462809523,4183550.9244673275,6529810.448051055,9378409.734294314,59261661.764209405
8753067.256241316,6920273.042698324,8184815.730757971,3446826.5951072373,7030059.270797174,3776079.5974902455,9994672.863127517,6038864.664862767,4970065.706902205,854103.4774810495,59968828.20546581
9943659.72902069,9567491.27168569,1976807.9881405374,9149478.76958409,7289616.630591073,6477463.809289662,8132833.728275695,9982954.144509327,10106674.53057167,4774797.011673854,77401777.61334229
1525089.7931976074,2376396.1167447483,10326450.236951534,3431362.4814792937,5595431.4561806405,3979879.2132886555,7790755.812930585,4265939.356027629,1599125.7037186136,6558810.112727287,47449240.283246584
8222855.963477059,6860130.655112475,2055874.4615944924,7648903.164000376,5643055.773466363,8307122.05993505,2360039.845234349,8328259.139656785,7120783.405942071,6324105.251481293,62871129.71990031
7431839.418068106,9676663.640892264,8179589.990515501,9852144.917911934,8501786.672808703,5680900.888041877,8129257.296047292,3383414.18938552,7468757.346676133,2867016.4803680014,71171370.84071532
8552857.774406342,3878551.9767902386,10019361.207350979,3937887.0683680815,8193915.560453735,8216026.493012464,9079126.42517764,5340747.269397143,7858791.663833791,8548633.757754121,73625899.19654454
7166645.56247006,5371377.734705083,5058658.730450895,7727569.032181708,6673161.033817811,5030944.590512741,8520345.849312423,4621492.4000148345,9096993.835263023,9778931.634090085,69046120.40281866
9160294.331656262,6845186.6086882865,6120147.4425814105,4445373.58946196,10557509.380053695,7546324.074939651,8526876.474410005,7231267.851374467,5020072.508157233,7032472.998665985,72485525.25998896
10310722.269377112,4882242.395313995,4331735.716537607,9932869.265424369,5334405.055965429,5054494.147263216,6576077.541459787,8547793.19927573,6527087.541250167,6678453.673243986,68175880.80511141
10116828.417559993,8645272.697621884,7638664.4069867255,3800845.744692848,5668857.227684318,6085528.705569466,4517598.717579249,8042332.254085425,7784035.314607459,6186788.415198754,68486751.90158612
6738369.988024747,3695017.9001039555,2067523.7913941208,3284698.610737825,11195054.294818707,2856581.615249202,3511982.3172768676,3040371.524793253,3352562.2060404746,2837661.29394652,42579823.54238567
6179340.7368407175,6742556.484628583,5513643.903311381,8685397.194312155,9526813.699971754,2439478.4409748986,7968515.577593941,8098913.646441547,7470995.267584531,3966399.9192361166,66592054.87089563
10327229.870313425,8227333.335706877,8005852.8640310345,2172802.1523475037,4201956.194157875,6770508.922560366,8644093.374023588,1011124.972341907,2047719.6103917148,8457726.660847634,59866347.95672193
8503503.40475596,3809387.650235738,3650896.6478150156,7960470.277644301,4317341.982632232,1424820.0483483307,7702513.292797248,2076908.74441098,5679388.061872602,2245841.0351953674,47371071.145707764
4652453.1029625,7199594.9501538165,6064523.663705792,2502421.29534866,7694583.734724289,5360965.59339879,3041158.909047284,4153025.8732562247,6532460.268048394,7555019.964295229,54756207.35494098
7545770.863344462,6435051.413385842,2634178.580073605,6561222.924832699,2837918.9802081883,6863212.398161822,5281123.72207072,7046742.133155702,7044847.067088773,3235777.9980874355,55485846.08040925
9882766.237476435,3729910.423221251,4807969.516760287,7222301.978992212,5004122.935601862,6221746.663507415,3636520.1914017275,4120254.2079094034,5253344.271371367,6792475.130681502,56671411.556923464
5166753.582183822,4575696.6587527385,6866258.913647736,3752364.245600467,7685162.855203096,4444467.2785463305,5098507.703414657,9643412.148170955,5620947.574350292,5615988.613858973,58469559.57372907
12453677.700612428,6507614.917262284,5123162.80975265,5019710.6963162515,4735795.73375785,5831659.97063269,6327269.6138940975,6766464.949225675,7701981.591223425,5439553.537837247,65906891.52051459
8159870.575051646,12660951.365688946,7182081.983221945,6595424.4578385595,7253014.7112771245,6846367.5804571565,9240959.27392936,6628339.3088258505,3886795.2125660046,4190328.7319947146,72644133.20085132
4961553.106163604,2144456.649409717,6081223.931892964,3575844.7279785825,5198491.533053522,5330844.494287569,13190850.705135385,5661136.257412542,9672565.65090833,6495418.693706742,62312385.74994896
7572030.402741953,6406094.18361028,4701308.577774624,9411167.928793948,6993477.755820835,6680254.462964302,9805282.683189755,7562465.221678956,1615179.4342697193,942089.4946978996,61689350.14554228
10773038.85495773,7750732.370223351,5781811.770598241,11274991.971672406,8185532.511403891,3795324.0215915577,6984037.289515834,2304490.5390232317,10695284.188211994,5287324.789505076,72832568.30670331
2771448.1696339827,5228096.370578737,10313567.542834703,3748544.480585984,2997995.1965714316,7394685.505395895,9697806.027485903,4434244.062795617,2032345.0333990934,10724408.978339719,59343141.36762106
9849599.83761044,7429343.348689739,9462343.372123808,8246536.050386837,12300119.462906277,1896834.1073866552,4129439.0005816366,8761309.758614779,7407822.387738812,6105520.685417812,75588868.0114568
3829408.9616469448,9749023.381121501,6935093.333183419,994921.9651216521,12250870.387893753,6062309.358411622,8031897.166539569,3358368.119281061,9161364.472761115,7082436.541080425,67455693.68704107
10150172.915682707,7718935.244782788,11499937.381703693,4105775.318565427,10998429.73034939,3117647.932174306,8909592.989311248,6900414.6361676175,6405680.847040657,9196340.655316066,79002927.6510939
12704525.690548152,10054488.913579797,9428555.073460877,4843580.536933068,9873754.098074138,5576184.893614653,4552981.92809757,4428996.100272524,8527612.095801407,6592086.129903461,76582765.46028565
9641981.247697622,6065996.3806341905,9864862.752022797,6959206.327079483,5245351.492117243,4515646.732502334,5291229.257109208,3591734.9372481843,3927904.1379032196,5747303.836405089,60851217.10071938
5170653.830659048,6899668.72306783,7003925.490274665,5380009.152901011,5453301.122485353,3868748.9351365385,3325925.8178529567,5487580.77949251,6303087.862018732,6043060.393664299,54935962.10755295
2671930.8887139233,7518091.560820949,5637962.9564882545,6725311.119650967,10095541.143333219,5510994.397945966,3480250.890038803,9570865.53527523,9124916.913193095,4065488.6133316825,64401354.018792085
8100205.169535827,6105305.736581115,7542199.471528058,6192365.77922036,2877878.1122246156,7196217.944387642,13444833.499389315,3036428.2244556244,3829159.6795420814,4664950.61798185,62989544.23484649
9890433.907859154,3062629.127584032,3309428.3251535688,7728217.963932044,4752862.12878193,2270275.980169745,7492467.859312795,5336649.777862982,6747558.084443545,9136983.766062902,59727506.921162695
5455481.720488777,7057465.054647301,7356739.275489514,12155402.535233906,8729516.299728146,7282354.5056819795,2454414.1504840096,8163755.691959664,9810593.204464803,11615275.561650528,80080997.99982864
10849018.871620579,3103633.9386202623,10287805.230397912,7815868.5134560345,2155759.114052005,8655332.682942454,5886961.67615501,1948140.2039746584,7998030.615976493,3541507.096147801,62242057.94334319
3233662.5908913417,7658819.97129717,3971754.2354068174,10155311.033417977,3931310.775604207,3900730.481047327,2745365.071785632,7670277.929701535,7239626.066757128,5513580.46781116,56020438.623720296
5107230.4529892765,2529116.9653498596,7671351.597958839,7033472.005751227,6975852.910667049,5077941.366770117,3748084.8704792038,5759045.221975251,3575673.7487443923,6384711.633407197,53862480.77409241
10581820.291513357,5679107.290099768,5712407.511961131,2349928.1554679982,6765062.022568345,5172058.059787908,6869268.214542466,3802378.739630252,6001275.484811801,3578921.0046915202,56512226.77507455
10128612.519495545,6051888.86391837,6813691.842466384,4765267.514084832,4619617.63958762,4445971.994608769,6105706.802546014,4624227.851983606,9498420.88332315,5496303.182454062,62549709.094468355
7182586.975984897,6668574.248307604,7115925.08354145,8935938.855744563,5825941.10199083,5366040.753194007,3716465.4777268637,5520919.680026692,7388090.883458364,8614115.636014003,66334598.695989266
7927001.491009698,6154040.523846012,3635326.023738121,4172539.869538897,2824638.4645999493,8513091.084511539,7441110.01699592,3610591.7627227902,8161028.462343454,4356498.3111240165,56795866.010430396
4786799.16789459,1115463.8058545215,6181381.964734448,4387339.684423894,6130920.428126677,2934442.984219346,2230108.0246408368,6110016.020796824,1836639.2383518068,4651388.32820599,40364499.64724893
10092642.371911135,3701184.843198182,8552800.067550162,10406929.187755754,11007508.29951439,10563043.314785298,10817760.532304412,8006391.4301807955,9597925.103448512,8283250.451052515,91029435.60170116
1819450.253692411,8704630.440941496,2811970.3359154374,4694443.278330643,5698830.020476457,1502965.766258758,9660943.552960109,2689950.443917939,11025115.360978244,5775545.734685334,54383845.18815682
4828401.840714556,2903660.926182598,8945479.923929425,10253309.256962359,8224861.361046809,4153740.503390369,1639808.3099185762,9514653.250988418,8303090.9912401745,5385955.165075797,64152961.529449075
