1754315515.7073162,1861261516.6864896,1956293509.646351,5571870542.040156
249917.27958466244,30856.007162709215,88802.14096949849,369575.42771687015
380196.56646734464,168455.2123346103,157912.84713622354,706564.6259381785
340387.0955537067,33570.69852937833,117398.70774804488,491356.5018311299
465457.4780822426,61503.1938060008,207043.1198099735,734003.7916982169
823980.1334302711,107554.11945595616,113590.5858077664,1045124.8386939936
670060.7234444236,48986.66056203334,961.4907407933838,720008.8747472503
802473.8351393897,113481.05874395835,41585.51027217317,957540.4041555213
251390.52692344133,181744.23848476438,39629.52825931952,472764.2936675252
894157.0402346042,222761.03861718765,42062.03127267929,1158980.1101244711
202631.27384085328,209060.77260740308,41667.23374281226,453359.2801910686
622871.5723660813,38688.646641050356,41908.20356393496,703468.4225710667
598269.5006237612,397586.3929085638,42283.27974340151,1038139.1732757266
364489.476576571,72258.12596179651,117725.70650593226,554473.3090442998
489958.43576527276,414834.61966296326,149793.39575688698,1054586.451185123
208682.85462735753,91191.41439862335,147566.9361146559,447441.20514063677
389160.3472715082,446020.69186878594,150328.08720818756,985509.1263484816
101617.51225709163,370475.41288636083,362204.16517235525,834297.0903158077
243988.50178005296,157237.46095302858,313423.12044728,714649.0831803615
202725.51841151956,421210.9050518156,397828.3007163466,1021764.7241796817
255754.6838903355,509775.29178061883,566114.9166947837,1331644.892365738
175188.47970700875,456137.3789875439,342101.5353792706,973427.3940738232
177056.99659792846,591308.5152863981,613164.4607790333,1381529.9726633597
33492.07456069474,595725.1852469152,753659.2196839188,1382876.4794915286
339163.97956359125,485686.3338828798,476969.86597369914,1301820.1794201701
53322.65095644686,714175.165794324,893799.1111618677,1661296.9279126385
313388.38599344966,342807.813324911,665095.6419423327,1321291.8412606935
357745.2513601514,646284.3253736399,684329.6509541506,1688359.2276879419
417428.2502642483,612173.0814710126,427266.00129307486,1456867.3330283356
184348.06701427605,493497.9227334376,168654.09130636364,846500.0810540773
98707.36514445428,837752.6124373812,517560.40977450454,1454020.38735634
372671.64808843104,536075.2373515337,1241028.582823192,2149775.4682631567
797206.3689236841,189577.23883860486,211641.2034723265,1198424.8112346155
520146.2404593356,917756.673048567,440388.5081580107,1878291.4216659132
470476.94877722865,435564.06397187663,1102244.0675504913,2008285.0802995965
167531.80602054758,1073208.0030731303,375737.88450900617,1616477.693602684
788431.0684179462,271138.01420045743,993436.7463561414,2053005.828974545
345226.2140326674,397771.96232073585,445208.37607094774,1188206.552424351
680340.4063813372,551496.9874662856,1118160.2583084384,2349997.6521560615
434490.45477049175,219157.97338010804,1599929.6525154815,2253578.080666081
619219.2427961403,613033.0432905192,608722.8595062898,1840975.1455929494
816670.853974686,57474.562829337214,217364.98179394877,1091510.398597972
635063.3417594747,638932.617410874,680569.0137446475,1954564.972914996
805467.8540513652,341648.1736120977,287734.6249873898,1434850.6526508527
499713.76938785915,567479.2325347263,547497.9451894005,1614690.947111986
1082223.2095497765,506106.4996007939,592034.5268121996,2180364.23596277
465790.09271332715,269780.47372871544,514281.431738838,1249851.9981808807
1130473.158035837,20307.929172114404,876640.5663322662,2027421.6535402178
419831.180748127,377684.61824063456,492383.2339052754,1289899.032894037
843788.9199624714,602610.4241503221,766108.3557967999,2212507.6999095934
514154.8861985388,274490.9475307695,371614.8252309811,1160260.6589602893
689180.7741737621,448401.96942744503,713602.3926376967,1851185.1362389037
641019.6285138763,530472.6519162216,566012.0510097671,1737504.3314398653
663947.5136566652,682889.4607176566,760539.728610276,2107376.7029845975
1083451.7140399956,649088.9156614909,598939.2904842341,2331479.9201857205
640099.8614046804,268650.01561000757,576844.3062866365,1485594.1833013245
767669.4885562916,516998.8412108471,700481.0855634485,1985149.4153305872
262206.1088870167,556035.1331570937,1299620.6810177378,2117861.923061848
622031.2635768027,573151.1594120158,602373.7353745332,1797556.1583633516
494435.1390429878,434509.11895177554,1033044.9813562989,1961989.239351062
788261.1469461683,528916.471982634,541334.971829813,1858512.5907586152
369894.222440965,688803.6779156264,1043303.5621010297,2102001.462457621
380356.295399339,138400.63692910894,405897.79686267796,924654.7291911258
622324.4930658594,1038420.3172944488,240723.05253670487,1901467.862897013
679460.0484115453,444055.43691843824,831178.644426775,1954694.1297567585
462393.2136505803,449287.4754350466,607627.4330544663,1519308.1221400932
504003.74771976186,490210.02976157377,640380.8934931062,1634594.6709744418
836757.5096319349,796362.4791188433,736151.7142825132,2369271.7030332913
380163.0314901442,613860.2086244138,596238.903306719,1590262.143421277
770333.0257089653,633145.3206056573,798258.8876191407,2201737.233933763
657586.1245047837,559528.3814309881,476420.57998900075,1693535.0859247725
881488.806355186,643308.128666952,29347.21654327369,1554144.1515654118
708390.9503033323,430731.5661124451,434463.154094022,1573585.6705097994
694385.1966950914,497451.58491668996,566680.1516074126,1758516.933219194
385565.5650132604,562970.1046773044,588164.9055625355,1536700.5752531001
409629.83961375523,586920.2793998552,316657.4254070167,1313207.5444206272
721290.9645878805,665057.6237630713,538172.238379774,1924520.8267307258
558917.1954347932,493282.9449338874,673619.9607154678,1725820.1010841485
759926.82793872,690863.1008253366,588510.8177090032,2039300.74647306
429086.1379139366,361010.17484907695,616005.1611931032,1406101.4739561167
539136.0805497251,451492.87605382304,914165.6740796267,1904794.6306831748
701383.0626247211,532123.7336871006,460054.8239920887,1693561.6203039105
430332.3705569559,568343.4410832337,652715.5117825691,1651391.3234227588
752758.3478705562,232354.56177051994,607857.8381199942,1592970.7477610703
510100.7963714758,312601.4901757565,442224.59985713963,1264926.8864043718
629610.7189278096,606442.0287959421,392590.28030574793,1628643.0280294996
258768.09463484207,354176.9524214465,227784.39379713626,840729.4408534248
457819.2227026451,423861.3819074638,452769.42629906925,1334450.030909178
470631.0487166257,581905.9336596146,534080.2116032167,1586617.193979457
737252.7066351537,527775.1483882994,725340.6685817257,1990368.5236051786
572743.0308156328,1216318.1105321166,262111.5042375259,2051172.6455852753
871366.2873597372,327054.36084593064,816682.3617062162,2015103.009911884
424042.50261469575,1009712.0938796316,623411.9018961622,2057166.4983904895
821771.7608427134,330425.1088775067,579976.4181388271,1732173.2878590473
763282.672480434,863054.0887676554,777982.6383611917,2404319.399609281
481078.77188230236,351236.86811936856,1373434.68021777,2205750.320219441
849981.1188138989,681577.0457847955,698843.5513998267,2230401.715998521
444169.78647354885,646586.6451726204,670637.6107021698,1761394.042348339
633428.1441954696,399474.8054894595,764630.3643795665,1797533.3140644957
661207.3820462703,706457.225767321,635607.4818103004,2003272.0896238915
599874.9047368094,300377.4793340782,844865.0006971189,1745117.3847680066
82603.48370810864,972258.5734531006,1021678.4316009507,2076540.4887621598
1045104.5930758511,491058.5207439396,590871.2098499987,2127034.3236697894
322556.45579132123,425292.5846724261,307135.59811561246,1054984.6385793597
817626.9012577443,758583.6125965957,714730.938221633,2290941.452075973
362686.8116995718,436861.27912762633,1306965.0130299604,2106513.1038571587
406581.780171823,1206328.4537317872,295699.7868064975,1908610.0207101076
965904.8065038479,301960.6071476542,935644.8968939943,2203510.3105454966
323148.58021230856,457108.2694253318,458236.9762507725,1238493.825888413
821932.0959968923,764262.1463033137,707852.4419058295,2294046.6842060355
396326.0474203691,543506.3173708383,841810.7304204452,1781643.0952116526
552841.4920334248,506649.18028812896,562555.5557301498,1622046.2280517037
571286.2705028418,525942.5532798028,870760.6898305133,1967989.513613158
350413.7115991761,357824.2939106596,795211.5880399414,1503449.593549777
720132.5823271164,491775.7339363702,710349.7283621951,1922258.0446256818
346893.34971365804,914988.6076667822,358774.8535965961,1620656.8109770364
642180.6819579066,529408.1784861138,649190.2150272559,1820779.0754712764
297584.3316860274,972165.6768235374,240932.65182308457,1510682.6603326495
728289.1388321833,758197.6973733286,341397.1321472799,1827883.9683527919
852541.5914050391,191161.33361598055,1067024.5977379961,2110727.5227590157
266612.0950025697,664542.6788770282,490232.94451967004,1421387.7183992679
734347.7155432636,691716.4703690037,676578.3952208961,2102642.5811331635
668483.6154141338,441470.8171888846,304838.59362941416,1414793.0262324326
716968.2821745491,813137.0045028194,660223.7080135167,2190328.9946908853
874077.4068613368,669499.2283597062,779114.0286166718,2322690.663837715
625069.6125356959,723218.7628832876,535008.0072702048,1883296.3826891882
668268.177077877,741205.7066348664,413917.7533415601,1823391.6370543034
635273.874660126,591413.8518189382,640379.8823841207,1867067.608863185
386857.5629740618,412330.4006004767,980554.1583485752,1779742.1219231137
884219.9103672012,566411.0198423022,885688.0854878896,2336319.015697393
380203.9207852997,1187909.2739313815,551976.0437273785,2120089.2384440596
1044365.0532773797,244258.79152921424,222037.79860752742,1510661.6434141214
863174.9790651,204984.87547671158,1239626.4463301194,2307786.300871931
650025.0111353627,1103408.0887693216,350160.03417749575,2103593.13408218
943005.6897338711,382433.05026117875,995502.7525315244,2320941.492526574
328415.0631797143,720421.716858082,457696.50498705445,1506533.2850248509
404115.6469299071,922282.27404196,830191.2910523607,2156589.2120242277
1172321.9851030898,623273.8771018097,456054.72906689293,2251650.5912717925
569153.0417667434,627936.8096830059,878149.1990431509,2075239.0504929004
866780.3242087535,761529.4570739259,333777.37684269145,1962087.1581253707
612000.8739836683,96276.52634430335,481719.768449687,1189997.1687776586
670491.720781679,565457.9413827724,686817.2229528532,1922766.8851173047
511817.5891856898,1003830.7296055772,413234.6996920519,1928883.0184833189
934399.4226394449,458889.21571792837,548422.2520359888,1941710.8903933624
263520.1900978178,922452.8470316735,921277.6620431258,2107250.699172617
1499395.056204258,446590.89098765276,352884.4121011584,2298870.359293069
212830.95180960427,513629.61062659667,1322132.0754686892,2048592.63790489
949367.1361349362,670778.8606361387,443511.2472872804,2063657.2440583552
284465.2007700422,713463.0258533418,560227.1131173586,1558155.3397407427
664694.191824433,568014.5579797406,669609.5778789493,1902318.3276831228
547273.2388901771,729327.9736222619,838553.9489642372,2115155.1614766764
624592.2258872194,589960.3938616429,530891.9592127821,1745444.5789616446
489928.71223012847,502920.9229491466,490323.951525912,1483173.586705187
580905.9725123404,605303.8560047562,626142.4629255183,1812352.291442615
987562.3446947004,593398.8174828355,622943.0624342834,2203904.2246118193
704984.1179157889,544364.1728333982,502058.4631530982,1751406.7539022854
862840.525689602,666459.2124079748,865479.3581261866,2394779.0962237637
460897.0191339751,413032.51081790426,478651.0389469509,1352580.56889883
636994.0707605387,291026.7505440212,669276.6048640383,1597297.4261685982
695555.562795012,856206.4198329753,539534.0446933345,2091296.027321322
305419.37944164727,418895.8114956895,1226976.2772901591,1951291.468227496
943966.0711286757,778876.9780988964,617907.1486984257,2340750.197925998
508618.2875266073,149379.22748262883,1204041.931022743,1862039.446031979
517333.0351545592,477003.8832929622,891264.3285244467,1885601.246971968
752964.4470644358,645888.7463763764,652160.9442484998,2051014.137689312
803175.240551677,323949.7653855998,896977.3816565485,2024102.3875938253
782671.2156233886,619829.2964198344,639506.0815874449,2042006.5936306678
607769.0124294918,500106.2129840554,756671.1200927044,1864546.3455062518
703348.4273018283,456065.18319291156,896079.3095782888,2055492.9200730287
447011.68157516595,1083737.9683218615,267309.30020494433,1798058.9501019716
1400485.8157733304,389836.76324884506,430341.09381360887,2220663.672835784
327174.50376856624,607935.383624707,620687.2415214992,1555797.1289147725
776290.9065614254,645485.3035270486,751479.1965072291,2173255.406595703
459925.2104783779,381621.5686147709,602991.8395789581,1444538.6186721069
911818.9697026188,491840.2205055793,765431.2566264704,2169090.4468346685
497879.0237491243,887163.8685453665,393206.8792797358,1778249.7715742264
894775.0058443308,498780.57626733836,574088.1675604437,1967643.749672113
895829.762860652,351100.44688585534,346173.63349406054,1593103.8432405677
799845.533954779,375470.20841388317,283929.91719552735,1459245.6595641896
751439.5051792215,674357.2553109697,724671.219785182,2150467.980275373
90844.57747892148,525686.3933557137,437976.9189088318,1054507.8897434669
706158.728811498,644659.8597502441,685025.1830894721,2035843.7716512142
326652.0634926774,407815.43972867104,626258.156715354,1360725.6599367023
1077862.89514755,985460.1755721496,269461.42106728407,2332784.4917869833
305486.55011884414,454347.7756016567,1567814.5357396668,2327648.861460168
589049.5946864332,540050.8138267547,224927.15041106945,1354027.5589242573
660833.9503752046,627509.768148519,628517.6915797639,1916861.4101034873
922919.9195473212,383811.6251636759,250068.32155340968,1556799.8662644066
576782.8999196183,825536.6555734023,545396.034480718,1947715.5899737384
825205.8634841722,800113.1794574921,845043.532913033,2470362.5758546973
406242.63245904807,815942.7939614535,859477.916204099,2081663.3426246005
487739.7033614123,480973.2790579494,862972.359522604,1831685.3419419657
854161.0162136017,491047.4902973136,320701.39794949745,1665909.9044604127
632241.9734617705,668741.8198176824,696487.2042643379,1997470.9975437906
107263.76038276845,791191.4924398288,375966.9431136246,1274422.1959362219
1173432.4366193374,229013.02613036084,759660.7291178288,2162106.191867527
331019.42290171055,899709.1177808124,952155.9312789517,2182884.471961475
1268433.380896469,345763.96474243567,406039.13594890817,2020236.4815878128
308405.025792632,1081594.4835407205,654397.7962790522,2044397.3056124048
976768.378338938,268436.51353058516,948894.0857733134,2194098.9776428365
291645.78111535124,600172.0714206025,402234.3256260759,1294052.1781620297
