315528974295.1438,296124515350.3193,314736211992.8094,300347308768.5844,301571029701.58215,292247186450.21985,289126909862.3545,282420112395.3699,290709967254.5243,272751463557.08472,2955563679627.992
5242838.743807217,307624.4756484708,5177217.804822236,930301.2714741722,5717111.855833878,6454277.042233471,2361799.5661918055,7727833.2657995345,6279253.573263019,3709428.25744323,43907685.85651703
5548730.306428762,6052421.194476278,9460714.51977526,3356132.484309769,7195156.4856617665,9346649.212816639,4324463.2741677025,6256058.633046053,5420575.94727036,3058603.7473533256,60019505.80530592
5333089.726476916,2131584.7664476447,7142750.683591214,3377923.3944718577,6312069.315411597,8956238.46461532,4567160.63838413,7398991.316152821,6694612.176401785,3830611.3723705146,55745031.854323804
173796.54427995658,6216245.759341792,7321246.003472908,3426849.1713917153,1434642.6698623155,2524708.9490021355,7658546.850584192,3149461.611103872,1449451.0157745127,228437.89097617174,33583386.465789564
2237793.117944828,3278325.90209318,8041887.187567436,4037910.53684316,7014922.556542099,8876883.170520598,4472789.666496027,3692814.4132975643,6801076.58198011,1847368.9413969389,50301772.07468194
2618140.5835972535,1682245.3006352687,8034559.671533543,4123428.793268536,6094694.578539858,1653951.1253811656,5158172.222661917,6756555.530840207,9331064.906531563,2295787.2493279334,47748599.96231724
7538776.146053391,7811816.902740484,8982403.960769678,4736395.691127511,2478102.6159073953,1417907.1201582297,7950839.3180177305,8668237.783251867,4156011.72592194,1437437.3735852502,55177928.63753347
7506806.34045532,2316210.3050861377,8413832.053183952,4295726.831589326,7148682.4842509935,2802041.9945510873,6708998.773454965,4462304.540312495,8381107.832196972,1444513.1518273929,53480224.306908645
7659346.114364993,3794667.907899187,4106830.8384061274,3189590.1820769347,6500471.234192342,1749943.4357619688,3927111.440256409,7018533.973209825,3711848.174759199,1436071.232705465,43094414.53363246
3113468.707820912,5786050.855791588,1614922.6093845228,3975067.3774505286,4154013.7937349197,5171381.810307078,10552472.64184214,7863796.295410686,6357351.173915381,4790176.1594727775,53378701.42513053
1874760.0243940311,7897556.477718432,4207597.765507816,6507675.281748005,5620656.847615091,4248073.424212471,8205844.791552417,4876381.778902163,4366910.973749838,2979170.327239101,50784627.69263937
1909509.4068984448,6789341.007194244,4095684.035953105,5198272.651528231,190053.82206014328,4285922.51360545,6555603.045298328,6338708.791481699,4179084.6420920645,2766168.951090395,42308348.8672021
1907007.4853931523,5429003.718864194,2133395.1711952672,6305991.559090668,5345236.9061808195,6986867.246778427,6205893.2315356545,6629083.289305602,6308911.995674514,3126695.928490838,50378086.53250914
1968177.1397916295,6916764.0263974685,4232773.008876831,7504963.284166993,8053484.158322509,2322639.4921244504,6553133.81498583,3371121.7569164042,2494382.2535008546,3482367.16617608,46899806.10125905
100598.22150264705,1447024.1099157152,2773881.7179302373,1838087.3365803848,3413179.043123532,4597519.320731129,3746336.297511239,5905214.831091813,6369609.071880971,5384446.418300053,35575896.36856772
6873261.120105996,5594686.22697193,1808483.6648608055,2799381.9781053793,6451969.5150266085,6532484.166575914,7992477.952407686,6309079.282657972,8696944.597653039,5946566.543491475,59005335.04785681
11243322.461383797,9785715.734104635,2484151.8419810683,3122526.9502793895,7877667.349757325,3694829.7402085136,5292531.231128702,7505149.807895866,4777198.936325192,8119399.703958764,63902493.75702325
7963530.749186247,3173541.7399692354,6334644.68872649,4752197.189363052,5798714.323037084,6196372.039298298,5249346.988943965,4018391.4649482244,6906180.388729957,3873328.5309281726,54266248.10313072
11820235.995313678,8284042.375845459,3659939.6833869675,5203215.248012353,6473574.396814421,867479.7970294352,5551431.173954297,6173789.364352574,5532692.0760412505,5831637.712400572,59398037.823151
5849668.065691007,5916384.2751099,5831649.100137027,3652598.408943898,7397809.103982602,3089938.370039049,6703059.35318897,8062258.902180731,5709603.86786066,5601741.346708683,57814710.79384253
7126079.3787821485,9039276.317322768,7747067.24432732,6875525.5472222315,5481387.582971738,5287782.932874711,5966752.318105789,5811983.193653451,5604751.39003987,6674777.105304227,65615383.01060425
9943047.528168112,434559.07146109536,6788161.834695925,6490499.494065319,5366517.17658632,4359139.3717169035,4807704.084487485,7334154.207126636,8751968.222766941,1965364.533598175,56241115.52467291
7415904.295528697,1832629.1787512358,7840214.316165593,2792460.412527154,4330865.212712976,6930076.541276242,7754200.640354765,3965171.1582156084,7049553.633075608,2862491.798943705,52773567.187551595
4699736.825001305,2755665.081037669,6487207.069119365,6935662.86862337,5376741.278349056,7468701.033148893,3831010.6292136484,9628686.949806714,7607499.432551985,6674387.389261868,61465298.55611387
6816569.583738075,4719908.732269165,8078651.573741802,9818439.267545663,10208639.586190071,6610272.863694854,8714605.312233308,3375324.001285038,3611121.9581062733,8003451.576455969,69956984.45526022
8319241.958655955,7108428.550405881,6575143.197414783,3436186.178120786,4975293.086425459,5224072.5208928175,4236592.559659641,2678089.6730774404,8878211.928754529,6240459.521567245,57671719.17497454
8173190.268795853,8283588.972634236,5389790.780238887,8405218.543675298,5996227.872979671,9076697.014190815,6820180.191487222,8296933.471128053,9314180.956587207,6819762.189131945,76575770.2608492
5077038.970194587,3993062.9860210046,9946915.525071573,4343441.046890881,7642179.76547733,3927949.52965998,3038673.4795701313,5370070.621248362,3791503.552167951,7572848.7163297385,54703684.192631535
7750181.44731051,5736715.347126957,6429023.646740843,4886800.450589672,9498634.311891975,7922233.86881484,6835130.611828982,3679863.866902015,4825839.983753203,5406620.599420735,62971044.13437974
10475046.759704968,6126057.897241725,6288446.574123198,6291984.097520087,5084409.579679017,5360960.107329237,2850450.39703663,7011034.369849371,6245353.755979463,8801163.102233302,64534906.64069699
6699876.372602596,5481277.558318738,5550132.868330662,5616048.9559489,7580356.481229864,4642911.247756783,5969482.451418017,2038536.388406816,4585831.593866475,6340305.901361437,54504759.81924029
3668065.7860707925,7713640.7682825895,3342595.032328529,4409609.778890882,5962014.100033498,6685228.682138625,4550664.218965676,6984896.753796642,6138256.473206939,3436142.8662628233,52891114.459977
7370362.410506785,2720356.490237225,2355228.260595461,4700994.388877029,4642632.494132079,3870612.0027889432,7378737.291483389,3036976.802349348,8875354.324205488,4640078.149205033,49591332.61438078
1989509.0507710876,6654603.4173402265,4743373.032780941,7269193.002853068,7850694.303198716,7766694.044125018,2897794.0312581,9419263.412917169,2764121.861148866,7817264.276811705,59172510.4332049
8411972.020477476,9147000.230190316,9546305.382760113,4524001.235622701,4413687.207877572,1481912.6734066422,5434415.6103216475,2259286.5590786906,3474611.8753519454,3447291.7369198683,52140484.53200697
9890157.940995125,5800081.556012823,4583735.667638545,8109839.213915386,6051625.2045069365,6630626.053975018,5807683.356782302,7369969.678573509,8294138.515023087,9045149.694793371,71583006.8822161
6083656.13966693,9932072.691402698,9660457.439915752,1693279.2859665786,9071692.146693325,7358776.683479652,6619571.336638812,1534476.705839725,3320339.8701622905,2365412.3726068614,57639734.672372624
10036356.486208234,3710793.084808496,8879684.828559207,8892927.095360933,2818846.5263560675,7871968.125167876,7370988.561448919,7173612.721923931,8896807.742731802,4767662.600186272,70419647.77275173
2914759.2624021545,7813237.635200914,7880666.645229459,9306958.192439534,6447516.071293473,4076787.226348412,3994625.390991453,9480326.603955302,9283051.86616756,7613046.365817497,68810975.25984576
3629683.137171412,9648706.809552172,9308673.264356134,4308626.017578689,3101502.9383392455,9439602.767513374,5388953.602414423,7599869.371184143,7021455.041960941,4266865.794493345,63713938.74456388
7155052.1056718845,4612010.689081896,9501622.8748218,6610257.933186113,5333974.389460531,2529491.898995836,6411952.728190721,6128657.321838808,9315213.875316719,5841431.232939246,63439665.04950355
8571610.519126523,5472223.149763403,8128526.772308706,3937727.6884024176,7598588.810856893,5029858.625371501,8281747.8794096075,8955396.447315784,3297478.8603171236,8239116.816338903,67512275.56921086
5575355.3504494205,6807250.227940317,7388180.232520074,5762295.78110055,8765011.928695811,3965389.644965602,4555498.589572483,6891644.473768165,1058806.8655150635,6851002.94165983,57620436.03618731
4261196.069762279,12174783.478544025,2119697.041376952,3443747.9407281405,2961401.45116658,6874050.949765381,4575793.49609737,7649300.203330701,5793112.579599816,13358666.85045052,63211750.06082176
8150360.416701634,7041698.415988779,8666612.763078492,4063407.5999704953,7631258.267674582,9037535.184466837,5045922.484209257,3980603.547028156,8529020.743429456,1603209.3894010754,63749628.81194876
9443931.414801845,8203159.836926892,1185314.5751767454,8223983.370321111,4163612.0707045803,6930356.933265756,7517193.733027164,10473809.30785415,6889543.285743899,2652331.8247490963,65683236.35257123
7329880.322478437,1895974.6654698297,9242542.063776439,5924398.625456547,8556418.74738925,7208852.069458761,5443040.421344108,842353.4415529774,7994358.290601,9245103.310584236,63682921.958111584
9871639.003503,10381859.073449194,2256161.56190142,6801913.3357746955,865461.5215213817,9023999.044244917,8278393.989047421,6016148.355119132,7247025.611846462,2125530.0494471947,62868131.54585482
4401665.0987719055,5260341.256018829,2696835.7909216066,8726359.93022557,2216780.5000096615,5815161.483162873,5062888.667480828,7358599.201559162,9426926.860328361,5309419.219940422,56274978.00841922
9541993.51165908,11788685.751090424,3379588.0609436724,8970749.833654476,5314313.016663531,5364245.551411713,10967229.47320641,3762555.9321397804,9268861.581644902,10250306.398806438,78608529.11122043
5289497.176161003,7180378.210001252,4868692.32136198,5319098.291866875,3157011.937742061,3901578.3325142027,4202568.960197708,5045123.372927801,7312940.542362964,4932607.219425834,51209496.364561684
9985766.912015695,5598276.57424087,9253173.28932886,6475398.047610937,5371804.126398403,3325358.914758844,9517933.167371307,5958322.285274687,7702643.575789037,6625314.304421646,69813991.19721028
2108751.813854236,8917413.145315962,6898483.078998259,5827579.551906352,6231478.56201096,5033181.297618035,4936118.630882099,6742793.81700419,5350816.216829417,4782282.895292191,56828899.0097117
6287468.787053194,5198360.709369778,8469146.310562624,8273003.037939647,6035803.253324613,3072730.340600153,6248665.981233261,4985902.384386239,8317848.037161141,3972371.284357287,60861300.12598794
7396328.858288482,7302791.177801557,8739682.085066445,2034095.4933500802,7207202.0342156235,4565365.220613568,7523505.733164559,2317133.213521079,2648847.011143507,6331594.260892273,56066545.08805717
7768061.1163407145,6769924.115257134,6567253.363291318,3953922.898329145,4564534.117597548,7076525.941900817,4904865.079582298,8951018.256945424,9269126.611110639,2709234.782691824,62534466.28304686
8337759.078444834,860456.6101290571,6022423.273906298,10380406.804690745,6685514.579947498,10232589.869343858,8426432.165898649,2840450.919097207,9780345.16393271,8504070.470040526,72070448.93543139
4716809.558484672,4704406.81734056,7685450.61037778,3359926.9158057757,7387448.77845495,4607469.885020294,11050724.078789646,3754148.0960097704,5322305.526249925,2266213.6327915313,54854903.8993249
8739635.802448673,7626914.1927976785,5760337.942223229,9222315.642595647,2280980.808208189,6740822.803225258,2515616.210284097,5584949.70667043,7717106.372683011,4383408.37070574,60572087.85184195
3279925.877791784,4838252.936859205,9194191.892944917,9834209.73265102,7049675.061918508,9781370.69556514,4407770.159540259,2849199.169705737,9237188.560872758,4265271.982553842,64737056.070403166
6106697.324056607,5277300.065277143,5952544.199179141,8506487.13887217,9181928.16080722,5246923.191073484,9843078.034900561,4549592.99911426,5112486.273552379,5004928.802957264,64781966.189790234
8765999.067190751,6785896.206201969,5842927.359923915,4754703.30104339,7260140.22625762,8086895.354199001,7984863.331333503,5597551.482152368,6557676.24829692,6646195.548308685,68282848.12490812
6001479.670113235,6131079.047608301,2992709.128013887,5390446.3555149855,7750718.774872567,4874347.009818519,5482303.989501903,8145209.550138107,5352003.61433391,6051064.099863392,58171361.23977882
3784585.6961034755,4329867.892486681,6570347.282997624,2608651.6667280267,6687670.3523990875,6926742.462762703,8370949.737058454,5303997.359448838,6339387.257049129,7761303.684199309,58683503.391233325
8486106.798207154,3186753.2496528993,7186181.4743327955,3369084.7995295287,2041886.4098028063,9063950.703855306,6800146.566943413,6284113.359336764,7740046.511314735,7361015.383365125,61519285.256340526
9344064.55080552,4909868.316830823,5747565.684411118,8215561.541580412,2546850.1389504187,4363790.461751366,8818779.85529506,2710274.218126529,4005600.9583214214,9867208.356828516,60529564.08290119
4054717.693196504,7951658.833936765,8946726.066558372,2733395.1240014555,5262752.72704463,6339363.942120649,968765.8903468179,7351545.3601835845,9000062.882255578,2852395.0862907385,55461383.60593509
1918566.394163808,5338952.830864437,5363371.660687157,5927696.603318251,7388439.382947206,11476670.924311679,2388765.0231076754,2639072.8119091177,3474992.499011231,3545664.5492633693,49462192.67958394
5190684.084271201,3795612.724403844,7605131.1365656,6411046.841428452,2714154.1132103363,2919760.352221346,8443228.860948987,3442680.4724358944,5128777.860426163,3859295.8370558913,49510372.28296772
8602996.07509211,8011743.497229403,7981946.532098928,8429739.726474237,4913417.894124958,4034968.450034903,8872747.062753212,6087877.859405431,8686596.075994577,5657562.454684213,71279595.62789197
3604682.7208649,4495527.103764989,4095371.132311032,4471439.354038389,4753444.482950468,7638305.484993883,4887274.656594375,3874607.7273938726,5118908.618335967,6748807.207021769,49688368.48826964
4573335.03476353,5071611.17117083,6046979.196672086,6258008.939822706,1752137.9103103417,8287898.521226206,4788982.332676336,5927799.210491149,5088332.70196715,5417502.328776344,53212587.34787668
8903298.188960273,4009440.450018225,8713883.686628085,6107875.972427721,6333919.522773638,5907502.863607077,3645184.850971901,2984834.7031832044,6709180.316595535,6516600.1134766275,59831720.66864229
7256557.842825575,7375895.467485343,6051921.407448699,7447710.687071836,3148751.905414938,7884245.730353145,4193090.691033514,1880391.0808241458,8391127.500276413,5629570.999781757,59259263.31251536
6339115.513865613,10369217.779187243,6219365.460723693,4963887.63567343,6438072.692397621,3990600.236060642,6575932.546996462,6365567.934527636,4151352.857398061,6375809.294033657,61788921.950864054
3670840.7295607952,6894184.758367958,10900909.105981836,8628402.382497,5972473.391602916,7258131.7093251115,4533789.409945771,1808112.7291519565,10072585.396565938,6915084.332292655,66654513.94529194
9620546.16188391,7408612.988442995,9351040.729707588,2002139.0586834871,7114071.9448135225,1850368.0218865932,8064940.190001281,4369617.714628532,10483219.04865779,1919924.1367283917,62184479.99543409
9054963.98710167,2371919.8526408086,11029902.413356835,8297850.77396969,9302892.537734276,5017619.500266159,5724448.098925245,7271406.06031076,6373989.732887715,8679492.222980458,73124485.18017362
9169837.065213611,8586392.597162314,7330721.848200261,2584818.8520619986,7835869.034155246,7387146.428206588,8531894.79699661,2467820.032994329,12105418.317777446,8265945.6935028685,74265864.66627127
10409503.134467233,7437651.570070576,11010082.754865516,6268087.133647066,7655915.904329512,4063501.032781202,4258893.632185243,5433277.84845855,5207520.29655329,5771857.035024797,67516290.34238298
7330578.178932308,1913852.4348274376,5624597.820762309,3614153.557229232,6040086.27308133,4324662.478617005,3686833.1820457154,5264550.662968433,6304834.925618698,8475777.943571215,52579927.45765369
9147806.235635519,4437851.5316473795,8404465.805533834,4282039.924638631,10217235.743275344,5933265.390951048,4580242.96491008,9424943.01855834,4542745.186590855,4664727.5807626555,65635323.38250369
7735012.748628518,9062530.57955521,9678522.728060791,6387033.252359427,4502900.690674656,6879677.3456982635,5320932.854005617,1506938.5640074504,4863705.231605559,3241736.2721169554,59178990.26671244
5391782.515995598,4699261.049685596,7995272.918862177,9111110.653676467,6463358.819398988,6456701.830300508,7671999.059742738,5875190.609945128,6126357.363142005,6278194.517871076,66069229.33862027
7119978.200503654,6130711.817789235,8270521.549979789,10101350.380561093,8438859.816465314,8874815.830640608,5467935.9804361565,6578059.994977955,8109964.183814053,7522219.115827722,76614416.87099557
1703635.7388449772,7887903.138962512,9031344.433762304,9818100.98218696,2038086.3252030057,5529539.80026926,8218922.741150775,2374318.639331916,5432022.431844407,3384225.3258510893,55418099.5574072
7201552.335829969,5197006.965149755,5933389.683166219,3022858.7571884124,3366901.1920130383,9671049.694277914,9402911.677566668,7492403.2412665775,9300683.321355416,6802822.183742975,67391579.05155694
10989728.1248878,5393126.254232806,9696737.1114754,4637311.531163841,5810120.921107667,2072313.8181994185,2627124.3711444004,1742058.0726449036,4813413.28131819,7707733.6982172085,55489667.18439163
3013379.267771366,8914106.089383354,6630262.12652316,6443028.76953799,8175566.698078726,6763785.224617077,7382859.129220428,2512821.76887701,6557116.39865361,4251390.173350296,60644315.646013014
5736440.762856924,8514926.963169977,11491998.45648804,4175578.649546992,4553015.425208062,8069031.275692084,2285068.610332488,5746148.101825917,10871869.249134751,6371221.259837762,67815298.75409299
3267135.1687786845,4680415.547167482,5498034.461541668,6921437.928807034,7229402.538705999,5382915.698458864,3891437.949700648,7735502.34568737,6260917.187421502,6670410.628028055,57537609.454297304
3877493.942928129,5076153.986521279,8872117.366318962,6960972.1957040895,3400586.3451303802,3893137.272669609,5405188.614777571,5226000.307296191,4081595.9826827245,5263290.009836227,52056536.02386517
2046365.3003224547,5651842.848984645,8712987.369544573,6653789.294590114,6230767.194040974,6408682.556007524,6068687.022149433,4551636.589178922,1364831.5605449353,4522490.118055584,52212079.853419155
2563196.8923443835,8440138.205475822,7756610.726426915,4852409.13961889,1422817.6614672118,9608056.91702367,7558518.624321303,6053083.2940227445,6905697.434436942,7034612.562810923,62195141.457948804
6374178.268267898,8052587.847649071,4631432.334751997,8472296.183212813,9318102.320655907,1625299.0951674117,5512316.6277361745,1411611.0530254862,10158555.623594739,1279184.3500049578,56835563.704066455
8245212.514798216,1747372.2791310626,8971265.707142899,1419054.9961280618,1153685.0652774195,8120006.311989934,9366027.91331451,7696458.9340824,1634483.8750735908,4967947.925231823,53321515.52216992
2660376.680793177,11922441.04974604,8511471.821970599,4792439.464100271,2331553.213248954,2430877.4368085247,8815370.272674765,2556850.265840736,8506597.703152593,7693224.102711483,60221202.011047155
9188303.373228967,2664453.7599630435,2908248.36331059,7991748.300205047,5662680.099895767,4756545.984393324,10803426.115277521,6103274.853239829,19051067.469129838,4747558.4834717,73877306.80211563
3917694.519063364,3412114.269603845,5234720.3183049895,5178503.917171651,8624756.30534584,645261.8128729811,5322760.1447095005,3902399.677514731,7811862.905222904,6014749.362787298,50064823.232597105
9650213.802698916,7344290.613386277,9770711.765611371,6475106.564267667,5588165.759336726,3138553.79821592,9016295.06581634,4876476.65873673,11124977.794795992,8248984.568354439,75233776.39122036
9376858.213294875,8831741.994267236,8905375.32530209,7987448.1843628455,4393422.591784516,4681233.177468204,6387734.740574706,5295750.81043638,7212697.721285245,3335708.5473118834,66407971.306087986
6633902.293122079,6545000.413400812,10058927.672268197,5240686.040570872,1137743.5496911616,3085118.4489967963,8412140.178291025,6111949.8548236815,5129575.03130165,5399284.044705543,57754327.527171806
6987449.321763502,8329339.032396707,7631528.7220213255,6506273.855040838,6390132.345701536,6001016.030025669,8433229.213119507,8104774.327029421,7970510.75340119,1530062.962075378,67884316.56257507
8244116.70858792,8747174.537636803,7392319.107114198,2556744.8238686356,7503127.117527904,7532764.356093596,2161960.8784951163,6786420.018223829,4112028.173773517,5195653.76259687,60232309.48391839
1560284.9977265862,9549031.462706206,8495784.635510946,8494641.495602988,3821316.0164471837,1337771.9591950295,6223214.507987623,8690674.64936667,8190059.1263640225,7646258.285751848,64009037.1366591
7799206.287850983,1325019.0086838293,3990392.8225215767,1420106.5123407077,7353135.5563484095,7425971.511104437,9290466.54016656,2464271.099128521,947273.5830708839,3834131.9672064725,45849974.88842238
9521468.786012573,9250456.90806726,8621373.706188757,8295939.332848631,7852660.649553189,2032552.5392761247,8085939.53852663,5399430.386358607,2397953.1230258783,9056200.229243403,70513975.19910105
8180840.027087604,10927916.774288977,2687434.8132232893,3124743.0535434065,5050715.8408983555,3692436.7494758223,10756837.980310919,6520478.455130148,6137441.525922895,8737809.321064405,65816654.54094581
7359125.450757972,7876098.775611022,3182649.5073937695,7294529.516246661,5456721.989821932,4475650.353404134,8379314.411203469,3238235.560994779,10898364.724922836,6184016.427938658,64344706.71829523
4279056.8324029185,9550113.056768307,6432971.965214865,9897427.947282018,3538136.035717125,7212937.758782147,6328490.458407326,5392896.313247021,5578268.445685696,5571155.271959706,63781454.08546713
6395504.896879696,9181899.543485856,7741717.024962291,9746581.01007054,3109232.3360081282,4151515.983652065,4940676.773578237,4173559.617511933,4272463.3299661875,5528094.0413672915,59241244.55748223
8924682.898289157,11028337.440437457,3810342.8830641517,9568940.889523394,2432748.031687755,5738200.9701417945,6223666.025253978,6138150.507815456,6978063.033105482,5666883.951200306,66510016.63051894
7768074.614364139,4009028.3880338245,1960340.8597396044,7829022.473856066,7939875.488622497,4533989.502240394,5209077.026282905,6577961.733790133,7662572.019463958,4667032.680665954,58156974.78705947
7128046.237538193,2452936.3999074465,8815608.794864083,8233512.639840939,6911610.62257549,8101793.561861585,7998244.440054992,2868994.106965468,4505731.920975076,5120869.853817106,62137348.57840037
9298851.675432393,6275012.228326206,2091198.6610090774,7147493.931775015,2394894.683961583,3385663.619751573,10206290.22516303,4541217.374328037,7090315.38168893,8883999.648687985,61314937.430123836
3464975.2048665625,8145252.250754397,8699978.529180761,10357908.922341745,6077199.959724819,8922927.530528381,3356527.884016482,8349784.095044121,11866090.269280093,1788689.1941177542,71029333.83985512
11939531.225105176,4708249.297680076,8488670.808787938,5298120.190670326,8593846.573537149,13414259.640705612,5489376.532024184,3653857.2562669707,6791751.910449236,3013392.8965526917,71391056.33177936
3355220.32817278,7799205.7814590465,7769577.6508656405,9663844.321111731,2877272.4264676017,2726208.8416040028,7855725.435893916,8716312.018985935,8906462.64261902,6895731.922590758,66565561.36977043
4581229.967992236,10367661.709666083,8336195.303498375,4829002.711178817,4635685.644508382,9662771.492052265,4374232.986863904,6451694.338668196,4668159.457744809,9635278.93052924,67541912.5427023
4529447.780760326,8154045.79226526,4533475.305797814,4270275.042580892,6351379.411480448,5899907.267688166,6119264.392452412,6873215.44430372,4287921.529600783,8237876.066689185,59256808.03361901
5285181.960198155,6743142.2131053265,7437412.447652747,5256907.478502886,8120362.527039373,5659615.943710343,6330388.098883257,2529268.2087309966,7698784.054829364,6946488.971845695,62007551.90449814
7133892.349500341,7954858.693975992,9099735.752435673,6727970.483625347,9146743.16099227,4019805.5435135234,5465266.593477809,690630.6871276535,2706295.7371940897,7138489.427739459,60083688.42958215
6436468.979413353,7395800.217596593,9385097.820696808,3743192.183683522,3566431.8763436833,5969043.735713906,7186937.105005974,3552931.043510974,6128544.607780283,10661113.82727006,64025561.397015154
10439573.96447654,5616628.735874919,8455661.061308216,8440149.443420121,3858603.0981888296,2857194.510966975,1067185.4091760996,8077842.233587552,9536240.142997276,7879167.162727811,66228245.76272433
5360366.166817829,10879442.904311897,6207834.9246546235,4023489.3395055234,9003788.907795189,8750772.863298347,6136005.59474464,2141400.348892055,7643088.190550732,4306569.196219425,64452758.43679026
8822381.631595986,6715414.996424354,9175423.25129646,9308406.032735098,12852269.131158758,2822949.724555751,2640596.6892619585,5230311.606209891,6022900.650133357,9237576.952290889,72828230.6656625
4409711.581184703,6015458.084108755,7582108.9648352405,4128669.7236960493,6741723.816218097,5149990.339259512,8011103.264372702,7644766.507809779,3942867.7846600134,8724170.688461058,62350570.754605904
9527083.453831159,3734993.6510257134,9094056.107816366,5628891.112989533,4813309.718084765,5474162.9449211145,10159838.717142323,9142675.600730339,6928910.8574141245,8935732.930125643,73439655.09408107
4175180.87207916,5617701.273480807,4712980.510127921,1759050.6618092004,7624558.495744977,6250882.516189029,6265714.861273083,7084908.408789172,10676530.066321108,2879641.4269526647,57047149.09276713
6220759.464963042,8521653.78408032,3404973.366762342,7554901.046169146,2331129.019112297,7520261.39839,8131121.192357884,9030414.965777615,7172194.684183868,4791994.899358206,64679403.82115471
8366925.625136579,7423481.407217059,6462516.678701173,2236614.2211269634,8023164.000994722,5617158.809994501,7878429.206762084,4372786.660483928,2035449.4414741215,5869573.379123547,58286099.43101468
7484226.273297345,9067123.192917284,7592220.582630096,7016974.086883682,8959324.950124223,10260291.239647076,1340973.040741738,5083202.942313192,2281028.730464299,9188904.834734127,68274269.87375307
8341989.240673652,1511958.8875901308,899539.1586348085,11462884.746083194,7576949.971788665,1588597.8300213197,7775722.578690737,9037095.711616006,6811994.910386093,6030396.177832159,61037129.21331676
5496655.436701349,7651709.188563524,7587469.010287328,7943236.463230815,7087563.909159342,7090286.5729300575,2124578.976232592,2183807.7665697057,9186243.43637434,7800878.565137182,64152429.32518623
7516643.094229619,8983701.920295075,11056031.312132454,9578500.582030999,3560284.3155404935,8052559.793101798,4788652.241772786,7447100.215356377,5845504.347190605,3703102.9757465767,70532080.79739678
4576962.862890078,3045467.8630576297,5802207.696921647,4368469.082337944,6717098.476304586,2432295.2679813197,8411891.349812035,7359928.972714242,6117561.731022893,5810931.323624931,54642814.62666731
7700922.918773779,5068248.938314894,8075885.62967269,8481817.910908367,5997343.979091179,4617349.54121347,5658044.568358311,5784031.859741234,6299557.863261473,6578422.410995001,64261625.6203304
9594709.225343531,5646587.234474752,6258834.217284679,7338059.006308673,2269371.4455100065,5567306.336635984,3892396.6814665813,5919581.598701638,8297293.885580942,3856070.269856401,58640209.90116319
7360018.275172884,5329501.885945471,8908523.051897842,8454150.270581452,6841396.300495189,6476104.092556187,5340929.978123613,6811233.145242144,2550427.9453928364,5458787.890497541,63531072.83590517
6683833.051598453,7824045.7712392425,8632473.82940009,2025273.5637543516,8434060.86018828,3175971.93117766,8080133.506431461,8413230.8452927,8344306.67653295,7539078.74977372,69152408.78538892
2860249.223327557,911278.9965360524,8420356.246431122,7967705.303691409,3660211.4377465476,7934613.010651774,2018815.166118096,3869185.400319005,3974327.1196033894,1129178.4388141723,42745920.34323912
3312230.620543189,3875978.8456002055,5744858.715076569,7737641.252764112,4402306.397390451,8614205.79267078,7321722.832444533,9381280.93451925,2302743.157197333,5725333.646258721,58418302.194465145
7663178.129433686,9339360.950031444,7030170.377712173,8337990.134252496,5555045.674393453,7238165.947401386,9560778.232602503,4125080.7595610586,6580635.287040613,7327424.128501199,72757829.62093002
2481170.3859343175,3072791.7708624895,11253414.777747579,7054595.285149206,5698897.606022803,7256280.933032406,8255740.914587697,7085457.361831163,8599477.95279587,5997478.939610592,66755305.92757413
5207083.822560987,5903437.499868917,5872289.084714224,7795460.620671737,3051549.232523413,3713097.6971484586,6117648.422183316,3412877.630795689,6652978.264614229,3530616.687553253,51257038.96263422
6338529.499995399,4400383.402115992,6849994.8167172335,9149656.341779826,4808446.367571487,6628613.199883952,4366737.859757963,4628911.745253299,4661710.795691293,5544877.100653981,57377861.12942044
6302608.375326623,4660607.376352147,5045736.253605909,5820608.409017372,6617256.893181032,7560357.729809022,8212575.0074150525,6397930.373012027,6735446.352351002,5172652.650991229,62525779.42106143
6387138.878175839,4667471.050712537,6663024.955837811,4864376.540710364,7162578.676098133,6111534.712893094,3243226.7442561216,8615144.695820954,4812843.5362698985,6210266.547444085,58737606.33821884
2014145.6004655499,6130663.971715927,4157299.761308664,4477541.617071996,8935464.0474038,5583815.852146126,1752657.6911761474,2264600.03116861,7941179.834525349,8487190.266774392,51744558.67375656
3046538.2782897823,10460042.643931838,9228618.444692818,7700671.82732934,3704962.226226004,8184334.744804185,4318467.371267794,3375455.6822346393,715312.342759418,4260127.142645474,54994530.70418128
8476622.200687982,8843231.215263791,1828326.3627480865,8870836.790036758,6662809.047998722,2241533.2542711855,9443262.121691808,7197742.8400619235,2120605.5127712055,8835246.833083108,64520216.17861457
4152652.798302739,2287929.7910933034,8982157.396611966,2269612.7643920905,9171626.096055564,6827491.214577685,3816433.783857392,4214463.924655667,7431619.458276944,2663690.867415903,51817678.09523925
7768183.659027392,2806561.918178226,7530974.841712601,6169360.36567081,3957932.167506666,7867471.529218412,4076840.0660007903,9992383.545568574,7408137.039124187,3397123.9059415124,60974969.037949175
3766036.6747828433,9260909.970545266,4722134.921431193,6712207.471307217,8106973.710492221,8206205.8968707705,5917227.723960816,4259974.170045814,2665364.9274469456,5838197.074240646,59455232.54112374
7451455.120183659,7436611.633806535,4354601.989394317,7455662.67918066,10468979.536852848,6861404.851005605,2712192.254993384,7034650.8572741505,3605414.7733212346,8736147.760235654,66117121.456248045
5509348.163233514,1837168.0921184064,7103683.231033028,4450885.538212799,3485114.653917993,4634658.182186247,6598070.8662261795,4748335.5615545185,4399027.265564594,7543169.953238862,50309461.50728615
5973733.219416921,5795632.403394084,6391895.779175525,3090352.0844782195,5784716.682183173,4875549.679686857,4169114.994946707,5539159.494812805,3818501.159604723,6106721.816553036,51545377.314252034
4207352.540468177,4323165.871810062,4004947.95615233,2193518.951965245,10070196.196239436,7237305.219178236,2055189.9289860835,7434475.429732687,6227383.495406423,3613045.069350785,51366580.65928947
6724444.785595027,2534423.723172051,7065215.282762622,6785945.44673919,6447795.848154147,3815003.5610517836,4788026.908496195,7425581.396566606,7570899.206494508,4801648.059290425,57958984.21832255
9173590.34990628,3856377.833593991,9727747.479246449,1029916.0850802583,8013370.390480969,6400623.403860019,5734584.670516625,4172510.084399236,7676736.908708465,9606386.674910536,65391843.88070284
7560779.010549541,8485331.569371376,6772273.379118581,2320282.842270402,1088768.23366965,9789593.365137052,9804267.582357133,7835176.912527615,7423385.125301156,2999862.278208897,64079720.2985114
8091657.0814252095,5323518.318921194,10349091.375646988,5512970.954266454,6456816.728450464,5484836.996468127,7323538.465800503,9076057.876163775,1975524.9303942139,8486340.892088233,68080353.61962517
4441138.163377516,9126055.281664973,3665305.5671609286,9324571.377009712,7229554.301577743,9969293.048747024,10310857.691609317,4326772.064975762,7613871.340218558,8582771.931656923,74590190.76799846
5663502.263139421,4620394.6447737515,7983612.61934943,8041564.473845098,10883570.99211367,4491219.815865258,3439454.618867565,7362662.842670804,5412085.501517705,3741879.6421812936,61639947.414324
3917585.094871053,7038720.579751589,3443230.1549543357,5506540.438171824,8704808.51445254,5196633.944193051,10926974.821459353,4685142.716744788,3577628.449192951,7432904.941264404,60430169.65505589
6890539.676333543,4240786.761902261,5924891.510552006,6475345.629725829,7170268.54570449,7346685.548584453,10095973.455175001,5362900.269894136,5611136.212256907,6045975.735832504,65164503.34596113
10706311.21924944,3402247.07467582,7412444.224352282,5561696.945624744,4134025.0627474296,4890815.8168034945,5175280.8783303695,5942118.747127071,7717409.015224272,5139608.310243125,60081957.29437804
6354626.5527031375,5581858.2434586845,6910813.459375584,6522223.594314348,5602074.580435416,7066771.77528725,6944906.184058955,6820600.459417217,8264459.950643839,4778267.751905156,64846602.551599585
3196546.989231409,7065686.810691213,5900501.668949705,5801983.935765057,6859826.294583562,3168993.5070853042,6691509.008819198,3562599.349484179,7603007.881324737,6749955.13841559,56600610.58434996
6360033.308262886,5736389.742256339,1820640.3598499082,9004901.749382183,2849992.5100224516,6713878.8504670495,1872745.939240895,8180368.171212963,1434766.8071626606,7592518.899717885,51566236.33757521
1492048.9497251774,4739644.5562505955,9556422.929021224,4074786.099771581,7518480.656607604,9071892.693596829,7897712.07641874,7164562.011845736,3954396.626685817,4726330.022892282,60196276.62281558
7177406.804082197,9271906.018658392,9090037.007735755,8939680.615708414,1368338.8542806788,5717751.342763086,10012305.853629148,1021735.7039938899,7729373.247690285,7605226.590364573,67933762.03890641
9040408.887870533,8314472.9005390145,4902035.19468701,1687303.7768566557,1821061.6432417333,8171341.7826124765,7302875.292379951,7105887.305024664,8170987.904110315,2701918.634382883,59218293.32170523
2206532.624085607,2666716.1359549607,11002793.20038981,8234150.017263128,3722425.711600143,7458013.396294755,8255753.489660352,6801948.020279928,2272487.405867568,6776742.666097125,59397562.66749338
7219095.060048165,7833060.611505687,2720174.7226549485,9259547.493671583,9169744.757951884,8521706.126469908,7708690.623549596,8883421.559639616,4048188.5499291336,5510151.148286171,70873780.6537067
7926136.606785753,8897807.648661062,10345933.204892956,5755031.61685981,4255905.168630721,3498609.46941304,3672610.1584690306,5659089.009591662,8944701.269197494,5168028.155260446,64123852.30776197
8241773.115708205,5940288.210008297,7296724.022950486,3972824.397184988,4265404.191312858,9056302.228189383,3993161.835033998,4594274.310049518,5349801.954698823,8271067.570168238,60981621.8353048
5990282.732309826,5123476.961396597,8432089.51649863,4964230.974191613,5671680.690221074,8262722.0135062495,2297302.6405741097,7117795.19281556,6151627.854191119,9562082.110818053,63573290.686522834
5048573.958845865,7118787.930860581,2971389.410586467,9080654.942439478,2575214.1356176287,5765798.342812663,4840692.973143143,7327050.810138522,6039082.680708396,6897970.167005967,57665215.35215871
6283806.494831976,8376014.908554146,1942883.1524700557,5101109.5641735075,2519474.431970931,6657374.955996923,6245236.2876392715,4921771.690931022,9562138.71336986,2501291.767443852,54111101.967381544
3806178.423428896,4662538.819470671,3916671.8479058,9033961.131472567,7138302.285349706,4509509.384549344,3087717.2340287524,8563287.119906818,6524434.605556055,7994721.19906949,59237322.050738096
8854394.774908748,5476736.973631193,9762753.199398093,10134321.1630197,8871227.383188259,8986688.967984926,9813137.146897135,3483545.3311244356,7653503.602706489,898211.2663768067,73934519.80923578
2596512.1907948405,8491195.77710621,974487.6452790212,4854887.067052497,7685315.684437672,5356847.765443204,2281086.9961405676,6496503.89906488,8595174.067292366,7936267.044206221,55268278.13681747
6327759.071829159,4605818.57866139,3396094.5303012077,11320607.86390926,10069125.102288136,10239424.515313458,4340007.966663595,7145163.075415953,3238665.2702861396,8252858.24105904,68935524.21572734
9206854.78022363,6761765.441662265,6499341.30440887,6880771.64680249,4360507.700645144,2565596.070647872,8582829.856110472,8972246.609997038,5143520.942418377,4629069.939353635,63602504.29226978
4862079.056898025,9057049.380548969,9908034.555941803,6982274.097145314,6365522.8037688015,6973515.426318141,4924449.078461987,7090388.7027752735,7187893.484096411,7535180.199846957,70886386.78580168
6344441.817443558,4399451.710659845,4351476.25793882,11720848.71047331,3509176.6598426714,3888630.9350926434,5340375.103885549,7529879.731153899,9487286.513967592,4192296.1670657336,60763863.60752361
7655272.047646879,7184942.679913135,5266171.747017148,4657574.777106674,6334187.63380487,5284340.393286594,8201980.0128436545,6457829.277099463,5416814.014462282,4938610.192634402,61397722.77581511
6834446.838033863,6424464.642370831,8989411.545481222,3292150.06141348,7436402.731258369,8797103.113161597,6682768.712704342,4626460.2911787685,6360198.108713349,4726397.815301887,64169803.85961772
6954911.778542214,3961651.2036462408,9057055.972198881,6549538.275970848,11331856.394908298,3788725.6624653777,8163003.69222196,6519108.79286631,2741595.420878714,3658483.4202139657,62725930.61391281
8254986.970193812,3471651.3879099623,8028046.901919254,8369589.3855328215,8279252.888629804,7781206.519465849,1883605.2183533427,8018667.975099632,9259217.12275696,6626634.053289362,69972858.42315081
3993270.3744147825,5505241.724171584,6176202.250682361,8141348.966698153,10055645.843516033,1807881.616199004,5689508.591677391,7651964.605972886,1967069.3085153233,6943405.942182262,57931539.22402978
6522113.184535496,12488663.75742731,9568314.34682154,924133.8770702404,6296086.3370296145,2675344.0515875304,8382126.31131601,3654787.7476980453,5534228.722890037,3819684.3810086646,59865482.71738449
10020699.86862389,3419613.5999101396,10639572.30393967,6097161.395089409,9838742.18160862,5936975.008576546,2377863.3620335143,12973699.858060356,10934449.493042232,7899405.641033037,80138182.71191742
2288410.4111547973,6696879.695518106,2404656.734854511,8607912.451144846,5357807.175430206,2359359.293417465,4764847.430332897,3844142.7078291946,3933832.220972918,4934777.665732441,45192625.786387384
7411970.789960902,8390256.893685268,3621851.1842993503,3687298.858828768,8901414.000926608,7304820.536163558,8920148.454977168,4763316.744809622,7146059.503500498,8250186.206135963,68397323.1732877
7998452.417017905,18111995.535437234,6833276.426014722,4169359.5090088975,4146797.289243346,4775669.482029102,5603481.284456988,2146700.0328505593,4499973.522591172,6558035.228727865,64843740.727377795
7723513.041246312,8130826.614793233,4279331.9375618175,4558743.384261973,4219720.527239304,4297137.62020157,2662892.0807509213,5959002.520828573,8502020.967735475,6269882.302276479,56603070.996895656
5760183.377106112,4469077.4730334785,7758797.394630411,3181240.3281822326,4884184.777675193,3871973.2807727815,5005566.404635625,6155805.7728727255,9656301.200188138,4151314.096453978,54894444.10555068
6427934.249188363,5261680.793894098,3062229.2836242053,6575279.523438772,7080623.133499303,7124334.802342125,7113978.054679449,7322588.756407921,3370780.6464784755,5640652.17908785,58980081.422640555
