39553648626.436554,14054148516.192572,41504482892.08732,12592929672.300938,41130695768.856346,15252619373.776506,42074077383.45893,15151959249.06966,43362970657.13781,13759705598.748709,278437237738.06537
10793216.700618071,0.0,13259395.572531579,435.8819468034458,5554947.013481056,0.0,11246921.259015093,437.8193604114828,18094447.40227727,437.7051365837941,58950239.35436686
5262491.006828682,438.14246040753403,12828596.961513441,0.0,18269416.362401385,438.2853441979491,1908980.539971736,437.8451642115707,2862930.98969985,432.53531905202846,41134162.66870296
12301543.773266453,430.4588452953941,11262345.250510454,430.5466664414062,6259424.488707448,424.7883976557647,4810679.772911422,427.0159830929945,9600414.696470665,432.26107954807736,44236553.052838475
11912092.724171316,0.0,13331630.990804136,436.58084168520935,10815172.981453402,0.0,774199.0466192965,0.0,8215442.481770039,0.0,45048974.805659875
8848828.871907666,434.8300887731031,12118046.672792751,434.42522000526077,7809685.782567538,434.32559632600015,947682.6428930203,433.71096605243525,10988835.37395243,430.85413843550197,40715247.490122996
11327532.667208523,435.49518217322975,3349263.941439736,0.0,12855087.085474102,430.56977837888473,900227.4648191588,430.87838999038837,6388678.783302206,434.6593232689059,34822521.54491754
8418549.403525548,435.2465336208939,7055818.936638792,441.1009547380211,9423957.00168937,441.6129884191159,962772.7171487663,0.0,4479094.366563622,0.0,30341510.386042878
15428079.677071631,0.0,7113960.614262132,440.54238418580775,10431890.87346749,0.0,949629.2987411544,433.3109754601465,7587484.792376344,431.2416598533201,41512350.35093825
7279987.067778809,433.4968302712647,3951120.723634456,0.0,3586296.514634103,437.80755452082605,9734192.997717189,441.75911443933626,14678217.30426268,443.4537688371372,39231571.125295304
11046283.576986616,442.8355504446907,9011445.857094403,443.04302407234576,16050247.345685247,443.05833160945593,4271777.7796872165,0.0,14220686.947068956,0.0,54601770.44342856
12986618.26601347,0.0,19361583.678661067,428.65186249438176,3704411.7260096287,0.0,8521095.136410253,420.8878997227482,20162856.7888233,423.0250554083323,64737838.16073534
3439506.9749545953,423.90685640362227,4441458.683001562,426.9156544751306,17986336.22082042,440.206495828758,4394394.161244299,440.74308269244665,11220061.01495425,439.6340579021809,41483928.46112243
7560090.347521623,436.49631466251776,5697098.413689229,0.0,6637534.492426582,434.5923304693172,2578622.259545766,433.8229275193368,13353679.987931516,434.9587913156273,35828765.371478684
12893639.794862397,0.0,11602701.30085609,435.7147862671663,9310507.729290051,0.0,7626686.896620388,0.0,13103787.570528096,0.0,54537759.00694329
14305210.363766678,438.9061279160621,3392320.914215532,441.20158408360203,7890771.59335544,437.2499762183068,1642255.0237140772,437.26602570298115,8291824.824518316,435.11455746827465,35524572.45784143
13325643.822464557,435.8024069220439,14290695.050766084,0.0,8670820.106172727,439.9447486647703,1169578.0162258367,434.8016341889926,15592273.641757982,424.05105464817996,53050745.23723161
8845485.625817819,423.343772190808,11953371.591305835,424.1756887783373,2727613.683027284,422.7632718689149,5345641.008710646,0.0,6236851.517425735,0.0,35110233.70902015
9648916.634860987,0.0,12586837.237052968,441.46405492464527,9205927.149061382,0.0,9406709.400759157,441.9384155757776,7006197.512300219,437.833356929282,47855909.16986215
6666160.763567798,437.4339036242902,16926919.71750778,0.0,15376815.567927407,437.9650822821819,12793418.713417148,440.2821632515956,19086397.709853232,442.7653321609922,70851470.9187547
16662799.903194109,442.5125944473653,6304944.911329982,437.1725943537269,10495453.021363521,435.82004849454125,9477886.181156943,0.0,12612385.64732563,0.0,55554785.169607475
4438527.900616528,0.0,2127010.310741321,441.87691896415606,3950191.973662075,0.0,15741064.088815117,442.7925987524707,20735453.39487375,441.5771499861162,46993573.9153765
6958825.585297907,440.79258620429187,11649632.120583745,0.0,11174472.998389611,434.2848415781548,4188806.7286795815,433.553682167663,3901330.6071455544,434.4978813202675,37874811.16908767
920408.303528684,431.7380834690602,10464450.188654697,430.8329320888978,14366959.432889415,435.081082307635,4524017.547708054,435.6217338094752,10314700.777139274,435.5427599768953,40592705.06651178
923203.3718514711,0.0,5656634.949766013,433.6890104407663,14910650.978374597,0.0,9469121.213862877,0.0,20361704.61923555,0.0,51321748.82210095
903189.4829042279,426.5588199462475,6110131.28795524,431.6826323115835,11700972.158757137,429.3070560185569,10258839.416108834,431.9830164910747,10338264.686078781,427.7362356916907,39313544.299564674
5764065.672281493,429.8626286695235,3651782.69421587,0.0,12629623.363339769,434.0890444187145,459436.52026934887,433.6478146326144,7586724.484060537,441.83172889643345,30093372.165383637
16731855.09998057,442.4073803053856,3661278.3669984364,438.5253467061905,11416330.679892074,437.89582848931104,3213133.549291815,0.0,4566019.8758543,0.0,39589936.400572695
5756773.595385273,0.0,6675548.666223608,431.5747331685577,12140597.17266971,0.0,18686568.534056436,434.9215818771614,5862378.618916821,435.9296091572534,49123169.01317606
13427620.712215139,430.93612520797467,2927418.076131466,0.0,19340464.721714474,429.85326709385834,2755231.600714934,429.45550187182033,20540992.887960818,429.0748403329931,58993447.318471335
9019656.071632879,433.255119557669,12433315.578089671,431.99701311269274,5773848.48007393,438.9558895608143,13934356.511490263,0.0,19399624.608185824,0.0,60562105.457494795
3529608.16135677,0.0,5182156.933350543,432.56626596368,12979934.773098629,0.0,15061576.672968525,431.68022573915204,13038955.894324245,430.1029568503275,49793526.78454727
5482934.713965089,434.0044502754368,17395789.74713591,440.0407153290766,11510585.343014393,440.2554937743675,15933394.716823008,440.0798640544866,12336074.425131898,438.74562783332743,62660972.07222158
17007193.22913007,440.16568857701185,7347435.146604276,0.0,10234271.801680934,437.44987156360395,10472322.024319798,437.93450122194344,2475769.339987985,440.75234566182274,47538747.844130084
5073671.634788011,0.0,13353835.098686958,439.23974653563505,15452660.198212305,0.0,10781123.282382693,0.0,10986604.034610571,0.0,55648333.48842707
3817277.012782477,430.55909685637135,8507435.76187191,427.99821085088325,22106661.39403384,434.6083730826221,11729465.134595852,432.9610646725705,15345429.547194285,433.609895251705,61508428.58711909
3274052.8943486153,435.31259878647506,9678395.70325845,0.0,19588257.129734557,431.0501654281767,10389317.12983973,425.97371118184583,21887610.169913027,424.62399376034926,64819349.98756354
9815349.015922612,421.76354320054253,5487022.256650687,428.42928945673276,15896310.454743372,426.4011708069206,18382584.211512014,0.0,17728407.97188314,0.0,67310950.5047153
12487964.550246226,0.0,14139102.041710995,436.7504677146715,21786529.682209484,0.0,3398881.7691930565,441.08752163245236,14798919.616886368,441.1412589643599,66612716.63949444
14439850.379666854,443.3669503355864,3136187.05518876,0.0,9572848.083397312,437.6320646070896,5125055.4033378605,437.4670764219007,8092006.982589423,431.8833052278007,40367698.25357681
21355918.62737448,432.1149544396791,12921446.291508008,437.3789752128166,21159318.126822144,437.78051762176324,19575104.51977112,0.0,11030433.08804651,0.0,86043527.92796953
7525298.423348421,0.0,23301065.547087155,441.3428906267469,9652288.25584059,0.0,3148232.532670302,440.29593251349525,14512549.282581506,435.4788856327821,58140751.15923676
11811785.969168542,434.8391987833886,7040015.261990753,434.53079786195053,17629035.524421968,435.12659474013753,8960153.611875419,438.48427752541096,9187906.526447961,443.5940784376975,54631083.46885198
8591597.584588347,444.3349087887459,7870854.658374481,0.0,13969819.004246235,444.31000134842304,13659081.247885462,441.4421784936202,7506018.092459981,437.8513537671774,51599138.52599691
12960495.116704948,0.0,13013124.123521877,435.60382553742255,9919000.260884248,0.0,4033526.7167087216,0.0,12487884.965641314,0.0,52414466.78728665
20089737.99240001,435.7254422256331,13817819.829181617,434.61991323861326,12301180.645447848,433.4120935495357,12128224.65775446,429.58571684929296,11820029.286089951,429.86997136713904,70159155.62401111
9745680.995911334,420.23085222539515,11322443.492100326,0.0,9512643.280396555,423.14873132049314,12537551.975431664,421.11160033274507,11438146.999648428,423.9032861746192,54558155.13795836
15629964.09429568,431.6075783967457,16915917.12192258,432.41696242399877,14758704.276982587,426.2554603459052,3513883.056778367,0.0,13422985.012421012,0.0,64242743.842401385
4536515.594963345,0.0,9463280.54428205,425.26476681015606,10644486.535407985,0.0,5955681.454352505,437.2787521673716,5460629.033979023,444.690683712732,36061900.3971876
20596361.783420227,445.1023257448952,22302182.30366847,0.0,22429539.398347948,440.9563261209007,10388383.94969745,439.98714961389834,18334995.96789313,439.8174026718491,94053229.26623137
2527669.7886872105,429.8385830907226,4544116.759798837,429.2017135102016,10282415.909188392,429.78994949514356,16092869.225549884,430.7644406311481,18114552.520742815,0.0,51563343.79865386
10633016.141677523,0.0,21220766.22128949,441.255542636466,19855565.01786389,0.0,7882779.860629672,0.0,8344712.191532169,436.18574855447247,67937716.87428392
8117180.6217268305,436.52773633998265,9411879.958220113,435.8082558412889,10536374.873998452,436.13765225161796,12441643.43161743,441.10105138203267,16754297.074077506,439.8409441108751,57263565.37528026
10424657.996089168,432.76580789154815,9029868.752158951,0.0,13665433.117492026,428.32328370999386,7746204.990209675,422.3641590472488,21613965.299962576,424.2749123744624,62481837.88407542
21426928.17620694,430.48719453719116,15857730.408105386,427.5370366359127,11975100.545247082,431.0104843956492,12791885.551095257,0.0,17195150.536084406,0.0,79248084.25145464
10398305.890357414,0.0,8056713.504394457,441.43085393638313,14845580.343209025,0.0,9144221.815833442,434.5746943430943,15957097.827120524,434.8126211612823,58403230.1990843
8390680.68749923,435.2431462042212,20585794.39513126,0.0,9892248.879373498,438.8817296937193,5151113.7556593055,440.1159409137681,10452575.19474621,434.3908198351216,54474161.54404615
20591884.142012384,433.0669566878389,12347027.428271193,428.36620834912276,11595803.848372202,418.29481671736585,12567872.075850643,0.0,2477740.5904433466,0.0,59581607.81293152
9288491.439380996,0.0,21282335.847979378,429.35008650911976,6518222.26132184,0.0,3509782.197456659,443.50847511393556,5416641.143675603,443.6831370447201,46016789.431513146
8433654.30495009,438.8965596624278,8199134.971656948,0.0,19576659.876938444,430.3596523461122,20096482.119739525,422.8480695219109,16087454.590931999,420.95346224558733,72395098.92196079
14053274.178889226,425.43892714797676,15068373.431997025,422.3726655873425,6797338.904685841,428.58360651131125,6241346.51796525,436.28660568996014,4685306.288549054,435.11164229167434,46847787.11553363
21276054.873414,0.0,14142988.388453057,439.3064544425407,18252581.330983248,0.0,12366546.038919894,0.0,13727442.651945598,0.0,79766052.59017023
9216604.334615327,434.46403218709395,11156645.778279288,434.2836237378749,1336431.400079446,430.49437448320236,17136769.222017553,433.8923015948447,22242010.025447406,431.33201858360536,61090625.22678961
12995085.241299493,434.4123778875545,7300763.820039452,0.0,2102488.025781573,436.34882575249395,10058188.73994018,435.4371607450637,15014341.95769823,440.52599690031445,47472614.50912022
10052655.27510674,439.23399680250213,8822920.423856515,439.6983888372857,13122387.584035544,434.0985914035251,5063510.721655874,0.0,13353065.890209902,0.0,50415852.925841615
17751137.600750677,0.0,8932069.490017096,424.816722021295,10420268.218802782,0.0,2446939.3062878847,429.0407336671723,13774705.059234114,431.33321992603385,53326404.86576816
8753734.944739819,429.4171213912557,11544687.30567431,0.0,5350898.378886209,437.91783110306784,10956599.019569866,440.6654241528489,7559981.560641263,441.75465558439737,44167650.9645437
3041151.0628518667,443.3957558557729,12820307.671527537,438.039504508513,2701251.80559136,438.1219606991442,5935288.34445362,0.0,22948026.87010167,0.0,47447345.31174712
15705225.057912864,0.0,13226189.980769718,437.20601236306544,21595711.452882558,0.0,11469713.463511452,432.2324034014108,7443677.090196626,432.7672032873066,69441819.25089228
6951525.450731948,440.50324951311455,17277922.08519612,0.0,4303616.646570486,432.8007885263822,3658311.746327607,437.6752578529831,15798659.113761734,437.43561441917177,47991783.45749821
8039067.575347848,432.0835156693824,11714836.977661306,431.5477205586358,6526984.282129103,438.28353133672533,6229647.322909857,438.4836090209843,7669215.795004842,434.781070322866,40181927.132499866
8877753.420065215,0.0,5040544.524387732,436.6743043849063,11690435.760092719,0.0,12934743.125533273,0.0,7262483.2892966075,0.0,45806396.79367993
11024989.039018951,438.06914703340374,9997881.41383978,438.0384561325334,15271829.972320262,431.3598359977837,9518944.265807267,434.5902665933595,11280818.267452734,429.4973709827407,57096634.513515726
13092879.129516387,428.4694084944918,16681464.131324183,0.0,7160350.853834542,435.0522188190011,5428009.4883783385,436.9723832164863,1385126.5844015623,442.1852531258566,43749572.86671867
4738912.804297531,443.13000835298686,12293491.642690167,443.2581090328166,12024067.861748995,443.93956339581035,9941177.7268786,0.0,7684437.92200796,0.0,46683418.28530404
4292298.757444872,0.0,16771160.915689962,426.08405762993954,19270180.821734365,0.0,13136744.193652859,424.02738690831984,11405857.625586234,432.0645062431835,64877524.49005908
10125962.863605125,433.17886547086647,9651308.924531661,0.0,8081197.449639065,439.5975800652999,2169108.9705180004,436.0091954819561,17002524.711520314,431.2363947144641,47031842.941849895
6554146.160903057,431.5821344737773,21428722.374837663,429.6157847262633,13991827.913368944,429.51074883084186,12137415.863148626,431.04785819135395,12386262.655021358,0.0,66500096.723805875
2706658.157331465,0.0,9913062.551928619,433.79955850079887,18010828.349717416,0.0,4094409.7216273546,0.0,16727920.929590486,426.04880185633704,51453739.5585557
8859865.22447568,429.83408631542494,15447679.317279587,425.9545145743736,12754804.803827127,428.12717929524644,10833936.679743813,435.0500565620026,12975095.332228722,433.53538337834283,60873533.85877505
5421578.106325074,434.09934020440727,4586368.807550777,0.0,11601569.467353104,439.69886898966485,8796822.311945096,440.11680683107477,4965621.463553384,442.21128273974,35373716.283026196
6888718.416775832,441.88846039881037,5921787.767755885,443.27704260313914,17918586.143160746,0.0,11523487.12081237,0.0,5455180.799559168,0.0,47708645.41356701
3645827.594059489,0.0,15170386.161886152,433.1781198421658,8555742.783587769,437.60971021804346,13440996.107763575,437.5632013833256,12611566.282638375,442.0450567315031,53426269.326023534
5853979.388702139,442.06806070617466,19891354.862600043,0.0,6116591.069579596,433.0350066753434,7809914.688952742,428.8055179746525,6065705.901671764,425.78974728814313,45739275.60983893
9133026.993049074,422.0518696755221,16813491.75805224,431.3324806375936,9646846.325589214,430.8050904036237,11013429.814604413,0.0,11630880.243774263,0.0,58238959.32450992
3168903.498908634,0.0,7017065.489222945,439.0288298952009,16112148.41077642,0.0,3148683.241276948,439.88149894785414,2507530.000661957,439.5802072238838,31955649.131382972
19064374.793236904,438.19691313311415,6738068.768429201,0.0,15734735.175894087,428.4048569970041,5570276.499602135,426.4328719584663,8198285.851743293,426.6034707332097,55307460.727018446
2435324.28011958,429.9111869127806,23698215.23964021,440.01224790333333,8526598.756264756,428.60878934329327,14058947.169911295,420.65476828493934,16514451.97164411,0.0,65235256.6045724
4731711.732297956,0.0,5390389.209562555,416.17358161537123,15675507.267318755,0.0,10347064.339281207,0.0,3797272.2204217096,437.9566029933306,39942798.89906679
11372116.79536696,440.580079569676,19266969.541163906,443.60854436292743,16036178.022482863,442.87003470340204,10739216.237938812,442.65522877613313,11936762.69145686,442.60812787640793,69353455.6104247
441579.70457758015,441.15778872625884,6924269.938689211,0.0,10599822.929526819,442.581565054524,9577812.199049778,435.9628373988951,11664855.052628597,435.8132558483371,39210095.339919016
8746972.57093911,437.59858143757685,9346926.74863746,437.19253061952185,1763901.862544883,436.52858819542365,11162507.29326529,0.0,10917781.608934643,0.0,41939401.40402164
11282817.3799371,0.0,8821010.172123939,439.5964282322064,6835145.385727589,0.0,1422941.0003765922,439.85891417045656,12382019.084854066,442.27569006654346,40745254.754051745
10660628.339675518,443.0758829536251,17131282.855465602,0.0,5402272.793683969,441.5588455715392,2745062.487214269,441.9274535697227,7146601.93182494,438.5238184128232,43087613.493864805
8584701.13853441,438.4516186919926,10589426.537556909,434.44818772933377,2749902.791794362,434.05741133289985,6254692.2561517935,0.0,7975012.8053154955,0.0,36155042.48657072
5156656.710172708,0.0,15945399.724887112,422.9627558318818,8338626.730378617,0.0,12818448.354776554,422.97181967939486,22683729.828023564,429.02994501981846,64944136.31275908
3107864.4599729576,431.44876488655234,2331107.1086196536,0.0,19473227.654157232,439.8006849760949,5455145.362874345,436.4217536071032,3590084.8782274416,436.35336529656513,33959173.4884204
22398029.434802342,439.76225831014676,12416446.772636466,440.0331172436102,7331233.431907172,439.76187407739747,20555123.61407636,443.6530232183007,10854960.48038935,0.0,73557556.94408454
8439758.905884853,0.0,22473314.492254823,439.01437391364834,3637637.8150350787,0.0,3227874.0779162906,0.0,20090006.16913076,436.3915768692292,57869466.8661726
7341616.026414861,428.0931320859671,8539251.110172981,430.43049978716493,13616371.982702803,430.76499363780164,12713951.76259155,427.69107490721836,6769255.122765752,427.9116990229046,48982590.89604738
14136000.59834486,430.2004687347751,22614151.76602179,0.0,13779274.736480588,430.4944665353472,15663257.313309869,433.8703276204203,10793940.335761843,434.3793855627307,76988353.6945674
9209124.847778196,441.42795029734896,18348396.87822016,436.23300476087707,10378650.050631162,435.8008975490141,13305508.178311704,0.0,11699698.116866732,0.0,62942691.53366055
11473644.094894283,0.0,11264480.12436333,431.71327217524083,16142136.436740825,0.0,12026172.231172642,428.49165956332826,10038831.968958337,430.58331520759265,60946555.64437637
5983136.633568734,434.7601328596593,9063949.710202793,0.0,14998008.012811042,435.0688595159553,17220009.72150804,431.42454153535994,16103723.881326906,432.03808128324755,63370561.25103271
14056626.652492179,432.68972593274447,18500401.286828253,433.28561006002354,5686941.03344888,437.92135553668953,16334153.506671797,0.0,15028292.028850421,0.0,69607718.40498306
15092907.031149728,0.0,1648272.680338729,437.94669502684,12516708.658907417,0.0,21925269.225759756,432.1925044147367,7097475.877355847,432.54684230948214,58281936.15955322
3350303.002772968,433.32776301974707,18163765.134517588,0.0,17903401.52066485,432.54284627163156,2634410.3139991593,435.47427007129545,15526275.709457424,435.9409363978409,57579892.96722774
13507631.307129376,436.2843366005912,22509044.076802246,437.1525649844704,16534356.338550411,439.7162512118993,10304262.41884836,439.9801302982138,17697036.212678444,0.0,80554083.48729193
18076167.214318387,0.0,19739075.783816054,433.24710136148155,14789094.05692268,0.0,16002602.177662838,0.0,14919306.69555084,433.6601445299803,83527112.83551669
6568935.699223717,443.2148801903833,21944609.3862304,439.17736997387755,9038935.042972656,435.6311598072657,6608217.363337873,429.1355691050412,17834775.55570145,428.85502524862,61997649.06147042
12445289.924789317,428.75985719263065,13792507.295406694,0.0,10272164.16638175,435.6784844805983,17182905.958435956,438.2832450968504,7398923.330447417,438.50337851303607,61093531.9004264
14471350.678764299,435.77156118729795,7097755.251381764,435.12339727484044,15562656.568023428,436.24047217822954,14556319.613792362,0.0,18443988.525416482,0.0,70133377.77280897
14223962.193974439,0.0,10260126.941707984,435.9628373988951,16108832.710565398,0.0,13638757.215059401,438.609228138828,12118605.345395502,437.3237756062912,66351596.30254386
9632981.844167842,437.58631189979747,8880892.51793752,0.0,13859483.78838822,441.8415225256741,19034724.77766012,442.17272503849557,8498437.377766121,443.81390583129274,59908285.72038511
20409523.359333713,444.9369678534063,17193070.988078512,445.19208949722054,17907592.36825103,445.3975405710645,13358779.34786106,0.0,11828505.860765364,0.0,80698807.4508876
4010733.667013,0.0,19563106.98558387,443.77311178320986,11513206.874687454,0.0,9122491.481844498,434.9421590373169,14159660.615434974,432.1761757911128,58370510.5160104
4759522.006850124,432.1758047003698,3197756.2318086466,0.0,10011007.396835277,429.28160800059874,8968689.691375155,433.67948146281253,17365412.981474455,436.1522028626263,44304119.59744068
18592655.007815905,435.3598542677795,11007329.933998385,431.23907345325466,12220552.979542674,435.2486037348175,19808128.225951597,437.02341489230304,23887890.438938174,0.0,85518295.45719308
5990922.979944466,0.0,16458197.131835124,442.1941883195326,24123814.77810679,0.0,6549916.7657851195,0.0,19506426.187661037,436.1746920803261,72630156.21221294
12960265.288577136,431.08957684714505,17977283.6147275,430.2187628816191,8104463.457968846,426.8032482793388,14342583.99198933,427.8554077988185,10936946.436640441,433.5739433434839,64323692.330842406
13433014.910147095,434.9328567922657,10472038.19050559,0.0,16067278.515436705,438.5217170268365,8261127.375803042,438.388415706299,15587488.796214987,438.195959378745,63822697.827056326
7647877.298503327,439.6685254203161,16623490.537164345,436.09920173844785,10230757.600803943,435.6768816840139,10815840.124429116,0.0,11898514.527503839,0.0,57217791.53301342
6385662.744939454,0.0,12053149.445656607,436.34986605633435,9331616.839484215,0.0,11185114.267316414,438.4378690596304,6695139.496249524,438.8843129065084,45651996.465694234
9433643.671046155,442.7919170467547,9319602.696496248,0.0,7208346.093263857,442.89643729949375,6269295.09492175,438.0966962558669,7881465.950789874,437.5204105759468,40114114.81197906
4463189.654286276,435.5953431856183,6663444.648243429,434.13257084450595,17150500.24016122,432.81158156582285,2769656.676570444,0.0,12055301.617156766,0.0,43103395.37591374
11359740.740236426,0.0,15540722.92506865,433.32673707600986,5923284.087732634,0.0,10454878.047351986,428.7695364661534,2842115.5602058196,430.1629660017435,46122033.61983506
7384924.588670437,430.2023991994549,21649121.202731755,0.0,18706708.515288964,436.3255620715206,21312167.063434288,441.5623320096986,15643389.72311316,433.38130537097965,84698052.56483726
16824798.252436295,428.28209872630026,18403661.404746134,426.301672457223,4680833.146183218,424.7951198690293,6807313.088788075,425.3341262840996,3310748.441201778,0.0,50029059.04637283
10980026.674520046,0.0,23189021.854717597,438.04245904963653,16514416.659814732,0.0,7746376.906287837,0.0,8327227.456375422,430.47117859756776,66757938.065353274
10742617.538500255,433.1402825560464,8186469.212009314,434.21543558155184,16666399.232008278,434.00894117099244,14940702.639481252,438.89206272733315,21558091.757898,432.094643914548,72096452.73126306
13688561.789112238,430.49916124693556,11465638.665088635,0.0,6769507.357017452,427.40787901857357,7542706.513882254,430.7537494482566,8266474.979628178,437.89754289926447,47734615.86306137
8684225.99598959,439.17909443328404,15622507.048599988,439.23754245347544,11642392.020824315,438.2273400763107,10915841.79242124,0.0,2085965.6017961153,0.0,48952249.10360821
10459051.760412324,0.0,14392312.971542453,421.1282487227673,16048690.605215935,0.0,14771234.881365862,415.10688879202735,14540798.03668179,419.32041574928576,70213343.81077163
11061616.895745682,414.57341335417254,9852801.13867342,0.0,12107837.745718848,424.7201120286029,4546266.743742815,421.5199093171442,18710252.239500705,424.625426704842,56280460.20224287
135622.40493804993,431.22355570434695,4254520.938496696,433.1241617798729,10867509.327942297,434.31294748225605,6295323.913902616,0.0,18754439.353572205,0.0,40308714.59951683
5459797.855103358,0.0,19348000.009763435,439.90860374233455,22564630.844162397,0.0,15289565.934834858,440.80050007717915,15999412.34255762,441.0789210088835,78662728.7744465
15868597.770482454,440.9079445365953,15472670.848212745,440.06803213274526,3421918.810697547,439.2793279499449,2334629.237227128,439.36570344877254,20902634.16593516,438.9545496764201,58002649.40811278
21818061.892115988,434.46712621016457,6700684.9180995375,0.0,7156428.920937384,422.6952807361023,9353011.691508621,422.2075581737961,6422792.763510852,419.88623899821243,51452679.44237651
19126626.72769512,0.0,20152965.174986504,436.9226909580668,10074389.625068158,0.0,13345759.62464344,0.0,18274651.87307226,0.0,80974829.94815643
20657830.820581656,433.51381893100523,20554791.003845766,433.85574187075093,6379951.089414321,434.7661416113851,10644703.534524335,434.11422315785114,10356035.991113834,429.90072163814744,68595478.59012713
5473303.701448366,430.2263016259466,4130064.6842663093,0.0,13617889.357648194,430.8933295693113,11828000.835204726,428.5656336186087,13839920.0580951,432.31575109288644,48890900.63767859
16013773.08637427,438.2426028302858,12504802.611419287,439.2748231677808,14856735.167740513,439.35486869869277,11677970.209605407,0.0,2883433.9430146646,0.0,57938031.89044884
11055475.272605695,0.0,11912000.07733129,444.77664579312994,11001131.000497382,0.0,7214287.964512195,434.9177297484831,13258641.938397054,434.36673358583545,54442850.314452745
14037531.916890454,434.09278828427705,14904250.888601486,0.0,10916441.564660203,438.22505075490784,8174374.615341288,442.8480187093422,14665777.119488869,442.60365186620845,62700133.874491915
13691755.52125857,443.5493182404015,12609501.372848304,444.4697908640738,22407232.089455552,443.8490318953686,11163165.65251663,0.0,8557090.847154027,0.0,68430077.35137407
8782715.454307992,0.0,5186833.166842684,429.41153435158463,10614174.424479982,0.0,8122212.149184678,428.96357934650183,16135244.337626081,432.3999667527701,48842470.30752187
17747165.844055846,437.6683121082457,13289668.759991927,440.99119448362876,15859280.769913064,441.78829308134175,15365411.162624031,440.4607490387935,5682118.2132097185,441.9207602228145,67945847.57910353
5062896.037160834,442.705941569215,18105633.58484124,0.0,5599053.729703183,439.38344291006706,4990386.968580482,440.1625128582407,13810731.93320092,433.97610364213705,47570458.48148764
11088310.733911056,0.0,6725741.210681376,436.222607516945,14155175.987879982,0.0,7513433.124810978,0.0,11981222.383506278,0.0,51464319.663397186
17663027.865703642,433.9542147166705,8052430.426316661,432.1160674003442,17809363.62538974,432.2543045811616,12027880.827435782,436.9786429665824,2165309.659031828,440.96173470225875,57720188.668842025
4839672.602982374,432.7331581995004,6648164.793622636,0.0,6787692.817088467,433.7237667326753,9216880.333901858,433.46742996808524,6040282.177518877,434.46562607226326,33534427.115095187
8165092.174215914,442.07504972961885,4202071.022711496,443.22034431888807,8262113.987886407,443.1740010750998,7096841.241826777,0.0,16164145.742925365,0.0,43891592.63896108
13960446.71648414,0.0,4071710.6499428595,438.53222415816964,13836932.184615973,0.0,16696411.181302676,433.10189285489173,6538602.416029543,426.134742390806,55105400.9172346
8631608.788603012,425.3755551019942,7661180.682274632,0.0,4640005.943704723,429.7736184165585,9547956.508489113,433.31470591653647,9319162.67014532,440.33647499140443,39801643.39357123
11350253.150362806,443.718535794408,16605489.501283823,441.9845007530087,17570288.729706187,436.63907362328297,15586898.428050948,0.0,20551966.88662453,0.0,81666219.03813848
15533497.058083506,0.0,3074723.916449898,427.1519728186461,2418186.1001889003,0.0,10243214.736726403,430.19771095814366,9929081.171392927,428.70452935822914,41199989.03705477
7445381.254238067,431.9444609528084,5025284.607481028,438.36856112822426,5736498.645423116,439.0606172555728,13879451.506558519,439.55851709532334,22320011.963931162,438.64640226732587,54408815.556190595
17550664.64655537,440.1089174881822,21441621.763307363,0.0,18520973.87164719,442.0596159310153,8603869.572877191,441.9710137800785,12424661.905174604,444.86863745652715,78543560.76774637
9174719.70769117,0.0,8063183.9003417725,437.16053854191364,7173742.099455542,0.0,5278002.155069581,0.0,4676983.490701091,0.0,34367068.5137977
12277449.877471322,436.520637673932,11766563.310666041,444.7556188543522,5390581.02805032,441.7301334910743,8503700.280556668,439.3792236651172,6804349.174017622,430.69108766903673,44744836.74746333
12724436.350807412,427.788314188457,14042994.791236615,0.0,12267088.814350257,426.0959611522924,14317073.223135041,428.4428743804572,13761007.039811324,434.1095428738137,67114316.65603325
6884037.125854574,437.9137352109441,12048518.09705835,442.0432126346621,11166781.841828356,441.7654151486872,8688037.991092077,0.0,9155134.012298513,0.0,47943830.79049486
16163431.433549622,0.0,16930861.04057577,444.34334264940645,11323194.819658643,0.0,11141001.470686292,438.4263162158419,12026475.364673734,438.030545821016,67586284.92934875
6687616.7286273185,435.07760344316387,15444436.032813063,0.0,5041753.409304242,439.01159770828275,14987023.420881394,434.5880151146714,20022307.501865987,432.8536423381157,62184878.624350615
20072597.565815214,432.04503490668804,13344023.87824812,431.4565317276898,4725091.189794365,431.2839703732266,14386070.203245888,0.0,7185031.41542675,0.0,59714109.03806734
2721198.701758349,0.0,21001871.20779915,432.9295957642585,11066933.69696954,0.0,13656490.730178347,420.78524081182223,18136544.45189933,427.3866476402478,66584319.890088946
9735067.949306564,427.98347134845244,21389482.993504785,428.56727574927635,14960106.857661676,431.76965718628884,12350983.846678829,442.3890069975247,5376321.831009125,440.45467821192454,63814134.64225047
11990725.808724439,440.6773846789292,15849320.587677203,0.0,6615288.342199592,435.0425358354879,7434663.964814354,434.97768036064025,11138279.119188674,437.4016861530573,53030025.921891294
16120398.209633254,0.0,6007290.338294246,433.10040212997876,9052986.911420496,0.0,8321536.950160861,0.0,18101277.54217941,0.0,57603923.05209039
23900630.325914197,437.1168773872157,12773542.48867932,439.0648303837221,10482436.13579222,433.0901536739931,12855784.830835585,423.10871322797715,7900373.404104432,422.34209680572815,67914921.90799722
8497471.260933273,419.6690867931136,10845906.04962096,0.0,16472032.257474234,427.2016428858041,16015387.433626791,436.96251973179733,10828449.193469543,438.78569403219126,62660968.81406826
7752278.1741676275,441.63875694123624,15142899.561802268,444.30784414247665,13352438.680127261,444.5813879485997,12906736.76421043,0.0,13508751.495724672,0.0,62664435.2040213
13368109.320021434,0.0,19995127.47423462,438.24832663712453,14777580.046765741,0.0,8784536.248064166,436.393563297321,6568727.109257623,436.24737267723,63495391.08760621
15184160.133266164,441.0824965082843,4395177.952757478,0.0,11041957.487261577,443.6184169211131,13295295.204962285,443.8181128383611,16417996.918082498,442.05864528787765,60336358.27400155
18408789.50866206,441.83793471011427,7027225.134756934,442.3865767800796,9829806.253053792,442.31290526263064,17867525.522432007,0.0,16933086.750336595,0.0,70067759.70665812
12637530.031016042,0.0,20877101.93460394,442.0801945686434,22991817.43956961,0.0,16756856.32434053,442.15136094573194,3123453.2917094007,442.237801131742,76388085.49059618
6475014.61933975,443.79336112866014,20563020.34032674,0.0,21783305.64189631,442.41924113476426,12227027.323172359,441.9096050951835,15812711.514873108,435.84448490332807,76862843.40630053
26690459.78492183,436.66407551360356,9488677.84021074,437.3198808075165,24914822.090853088,436.9787378126601,25903543.913741954,437.33821546565156,14635803.130192362,0.0,101635055.06082958
8104677.520350199,0.0,8128947.525211637,440.2016832593274,15161247.02461211,0.0,9606587.928653175,0.0,9210333.940142812,439.011406247138,50212673.152059436
16026231.961355625,439.0858014743745,19304329.351930823,442.33098069819744,14520854.252821315,435.7425117053809,7521417.786916755,432.47492492298966,10569684.084988957,427.09687793749424,67944694.16911021
8413223.40965728,426.44967277011426,9785580.310295418,0.0,12023355.575001197,431.55234576560093,2084685.4761330239,426.7690494461002,1824782.8935901057,431.375825703475,34133343.811570704
11919436.250545984,432.73501844845543,4760341.851450623,433.33774290774915,16535348.326226864,430.3150396294949,7521407.489954763,0.0,13718591.777733814,0.0,54456422.08371304
7453273.403815163,0.0,16527826.039050456,425.0692087219521,14108079.599351035,0.0,13645101.939792285,423.1220517511009,19731845.688299198,431.95697221207854,71467406.81854083
14584607.790278064,427.6988887670898,5775847.222364555,0.0,12295519.845255924,426.76642595245056,10965662.486995023,431.5470730375722,13275398.87264552,432.36365807365235,56898754.59358492
21059552.589288197,438.1958640035364,9785028.951564407,434.2610480896224,10790936.422824139,435.1482258866676,9263765.124932744,0.0,13805982.231894573,0.0,64706572.92564204
6664358.011876114,0.0,21918759.407200728,430.81182001762824,17927674.58414382,0.0,18060574.682463314,434.2723824577994,21810486.432752673,433.01805552179957,86383151.22069466
15692994.589240218,439.51101743294413,10346316.869741833,0.0,4581088.602514442,437.5199351695443,9165224.277735496,437.84830657947106,11824702.609511709,439.1944235565599,51612081.02242644
6831760.6547761895,440.0562008472094,16748579.64114305,438.25128399590585,18486928.127434257,439.20438806054153,18531435.72769902,437.15484311405953,15010901.537383283,434.25317995054957,75611794.60833177
6825031.144067868,0.0,15284694.386521345,436.3247110082776,6420855.772811042,0.0,7561358.476474674,0.0,1989484.0520738955,0.0,38081860.156659834
8340788.63906104,439.49979173997974,15558564.3031281,439.58251072609966,11284334.045720164,439.9286942027548,13622806.401928702,438.71206965644427,12522627.080767315,438.6834871101179,61331316.87715875
3234019.654344105,436.8521549502829,20642876.827038538,0.0,1534319.9128759087,436.2438751367551,10237592.254127944,438.1100431458544,19976634.47981783,438.49086717812094,55627192.82514474
6323570.535578326,441.87953755611653,14827303.755392177,442.5343825559414,10810030.723280394,442.25557897733614,5942435.408823224,0.0,18120862.08677098,0.0,56025529.17934419
6069515.377868764,0.0,13306448.313212313,434.55809142602567,14574674.68089914,0.0,7797696.060535443,434.4864414109945,17263485.23484537,438.7151288787003,59013127.42702274
1463246.3204897724,432.62584891339947,3582539.0840690243,0.0,12672621.363599438,435.8228788262868,14142306.000737263,435.61768075583643,20059146.794020742,431.7289177709004,51921595.358242504
2267441.382740948,436.8777500621161,21051859.49189468,437.18455589501224,12073466.45719301,433.80750368461423,1469949.6001885172,0.0,13575337.15365625,0.0,50439361.95548305
3475592.9540108815,0.0,1596240.0129764637,426.7720348401788,26285048.34071823,0.0,13373772.532111347,433.36936446694216,22757580.100948084,432.7493429011398,67489526.83150722
2750305.1085143136,437.42677545632057,13237375.96870619,0.0,14802796.655800525,439.1660655198086,21597532.25547491,437.0329016475896,8384619.389897865,437.6333964300092,60774380.63753286
2142122.2895998955,437.0563356982925,17949060.725728776,437.44397849789453,22053560.66257625,430.9012608778566,21545300.152175814,435.3719051157335,13589414.59323087,435.60627605611376,77281634.80306785
2140659.3428337597,0.0,18938104.58813256,429.25753585415447,19253727.820654254,0.0,9228508.317097392,0.0,9481734.772121783,0.0,59043164.0983756
2941029.625547377,430.10424324149375,13118030.63393267,435.6398320855152,13051843.148031287,429.1195621128736,12852470.19031924,431.7232704132781,20464433.705147,431.7896593494456,62429965.67954478
4378056.454490555,428.4740591416157,20548732.366894197,0.0,13862315.791630534,434.0640557701873,4697332.547251585,437.01345424250803,17594944.776724342,432.1617037243426,61083113.650264084
