20915884425.613007,8696255553.917158,20479549905.824116,6366510943.826445,20716379864.115875,7779616754.900733,20278422348.032623,8112921088.26969,21638528391.8758,8028607758.892292,143012677035.26773
7972018.726268829,5909796.942699458,10688954.761215393,0.0,252548.3674598834,424.4261611834803,11338458.313585186,0.0,9515311.855262987,3196558.609512739,48874072.00216566
6866658.233378942,1895869.415335172,1812484.7654958232,425.0861715119667,3901411.9385167914,429.74407883193356,11394161.893662825,429.8270201443328,13603657.843304813,0.0,39475528.74696486
5305772.705288323,5287862.615547695,6299416.018297558,439.1060083927309,2430150.1906739487,0.0,10562029.48040184,439.0500847889349,4902616.973169503,439.80606524522995,34789165.94553729
10987548.20443943,5743390.363966091,15971455.712100439,0.0,2934172.258198942,428.9984964661841,3005295.94648392,428.5682792797683,9521888.430809708,426.63863754746336,48165035.12141182
13710967.556458127,534608.3665743467,10433170.618457712,435.4719152306788,13114038.734989854,439.8685244305624,6245281.009990547,0.0,10914169.626879513,441.004621722556,54953552.25841149
9892780.899482433,440.2415345059603,8082045.452281711,439.4706268079656,15027034.098615741,0.0,8209681.084916488,436.5062517521362,7489297.343266642,0.0,48702155.09697608
3312549.5416523586,0.0,18998467.232330427,0.0,8094448.657746137,434.55827902252196,6400211.567770395,439.2181858125303,6132013.442308385,444.9354928750109,42939009.15376541
10188836.830534494,445.514730582173,6275562.567331317,445.1477936476315,7049249.174762845,444.81683832458106,7923135.658922003,0.0,7426909.80537807,438.90584086238295,38865468.42213214
5721591.216016048,438.3819245886711,14455854.710943967,438.470143865855,410279.0273725575,438.73702268317305,7423083.326441787,441.3607901090366,7518689.198922391,0.0,35531254.42957799
567846.0859662865,0.0,16110400.985379817,435.19770346263965,12956316.370092457,0.0,7075882.01535252,429.89016507908036,6361959.560463249,435.08437317658246,43073705.18949604
574050.1957966962,434.9799358786417,7028896.819760984,0.0,7463397.435343524,437.09220320083784,9492424.22141832,0.0,1789009.955566101,440.8151704468198,26349091.515195154
579642.5804680677,439.87554018561474,11382607.681422882,443.8710496725974,6747491.452882808,443.68391927650066,3998612.9024446025,435.67933302474086,1746388.713410358,0.0,24456506.440470874
573649.3174617421,436.3415437644995,2370354.8103353567,429.37691626528533,15134326.848118763,0.0,4504207.289457498,437.39721979859354,4139566.052637751,435.2194357637838,26723842.6531267
928829.2119402017,0.0,5222199.477392158,0.0,7657699.537304329,433.6726619611607,18732770.99931465,433.3731892161373,12620788.84431393,436.42988974284606,45163591.546006195
3547086.9573662993,437.94764769644513,15569284.869908944,435.13007438812105,20952347.139527593,436.0118394172377,11711178.390723545,571083.3613167914,4504491.104566544,420.65591088705094,56857201.56888211
7174794.0525349,421.23556993197934,4815557.348134015,429.0387221832949,12293957.063531078,0.0,4117026.827193868,10953652.650848197,5998417.190705302,0.0,45354255.407239474
12886017.717016757,0.0,14895946.156902973,0.0,9195144.550017765,435.53927372548037,6998388.601999159,8872535.396344969,1641740.7437622186,441.3620479650921,54490650.06736552
3336281.467221147,436.7870431318506,9340176.647288615,436.1033582238273,5080308.7052990245,436.07303659302346,8876494.151131103,11065010.527576687,1602956.4369699538,423.11965075487353,39302960.01857522
5913639.277027924,427.70906538474287,15754806.40349794,425.34661698677183,4427871.049561427,424.8175287832305,8085800.091466272,8246231.928066774,1623194.0476754853,0.0,44052820.67050698
11959776.244038697,0.0,15707096.227683505,438.7006935480075,8085895.870454175,0.0,10607875.208801234,8224455.614305372,1634435.104642337,434.9345480799517,56220407.90516695
2760857.696070006,432.4976868833882,13420679.855575018,0.0,11184839.653279515,434.8427677574602,4665754.355989132,8145066.594158998,5363685.288161362,437.79384525324974,45542188.57753392
5789968.657485103,439.7877152255892,3737257.117716541,2486778.6091318815,6995390.535682926,435.6838586493247,2597288.1639129533,8191266.228289552,7320224.548546462,0.0,37119049.332339294
6066126.973530506,434.4758459668249,11507583.505607648,13188873.07212945,16107987.314749751,0.0,8281522.340226565,10038602.223642785,5583756.950337871,431.21237992225065,70775318.06845045
4315820.04388995,0.0,10869453.53738416,12337679.77867852,3025376.963135912,435.3223879241562,15152227.659704119,8542912.811147125,9947351.830440696,440.29525847363476,64191698.24202688
7013267.276884042,439.72210961852977,10861040.814389313,11551155.081311112,8852177.093106603,437.8267870237713,3130757.7020400846,9406615.427831281,3692408.6171620055,438.4650827093345,54508738.0267038
13075908.791369023,434.7620105767318,8783455.42197773,12257391.944120245,11240351.084373351,0.0,10046604.095172863,9431096.48746777,6669098.729762422,0.0,71504341.31625398
4861577.337200087,0.0,6015465.176469134,13416492.784813091,9714246.151604312,429.1600849850688,6567370.444701827,8838179.343727576,8418893.849833235,425.2426699684627,57833079.491104215
5697680.277675596,422.2457233605062,15209761.948449437,13943953.634839183,10033342.41139489,421.6329931883747,7418823.146385435,9921206.333348967,6207527.332305954,414.47918706106367,68433553.44230308
3954744.0543685625,423.21695738581064,8886981.541526973,10935221.67295271,5247362.297436901,413.84589452496436,9655691.453749008,7888455.971424971,4923559.2083565295,0.0,51492853.26266757
629563.886922566,419.743983734515,10273704.588286392,12376460.18554322,10826311.647712393,0.0,3197014.9371199613,8003257.29287082,11537962.269831691,437.4515824833886,56845132.00385327
8953230.44363351,0.0,10674825.117395993,13122892.887167124,2883965.0782750137,432.6822865904046,12299804.403291736,9767245.521854103,3201387.4578632633,428.2433811315746,60904211.83514847
16781074.93815589,428.6640011957571,9406584.240849923,13251708.327586493,7523401.422837015,432.57026243426895,14527494.443769148,8459077.659216482,7451458.937791213,431.07093167111384,77402092.27540147
9828553.578269932,943.4673832452462,7813382.955983437,10740556.62510096,14691496.958067589,510.1288499759032,12033170.455792299,9124540.020631228,12455379.114685677,0.0,76688533.30476433
16387076.161439754,0.0,12290725.189023163,11792082.154852992,6408469.175852674,428.842693032003,4613269.3607332995,9404646.997909246,10159519.501113955,434.9246824205406,71056652.30830054
10445975.536305977,435.44243478148024,4037000.050023432,11851694.757073939,11856314.05318,426.9172839856975,9228323.436446115,9283022.115201231,5825075.647885688,430.4022500244782,62528698.35808516
10355830.926176712,430.189070153651,7018645.722195786,14487256.519051658,8072272.675642201,430.9034743183988,10973092.44216868,10434078.870874079,5627697.075230652,0.0,66969735.32388423
10704301.835096207,424.7998703613677,8955831.514347697,11841802.496610826,4900362.115823435,0.0,13616684.950792525,7890556.373308225,7171638.348624477,429.5238525995455,65082031.95832635
10002921.016913595,0.0,8550013.779749988,15459151.467987858,10349090.00117971,429.9546140657955,3685540.0640260675,8093294.681183325,11770671.55918939,422.29842213818387,67911534.82326613
5062567.3576056305,415.86462079209576,10789360.51822993,11656573.504117059,10117958.645575922,421.02485621589426,10545982.162781505,8365093.112610785,7522303.157214965,424.00568635937157,64061099.35329916
9246417.342149721,429.2045500332467,8243303.01050535,12747804.926086396,3762070.7311681192,0.0,2400119.0456582285,10269715.979835467,12045690.890002359,0.0,58715551.12995568
5597141.9924275875,0.0,12778849.372273536,13826659.657841966,8824499.155174645,427.1083850689223,4084091.7622932377,7935463.621897683,3687718.850719783,427.253228593366,56735278.77424209
4682294.378712501,426.73060492148494,13545631.942893121,13201546.30195565,9629534.273523375,434.5640007934656,11461293.741034474,9092589.345332883,7082388.178921788,428.3380466280015,68696567.79502612
13583816.343385894,423.6327486093825,8333929.755158249,12887676.619060956,4452088.863101839,430.46105419308407,11609964.211643444,8899344.419345498,14025457.158378478,0.0,73793131.46387716
11461373.32193085,436.0735088602419,13130943.124921465,16695422.074263649,5372115.236267023,0.0,6117686.63132579,10981708.357304387,8257374.680529671,428.64383125033135,72017488.14388295
5753537.657076905,0.0,13361010.08813571,9331751.52799381,6041055.268060021,418.8660652408515,3961060.118627027,7707351.7159361495,6144367.027706144,423.5438935898693,52300975.81349459
8066525.941824781,422.9710199125177,12179727.711306952,13039297.60843594,6314429.678179046,432.3471308226009,3644012.881739453,9023889.869843502,10443430.349491822,0.0,62712169.35897222
5928274.256122097,431.05321101860284,4836402.558475069,15078386.396501498,3923254.6599982902,0.0,11152620.138694137,8112632.506741714,12557130.6865815,427.8519526003502,61589560.108277924
660817.310267934,0.0,10677822.6406951,12548401.635454314,4737782.111068481,422.47751910655603,3390969.993717585,8740854.16696126,5704402.5688004205,429.50167745932436,46461902.40616166
12840177.917802155,431.1193017003943,5688994.726586894,12370855.552818295,14328549.88274892,7906238.412531637,4958469.509846181,8810434.534153197,8400090.361284364,424.68355866925594,75304666.70063202
2388976.237040415,420.13842076783146,9503620.407052275,10302590.819056327,3581521.5323873004,9264074.794932697,12822692.277334666,9198540.475215297,15485172.793737907,0.0,72547609.47517765
2344394.1487404173,410.29877340335275,6184073.153776635,11018020.95184565,4301682.701047288,10957726.478271676,11926456.856645377,9632077.583320567,6452642.086727003,414.907048778628,62817899.16619679
2150927.163033144,0.0,1512133.6861467718,11013572.330867205,6466949.023673841,10837711.211150864,8069396.245163526,9236304.757516105,8484719.67553373,420.2648884691666,57772134.35797366
4490292.94855913,424.2359325256847,4328229.692382507,12148561.420665868,6644051.933644995,10180709.872384442,8040959.460247757,9185744.929372108,7513980.193883245,413.5783524746406,62533368.265425056
817341.6205952166,413.32727829655283,7001837.492562995,12871634.766943423,5994041.722524715,10793517.497165393,2019180.3880011484,5655350.957396433,3893473.4359797495,0.0,49046791.20844737
2056158.750874113,0.0,11721445.930844128,12227046.733347517,11178181.901084319,15749671.266394936,5076592.96807698,423.71950064528187,8553745.272783075,2034719.4305746912,68597985.9734804
1917612.8134462605,419.35238298374907,7684224.88891048,11306606.186086414,1958060.836617229,11122255.325845333,10383180.04052073,0.0,10783454.721057763,1611418.151627455,56767232.31649464
1435776.171399069,409.36247115727934,8911611.276346853,12464501.995752089,9326097.365328599,11601646.36108032,4808404.0369078405,405.38050294773177,3907474.6968241953,1269143.355923897,53725470.00253697
1425091.998524107,414.6721237697677,5684073.956624239,11355851.80110045,6597107.259802497,11259843.207383607,5909679.782601672,420.6182961714375,7194105.737351927,1314430.8638766801,50741019.89768511
4151117.0653691557,7134404.326285948,5475987.788488513,11750446.41130472,3092654.937936352,11454610.721513223,4740765.241468073,405.78805907155134,8101776.514858079,1257080.1258007402,57159248.92108388
1738441.8433191422,5792960.195256616,6923069.920854439,11054207.557181539,5909280.244350046,11170803.44376046,8744598.448104987,0.0,4057145.0703760213,1294342.2357301181,56684848.95893337
9514487.243344499,5998598.497168225,8269709.531168605,5287535.345983402,8056649.492674347,11353489.350222304,1910085.892200704,420.8107469187993,10892235.660231335,2479236.8954560277,63762448.719196364
4246175.158761876,7781312.604899517,2453943.2870129463,427.3508131329019,6728716.912511153,12849244.05065201,9968361.588911032,415.12589045423164,10385235.309985245,1427793.348757543,55841624.73819491
7637077.23042677,7556615.458190567,4443070.837281064,0.0,10779417.000080742,12245376.367884643,11865586.05197193,424.57617478502476,11236488.75825551,1322613.808458727,67086670.08872474
9131127.334603988,7267694.821078771,8214882.141874432,420.0179000376777,5142339.4568767585,12049191.107190358,6244635.554031057,0.0,6955086.815596681,1305986.5322294314,56311363.78138151
11170129.17938188,7588943.4964156365,5727969.402312876,426.44913078778455,8222837.283809827,11374826.777882917,6716190.5222462565,424.35298300978496,7836580.190961742,1316873.06523437,59955200.7203593
8126552.632411812,6060345.198792661,7088995.413506437,419.4013040345326,6995801.459224393,11279716.253746204,7567423.308437587,421.6935767145298,8633279.55900551,1323327.4998662518,57076282.419871606
7654029.992469364,6180342.60697972,9371879.390480638,0.0,8251334.281502954,10492509.520465052,9187621.322469778,0.0,2536194.9037685534,1329756.5835102287,55003668.60164629
8717952.310821734,6109302.892481955,10916959.141588666,424.87275443889064,5126151.89659715,11616345.040572423,9423414.385935603,428.81711736215817,10872016.3469979,1938103.2209663119,64721098.925833546
2558258.506796378,6998500.947805887,4688971.981115638,414.86960019518756,9927032.745591309,8651621.78751124,12274119.549897999,414.00154597740504,1895902.6677258795,1985037.3341508491,48980274.39174135
3730803.1690135407,8178293.573446281,13336382.872777674,419.16492887837705,2696182.211425761,9660763.438777726,3248143.976658184,418.6813093573415,5641436.390652525,1314789.5010033087,47807632.97999324
6148629.395928704,7538540.564477519,4913972.688004632,0.0,6026781.828868755,10541699.2477778,8288834.246072865,0.0,10973424.188013108,1304507.596371538,55736389.75551492
7686459.660473388,7497931.214825142,10653478.361131186,416.0896336683449,7327372.001760441,10766463.612782232,6560741.662899066,412.8119070969869,7224357.02664323,1311731.1324963283,59029363.574551776
7555369.937020901,6109469.416797266,9994112.914562074,426.86424075270844,3354843.18031124,10678646.56544968,7050277.398725733,426.8712098451105,6327431.855941373,1328541.21975836,52399546.224017225
8028524.910433349,6189639.056214597,8189296.62263111,0.0,5180452.321415063,10602899.99884063,3979489.7735102396,426.2124162797989,6693527.330552224,1331997.2975606327,50196253.52357413
9947472.496123556,6144496.389203275,9687892.612037467,428.3056971174558,9054451.999018949,10602846.173574463,4732346.9052217705,0.0,11198766.457949024,1949773.5846560842,63318474.923481695
10835765.462014072,6923805.042304596,12815320.877588248,421.57586986438486,5055297.582877313,9122997.30383998,10731820.614047162,430.166090979756,1176091.248039461,2016752.6210249495,58678702.49369664
11216810.196963305,7597553.862318462,5763303.43616838,426.58295190313925,6771755.538786875,10103824.306226747,5277005.0149016045,423.76543208577243,3091209.924568487,1324540.4931484596,51146853.1214663
5499178.163641095,7787541.078902347,7707358.550136248,0.0,10986780.237380898,10681094.3353504,7053250.23801865,0.0,5272093.269774842,1289408.0080514064,56276703.88125588
13851284.452440975,6993138.371527405,5758622.610533431,412.66247745567847,7475840.805380594,10422882.525944408,4926736.503654096,423.29063421292426,8488891.978220416,1318004.778646384,59236237.97945938
11959193.728920095,7088649.313998721,7379617.330669596,427.6679075824023,4862262.06003223,11779722.393696083,7261489.131150322,426.9111281221572,6997585.122682452,1333156.6354976848,58662530.29568288
10645381.534919739,6221572.780528643,7059121.282290284,0.0,937488.783615437,12022724.973625667,11358879.387608146,426.2954440689766,6454010.881612201,1330636.837988269,56030242.757632464
4433553.813716893,6173418.148827144,10211897.428746207,423.0316330394286,6919611.856453092,11732067.4063324,11707308.816227438,0.0,8864368.980938517,1310133.3894774164,61352782.872352146
6279044.496268159,6442609.221609669,1629980.4915548754,418.0946746176538,10253463.33229435,10931772.034319814,4603189.985096075,425.6701929407705,2495523.587076226,2619834.4894464104,45256261.40253314
11306023.408076128,7529635.556955735,10205255.698354673,428.191282853704,3414067.435890421,10676455.225252012,8034902.31038304,424.4707245599465,7939743.92497886,1343042.3544167425,60449978.57631503
2513419.66296881,7466157.913921206,10520950.941027833,0.0,5339773.506313968,10025999.729628481,9642781.260761237,0.0,11922080.2763528,1349286.7875244617,58780450.078498796
7923433.582127372,7199042.450106558,6364954.992849369,434.04103506730627,7635341.28362815,10354598.565964254,3867430.6259881128,436.17724352460925,6741877.424104059,1371624.0975197493,51459173.24056621
10419569.166520068,7582112.323406069,8121675.356081812,433.61419120312365,5700115.950143081,10366628.462093258,7381051.144705999,432.3578083965123,6964161.325188557,1331897.1402591607,57868076.840397604
10216613.259222107,7080659.463743728,11214346.42567052,0.0,7721906.300785071,10249121.960777454,6274197.094113696,426.21882270749757,3360084.7319797515,1334438.849503116,57451794.30461815
9666100.242736928,6125119.208369747,8823137.512912832,423.4626466095702,10448185.17741981,1803161.8094850339,7744604.935702506,0.0,9238689.70712367,1320287.797880235,55169709.85427737
9000311.71251975,6139458.314775613,8493106.854188228,431.37822888309654,9776645.897357356,431.1796871586677,2575969.552157482,433.58001272786595,11631504.767930884,1344400.7600206805,48962693.996878766
1418034.3928489222,6247494.308607267,10129008.317875762,430.93280455251517,7008107.81360536,0.0,12741289.547219831,429.7856372358251,5782483.208514419,1978324.8282755448,45305603.1353889
8108258.388747401,7211705.794013851,8720219.516609825,0.0,11950635.263304858,430.7988219112188,15486315.658348333,0.0,7267847.759129978,2050677.2621240776,60796090.44110023
10518782.395289814,7436928.608540885,7359429.660920029,421.414472011037,4304288.32588279,421.36922514720857,12414419.111359285,421.48319879613666,12859974.658093125,1327796.3781298164,56222883.4051117
12938666.977644036,8466597.814567251,8312456.238044708,421.8163868163439,12029385.583137518,0.0,10118375.024504121,416.8923075202781,5220300.4202321945,1298570.4969750755,58385191.263799235
788347.67453097,5965488.428558736,4376503.185244145,0.0,10919965.989291072,422.42814372074156,7935699.731223495,426.94408216601926,6685570.026166197,1333023.4268788388,38005447.83411934
5331389.623352717,7817693.976077515,7111555.733760535,437.16528484515794,12764763.850511875,441.0278073692519,20696721.83180018,0.0,10765496.877813661,437.7488201585733,64488937.83522885
14778374.330948586,6310069.137164677,10090840.58884093,431.03124681532887,5074936.330738741,430.999596459548,8411312.470736105,430.5170204972168,11017706.730900316,0.0,55684532.13719313
11326667.834678443,6183282.320913044,4945198.68794681,437.6430048212629,3362709.7734455955,0.0,2605348.159012885,437.66973929807307,7450230.489977748,873.1118879754156,35875185.690606624
2121907.9110378507,6340375.871087303,12823833.51191026,0.0,8246981.828175582,433.5840279524615,7212104.955693566,0.0,11808197.699866682,431.1253025562375,48554266.48710175
7764236.368682288,434.6083730826221,5761497.521702617,437.81678971977556,17863829.99982455,440.1649187015866,16954163.088308338,438.4535284313604,3828307.933816859,0.0,52173785.95594459
20622349.763066262,440.0010927545348,12264405.596253665,439.2466464141001,8639900.511005597,0.0,11533321.349798534,442.82171928503305,10773261.992663717,442.3579994260872,63835003.64024566
2976345.47397014,0.0,14568357.044550985,0.0,14503237.853261229,445.2512628161464,20043938.47017025,0.0,2686236.429898422,445.37251385881234,54779005.89562771
12182961.23234628,444.9476863234782,2744194.699306486,443.2119530341039,15825719.452087617,443.0018842146469,12269323.569377007,442.83740115835184,14084826.494880095,0.0,57108799.44692221
2850877.579735545,436.4519345187447,6813766.28215343,436.88922143733845,5131881.018545493,0.0,10165341.048784602,436.0404526251453,21066585.4843515,432.9255926512577,46030193.72077181
6534306.164525304,0.0,14095307.119772928,0.0,15876241.845102157,439.31086401229646,6682098.12876082,436.8841967112369,8127638.599007491,439.7009816725912,51316907.75321109
8826856.904778382,439.695603974166,11168486.19364547,440.4247119788449,2382616.670069822,437.4648900941305,10085854.845656814,0.0,12062077.727558823,440.2510652209329,44527650.17798058
12639830.940871201,439.7330585346526,16305156.577613318,437.9753721972626,15108756.836401204,0.0,5734940.23666992,440.27388285144326,1694257.685296118,0.0,51484260.25916535
12582857.284121891,0.0,11909955.176922625,436.7502782206892,12186614.85348715,433.08726556036413,2765855.1285923235,5684860.944723272,10335863.074132182,431.4182550032979,55467307.71777822
11996033.18420627,433.6546333528341,17493552.585092064,0.0,7155023.2117802035,433.6333372390359,13588667.700466486,9817414.384674689,12232874.415581344,437.31161646429103,72284870.08138812
8535760.688652692,437.06829087839776,17504835.60205095,434.6370838732297,10442368.976148302,438.05027447959844,2710631.4276956543,8632699.582156274,13130099.576799115,0.0,60957705.60915222
6265189.549391078,434.5461793801941,2340946.427176355,434.85488392225744,2635453.347064013,0.0,5464066.019266161,9227715.51215046,20188673.462756194,429.6893220833487,46123343.40818965
13486634.434763856,0.0,5894030.584600807,0.0,12148965.37299183,430.4528629779897,12032641.289208712,9026042.68632124,8582617.257578135,427.8715024849611,61171789.94983003
11122047.89228914,427.6059586761641,11100779.386081196,419.2792847577852,4759246.731857638,419.321463778056,14827609.399281021,11382678.901082864,14890545.261648709,420.02920413414375,68084593.80815192
3580024.9967814125,423.0779489082647,13882001.425674718,431.75724936831944,6965079.30719968,0.0,9634776.969552789,7692907.426457099,7128042.710734537,0.0,48883687.67159851
4274128.864886219,0.0,16772822.241630772,1392227.411374055,1646304.4441356156,428.0683738803493,9863938.762106767,10321085.706102842,11482770.82705533,417.80435766551057,55754124.130023144
7137300.544319733,414.17537732708865,9557543.286779553,11674940.634051701,7373622.477389386,420.4837995185856,4864646.269564527,7961025.711326378,10062506.056216568,430.859578660865,58632850.49840335
3839818.138655061,431.9449243198571,12106923.0266677,12768354.504224181,4542211.405928073,426.4586156774543,8479198.59452143,8034495.629047297,12091197.444508562,0.0,61863057.1470923
6535904.134681978,423.9958637958939,11843711.169325031,12595515.504280102,8814559.329176899,0.0,9871187.101074308,8004304.0464449,4244384.18579275,423.5889848588518,61910413.05562463
11245709.721748438,0.0,9949585.013499256,11371416.27063888,11515781.453220492,422.2052560861982,8277619.11667738,9558484.74163795,10286442.499715155,427.16339228597707,72205888.18578593
5186687.723936172,428.7574830979419,13944174.58706634,11239224.607783763,6084040.775745771,429.9273448285803,10995551.782091226,9393160.833666084,13460875.030637085,421.346384904858,70304995.37213928
9437718.23397341,420.713752241734,10128110.661293298,11034185.703740198,10867713.626426293,0.0,3376142.378289439,9451297.876226101,6511228.181407108,0.0,60806817.37510809
4748578.310899139,0.0,10291752.885709243,11212042.888389476,5195225.287762553,426.46222907973856,10294032.09801236,9415752.470117291,8890841.449761916,428.8310009186805,60049080.683881976
9519773.209363459,431.19464763863766,3045873.3821672,11024341.22865421,6543167.450507529,427.3078196553463,7456610.84390915,9657917.501761127,8022765.303349732,425.3370916363111,55271732.75927134
8790805.185879966,427.1760812991397,8806836.585542137,11087966.76772288,7807430.788899969,423.53801282774106,7536843.822042448,8153974.548789481,7114307.361822844,0.0,59299015.77479385
4488209.256940777,419.7095943197214,5042316.559048108,13387408.81364358,10820972.506631896,0.0,10590165.741394827,7943895.905982172,13673821.75222458,427.2726331203973,65947637.51809338
9484507.364399377,0.0,7949488.439139463,13770108.02869921,11897304.123424076,433.1285412939862,4329099.88907229,8305746.850513982,5740888.0969632855,423.813603903875,61477999.73435687
11900902.362312406,423.07341466141366,13884156.440017913,13148849.525504345,12678863.948567405,413.7428154305481,10642235.502879977,9695362.339006001,13992697.461128287,409.5643364388029,85944313.95998286
10256792.869114101,406.65031258249843,7015367.530437278,13559425.605909688,3486817.3931541806,0.0,8922747.748166956,9471234.524112226,5561259.536777161,0.0,58274051.85798417
11785921.967200786,0.0,10565542.829420106,13571092.16920081,7346283.367508077,423.66350451595525,4752189.28837478,9116487.085379323,7419145.410301097,419.36050658223627,64557505.141396075
5409584.982321585,422.9324569655317,3770675.239149015,11911236.748953478,9575629.664826285,425.2670125526972,5682715.3729501935,10569647.423429074,11853875.826500036,428.85931885345025,58774642.31691803
10819736.76151356,427.42511972373256,8301709.950990287,10616900.565154668,7177195.022711459,418.8678953222402,10096253.287960773,8127223.664013506,12715467.95644417,0.0,67855333.50180347
9708677.886808995,421.5461224240244,12011898.636343952,10623714.538366584,9073361.92505255,0.0,9979691.856559705,8064889.722720973,13757989.335974684,422.84522758376187,73221068.29317746
9936556.854950558,0.0,3655090.3155410015,13261492.666236924,6774731.560308628,409.7064443215736,9348741.397989992,7907469.212658062,12189302.132421901,417.49833945534965,63074211.34489085
2981029.1944797672,413.18680308307876,5419224.214956083,13317486.393147796,9131540.261522109,428.5044276134945,11540528.368731108,9182826.930349525,11831007.052984077,431.2908997429306,63404915.39830091
9242481.83477176,430.33941450362215,20312531.195810486,12671395.03620436,14897801.58918586,426.00913481630386,4888042.472475076,9187016.344301693,14380541.615093429,0.0,85580666.43639198
13286727.295350067,0.0,4194564.05685254,12926376.40805726,10678342.565171137,0.0,7539227.2448715195,9155379.125169953,8104777.705226465,432.8359609290834,65885827.23665988
7481909.051248797,431.0623480481107,9390501.46975719,12953396.892056702,9098626.904115988,435.0541930724232,12697246.7997296,9127672.451957848,13268732.069085827,430.41807679628243,74019382.17256987
12591540.112947099,429.4228917651706,13015503.056063263,12673570.021367986,2921685.213895355,424.38634841121717,7941894.870153027,11427003.66605805,6468303.83983337,0.0,67040354.58955833
17508117.944678076,434.2913992970715,16882958.041288037,12860802.46852666,6040197.497103985,0.0,8444167.353975624,8206235.618850939,10387759.169301152,438.2181829342113,80331110.6033067
17087825.714458227,0.0,8483094.346544951,13110107.41596278,9446262.724989807,430.1793266841337,9179872.304582337,8034634.64069497,8254770.286927318,423.9774700375127,73597421.5909571
21406539.311928447,426.6817677508914,3452839.585747936,13163782.733460886,7034193.698621619,416.7424114461722,10665933.793805799,7833722.926699839,7569219.558429053,415.8393671649264,71127490.87223995
13417164.791504154,417.27586561388034,12719222.104060747,13483497.833210785,6710926.164874612,424.6060827701666,4574405.993364717,8960010.59649028,9156199.416295046,0.0,69022268.78174871
10022058.753280053,0.0,1051230.5356164756,14341455.64122529,9901460.891016794,4977002.441867526,6706426.684211503,8655945.286357155,9949365.620855859,415.9877546736136,65605361.842185326
13131430.49834942,414.07026047811087,3672965.1218860415,12196681.26272641,8205917.874299896,11809183.168721292,7860269.363718622,9974296.57702712,4923479.672381415,418.9861001562926,71775056.59547085
13115104.909239205,421.11670922249283,7270568.951899972,11753166.427607527,10734734.230950866,11204176.415473422,5272912.853532077,9151853.307303583,8477611.114576068,0.0,76980549.32729195
8941636.583563784,423.23857727372393,6165016.669080159,11916969.916232737,7539520.3872347595,10473656.47985518,9569886.322809923,9541798.79731389,4684148.359159631,427.4566102857997,68833484.21043763
12310679.965631934,0.0,8894233.746284535,14446885.32813701,4138231.0458382736,12101890.24859595,8990044.941847697,1027334.511628417,2044693.9889548556,425.1776503093799,63954418.95456899
11925225.478086734,421.98145371330264,11137551.850772323,11483387.097949093,10791847.64511245,11617102.242570205,9926482.528108187,0.0,8448968.692146374,423.7617750431599,75331411.27797413
12384726.100590743,423.7306481380729,1932342.9664701787,11629231.408599706,1596245.0861204793,11292030.949239517,6680877.264723206,431.16786726666686,11464185.981766637,0.0,56980494.65602587
10008102.052378563,0.0,11402328.160541382,10918930.325297914,12669408.91869922,9645512.580428343,9571784.573506549,429.04576245938404,3132974.0706199137,2643179.584128582,69992649.31136294
13035877.224508306,416.59150249032115,2470225.15445978,11395473.251889601,11955312.514538588,12579024.203716679,12456578.384062152,0.0,10721296.430743929,1256136.9793401172,75870340.73476166
6305912.310432873,412.33058277779486,6362733.623775345,10223919.345521666,12099657.67487851,11547690.383123416,4173955.7490106104,405.3686676307247,10922165.376050323,1283615.9181536268,62920468.08019678
10205071.324502194,1537226.4289116038,11276647.726811726,9935234.517616674,9687173.260896053,11224279.312871959,6833136.246786874,423.8931113518867,9154732.885857176,1321294.1004325415,71175219.69779816
7089091.324503637,8257732.441977519,8008658.8597007645,5378911.592124287,4626268.761165874,11076987.45128359,5159391.221824334,423.5277664354086,10533621.769016838,1322167.3301728372,61453254.27953611
8033072.7861046195,6738404.171846142,9306265.426510826,0.0,9645043.381734239,10718005.68793969,9284329.353410194,0.0,10099682.361850955,1315333.6614416589,65140136.83083832
11411722.842147162,6070277.240192518,11544436.027753515,830.1085162708436,10766955.126038907,11588328.983515685,1891144.9491954278,414.6705009867978,5087798.668522583,2323059.052785985,60684967.669169046
8312693.79632825,7488729.446707827,11817902.839937301,406.04970860251836,9273428.999833003,12188383.808264462,6431903.4294576375,410.23264229911854,11653705.717781026,1538308.2961674936,68705872.6168279
12803614.338718493,7664835.995039619,12843831.036179816,0.0,11413648.589278806,13621105.229155464,8639025.259480225,418.17040031255823,5116045.697887181,1305974.4230394708,73408498.73917937
6801884.190728172,7939048.905509736,5592934.228937332,415.5221544361812,9283974.81576142,12199018.278168406,4833337.523765534,0.0,9360085.85826659,1283969.628246268,57294668.9515379
14746248.329686996,6589250.962132863,7020972.712480581,420.85754547242806,5406963.736387854,11530531.61988879,4583609.63177812,430.02771635675157,6567864.579203157,1328916.5319860626,57775208.988806255
5861865.555601831,6411607.115527219,7112055.845623729,425.47830822751143,3482408.7725001937,11199491.096372869,1751280.330519474,418.86031366059484,8678375.93771334,1327848.7861818895,45825777.778662436
4616520.582102573,6048627.892046562,10453258.0021763,0.0,9744376.72643697,11119793.947385529,6652646.954325453,0.0,1439028.736552854,1298018.7686697487,51372271.609695986
10219404.125247551,6199572.393743488,10949809.259482661,424.08848186265897,1936275.1984539742,10032529.1895782,9914314.905453345,413.8530405238733,9651537.909498978,2201211.101179133,61105492.02415971
12041493.482010398,7512326.612038877,6090102.574471136,416.1363341350427,10155269.365339534,10820739.746270677,11673162.508635012,418.6520560524558,11705006.20880938,1726676.530903752,71725611.81686896
13466561.183277175,7797585.468173827,7188480.310174363,407.83629389181226,3622746.478906494,10569806.943573806,10331678.010555014,415.3698996249786,4314861.631770165,1279847.6928375363,58572390.925461896
7784578.379737144,7572620.7491976805,8353294.510094488,0.0,6109894.772786532,11613957.752400545,9415386.641918538,0.0,6688909.575141727,1267087.083819032,58805729.46509569
7862213.4791142475,6775418.691296383,6502396.102043344,424.1386929405509,4868465.624226635,10825741.75732323,5327460.803512685,422.2026884027244,4725817.030359837,1307840.944713857,48196200.77397156
1198037.1838748844,5993959.318841482,4206485.475944109,410.1140610209045,7709352.4504713,11089124.618088998,9192273.879477207,416.8904083350503,7996807.298350937,1311820.1560550977,48698687.38557337
2513213.4573719157,6119919.076803568,10261220.37979121,0.0,2785653.0002648826,11235730.922575314,3842330.9762354977,429.23602880554466,11746952.919635858,1628998.1387190823,50134448.10742614
8666402.672616351,6849547.843450433,2507294.363558554,421.8109958075891,10184474.302545965,10325150.544088634,9526340.446573876,0.0,7940655.494864601,2312169.8644792456,58312457.34317346
11555229.490772748,7285409.246999356,10078665.7105311,424.84460190481656,9903266.599212142,10206723.042278104,11207867.786360305,434.70005447607423,12331162.960631445,1354369.2696933886,73923553.65113495
5274270.726457029,8068554.791428599,9290973.117916457,430.6149044516235,3093407.5596612194,11217946.496662417,5754683.500163148,430.80121866618623,5702058.978886329,1356784.4871831909,49759541.0744815
11023390.082812963,7244894.90124074,5963207.9478473095,0.0,5907012.9771118425,10658480.04831732,8170734.100174924,0.0,6381864.49158117,1315445.128651735,56665029.67773801
11346889.536514023,6811888.408878714,10363044.535118274,434.1868741056727,6569889.748370914,11062992.684283055,10689391.547152925,432.3315332277951,9232234.943380643,1302388.7784153013,67379586.7005212
11887939.260084534,6593840.523964179,8650425.805714719,413.32634487312066,2970113.3832519003,9878036.558772055,8374977.6236507995,413.5657787783118,7814201.405829527,1308405.7131688325,57478767.166560195
10058381.306913555,6052335.665610624,4665554.930268593,423.41722603076806,8847697.213432223,13232429.741811251,6634109.069716694,415.2369394500333,11263870.197251473,1301961.971938074,62057178.75110796
10113040.763895115,6009018.647394426,11461834.150377637,0.0,4091792.223667067,10807239.641158571,11741300.530196493,0.0,4878625.086634299,2340200.5737728877,61443051.6170965
6743319.595494374,6950415.67066466,6692543.101462967,435.56245363430264,10347936.668122275,12039555.607822405,5900774.899703157,423.0964425294253,5127788.780816946,1642981.24280478,55446174.22578773
10756123.641385006,7999966.674104721,9149657.865881912,417.1211996586398,2857405.5703944624,11533649.124954544,7685126.105255907,419.1543693829959,7707277.671008459,1316600.8790343637,59006643.80758842
4179081.5721923225,7318370.271039671,11004365.134229312,0.0,6852110.454705135,10657604.872292217,10397513.627262415,418.0961506592088,10110034.710023748,1287568.3443259199,61807067.0822214
6480266.231886637,7906873.8866222985,4499902.646466902,425.0295444128875,7617125.901348395,10040433.458118718,3033638.4118809677,0.0,6567641.771865327,1360336.3954192942,47506643.73315295
10290020.097446684,6394344.6446651565,7771347.076337843,433.00157133215674,4041281.1360617634,10854515.858037392,7353376.394709884,431.11717836064776,7448547.839867533,1336241.6283186893,55490538.79419463
7184573.6908993,6120372.499756228,5772488.515839664,421.677855118227,7067525.645479044,2545549.0912569775,6750005.206066483,409.7156159585235,9849360.20409113,1289959.5702258898,46580665.817085795
9174968.962379618,5800277.425040633,11673637.906423355,0.0,8760678.935355868,810.3144353361515,7878665.731809189,0.0,14030891.805151938,2000414.850109034,59320345.930704966
1772104.1270859041,7158158.56527336,3477553.2495127306,431.1007462646618,7573403.300610987,430.4245182575946,10722384.970012624,428.72561798714673,6995802.486994767,1955240.2387346255,39655937.18910751
9984797.860065594,7574676.576913483,5556343.54069766,435.0959386252136,12745675.311454529,0.0,5207178.1615285585,436.7209086412897,10346846.566126948,1351150.189391128,52767540.02302517
12033802.535452344,7421476.744984369,10125694.334648136,0.0,5234287.560560506,425.9339680103006,10681039.153027771,427.93371028186965,11891012.19791657,1308487.803143187,58696654.19741117
9721270.546731655,7650903.196987628,11812340.645388154,418.9443372886749,12897849.503359726,418.32106482621396,4979382.812504848,0.0,8910175.018460736,1331936.227153431,57304695.21598829
9335200.661630338,7156953.931035069,9503039.166807676,433.93606916195444,9321177.044696203,435.1613937245176,7701501.381738651,435.3026218491756,12697300.792229516,1370319.6365690518,57086797.01479124
9019181.39896637,6356064.318904306,10210890.371934121,442.3419627326136,15729475.341253446,0.0,14477020.39077455,442.01807621729927,6687717.36035459,438.9425867854526,62481672.48481312
8182965.360546234,6247618.098245845,11917840.64952575,0.0,6770181.238489407,429.16603142282685,15128091.62837539,0.0,16139253.982134525,428.46348134546577,64386808.58682992
10545578.210309282,6280672.376066435,10866400.819504853,434.40759743912463,4188851.3136049295,428.5831503278771,10345855.728780977,429.78160030552516,22475379.923901044,0.0,64704031.14451559
1722325.0628688429,6296742.124002912,14836163.1254526,424.79709175861126,8766080.198839836,0.0,15997791.527616182,433.7216176605867,3343354.9251029626,434.0031404484064,50963749.48573321
10567374.19987315,507152.91583662335,21255730.58971769,0.0,7996144.337716302,442.9681591306385,11553254.747861268,439.0004932379304,4178257.779309109,434.33037496982416,56059230.86934148
19734472.89761822,433.81797307710207,5595932.504583995,433.8463925470164,10117812.445559768,433.8958550423224,12900378.202677472,0.0,14053986.921439009,439.7985713349499,62404324.33067046
9984121.063329155,874.4923553922729,6597346.136225753,435.18904877818386,7964614.904883486,0.0,15276737.303890407,436.147006104385,14012913.675495157,0.0,53837478.91223423
14074263.816991653,0.0,12939798.67267475,0.0,9502574.804512428,442.649389277295,6873970.566838451,436.19217479701217,8509362.57146974,436.0193936947319,51901285.29344479
15178510.84496516,436.0592468412623,4403120.223597875,435.798161837046,10739318.635630835,436.0878662719217,10290958.91069341,0.0,16654540.898340298,434.81900700715573,57268192.27750954
14394391.231384961,435.5482250238622,14114834.329414861,435.61598415112513,12389112.27612766,432.3736864598792,12894922.534074208,428.4201725413622,13135947.235506998,0.0,66930939.564576864
12234911.993356606,0.0,10865341.904637173,421.41685369410055,6802410.822203665,0.0,13802334.176068095,894595.6459316235,7924549.45609617,430.10286496553863,52524995.518011995
