332615463202.97156,315269009885.8115,334772922918.1329,322727115760.4424,326118651231.261,315494937522.15845,315573082416.65625,310902158339.8271,330060394851.55585,309180511326.01154,3212714247454.8286
4786984.888126885,474308.91708763066,4894240.140343418,3781502.594328948,3354700.9684676216,1676808.4408635283,6930970.397093732,7144887.488725624,5035762.063575088,3715036.4002439035,41795202.29885638
3022599.669849856,1615977.3838330524,8524694.041892381,5723380.754561961,4750900.550792172,137972.628991599,2046763.9306724623,4929535.3010900365,1919104.4520257043,4428005.405728283,37098934.11943751
6185620.768584739,5378571.31581254,9089992.258198678,7166085.805303541,3046256.6968341167,4914041.235846664,2211656.3710222873,6450316.224518452,3455192.3172184634,7639453.306403938,55537186.29974341
2574786.6330300383,6160947.853986008,6870116.76979214,8438065.97986254,7127107.769850722,6368571.785273081,2499272.428394328,8217570.107814215,9221928.382294744,357173.3372247539,57835541.04752257
7183457.700966966,3928169.418326469,7406464.899697627,8923839.048840703,1234627.993787923,1271807.7290489073,4287395.096065219,3383172.865517212,2473776.203183719,953064.2966616441,41045775.25209639
2254712.0425658147,7243736.252350653,1348380.5228221056,1159090.204963026,12141119.170381548,1798690.3011591737,7863457.474493967,11357572.025964547,1988403.5294315687,1383420.3740942348,48538581.89822663
2897192.696552959,2982948.8956666123,4057123.151816411,9267491.733926907,8106860.30206678,4496372.587089555,2067226.0136726357,8678655.604987288,4311369.417992033,775181.3834666909,47640421.78723787
10180634.576832907,6474160.710845114,6754397.996770507,9666678.995194219,6366265.942669284,8557425.633989902,7222692.127491784,5385053.482946518,4727841.659927997,3027509.9133887477,68362661.04005697
3532500.605800657,5644686.085271927,7634021.848135305,3712592.803419245,3611672.726995184,3601868.478121708,10394908.673917828,7348945.665154446,6624748.7171140555,4991865.144886503,57097810.74881685
7707053.348157784,3390635.1787466896,6792141.648366697,4058444.4389750366,9584344.574297247,4656255.926028417,5940649.481788328,5331006.538529614,5180049.191481452,4135526.086721565,56776106.41309283
9625816.627369767,6622441.606777335,9954369.031886507,3962491.5245443117,6857918.19290629,5688882.292501906,5648119.678393707,5570051.829485464,8102112.712748881,1290580.893556751,63322784.39017091
7293349.900559765,6086753.710229657,6482094.959746664,348503.8894793415,7790798.451389071,862695.4821629013,6169615.421920507,6150038.8925534,8967268.02058533,2592193.6206007847,52743312.34922742
5772805.020269247,6478441.377237637,5824677.481533141,8590872.697548138,6814512.224676691,402958.2963749023,6562222.152622323,2124656.095666489,6892318.784568831,2485556.2400750965,51949020.37057249
9561328.451275036,8642802.261945654,9020842.273271058,4144182.736469075,8074156.979631347,2977330.675285701,5026704.237389284,5537796.009019358,7133906.375523303,1128584.6373355512,61247634.63714537
2060121.2524311845,2883392.7565782354,3204794.066855286,2944540.4047692465,1455206.9266284339,5723951.493115559,7470531.871769935,8073741.761540886,3311893.8760852013,6615494.602236997,43743669.01201096
7055089.9897748,5857778.088981339,6255769.637551456,9799984.676297309,4779384.5206691045,2240804.670782761,7268835.325351962,4320798.210885634,9341851.15242488,3235315.8216181193,60155612.09433736
9157879.968097,9416124.031519135,9309556.320201669,3620113.654197491,10673571.911517443,5391649.778470088,4267368.766952954,5505434.200959817,2188790.8499760963,2212407.2671522084,61742896.7490439
4312985.014337996,2639517.935024415,4669866.558226607,7249287.248982508,3678551.1603415688,5175795.904622083,6021854.227338218,5950703.294682961,7933189.5765503,6371846.996709743,54003597.9168164
9973659.431992171,8859438.08177745,8165025.5204976145,3718589.208120355,5438867.667312092,7310238.642196479,3297008.500006494,3157364.1463261694,8960590.871765338,3128472.8908599117,62009254.96085407
3882565.9279960375,10530639.48405393,5100590.4910381185,6662079.212670874,4166842.2200286323,5393816.49995799,5341861.950334101,5194059.962878718,4652311.463302288,4799127.298026578,55723894.51028727
5147171.191214905,4800331.992143687,4880153.880282148,8004357.347732312,2975081.0650946223,6063833.549673693,6794565.002586884,4233087.670265546,3720678.920433154,7527651.591447991,54146912.21087495
310915.3320042843,5680522.920943825,7723414.647614605,2959527.1370736617,3512062.613258803,4627764.461794135,6871446.499937438,5351599.996464299,5720524.313299708,4087646.112633695,46845424.03502446
1630004.7866471028,6367651.78675243,6520628.614652574,687037.7462010989,6337328.908713908,2483350.366773307,3796854.2517242962,8846856.829013376,7749678.68613116,9326111.308846934,53745503.28545618
5365026.939367997,1002643.0422159751,7981939.603621259,3229943.3767563724,1973327.4753258633,10169610.088566037,7548216.470472578,4335852.83962744,478866.7848206824,1420567.2397377063,43505993.860511914
2625195.6596796303,4332154.566762815,9064434.771954667,7831256.084809707,4649550.21511304,2380718.5033715,2419450.097665083,10159518.866461335,6019078.021996101,3879460.0643550274,53360816.85216891
1031896.327055415,9834612.62757486,6997336.854530542,2321080.169343808,9331497.133168103,7210329.064548946,7553860.447753692,4787917.8004562855,7884325.689291191,8416498.721235156,65369354.834958
5307306.140161317,3447888.368019196,9162812.198917845,7504527.867332211,2531647.6179494634,8517912.889680957,8355856.120454159,5460188.266657418,6147449.646784002,8264369.600690501,64699958.71664707
3093987.368541346,8025707.847219432,6440873.581911588,2851397.4396896823,7342015.487382289,5595934.520120416,5390155.650410298,7073749.796339018,6694136.627509746,4523528.134681155,57031486.45380498
4858670.9002605565,5748952.227617808,4042644.896637443,8492036.984762533,4028024.038705105,6249044.685834207,8176858.582500496,6106912.893546368,9377878.227354636,8179853.359177126,65260876.79639628
4594105.1689966805,4228278.203953167,4411768.212892006,4531207.693345462,3618732.3264591936,4997185.177786198,7056910.650328787,4302925.753547247,8130812.267559697,6571196.227717623,52443121.68258606
396688.44561863755,3110907.8443271564,6937001.966022585,5071961.387598823,5853995.017259704,5659294.339070149,6213958.294255044,6652851.649836401,4716665.8130458305,7479745.237197229,52093069.99423156
6670222.069752012,7010512.3936372455,2489150.369449075,6856821.756397407,8225043.690012696,6985011.935176015,6367870.019284435,4309800.697290087,5846303.731628137,8000542.33992537,62761279.00255248
5254393.0065813735,4372535.766595881,6559389.466401659,2673485.5498187332,5790674.791874143,2379407.420854162,2088212.7331628304,6508526.585625853,9267234.948955728,6995704.215217279,51889564.48508765
7264287.98802136,7035042.214468677,8836539.153185112,6741747.578734512,8125365.032155847,6805890.869041796,5281699.94371774,1913883.8715421539,7549562.592966972,8923045.392916022,68477064.63675019
6872931.888235702,8737303.987637512,5777011.35955887,8824982.134722516,8741610.292985737,9020281.700893044,7736874.56523278,6082385.487488246,8359721.5723168645,1042475.9020227288,71195578.89109401
6394427.698707129,6372928.409633451,10743960.306328664,5726036.423924695,4743296.408115935,3921960.2017156514,8975793.70127011,7660877.236586811,8279765.720070261,5117133.6226800475,67936179.72903275
9822459.307076136,7457057.910330478,6347333.076854453,7483254.239605156,5125427.079757019,5035289.400985937,6741162.2903871825,1053215.3589544024,9417811.447880909,8668577.059268838,67151587.1711005
3073857.446849797,2545164.605560852,12379871.957163405,8988332.97429744,9890512.755749501,6150993.216405789,8151530.762208111,3394587.8340995014,5453594.922190864,10482065.617272,70510512.09179726
10226592.23176505,3606512.1220479244,9655302.230152216,4494629.3357472,3868336.2811149633,3637385.009731507,3452878.9294231352,10638403.25554411,7875356.657548548,9228487.148347134,66683883.20142179
4500713.1614982635,5416706.7706192285,11008031.885151532,6039696.040075697,4155813.4622443737,7823737.987564711,5919446.998023045,18396457.276861526,6550674.146387591,3874330.382120952,73685608.11054692
5007246.183579276,6715932.66652445,13065087.10474352,3968322.9088383075,3797954.837962307,4266004.900157249,5659441.191436171,12571608.3806042,8770698.262757469,2555357.1826457772,66377653.619248725
8171877.73721312,9183389.97608497,4920714.715725959,6986648.375173004,7234643.432442902,3064177.804783872,2520279.203081273,3160727.64299021,3257905.368232275,3094880.2924723187,51595244.5481999
7270847.939578894,8411331.250528544,6107390.230209381,6758151.501518604,2768520.611541481,6451881.728629934,3737468.2052539857,7246978.832247163,6309926.195781872,6080526.861818857,61143023.35710871
8534515.761431301,7810910.522620376,9050048.08027557,1829927.2444812872,7004426.007401687,3101898.038078772,7407978.692764966,2260988.804757172,8689107.65064875,8488920.47433774,64178721.27679762
6154138.30856283,8523397.564942352,3967501.1355285244,8566551.997258538,7763864.581213199,8384653.758896957,10374926.919333374,2565540.087214166,1303532.8187103712,5631640.652903832,63235747.824564144
10593593.193444202,2091840.992330392,9567325.200543245,6666149.770032633,4528313.99563323,10535033.099478608,6543803.755519171,8633515.894349223,5888118.773700551,8329246.177062386,73376940.85209365
2728772.2605865123,3961083.571167611,1705323.4084186417,5055847.028384232,8890046.484934494,7456986.951280714,8529852.348870944,2136965.0295517575,6126127.944628681,4494775.524288454,51085780.55211204
5810127.997074962,6535592.189686892,5195001.782520579,6967869.872289118,2178437.658354352,10396412.127944866,5666498.485552942,3461972.1242873347,8520042.75067302,6991760.203285483,61723715.19166955
8377503.464750361,10559449.22236822,8456266.046255482,8308864.848080944,4243227.363767525,4214692.301856943,5469982.723002523,6584950.630947963,4535975.413805382,5850471.145681312,66601383.16051666
9660503.942987395,6559886.110789575,6800832.851217331,5516797.380458043,6819768.523562532,7573187.279256319,8714463.084509628,5296173.487567723,6089300.190423189,5171921.117050605,68202833.96782234
7630647.946165405,6765004.21646381,6596575.530975214,6796458.092972705,5870368.655629673,6009486.958952951,7330458.340660335,2913394.733554829,7578223.178157906,7162642.760972653,64653260.41450548
4836641.394501135,6395540.224294594,4106436.5389277656,11436863.55947994,7249309.5127580995,2534027.8983096257,6092050.802044744,5060402.791652456,6523579.039478974,6774344.797852727,61009196.55930006
5625879.412999633,7413115.1751336465,2177609.0433981884,6945980.904960766,2990309.63249326,7097624.480617435,6449226.795217749,2196276.901613019,5488135.684708204,4834728.4731605975,51218886.5043025
7257257.349874657,3502231.21277793,7321863.138223171,6044480.838490541,2671596.12833287,8961919.780328115,4094522.8237935696,6439924.411477886,8570393.6661392,6970523.57244699,61834712.92188493
6188544.486188722,9343443.420858867,2318461.313913905,9460835.733459227,9364090.111021286,2955666.580962569,8008845.243905966,1452441.2376436465,2038858.8839934142,5492814.030667116,56624001.04261472
6222033.778263099,2598635.0655680094,6128014.874900529,7709698.955311156,1041076.2535902424,2773352.546776994,649758.1514894977,6298504.536044516,7832144.293060553,7342172.72105894,48595391.17606354
9383511.516296286,2688895.1334602116,2216885.281131281,9001286.143825242,8052151.611662532,9048332.264216125,4235198.313271088,9434693.76454354,2211215.2314778883,2641465.139828176,58913634.39971238
6582497.089231855,7250720.463812848,8192165.846739931,3649444.026845926,10300430.355512783,3039536.1971007893,8042018.38861833,5993282.069085037,6563125.053791598,3099329.8934145276,62712549.38415362
9140078.953194408,2979583.842059916,9479406.915880386,8055592.445070638,9917206.4246783,5905254.268407591,4247709.590223996,7395439.2604444185,3124122.0375159406,5501397.503154027,65745791.24062962
7423997.447676613,8244116.751753018,4156961.61960474,6610498.547588718,7954962.825987532,7309724.857332777,5890459.035057999,8764743.922578081,5656401.019145706,10157672.766650306,72169538.79337549
5607353.665428672,7009619.690913058,6289192.144111455,5411202.379270384,7487016.082426318,7382481.996696516,3687062.5002648253,6264733.534494538,6955095.670495024,6178803.092698498,62272560.75679929
7612135.423517414,5988407.104557703,4900653.621186879,5217964.815060237,6628602.644243786,5380183.591946429,5759270.840915241,7895454.396657073,10425251.215476483,2863323.022089385,62671246.67565063
8911257.620769074,5859078.506685973,3298972.063052378,4533708.504985272,9515348.494723147,2017005.0259206418,5505208.959504793,7596652.478806401,4872741.760800083,2514996.813738083,54624970.22898585
4274709.091281863,3273509.003237816,6798527.042350839,8028602.552248364,10245556.781448865,7286328.254516002,7570418.1478665145,9555345.954879574,3817564.4528487544,6857334.046310624,67707895.32698922
6668615.219182699,6291581.532411061,2469714.416738379,2690284.4465166833,8399033.437281521,9910919.048184447,8890661.535705749,6604883.965896936,7221509.29748381,13530430.157181095,72677633.05658238
8756482.449188167,7129529.329872768,8363705.674264594,6493079.240559642,10479651.264437309,8446666.6389798,6649977.898685142,7275639.767440938,1474399.597423485,11774399.930347383,76843531.79119924
8648087.134202564,1856538.8058143803,5201187.750377642,7360524.140183871,7536989.102329784,9103490.036495022,9499000.479617933,8226499.440360248,6591704.711379177,6217768.327924691,70241789.92868531
9335205.785672765,7656043.3219885,3736037.630946273,3472587.042425081,10264453.230374759,7258938.66357729,5560706.4743440375,10769445.105751935,7169284.210898307,7185783.446930745,72408484.9129097
4370866.775510132,8846173.067910032,6961838.188491694,6700509.936369032,4506969.160630257,9438103.254387585,8161030.032421592,7168051.7858450785,3786899.700706023,3959689.0692390166,63900130.97151044
9179237.563350162,4756117.834627097,10338330.450722234,7312037.402212429,8518358.807178244,5773054.230204327,3463892.9809077806,9949324.11896778,7414748.612154685,6700635.610835235,73405737.61115998
5157087.511672978,7743618.585237125,5276600.905024461,8044351.495468817,7641607.523781857,4691144.693647548,6636601.242677051,10536153.235300792,8597066.289387895,10660415.580731275,74984647.06292981
5675782.125925467,5883713.028203831,7905608.675707613,5791364.206693465,6534357.155509551,6898101.5526985135,6353485.034813321,6198284.630164126,5803426.462414998,8667259.117098982,65711381.98922986
7181575.0166778155,5899579.199678922,7284191.399649834,4766819.942426458,8108093.950939028,6231918.385138532,4675716.916914665,9388429.409153208,3562291.3251790237,6401141.4326887475,63499756.97844624
3267242.607774269,5314585.212505213,7064484.56169624,6902725.814236255,2344519.8679516856,5836447.893900433,7481430.234382782,4151656.5273040314,6030660.326222163,9738672.430579975,58132425.47655304
8186730.282896133,8161370.098638064,4248060.879601694,1831751.033663527,11146833.568095636,8927718.770891115,10334345.07369379,7087774.79115135,9439323.444686389,5028542.262603677,74392450.20592137
13510309.591425324,8445243.619443797,7110752.8158058785,6464499.992034273,3184813.123833891,2242725.5033700382,3380215.6995602716,1590882.8279184774,4379006.806702002,6290453.281376014,56598903.26146997
5124434.927985269,2902004.232754605,3777878.4607230206,2196494.3421090115,7357117.891767755,5549670.326094432,5210309.791364148,6010048.2705242615,7547690.238162606,6009082.551511174,51684731.03299629
5736898.286955661,6759798.205093979,6485082.989563116,2633023.281998048,3491459.5333525734,6352611.117435069,3942949.107190312,5053223.614755068,9460119.561351653,4306995.661412824,54222161.3591083
8897537.737085452,5447498.681693233,1695378.5705124713,3644223.424949142,3831769.777634832,4309776.709473859,5885107.759619766,4278649.310869486,3513322.879253969,1209914.1682380352,42713179.01933025
5665954.655483614,6411705.849082239,4198229.369541264,5231925.928977203,5309006.1197642805,6913356.776929842,4142748.3778408593,5341390.897888332,5568309.537110678,5159816.426834915,53942443.93945323
4419675.917647661,2993713.6747803027,6825949.354242018,6714964.570040048,4016904.7856225013,6794903.277318525,5691390.793326181,5027767.702137828,2967282.5610641693,2937646.2852232787,48390198.92140251
3535127.948459477,6469891.07972337,4109700.7682053903,8078398.688277496,5151366.427930588,5313799.989517974,7466449.595464111,5758547.016840066,3594172.799657175,4468248.184116371,53945702.49819201
6492116.844062314,3619537.4408706143,2889925.7227263935,7177081.99890828,9088052.954637086,8966151.16075319,4988111.341812299,8277353.037940001,5703641.597380325,8098840.832202012,65300812.93129251
8487917.537906421,3517108.4735948844,8281965.569161514,1452017.0128104049,4666817.538829228,4232808.381344254,7951370.931375294,1750593.3261399951,7221455.6042077,840802.783155172,48402857.15852486
8199715.132213697,7772414.955806023,2836805.585352313,1856707.4622718494,8745001.81644606,8538120.103997387,1518424.7439111779,5151873.177257454,8409790.123018157,8263409.06708566,61292262.16735978
10048604.93735617,3084979.1443090527,7889195.0451692855,7591507.843447783,9319231.642980747,8044760.595445157,3982068.6254605805,7718905.2668609535,6046767.42901398,10082698.872980595,73808719.40302432
3539478.157278419,7518867.80668774,3106500.3762433934,2521471.8691943064,4934004.850375834,2916095.147995627,7637633.260849484,7251496.121749315,7896279.0229936885,2792323.7663323977,50114150.379700206
8289415.8618798,5107119.2442317,7697645.276812933,4743781.473951766,6746682.219223568,5350104.662680615,3501610.8513053968,3548960.036173514,4030509.7476047063,5254665.4400674915,54270494.81393149
4189471.074990024,7485155.226656382,3932465.502725286,6644644.258764323,4266055.71136171,8102760.696560451,4941306.774500865,6124095.486927276,6949523.0516648935,6568786.03372501,59204263.81787622
7376195.265651495,8709135.80151313,5762243.197533244,5826054.722008727,4356351.064742958,4528643.761672529,4597844.204794099,5445490.98748917,9665647.729300695,7772669.335897039,64040276.07060309
8879840.472190075,9066156.914821222,6175216.16863314,5651190.500676374,4888184.920696514,5174700.846056562,6991778.3020248,7563429.384146605,7370560.854423606,7526110.739344126,69287169.10301302
7046100.198578086,7929112.715937204,2414834.2906242525,5105136.390592598,7390925.1473692665,7676950.98390707,2386021.6249585454,3895732.3571828566,8609626.865675252,6094112.541643621,58548553.11646876
9228878.51108731,6525160.3032326605,2829676.7027839017,7390636.722245966,7676095.9212201815,5118304.903321258,8513550.181065233,4209523.792330683,1462992.626089046,6847479.733871652,59802299.39724789
7182861.0100645665,9196329.811594365,7717373.957828294,3744496.266335414,6918609.167184552,7259262.860671881,1583946.330431283,7720734.509354676,7655391.537407013,4224200.522169388,63203205.97304142
4355480.855884567,3684354.4439813956,3208816.7071432173,8983795.89759795,9236951.228622252,9246039.552927013,1904926.5332875326,2243705.8892132905,8060822.720176541,8979442.01412622,59904335.84295998
5253327.960152929,2257940.8756162785,4691417.816829875,1641344.275961864,1987725.9151161388,7854934.061045351,9172848.66709779,4685636.507549941,9767977.404528908,8853530.630387241,56166684.11428632
8486310.879036108,6932743.325248619,7352754.878200639,5753779.269661705,7115097.49244603,8679057.918621285,2245344.804273606,5214486.003387722,8281550.085662565,3184009.9517096356,63245134.60824791
3995994.78977268,3827321.362123576,3133407.0698824986,9794204.168751227,8553854.156046413,4749294.323416244,5822426.021279568,7474404.75307316,9982925.53809572,6299796.225655203,63633628.4080963
6420935.551450623,8278355.494814981,7012245.631706461,4637756.29190218,11350585.53904762,5932471.4036338935,6329019.709303658,6857122.383767179,5210138.564881863,15860569.572978463,77889200.14348692
5924370.708397625,8997950.897906622,8645483.896433378,8266071.159103907,6610628.5727904895,5114508.2806748375,2491508.0789726363,5006355.582274713,6305380.98105365,11242637.883159293,68604896.04076715
3896199.7779095145,6830650.053117379,2999189.479746763,8321820.150673305,8073589.195760556,8437821.593491009,4661759.184787275,5648035.330759946,5626646.148511343,6211705.770255395,60707416.685012475
3360782.665279393,5670807.147332445,3925463.8864034754,9235571.762087962,9456444.131582681,5471824.381199791,7125083.262449837,7978780.04187627,2666550.9919804535,921640.9222677877,55812949.1924601
6989351.786817913,1782211.5727196557,5961021.206137193,5418944.057988769,6914075.52324214,5551276.604478134,6579107.425746376,2994496.686519246,961031.9067590878,9373795.32400152,52525312.09441003
9547361.270313237,5564790.527304323,10083969.396491574,6054515.822724905,2055055.070828183,9250059.602519039,1184454.5913751894,5467957.981564954,4209287.580786578,2812568.176219586,56230020.020127565
4843638.434007942,9151326.516521884,598690.509792182,7640069.772879236,2806329.359724425,9987506.343621913,1556119.9118122086,7564933.250478672,7174122.934279219,4194678.963964449,55517415.99708212
9977897.528686935,5910747.902245386,3352545.2220541593,4684790.260116521,9811869.353082968,8775053.769234037,5833196.805551767,1824987.4589744436,8158567.1834458215,6969700.687328223,65299356.170720264
2354673.290723426,5875065.271798584,6006556.572024289,8780119.751176849,2311730.1285335114,10598863.203108985,3056260.0207024366,7114083.922640162,8353358.692735868,1503133.7074082294,55953844.560852334
9993398.337308995,8599873.299977101,8892577.356341563,3235393.452109688,3669851.9584541754,8675667.433713317,8122658.257287556,6573632.584726637,9632704.756145077,3005278.767723079,70401036.2037872
7607750.931444499,3325528.562091587,6377711.833540455,4167723.308584154,8442237.624890404,5330313.235052734,7843598.390028688,4314180.860451539,6453421.595615352,3851563.308395521,57714029.65009493
7659166.397390888,8287130.508990712,7245554.59366681,6519014.926625998,8193833.162687817,3938026.1295850375,6944185.674448382,9281660.621687042,5287038.982265987,6339266.290531654,69694877.28788033
6082875.552903617,3933533.78182923,10138610.715450173,5451307.304775678,9422316.537224578,5255237.051009808,9326183.914733985,6215961.50935291,3562219.2245013686,5618379.714512144,65006625.30629349
6659164.800291285,7040976.728774472,6185847.468269577,6701861.988591674,8843588.107015714,5527480.931425539,6964603.762784105,7064605.1595570585,1409129.2544417484,4510939.623840695,60908197.82499188
2958624.893921214,2348909.7771354574,8881824.426880108,6465156.594382267,9646665.79310138,4987258.373241496,4929265.681550571,8411949.045551036,4654307.053993092,4840331.671016273,58124293.310772896
732704.7952479773,2589670.662182376,4444267.918313416,7894705.6691118805,17861852.786447305,7273421.001972722,4364620.499315633,6912175.690216007,6314131.8236333495,6984659.329508664,65372210.17594933
8617133.698563216,10286285.652142972,12021499.215471731,8050383.942557148,6639827.904555901,1416903.519612019,6688320.374731661,7301383.324676488,9730021.079601375,1756422.2536189966,72508180.96553151
1752430.5662638848,11642470.81001571,2449830.0786848245,2064782.1307840468,8384361.073584745,8470357.615355505,8470205.529887598,3682114.8318221895,3084325.9054878857,5344978.711111912,55345857.25299829
9127629.129102875,9540020.07254332,6179050.854999532,7790681.9483128,11113094.18042274,8846140.025191225,4886632.214098788,6715363.9942013,8977134.534029365,6843839.393981904,80019586.34688385
11943691.676203618,10783324.34989422,6504689.584944338,6822149.580789917,11307058.487231605,6796960.531389892,7289694.464520639,3253636.5833446104,12602027.519989816,9467355.483775074,86770588.26208374
5090403.43627081,10857170.718401102,9252179.610738896,3351208.4159102608,3259188.3560971622,11368342.832026958,5106847.944664534,9324357.853450364,6880832.986000385,7199589.252788168,71690121.40634865
5559759.785974454,9079812.88396378,12501383.129223283,7911503.246506341,3903968.8539325553,6382482.34337086,4587180.911765193,4183540.525458416,11874070.199966475,6108506.280274994,72092208.16043635
8488854.093520816,8456698.152797118,5543094.128790702,5608966.547907509,7055588.130700162,4622727.191962679,6965111.632020461,6429748.867138395,7145934.773904166,5479433.593753013,65796157.11249502
6512123.997999808,2983730.731464935,8354668.119681645,5065505.551812911,7848114.591935447,2790331.687705592,8730033.754500551,8243572.911817219,3953587.243091224,6625368.469292097,61107037.05930143
2542478.8484126898,3413957.7038106825,6139252.2419132115,6485603.212291831,3226343.3600841584,6340546.2175087435,5244813.596810694,2734296.112610252,7294136.215879574,3301708.2982778465,46723135.807599686
7187561.537320128,8868310.587941943,7906849.016803907,9439613.382155528,9146149.750408107,7552866.902237993,9901909.930883052,7692705.0169419,7150443.694312464,3815461.9865272148,78661871.80553225
6713528.994160458,1856714.8464736869,6956798.541916355,4753882.107267001,1163132.767161178,5854321.6606054725,1330346.2038000515,1213258.8048788258,7110297.34707453,7044911.773142833,43997193.04648039
7579929.3672657125,3510630.0718142325,8001640.1083688,8410816.58516857,2155029.444580383,7587883.959568044,4702469.655918804,4763094.123024431,9515293.785710314,2813646.6288270094,59040433.730246305
8612350.995748326,6446686.327753701,1919629.5216671727,8787849.93710291,7319532.386240428,9545474.64875276,7038508.170639284,7469289.0430657,5599637.201348142,4728060.711040667,67467018.94335909
9130340.542777514,7738079.867582819,8431373.666071754,8318125.477527753,8533995.019019745,4376146.196157327,8203255.593236858,2787136.6776665547,12378969.049486207,5409596.319491348,75307018.40901788
5858762.75181318,6728310.974319887,6978721.370306281,6820449.594698882,6931846.0225514695,14179695.105437947,5315332.76482966,5727210.314881404,4985384.780651012,7632269.468464683,71157983.1479544
5867619.41101843,7191801.206704782,7218497.446836121,4664879.686151957,4993120.95287772,8217174.760618642,7148577.427109398,3044394.5170511124,6579545.779830225,7914303.838087651,62839915.026286036
5073997.228415259,7759153.250540223,10004407.523018457,7981846.602981442,5325780.430381348,8798827.525815176,7350496.5575368,5170068.147363013,3289119.4766502464,1956111.194593737,62709807.9372957
6655666.923631682,6891436.201793101,6450148.939093559,8527260.039425114,3937778.3463752163,4826116.2073708745,8816357.93649717,5317361.118647804,5028157.694274453,3669975.2575537497,60120258.66466273
7746115.516269116,7320431.891319478,6959302.75366354,4052766.550748312,6130402.770209322,6022707.308367226,10277200.432106588,13502226.813929591,3289395.794941707,5526090.3573732115,70826640.18892808
7858028.862137689,7672991.863286548,6093618.44024075,5540723.19513341,2103672.785653906,2114123.729800704,7938490.487823751,7463591.929138553,7521980.616052873,8244829.825672269,62552051.734940454
8451955.899878081,6322714.234324631,9862903.617097337,8621978.647844004,7606979.779614679,7148187.856656891,7800387.959706574,3871357.139401233,2714503.5932974187,2831483.1137002106,65232451.84152107
6771767.482989432,7456739.784666412,1928024.7216018187,1233806.0080484555,10017572.256700737,1479216.5141506048,1373173.6985107397,4702813.203501929,6695835.362669737,6346019.385558357,48004968.418398224
10188390.50725295,9438845.67632239,5493611.2194924075,8477093.070060346,5711432.278425124,4867134.663945593,8084894.899704759,6877334.927939015,9425082.079352878,8136786.67766788,76700606.00016335
4860198.54115556,3223455.0500288773,8617713.084194025,8688084.558914954,5907806.229597624,7713431.6136110835,8989200.461201355,2461320.3598901886,4795993.654363987,2816881.7818422304,58074085.334799886
5317853.570369318,6104824.299951475,9185356.827119388,3742334.791687865,3031650.812113073,2543423.3495481405,6436943.16769507,5573028.529033893,10243381.021685584,10573073.820511283,62751870.18971509
8816682.717681102,7677378.113944651,6195818.310323489,8041661.642393107,4513174.132562788,5382741.476248444,7582187.837203152,5461479.103967247,7258503.018385358,7620125.712270332,68549752.06497967
7377842.71827966,8549398.494047783,9903618.917885892,6338234.2244275,5893807.461504445,7410262.494282402,5554622.469886108,2864571.9693713197,3484960.7270985707,6125751.08603292,63503070.5628166
7084435.864477902,7600178.0605644435,6902868.392577251,6497598.207091246,5104602.579050111,6360430.897356771,6676593.304423352,5755291.237102322,6830046.152831596,6531019.297933341,65343063.993408345
5860594.954915071,6860385.002843475,9209312.159895768,2732981.2287846403,6012491.091585978,4963728.939227046,2206659.939956993,5079356.005796232,7906363.021672285,6178938.670095329,57010811.014772825
1912117.7303731912,2576520.4921632246,6248473.1796219405,9365871.455264013,3214426.301608028,8910631.00121393,8328480.518389652,4069825.5203420655,4485737.050245895,8128579.397210308,57240662.64643225
3261187.8118965565,3569039.674808499,1829642.6538337956,1153730.041183347,7003022.154920805,746275.7809585902,7638247.49106602,6485859.833894181,5728485.514002124,2396027.220496737,39811518.177060656
9415617.821474593,7796033.150562242,7740628.342407338,7155826.767511723,9257796.812952887,8158125.061040459,1762287.119469348,4031190.058975963,10889604.394453181,7435098.800343046,73642208.32919079
9691907.358889932,2469736.8716893285,8765765.831446521,7882369.330020178,6812967.172713359,8368241.284945156,5200481.462606679,9749459.35667938,3156498.6879760353,7649991.824486208,69747419.18145277
11206205.852054833,8882936.28987612,1719080.0222205578,6546539.169850547,8310847.359206274,3254479.2735218434,6247129.438240769,4114123.278101519,7423145.630541307,4401074.0759035405,62105560.389517315
6025760.317427955,2985531.450649009,4217385.234261793,8766646.668638336,4728481.98376736,7962229.37853564,3486702.5190040725,5263759.062836103,10500505.32734232,6537506.692228312,60474508.6346909
8894566.53670912,7216479.797546282,4467562.130655115,5747240.100919619,7437760.6055546645,3958202.583372873,5533852.598022551,10248885.73893265,6269528.484686337,3747072.7272969466,63521151.30369616
9799050.842221215,8274208.36434791,4969772.7258919645,6300035.770838382,11195018.829583732,5719358.4976940835,3165496.9994167527,9887643.262846626,7395228.173478828,7331248.1983541595,74037061.66467366
7332865.733640898,7505881.269125037,6726796.846967444,10165188.719448233,6063196.160069226,3782629.8045178354,6297077.517230534,7860514.351826773,7379573.128661008,7812689.060834312,70926412.5923213
6944349.667532531,7103293.09265052,3048717.162236482,8317721.735112147,4046800.0163455247,4942984.756747618,7238971.362485474,8011058.817154091,7667007.9045359865,6958907.050326578,64279811.565126956
6196314.195267091,7028829.127546747,8116048.776753649,6375588.43551445,2164448.74481828,4979934.5208775615,7366144.23785055,8097267.624655765,4040038.0690824827,7610368.124252016,61974981.85661859
9185634.72238414,6941635.918794674,2459073.381474773,4983411.015211144,8098497.555599487,8153839.910033351,8910928.85660381,3376173.1790007213,8233868.332401697,8978000.185308166,69321063.05681196
1840115.2361998532,4831544.618737106,7391398.059801354,8365691.6647213055,3702178.7069113655,6673541.99991645,5774135.585791729,7691069.139933435,9040632.754593898,4013579.891463274,59323887.65806977
2787549.04478896,8911864.019884944,8106904.268109383,6284465.273416176,8810100.348219648,7132200.576950834,7268523.902460337,8862329.137303455,9506619.241992783,7000408.930932676,74670964.74405919
3808938.282614576,8940312.248648766,10500628.236711644,7059714.3192682555,8582880.632274017,4471689.644935974,11531986.486500008,8019620.101934057,10175930.956954468,8398557.219947904,81490258.12978967
7334499.088109514,4271486.5438022185,8476171.456233082,5314945.134758907,9549894.577209216,8275887.591532309,5426520.794907757,9558109.961579489,5332107.16739903,4991790.353964332,68531412.66949585
6334738.853299365,3003724.0121674384,8252346.13620667,3563672.7416223167,7513289.13301916,6708949.672700808,5276329.324742631,5144571.229614911,5386026.693828893,6775787.53253621,57959435.32973841
6837035.291850142,1968457.997857843,3848116.629872746,4064703.2962717405,6039692.007893571,8468569.900414571,5058714.062268653,6328375.384065845,3671521.6296343124,4388715.584091013,50673901.78422044
5552476.059552929,3251996.4736007936,9729283.806828696,6896049.927366162,3580618.5983459437,1995139.7039144987,7191791.678653325,11002023.890203496,9090508.07182999,7600152.693796489,65890040.90409233
9330959.308802908,6389129.044619187,926455.8473432849,4172943.1096143145,5950945.923887659,7981725.836609167,2697552.3229402388,2943957.7149196207,1247235.856777191,1285794.1231519543,42926699.088665515
2482132.4073150936,6823527.596085202,5475615.6473158095,5684940.450152392,9839249.318122318,7576524.219616564,6843371.046052611,7635718.273337703,3508342.778287251,6371173.705268389,62240595.44155334
4741618.2106302325,9592621.23213578,8749787.736355653,9560546.80591542,5359923.769253684,7671409.284484502,8142720.2566335,2351583.3129022587,5308579.063542966,6306035.6148869395,67784825.28674094
5461849.612033778,4906485.497873651,5860044.256140946,4476672.028977401,8643575.777792623,5134464.288486452,3277380.8728128644,4684015.727784759,520971.24342835374,5220556.127816115,48186015.43314695
6045864.578472163,9852736.35200176,7183851.846241673,6049609.008040241,4922123.279943058,4243530.130503041,5351746.931119897,9751019.976320218,4557500.984399851,5738711.433934271,63696694.520976186
3450289.8310578056,9294836.414195593,5249739.1518140845,10237148.024270587,8482824.818263311,4780615.232970483,5539159.621405293,8574563.321290981,2993977.302899169,5988467.519044807,64591621.237212114
5054978.056665429,6006617.771745006,5092785.186577652,6149266.540406959,4933572.433756762,6069084.664581209,6513131.826966951,5479061.232116873,6088013.192714112,7927753.515029615,59314264.42056056
7849413.040459989,6853385.7543251775,7462415.490712586,8587092.092215303,4658009.774156511,3225900.8744652867,4145616.9043920864,7962547.42459376,7245061.959737606,3169453.9228739147,61158897.23793222
3547303.5276736184,5016473.729465928,2940519.430355518,3718447.124339411,7416784.757923698,5484979.457717747,7012226.708265725,7575751.599673561,4609885.127331676,9024997.166287277,56347368.62903416
5424917.456408127,7520928.155233185,5348962.912050219,9870516.06942932,9331079.304209027,9837665.448586,1052798.5541197758,9038613.012146175,6326664.92442743,3514447.2265426964,67266593.06315196
9994759.381730013,9015031.062654162,8434859.619135523,3559649.218800234,2771715.456783872,3505130.0397572834,6826109.584445355,5327400.861536327,8260364.750524671,5513096.884068133,63208116.859435566
3812863.2640795647,4728083.027287356,5030730.483274398,7222851.550639934,7769023.217496255,7604316.890383123,6634752.73509755,6627324.185795457,4939899.416662768,8320202.709559391,62690047.480275795
7754291.392131746,9358268.660746958,8710592.468167908,6791581.879879724,2524631.3029440055,7408625.509255132,3202562.462568618,1138490.567335018,5793775.515437176,5093276.330172149,57776096.08863844
3245476.2050539944,5433151.955394333,3618476.6999071464,3466581.580043112,4427078.109828423,4188438.2948910557,5195857.041459329,4597253.4305661665,7408675.060302127,9104904.82136392,50685893.1988096
4243300.636460179,604337.9355735386,10186920.911703633,6203902.383438941,3697057.8828219967,6106818.93715006,1323063.25829802,2650981.2529284293,7016618.619635989,7594853.529482487,49627855.347493276
7829875.105823145,4725683.023538839,8811209.510796743,5438992.4917776855,4649279.040282237,5562124.746964531,3576755.213091743,5214679.195976826,8035272.6323637515,8397667.363255432,62241538.323870935
5193430.267448998,9177845.867739873,9529053.108209664,3158316.960613899,5255628.489236864,8142654.883218751,3941660.2125253067,7227798.250353199,8174046.176839512,5159452.2032357855,64959886.41942186
6686125.106175529,7010644.551591905,9246157.682890736,7735730.276533229,6931020.408599998,2848389.320431991,7633049.139931789,6600740.448338686,7688025.483370066,7801320.115722121,70181202.53358606
9723613.861959776,11337176.722121485,9274150.155464418,2004733.0126973835,2592689.201104444,7200580.618224997,4216729.138206741,8007296.5111433305,10304460.368447196,3300160.5942621334,67961590.18363193
5985063.068619843,2271238.6190504143,676846.0847662307,4798214.7451542495,3120816.81236419,1112310.125983062,5786777.248684502,4242916.0074019,1442358.2531930588,5512499.386282205,34949040.35149966
6581693.645671194,4562162.915479552,9508661.26398597,6932359.879175196,8322197.747567484,2938956.6617138595,9393110.738036906,9161474.099331142,4594287.861113564,12240292.508560546,74235197.32063541
12704090.48194652,11871866.479074953,2388366.4594449233,2319194.7091315454,8260685.750148088,7033381.0038025705,4647487.68167256,4213157.53341371,8638599.976923963,11327403.08891269,73404233.16447152
2951955.8205943652,4490100.720832041,6033546.653263111,8225418.848928373,4167137.737313767,8109319.6002718,8496660.101959672,8086313.561660126,3543976.2236465206,4494841.499612075,58599270.76808186
7036527.74690088,4062385.4940881664,7925339.080707269,10423285.530583275,7377216.075086881,5499754.133051408,7527846.022045221,8169628.661224604,7162476.686794944,6033086.182379999,71217545.61286265
7933151.060224734,5665319.367672376,4540711.328682402,6803188.130774345,4681323.611966375,8407660.95207827,4259551.124096415,6433429.870530573,5931667.625456945,4506448.317989021,59162451.38947146
7381252.904227478,7477590.67905514,6624647.715360358,6255470.622363418,4924664.53471411,5177060.57238909,8880673.921874078,5714409.895523426,5905671.716539455,6352178.317953153,64693620.87999971
9658014.352425989,3800353.683035895,2959510.7707317895,6516629.807810894,7004014.284444747,3500878.399739839,5127982.224969271,5323691.20845153,9060786.490443805,6585768.395526902,59537629.61758066
7088865.810890924,2141930.3040897376,5866852.105027845,7057461.7851411635,1833678.7244461705,10702158.718183916,6921367.84305522,7912465.62726066,9250214.946117556,6304062.2722973395,65079058.136510536
8343284.855003659,3938689.0948660574,7640772.552613047,1976966.7165740563,3633873.8936360586,8264149.474000316,1739152.7718902924,3264116.6077054823,7076669.619699906,7624584.701075353,53502260.287064224
2867894.3474892974,5238511.429463458,6716520.32743773,5883740.446942071,10894526.126143573,2407550.8363204226,4271217.401355198,5305779.019456183,5671257.773151431,12403832.52788269,61660830.23564205
5219873.180691485,7757850.319477989,7323244.489078001,6482681.312724116,5041005.889730592,5840912.524044663,9279386.913208893,9153817.095922807,6674215.237192063,5633390.882070945,68406377.84414156
9130197.12995535,9511265.550531741,8227044.314746989,7169034.909288999,6180509.285199359,9335958.4241943,3958649.2243213993,12122893.757933646,2394598.9773029834,8468934.137728235,76499085.711203
2801504.094572874,7830269.421742165,3902595.111832854,6599707.834877338,8407967.107299143,9494013.158472868,7288808.176011464,8198955.24514408,4087105.5835443577,15564768.655267578,74175694.38876472
7177332.617772582,7145796.060342172,7945661.889963658,8067126.780968284,11096294.44154289,5857688.445310737,4115993.518701941,9042489.394993115,7597462.965767275,7658070.6918479055,75703916.80721056
5342302.976952519,4502046.182096139,3473801.697004146,3415287.8213289278,5897184.64937149,6933091.990181984,6564667.694805069,6892193.591761516,5628807.37550639,9641231.417438034,58290615.39644621
11135545.258312145,6246409.654039606,5443512.003065002,7083426.863876041,7900196.832544157,3930932.585720819,6699642.033754944,8332970.077013708,4814055.132891791,6174497.190260873,67761187.63147908
7400170.932350679,5346826.84450922,7471576.643885543,8102416.851774977,5957197.633233956,6107955.681240783,3921299.8522390816,6101743.234887281,2991337.340437584,5141298.634469688,58541823.649028786
7651311.791112854,6003050.075118536,5894359.851262193,3473043.230425725,2895245.8781214487,7551758.573096935,6310847.371588113,3387298.801912658,5815532.776577215,5374803.33307554,54357251.68229122
