338805451826.9275,320765593539.47516,340722028586.3478,326832664103.9337,329213175959.8461,317128189727.7501,314199687898.93024,308724131281.6102,323817392292.82104,302857338735.8944,3223065653953.536
5966733.576348819,6482005.562013088,4175829.7420872753,6223776.161629884,3963554.868244111,2885268.1160276327,5106361.855830265,6079570.450477886,5298371.746188503,5576898.06511252,51758370.143959984
6670639.169069882,4516265.435955275,3603711.9552212697,8916094.005819779,5105966.570480686,1012154.3193544104,1289572.1826469265,1630078.6419558877,7859129.5019440185,4181061.5185961626,44784673.3010443
6383636.960597913,6202249.3485063985,5350716.805145219,6431219.501568753,7614542.180317467,466417.13107645104,1368745.3250267303,1845222.9458410628,5750060.432402691,3609491.5402047713,45022302.17068747
4035843.845503518,3148246.525823754,5639223.376585239,8030801.168262407,5960050.959323312,3875390.779617653,1357444.1471810387,3007755.1945734797,5139992.20719427,4738458.179113365,44933206.38317803
4210658.051429426,5649049.466532451,4010071.9751496776,4026939.2824300937,6090181.419200081,5131094.6008593645,1355053.1934876994,4148195.7405967666,6669621.248466823,1036048.7725219468,42326913.75067433
4550188.417848976,7634886.18409644,1776415.0440372708,8206491.121366912,8531563.23286269,5348565.62944341,1367760.5121024097,4639345.281025552,257724.03573004087,5096804.7358939275,47409744.19440763
5713122.381946219,2776275.0413216217,7595996.860047927,3061070.567090915,4032150.0867594355,2069183.8708546679,1150271.0676549654,6940259.660383323,1030023.1896573926,3173607.123603092,37541959.849319555
4991585.128487224,2769581.221825761,1260546.090287768,11136348.036478864,11317033.369329741,5773323.431899155,5640974.45559905,1657009.703481528,1093948.9656642007,3181850.340520277,48822200.74357356
8667294.12622089,12560518.24515323,2559076.4366813335,1976310.2330145894,4190954.9337769565,4895421.421893237,7731576.6801273,8508736.783891035,724431.0635082556,7732811.925972123,59547131.85023895
5676911.500406673,2046622.7231323423,7670534.035779926,5030957.191252242,4581083.2140440205,4172271.362303013,4468149.115796375,5990632.881733879,589382.3798257897,3659895.4661715264,43886439.87044579
8133577.350246582,4269273.749679715,7992538.76725726,8869630.80260225,8280513.666768869,7476998.021604228,7712973.685802155,3476006.4151651785,683976.2532232242,6606277.780782623,63501766.493132085
4179147.7880639965,4592121.128592233,8426461.56817623,11254317.078992756,4001515.959558434,1179322.5804149306,4233287.132731789,5170960.6249997355,696231.2720784879,3289816.7561793462,47023181.88978793
5159704.143928529,3081124.226619519,5598013.31692215,8778219.167878376,4851717.334654154,1558762.5225969914,5549215.184032224,2028599.6575314323,715855.5887368645,4007339.0175898448,41328550.16049008
5413114.7817346575,6179778.84817737,4527769.895329293,3408683.178211689,6095827.236735397,4888299.824433128,4953868.464978601,5175157.082927964,727796.9279284583,3248967.571713534,44619263.81217009
6196754.708126865,2919437.3634504173,4474316.798611715,1310225.0641653165,3645438.0756845567,6398853.448210705,8053579.785123737,6217378.868862035,734357.2033281061,4077065.799645939,44027407.115209386
8753687.338898886,7095463.671269509,7816011.561948055,8270219.28084526,7556638.935303376,1770725.2274821333,2297291.6274293037,2434750.1351226396,747762.6136704317,5469398.297528216,52211948.68949781
2231199.252106911,2128462.206429662,9886074.979633577,2205380.826491263,8472841.630880045,7457102.131271723,5630507.650671345,7426109.415434544,3132444.6647289116,771687.2983155207,49341810.0559635
3488752.753331952,11339207.6795125,6777760.032245732,8482440.45304508,7616401.5171432495,1011739.3476287269,8521998.863751682,2126560.9116410776,8510462.215659443,5758942.544763047,63634266.31872249
8332882.02480691,7369434.651232272,10025865.16969908,9820471.841740236,5475049.554200092,1389549.5498086934,6324495.53027618,8550232.957145033,2390498.8238894297,5900444.537159832,65578924.639957756
2058326.1964593057,2527560.715527776,6796076.946441428,6172217.424550136,7372019.7912795935,3462466.2617385183,8413656.695962332,7302388.8346611485,8061020.800833557,6603887.570168763,58769621.23762256
7060895.081157221,7967041.072100138,8323412.302566427,8510650.26128986,3175170.7042498305,7836629.036362623,3964081.6018873183,4431781.0452728,2877307.874414051,9466691.715672258,63613660.694972515
4640668.572210871,3896231.7048918717,3841996.7892395454,4550051.789139623,4555227.92214222,4841742.591342876,9142973.486140158,5707560.6053700475,3894697.5610240614,6652068.435070485,51723219.45657175
5107104.054472933,5373489.2648426425,6441217.805279371,5667744.469559897,4872749.560766741,6831841.353754348,4143176.9081908544,7704037.069463345,5101380.568201401,6306680.692910456,57549421.747441985
3504798.561041244,5576290.232862733,2735927.7146815434,5835204.871730977,2643073.185852312,7850539.413327032,3178444.446172416,4445884.21048789,6026639.060457605,5977156.4778685905,47773958.17448233
3647909.8587999856,7775503.857022885,6277721.385408179,8799233.473740293,7138466.996519668,7008188.717911804,5428997.839034865,7366158.795596462,7107839.884355383,2049656.503588731,62599677.31197824
5010852.275477174,4432973.971170409,8102646.061446808,13510058.056445489,4947481.361593311,3322924.984270533,6875991.072761756,4787214.816284018,6035988.441427514,7254472.417081853,64280603.45795887
9534579.1688663,4334448.470834211,4437592.275815618,8779101.78668905,7832351.8635806395,4598068.914100643,4109301.265595749,10389030.415001083,7734125.419578032,6641548.564709609,68390148.14477092
4849888.139196473,8438333.960122649,10351205.497820834,5183733.561641713,9585731.112368817,7527433.392365452,5276381.302703058,7853014.637297392,3653751.2643775092,5739829.860835082,68459302.72872898
3772786.9781354666,2338384.558309489,3273696.527488496,9145568.08098351,5447339.716635581,5221118.2283474235,9423535.955268627,5641041.141481143,5696559.657877732,7070892.997885527,57030923.84241299
8435055.3258823,8937834.597645763,6988668.426517729,5224882.558766428,7588296.134712805,7011286.416880485,3774093.409489691,6497535.891097563,6613656.520194153,2712895.454299222,63784204.735486135
7691209.215750116,10727384.009484395,3240860.778006045,5587060.387386054,9054400.361531911,6896693.744863645,7760687.09091596,3865420.0048588957,4025260.29717677,5760016.004284202,64608991.894258
5069219.115084828,6163662.0492191585,7684019.332630117,8676955.969732715,7310664.901315563,3461277.7466719244,3256335.0217934814,7703298.9875977915,7283749.637974361,8071546.292304753,64680729.054324694
3427267.5016155243,9141834.959630735,8530699.790503904,5039122.188591394,10340217.948446168,3617843.8700826284,6101760.278947119,6422914.642046241,7448882.7490556855,4414180.368216919,64484724.29713632
7357738.724889296,4726890.356096244,6195277.86469409,4460456.884010479,6856529.809740287,3443373.7214936265,4921426.290118705,5340487.039455545,5013621.021414502,3467217.920635067,51783019.63254785
10317902.285224125,6028196.3726900695,5568726.424206793,7038124.091967855,5152658.916086301,5027871.669701264,6582395.638408873,5455995.666015236,5289947.571967385,1908825.6236141312,58370644.25988204
7007229.308504658,7913776.866863387,7563221.071101262,7830819.576597082,7910721.624429723,4695431.033771322,9706271.097556153,5187353.758897023,3677640.7547445535,6109087.578925215,67601552.67139038
8542166.98798978,8043053.046916432,3547369.942693745,8748059.352574838,9400258.703592401,5823374.316208311,5664685.676548956,7353698.313094927,6065885.323679248,2400838.847301205,65589390.510599844
3686006.6178944535,8978249.196343284,8949265.169024162,7127389.402698315,6988418.858415272,6928218.157469813,6791188.737676645,2420565.724675984,8149475.702016718,7270222.250540555,67288999.81675519
7843678.814784208,4516555.350539386,9248442.123064933,1324692.9648144566,11000484.612370098,8754639.434349325,1058698.3791666497,793805.860411519,7147370.852826996,863370.2738098985,52551738.666137464
10328559.63587391,7139816.012681689,1700477.7591106375,1374108.077632843,6555358.000723379,7414585.872771534,3286493.6488024704,2157602.105318461,8751750.892228369,6560029.382252063,55268781.38739536
2416215.5032409467,1944950.3253137514,5831751.625995456,1986931.7987765314,10163208.906784687,3812296.9260171233,7390368.768064352,3641627.338103708,9061709.442575922,9883362.572754579,56132423.207627065
9573173.152802654,6036480.720698421,10117652.870331058,3633808.248650178,4674248.640969957,8808211.95854442,4163750.9432419185,6228345.719168459,4436998.810842956,3636495.110691109,61309166.175941125
3441084.791914762,9191256.81632653,5138236.21880088,7548509.072436324,6867018.088012242,3385889.4699825714,6931080.990307859,7862407.949040445,7040712.031223207,8606601.226386106,66012796.654430926
4083810.1462749853,9630333.827616904,8917028.470138272,5286907.693842638,3894128.0700022266,3978163.696121251,6117247.6451782305,6031582.945473314,5271189.680802196,2473261.9277985636,55683654.10324858
8111859.835233896,7173201.33156169,4775435.720079351,2290356.770263545,3694742.1437706565,2446259.0589479185,3181299.6302534607,3698814.9413392628,3853503.959210679,5100009.139414509,44325482.53007497
9117394.07612341,6833372.664795194,8451181.702556463,4695281.818493421,5262381.704378854,8692303.693458892,5916333.817030623,5931823.026568572,1808586.4689309732,2638309.642398221,59346968.61473463
6181382.660724736,9509654.418521747,3298608.2588350414,6406679.295904449,9948680.21420561,7915353.475861089,7370888.159848193,2052993.5720445374,2993738.1710686404,7467530.305940133,63145508.53295417
1104888.1506600778,1577415.9936285268,12315340.071339678,7204491.263067666,3065415.511669885,5377124.46019209,744984.1177266655,6704393.649202398,6780684.813139249,7179633.791574323,52054371.82220056
4924303.136983629,4520708.396879297,10050510.622211846,4427805.579527878,8682346.670945847,8965188.513555909,6225664.00309047,5347199.706031551,8939301.078168686,2588582.8948641946,64671610.6022593
11157173.798212687,6962813.68979697,2606538.5166341723,7305704.473981571,2338274.4916104,1943145.5710353504,6642382.940096335,7786773.025270363,4338248.408443442,4747708.105751746,55828763.020833045
2865110.919962306,8655472.693002418,6283208.6718804715,9922515.718449505,8733188.671597285,7151532.344344709,2952123.518394041,5949052.976929233,7062933.445722565,6687552.550752682,66262691.51103522
3623510.242502242,3834801.475233731,3671079.5977152465,9724247.641806358,3581766.8825163855,3592564.465503539,5865605.98791231,9265404.447363513,5624535.81281628,2144589.0227191555,50928105.57608875
5326672.004417574,6022947.328360995,7137733.103165837,7509860.929372693,5634478.766203799,8058404.70235729,2191167.1320950803,6142666.2902730275,5296457.221410112,4035998.543805866,57356386.02146228
3676116.897607484,4185919.235350601,7406513.787576099,8290842.344607417,6686778.942026346,7595235.257363756,5588242.572276144,5362643.15113176,6990966.788131005,6519766.255008352,62303025.231078975
5024193.530470416,3762165.2364903586,7374545.8622784065,4541624.430987849,3700120.197211992,6366911.342864681,7878797.1564378,5452956.791931019,7800754.601194765,4590502.172890509,56492571.32275779
7331895.904494916,5370760.179240215,7938038.175706579,6169757.301373215,6249444.274617833,3895926.7226523445,7226027.333188977,6780659.136465921,5969664.884708179,5150282.372661384,62082456.285109565
5925428.004999289,2679862.0781770237,5741204.274050647,5707431.418910285,6761988.5296660885,7530089.132685959,9549815.68683411,6323167.328702262,7172110.571760798,6303302.696753337,63694399.722539805
9450793.473528704,7738196.27197173,7949699.575792179,7041188.946402329,4607653.341089226,8121791.677640736,2835649.0725602293,3299745.022392768,1047068.6620425245,4237719.005994035,56329505.049414456
4356317.4081345275,1492310.7993077636,8346461.247696577,7377749.737917338,6935723.920790924,7628407.384089436,9876616.349295462,6945249.4802402975,1795909.5941045773,7860868.5474692155,62615614.469046116
9764056.230936661,4460329.814243181,9385017.98737599,2904900.6637940137,8408735.128348399,7862106.141573486,1663532.25423121,6051739.256435472,8268425.269211981,1543705.1479243208,60312547.89407471
10200883.436233949,7291842.340868447,3815674.416441117,4382144.802821095,4953341.272466176,3158347.457194921,4671663.303354402,978649.0657049217,9732445.23794378,6136159.224544047,55321150.55757286
8167062.486506456,3026122.5238466146,4360737.574095782,8501059.130989343,5692642.279786019,7552832.3624034105,6972326.050683389,3469447.3431440215,8130319.176707144,3569386.4103933508,59441935.33855552
8471623.002138369,3747837.732467824,4447726.106774534,4318685.057509351,4733510.75484998,10134916.059015494,3103223.6314730314,5004760.700355028,9630836.104968214,5908645.135531364,59501764.28508319
5215549.179483583,6932393.761003252,4285711.048757278,3372161.55269164,7397048.906016886,5413265.330033955,6033481.446719,7256794.362112064,7567219.67763183,7832270.301700923,61305895.566150405
5249780.789372253,4163093.815166651,2701753.888237153,5793907.091318716,8059165.292706681,5332828.824201502,4772510.876673023,7297877.558399377,8093183.48169264,6735366.061917283,58199467.67968528
8367989.036568852,5709918.030505505,3048244.3328229035,6445589.258280146,6248627.851036674,6090153.321916876,6616720.560154479,4660450.468517199,8594023.250170037,8144518.679124576,63926234.78909725
9760525.324633427,2987747.143390209,10261024.869718181,4842979.488158256,2280344.6107176524,6900339.268714931,8740501.416152906,6930575.572142839,3723829.7251849077,2247695.661195262,58675563.080008574
6310153.405345455,7455108.095850431,10338300.617148476,7179215.757314052,7248944.027686767,2035943.4760303125,8912075.4800856,809670.9386668021,7700236.279639366,5914098.904568398,63903746.982335664
10644584.078467662,8400683.652198743,1403618.367270058,4431998.25005463,8139286.302081206,8112689.573681162,5245602.477079044,3413790.9487375543,3356846.0028085136,8404258.049146881,61553357.70152546
10006453.581488576,3359306.2644231888,6915675.810460404,6836236.154924487,3784647.435864653,7751015.906529217,4677059.8006492155,7068489.226276175,8179845.088623579,3114919.486436455,61693648.75567595
10169790.30760168,8731939.568123741,10537792.403576681,8020110.330675599,9596197.568979943,2406095.751750165,8832312.805156786,8337992.113504294,2098744.5396173685,6991262.493190592,75722237.88217685
8868079.146515585,3143220.445154012,4515696.850796725,4903113.475595457,7414918.765764418,4604359.6212792685,10442176.222961819,8848362.797529755,4160047.891040473,4324783.123039507,61224758.33967702
4330743.632030846,4767183.534845264,6033924.631339063,8449893.616840478,3769959.9856263804,8404880.381295243,6075523.54527588,5885633.54845207,8023341.054298069,4397344.597509346,60138428.52751265
5928948.478695453,6998890.654228946,2913132.440441942,5211531.177305947,5522546.254304718,9168257.472874707,8180570.334244507,8395652.047789335,9604115.864435567,3705922.5228633084,65629567.247184426
6658045.688705692,5026310.322523376,6519517.727010397,7453366.581598177,7817789.655771521,6966047.001738887,5026895.534383484,4935092.764138549,3538895.2689637155,5712641.6931424495,59654602.23797625
6385051.409613629,7024090.918634193,5464437.933421073,7098803.354749197,7458457.5806516735,5715067.569276347,7722203.180193071,5975505.064424932,7142805.529716787,2193895.633015447,62180318.173696354
3339118.3325623283,6457343.218400747,8974394.50869948,7805968.461630118,8367396.361301374,8644645.551350404,7313312.149232266,6944211.071428706,3031689.020959561,7085174.440708843,67963253.11627384
6925633.089355241,9240643.126741195,3274740.3243664852,4627414.396207365,1509044.2922205843,1075374.2272906592,4069451.994764892,3721890.1053933296,4686586.364899124,8024237.00999269,47155014.93123156
8991504.882056601,1844531.5896289605,4862358.819869723,10922379.871834159,3409821.0982502624,1736322.7651333257,9668555.619707035,6148326.722591162,6751337.366838117,7747056.15970757,62082194.89561692
2390977.73160416,4881687.048530804,7733522.477423394,2485414.8560797772,5059345.756649998,7023616.967605408,9795534.353088908,6715695.402193242,8719784.3977197,5649697.568824041,60455276.55971943
4718064.990192782,7566634.071585573,7782741.789558993,5736208.103066785,9434474.85845956,8280597.761601869,2625954.3708931766,3411913.144867345,3586012.123236952,6412553.951244132,59555155.16470717
6582531.549205644,9501272.123960212,3808678.183316137,5084719.389837468,6531254.35398326,7659386.012331549,3457263.018997518,4228647.407354573,8038999.32165749,3462775.5262363483,58355526.8868802
3424583.800494147,6079332.976307518,6768838.817383125,3810434.305977072,1850397.6069632813,9205556.17322722,5950596.578875232,7485701.764666255,3943250.237112371,7435959.81831037,55954652.07931659
5180597.723137183,7492738.337256353,6008600.979293287,8129396.064736245,3380313.510793859,8054216.920730306,7857299.0438324325,6308065.155858458,7401361.297618453,5485965.170834957,65298554.20409154
7163908.345778132,5521235.418918196,5786365.694718073,9902350.849253615,8470592.869913058,5118155.015262083,7784852.9366700305,6748388.671011563,3262379.455530008,3713209.878662222,63471439.135716975
6701046.954907548,4358064.650064913,4543833.553568872,10578458.171062578,2491134.554125656,2504939.719317082,5525197.98620554,5212439.567130044,8754829.565214416,7665498.370591369,58335443.09218802
7625167.51062829,4918949.116029611,7596052.712119515,10134990.461814864,6828679.614371205,5931640.733916667,6319514.565022686,5392286.764040538,9417341.079596834,1919402.9873158806,66084025.54485609
2399326.1912714615,6851487.957930739,2290342.4446428767,3722394.755865506,9483127.965914149,7767549.341033967,5843479.439517342,7445249.616649187,5787102.136440088,8180361.03843415,59770420.88769947
13667648.761509536,8636798.475364365,14462281.143416937,5932393.184627741,4071227.4442035193,1376454.859125732,7567297.366031396,1276323.8443023753,9316243.292950898,1682367.9216832786,67989036.29321578
13156088.457351992,6166166.588655076,2675259.916541813,7317225.81562899,5882276.015980166,5878572.669119946,5859074.893800487,6206194.223143141,4152186.7938607675,4384842.776201683,61677888.15028407
8582779.445421465,7931741.31256718,4193909.5057731858,9623817.916159008,7987684.1085881395,9081893.821777483,8255767.087726106,7241786.586814594,5338375.276442725,7504702.840988536,75742457.90225843
9330539.237730378,8526312.29473431,9192511.618811699,1630261.5132298018,7408935.68105919,8746228.450694181,4063570.3600347526,4780018.611470422,6113978.432348077,5767130.43009674,65559486.63020956
8348871.452526437,4886235.253086408,7778119.120382904,4580403.098407356,6086290.183843098,4292672.739519661,5938600.755867589,6786775.25463364,4535103.663643557,4639594.681072992,57872666.202983655
7309292.594457596,8958030.421466801,3323295.292193919,5225397.449353577,7280503.718903067,5244012.864834378,4709161.328675123,4729316.405710467,5052775.936479327,6821540.888401592,58653326.900475845
5740159.196364211,4256134.2760178605,6285852.458149886,4348442.68740773,10828957.097667664,8110179.758181822,7085295.958200156,2540511.408400031,8581622.598604849,5191988.6965308925,62969144.1355251
7519162.751360805,6511692.880693559,7303443.322960887,5316386.750797034,8810618.571073843,4620475.844881733,3187845.008702509,6092577.223275464,3655078.918814344,6445923.599426916,59463204.8719871
10384686.71767968,7828290.347701816,8919225.180804042,6764592.566490957,3542396.0194284534,6853002.302763335,7534622.408759053,6824617.1838565655,8793529.905768542,6882932.256691496,74327894.88994394
6493933.36229544,1234849.3857309506,2661353.750754826,8918906.36704709,9113556.521414874,8472936.91891875,8402439.819640718,6828037.668238664,2663071.994961235,1745890.4988961618,56534976.287898704
8499693.748306468,4560085.017614158,5938933.67827567,6145596.35043094,1567163.1200073208,4413891.4957760265,6963308.22083205,9588315.631013162,3489664.9392209495,6814292.826649573,57980945.028126314
11682503.68366163,6094932.640478594,9553175.57985345,6823857.481879386,6999228.982228779,8032373.684014554,6065401.091876529,5693258.187617183,3766244.621217483,6456907.924490506,71167883.87731808
4803591.4163709255,7674428.7819429645,3898672.377772768,3320947.3065926014,7650560.554016509,2836166.6990302787,1852727.1469425475,6889035.190160753,7716874.802606529,5893495.237642805,52536499.51307868
3613299.6901769424,8076808.541037519,9974246.015904956,4485158.2112741545,7816331.970903321,6863069.19775356,7017674.203533505,10392045.710456997,7194075.141573214,1234734.3394872681,66667443.02210145
5409921.065936015,3215218.0409756415,12494572.059091834,6748512.540606445,6893438.766341489,4874123.22152282,5436092.797055906,5973331.72146948,4683558.871043722,5340380.432724521,61069149.516767874
1501040.488009658,6490219.6379721435,5488578.139760111,3772101.4321330185,5494637.8429719815,7319036.490032108,4520046.106553506,5699465.442454778,7337921.842311374,5222388.870999691,52845436.29319837
4736017.713984641,8273936.632117478,7945348.810219845,4856991.139112389,3564587.946649444,5223833.722225733,7212419.925773101,5665674.03132427,5024789.381664487,4148210.7015348016,56651810.00460618
3988250.8286013044,5342711.178584202,3088731.2324004523,3833879.9975004285,5734963.006357209,2124214.9505757447,8728316.735320142,7011941.824491301,3112293.648328344,5364939.635431647,48330243.03759077
6635962.907361617,6309171.11164609,751685.1833859099,4375924.109170083,6847341.376963747,3187464.1682227817,6782972.760881742,2093039.0624673883,5473549.953608804,2792868.4969282597,45249979.130636424
7015876.7786949575,6083403.707889236,4119652.955963122,6086901.218329166,5629159.576083512,7235276.330757222,7565170.822397629,3343723.469122806,9093039.558404656,6798563.2919113105,62970767.709553614
4069611.6146053486,8688062.979879832,7698582.735012875,7172024.411690534,10147892.533261582,1980559.2351760005,4751704.274656966,6602811.19815939,9468903.430998586,1853503.1895730018,62433655.60301411
8321031.35280975,922601.4658743207,3699420.7730372655,7909279.384507101,3369308.7492788313,5283018.100389681,9266543.317450782,7278602.573091052,2046241.4138346196,3698389.203335046,51794436.33360845
4477720.84078815,8103643.567108152,7287762.905860194,6606240.877552234,6552866.923304914,10230503.231957277,3679029.097239785,4142539.370894217,3649965.295680464,10974652.980997106,65704925.091382496
5599360.824219847,10769922.354108738,2279638.5871258583,6507776.700745017,8111261.122896434,5257107.912126308,8958112.642880931,6746257.76025757,8967267.090456598,2670551.550420191,65867256.5452375
4254059.323472909,3302357.093777041,6131535.364719678,8004418.514310023,6658943.773106687,7833845.163637463,3889617.469627533,3163710.091874493,11187862.452743357,4238986.393464825,58665335.64073402
8669155.103941433,6294516.188300605,4354761.3007508945,6996148.064184995,4387821.0200593155,9998414.871195965,7069672.938193058,4649167.039056958,4520836.3207763545,9199036.222413853,66139529.068873435
8710212.502720311,5081797.288099,7387686.244598643,7859553.022769933,3941255.01039133,4733655.172398336,3508922.5515817152,2852744.744984919,4386736.9946932085,5969482.839489086,54432046.37172648
8146463.145004448,8779135.952253772,6828682.71629653,5936550.767941958,3290328.6728083366,4557524.59686863,4821003.949723454,6258785.926410779,6108599.195351098,7351814.821060194,62078889.743719205
5632611.305696999,9743044.540684948,4821396.52464267,4738861.7184855305,8070301.014755875,6114595.8342983285,5441120.797264289,2457421.404985692,10044659.711626446,5614663.738401723,62678676.5908425
2246746.6263193553,5921216.053430383,7584316.093889557,7924774.293902699,7739119.48272465,9617556.34720618,1222541.030113477,7074707.377764111,1352813.6534178106,1126068.7467033174,51809859.705471545
774629.2695428493,7468034.114551198,1542761.3413775843,1861060.18888674,5171206.897811509,3882642.0664316393,7299852.436057771,1386025.1967640924,6035784.788415328,4601662.552295319,40023658.85213403
5823737.309007179,4017312.4168970557,2952339.419304975,9308555.096965834,7203023.745674668,7472514.268390542,9984683.562246459,5367433.57145807,8085378.39854065,9076419.559121635,69291397.34760708
10596716.55180735,4441225.208703483,3770516.151470073,2742762.4915212994,8735948.697125385,8444559.791283727,8046335.262570377,8633635.009246454,5663130.918253953,4041760.6306494246,65116590.71263152
6477501.411506576,8105813.392723489,7574375.503530996,5690762.860726563,3658081.8099975367,3111098.507158464,8712046.56842676,2575169.5800631,7361538.870000073,6272173.516923362,59538562.02105691
6967570.313029954,3076610.443165173,8274922.452713479,4208765.823174812,3783627.854771536,5685177.3462966755,3929150.792772166,6191714.128473035,4045954.9518490527,4053024.0557109783,50216518.16195686
4870694.393813,5260388.554430634,7209854.1741055865,5769201.213305024,6360601.03863587,6934189.064404249,6137402.489767199,8549274.50449441,6570485.466581366,4038984.090618984,61701074.99015633
7741365.79467268,8476063.067636114,6349739.856999467,3328244.249644458,8176568.802562968,5373089.342893689,5594398.703425215,5557577.9502283605,7163876.206009798,2582417.0829600813,60343341.05703284
9805598.569104703,9529554.71757229,4857596.5449863905,4405125.204609235,4858181.994290876,3687875.132867133,7788622.667906795,5285627.700479937,4240208.42593926,6686442.147006822,61144833.10476345
5797048.863871418,6070910.370314338,4767397.686648196,8227346.317033409,7441172.658708934,6440026.741960233,6619102.491905692,4804663.476040826,3757682.5541847553,6806460.043246853,60731811.20391465
6396324.933555269,2807868.544889084,6539068.31877776,4666165.116759718,2997801.459646325,7357710.629043605,6815609.685317797,7444577.126425909,8858594.221749542,6689366.235992345,60573086.27215735
9591418.782471586,8584735.647901153,8407947.540735273,8440490.866930945,7543178.555949053,4851188.03034998,9140464.406900857,4501279.843430149,2668904.705983363,8838934.156275913,72568542.53692827
7856290.186931026,1442103.9821411045,1856808.210829109,1631946.4805880655,10520079.119840456,6878894.8314323155,6116567.580621097,7894025.072172343,6643349.067464647,9686004.389070334,60526068.9210905
7387155.784157796,6621314.297944474,2848692.2229304304,2309991.5530304816,10250895.605341185,7396321.318860046,5798708.239438722,8135035.147767008,9003402.682706583,9915660.405647554,69667177.25782427
11035455.959759759,10621365.365863571,5122353.296926992,3303639.704896862,3541790.053858129,3589057.832586748,3203556.1927467156,8088090.241479147,4573585.376014578,5990192.6613103235,59069086.68544283
5729385.6552092135,5316179.733530421,5701742.396708098,5365565.472870352,5739250.344841005,7852095.098062479,5670094.082327285,10879110.112020994,7223165.410024667,4868638.299025917,64345226.60462042
5083180.295146394,5209097.301285883,5006701.300820873,4821754.547379444,11139079.285728047,8456337.11530585,6648477.007299425,6806766.245294383,5394413.297012557,3838445.5317119504,62404251.92698481
7923226.538409424,7193224.005299458,7553142.233966466,6474852.315707313,7647557.705252609,5179171.967583552,6999840.005551486,5584498.4636035515,4366338.118894135,3795323.3392677694,62717174.69353577
3130757.9345874963,7331602.589573292,5331171.70467255,6513243.576300067,6214872.178792178,2276842.3626040304,5559459.3750987,6394238.905186791,4997652.538302014,8416103.25560597,56165944.42072308
7433262.739170586,3441941.464408197,6226289.92044285,7153103.552361997,6135954.230345631,3470415.519232714,6748608.031902254,7707832.668878433,7592479.577520813,2054632.6832303389,57964520.38749381
1925675.2495284062,6651445.678107601,8511412.402590234,7985411.023387105,8838700.049732339,6058410.652159417,1310936.4364967796,3758309.5022104513,3402696.487015906,7222083.454449718,55665080.93567796
6556966.419527198,11312328.865512623,2185360.106031138,7084212.214388971,2269260.9598440863,8901875.571159745,6227898.595537626,7742485.050213441,5638098.483015418,7224085.636488686,65142571.90171893
9325685.059811788,6099237.246982689,5353477.67617538,7418829.17397624,7570220.843628922,5004264.231519084,7589089.223071115,11045558.767978901,6288946.047991444,8198351.457598212,73893659.72873378
2946186.3190926276,10852419.514736263,6524996.787147179,6494931.807033626,8501252.184264854,6395579.926850373,8978519.053108687,2445622.5216063824,7959293.367138366,7060683.334545633,68159484.81552398
7672880.4546280475,3550669.151973014,8172427.50198563,8212411.278605083,5915331.196321059,3222952.018058203,13515975.819071813,6044013.020951934,1337746.7511188986,8313785.065708762,65958192.25842245
7340534.1930412715,9201705.342863876,2711552.942794765,9771441.568722656,8517437.368724685,4681111.589756001,6243760.376919795,4221505.232646941,2668919.38270084,4181395.748005565,59539363.74617639
4320782.215121083,5569299.102924862,5176795.4121188745,8719019.126066396,5412244.616532695,4903580.477937273,5096609.605964809,5228137.283500884,5345817.188209698,6545678.515105105,56317963.54348167
5592379.79362071,5875994.812973516,7050499.925512089,6990964.453402236,5187241.136292417,2895880.884955545,6321215.013728285,4212667.312935041,4143979.0743522053,3253873.3854884026,51524695.79326045
6006225.598307101,7587751.495458472,3125408.7674536686,3866603.310208659,6915120.909066262,1995241.9854650202,2817182.1566210696,9126792.12313022,1869300.1388149213,6785414.706299406,50095041.19082479
7404111.003936228,3142927.388024047,6719447.10142583,9869180.231367793,5651803.827324566,6778078.062578771,6031232.510033641,9742122.586849267,5886386.114927562,7789310.863055537,69014599.68952323
8745581.66401784,5724289.269705919,15959350.724156713,943645.2083862924,7229171.7120009,7309903.634689838,7238727.126232412,4316636.450929028,7028278.554233487,7826887.187231874,72322471.53158431
1789461.3007863774,12861450.009490931,9798407.817630667,955531.7917634555,665287.5964394613,4107171.2307049655,3907590.0429134397,5056463.271670667,8228283.933071372,5348421.195058992,52718068.189530335
5059095.551744148,4645435.167172476,8424204.057344463,6428091.666677414,9602893.94775495,8100483.42175334,8367566.183426537,7393323.0536366515,6027562.874442647,5340899.714645872,69389555.6385985
8653637.737604987,9173786.728334218,7644508.576491116,10691454.275587799,7770489.595773086,6780747.138632386,7831575.298325961,9159887.027019942,5709471.55003784,2129772.6964443605,75545330.62425171
3000023.906569247,7776957.098330673,9313657.694628427,4708083.512448393,3576919.485624901,6116666.66001428,6990743.855865255,5225043.323306227,7450603.192994672,3386342.8644245947,57545041.59420666
6084861.344545098,5359973.67325913,5457562.334444329,4735043.797609622,6250413.525667873,6122648.610185292,8114247.96177456,4798755.805056597,5999956.793313041,6385583.815050606,59309047.660906136
5224608.0846605925,4248789.5196632575,6187798.955037154,2297768.9385507274,4763523.411063651,3802422.648860328,4966491.127678272,4499528.749415733,7196525.536643367,9187381.420130515,52374838.3917036
1376874.4814623948,3301868.2923406526,2383837.5023726244,5342568.980929465,4256893.815945361,4883329.194425991,6035033.485995582,4403665.451716884,4051984.668384875,7879032.815812309,43915088.689386144
5646784.912499148,5448243.154477288,6248947.864771687,5524891.2249035025,7532277.545867836,6246426.424052161,6217148.706065833,5669609.528874357,8794575.237883897,6273063.567335879,63601968.166731596
7279601.198224808,7127349.26516685,7832605.481211418,4457255.490780129,8651380.778753996,8352309.564973917,4888170.700001198,7401684.134695373,10853438.896047702,5171241.563697457,72015037.07355285
8310720.52608358,8686973.45223418,8759830.767867563,5589844.373860136,6034600.778385524,4678565.805458672,8150288.99923842,7302920.146911811,9450877.525857074,7382464.863196524,74347087.2390935
4497873.062915649,1216810.6358039468,7875719.759555293,10000709.832765542,5182638.183755933,9146161.562752869,11556175.415373398,7727621.283648575,9738129.686089711,2530805.8269440536,69472645.24960497
11255873.24840701,6149977.994395228,2562766.884732748,4296813.628022252,7523234.234026177,2560318.936332905,1580399.4475445356,9003165.239325443,2817480.6167835887,8464255.755877575,56214285.98544747
5001105.323497814,9444747.636649854,3512927.048994184,8015372.1965566315,6096339.831996905,7596792.649647434,4783941.814695916,8951389.097861972,7143798.689710643,5707703.394903908,66254117.68451526
9068160.40694125,5175813.906401563,7961064.617310461,3580097.1616387577,10136307.057286097,8735035.518416364,6607751.134303721,8037912.640610171,3728849.542361357,2361498.828664344,65392490.81393409
8860272.418166706,5589332.686068402,11033326.616396634,7869952.227380658,7905274.450565305,6308316.57546857,10951716.317999335,6174893.903706927,7639959.884057511,5989565.794145875,78322610.8739559
11540702.501563862,5600393.235040321,9406676.462342493,4949962.617724863,4089877.2368379463,8094572.16522996,6871281.012496287,2242062.068123494,4700848.809967018,7414295.326722964,64910671.436049215
7697093.465618984,4703960.896238635,5719900.128921741,9013298.366644097,5545569.222578896,7702008.050103709,5380468.003054759,5373556.352025966,3827552.910699542,5584954.255541512,60548361.651427835
10492374.081005357,7269402.76938284,7149260.297563241,11206421.695606692,6948765.086331623,8093030.23059723,4985493.931206627,6201572.578669494,5157144.616054887,6615825.568906816,74119290.8553248
7271141.165056572,2953838.3043415467,6432371.603190578,8100918.089600566,7159554.836200408,7503270.1690397,4941291.361095141,7646204.692810145,6143743.428266931,5938641.788024646,64090975.43762624
4380287.891465919,2177070.99976946,2905764.1399807585,3049218.99353473,7495726.630425264,4648898.4689346375,6190274.4818398515,6494860.61282991,9816274.151414774,2426110.8435356473,49584487.213730946
8545612.732457133,5544174.38456646,3996479.608578996,2617257.138405181,1081311.5194099334,6050402.45640358,10241731.543049943,1894120.4452660126,6447595.616455371,5294526.411539521,51713211.856132135
1884617.1659997166,9467699.491150074,8873932.556698876,9981343.208256982,3980668.8295632424,7604675.53531371,5598842.532594009,2448897.4806956253,7878269.650392571,8828170.525839388,66547116.9765042
5691905.301450254,2144862.5877649523,5441413.693832215,8745047.817871962,7889356.965697091,5021956.330650857,9266139.012796652,5878638.263864255,7177937.069512744,3340030.5022704196,60597287.545711406
7615674.753309213,6358895.59601893,6721097.088392424,5748443.397111871,7779383.027328856,8185626.738578843,4420324.684297558,6250477.747177206,4951387.174993662,7272159.0962103885,65303469.30341896
5099155.269657763,9259357.58075907,8041912.803023653,8099131.070449471,3391112.360447662,3438040.1840321007,6753882.81464131,3916432.1448932323,580568.1231486866,8995383.779243711,57574976.13029666
6229715.850095578,5518674.159023642,5694230.588549062,5006917.23167842,5853683.512745517,8005438.29110888,3557975.6977668847,5479896.524608013,5971230.598489763,7281265.607256034,58599028.061321795
5410745.871626674,7375413.500347053,6381308.385173061,4257238.748709287,3427269.8808730296,9468318.578088403,7837406.992949473,8599669.203431932,5957677.643401627,6001757.116533577,64716805.92113412
9273153.106314836,2743630.5669691185,6777340.978423832,4921755.443426189,6285499.5456759045,6819834.527451586,6962770.544487812,8129886.7414140375,7631477.8599717785,6192984.206189666,65738333.52032477
10732052.549431408,6421108.171081191,3678522.468968167,8803592.852008648,9589827.2441814,3337348.282828677,1838286.9610138538,7441496.902906123,2665855.875799645,7388704.545450908,61896795.85367002
9344266.043967184,7368740.01255501,9216785.93680394,3764287.186544859,5023708.305174195,4630601.064235498,7047129.068426022,9199562.510478646,9414148.428804163,4779059.333836228,69788287.89082575
3593886.0094019766,4799024.288986701,3247978.018584251,8314460.703331087,5589251.999907334,6906021.278570017,7884398.896778293,7622013.921561823,2247216.7916584094,8336478.8473344315,58540730.75611432
4685924.829337314,5444642.690277582,5111105.951137258,9183541.494237682,7841641.506011405,7506086.97802251,5931216.941984196,8917130.043377442,4956464.133936544,4235334.986521548,63813089.554843485
7874208.787850632,7342331.946834076,6079926.718935087,8098896.783326577,3114211.809956159,4569627.797744655,7063359.544490423,6478465.146242993,6272548.778255035,6804684.784218659,63698262.0978543
8423163.517490339,3899656.2858504034,8194248.044334605,7695798.513659806,11156882.175243225,8454318.624274459,4512627.761149541,7971582.103166861,7775830.224066438,3334682.5767406137,71418789.82597628
6618043.884868496,8403916.83565817,5709146.640788375,9822024.228488779,9140753.621061448,5554267.394974709,6525317.449171933,7068155.30019331,5325254.605366464,4060255.469625443,68227135.43019712
8183988.693335691,4255638.470561859,6253027.923041706,8505512.649290012,9450843.95212317,6557691.09147431,8115724.1382344505,6422640.621603006,5970682.55144624,1051431.3419981718,64767181.43310863
9513038.657600528,3306678.0280514923,6715405.081729502,8290010.52293907,5195443.450834504,6422285.3235528525,6268914.355639929,5787568.873758352,3153400.539896884,3120517.4894567523,57773262.32345986
2081315.7965210867,6449230.912731791,8200038.060471263,8322228.812476213,2460019.8834767323,6991449.689151542,3766483.2550257063,7382358.046595778,6055118.3617317,7304102.492902764,59012345.31108457
2087623.4407316027,2821763.9894372923,3821225.9194140313,2799507.506623893,8505506.470523208,4636548.640993534,8022165.33527854,1521419.8815828937,9965286.94417056,3807871.5221341667,47988919.650889724
6517474.47806605,8304654.370257177,4691766.160542686,8557105.889992842,3230153.9403176447,8576684.24205815,1658813.8030931617,6840097.484252551,3298863.872199346,7469497.286711155,59145111.52749077
7602836.983783765,1648054.3827254253,9194280.63893858,2819190.741482913,5653300.897460447,1307904.9228404642,6979324.149132699,9324717.458462585,8026704.796401633,1778415.8788550324,54334730.850083545
9419693.566102983,7932283.124454245,2565810.7488823785,7264762.258397884,9022905.354130793,2592755.787850161,5019901.587400019,4867185.050889231,8470936.51736679,7492631.548700698,64648865.544175185
2993934.5508889966,6432974.212594837,5965942.129046478,7157234.865632818,4752155.413211169,6239714.4010799015,2626667.6771629704,7345152.567838016,11153928.783554936,5276729.545483075,59944434.14649319
7196428.458130396,3620303.8740977864,4047720.629708124,4251073.21191349,5519010.23150108,6284637.198958899,3681378.957218474,8279707.778261729,14442734.09233693,4492301.017155755,61815295.44928266
3506635.7402020576,4817037.952201865,5201969.535917476,6569799.999774945,7447964.151411141,6116536.152997353,1408766.2025401602,5235318.611645095,5658869.735761299,5383896.943630604,51346795.026082
5425601.661496769,4177526.0713657024,7859966.806322396,6721398.99249578,11249572.957611434,6379967.2966483915,4060228.453246581,3155084.56793331,7163392.036182789,3912657.935968297,60105396.77927145
2050715.5404967328,5391967.77682006,1794979.2849361417,6149290.746399055,3972655.687682288,8769847.150607796,5896023.694729898,2119859.118740149,3780233.2322153714,2390971.86269727,42316544.095324755
761400.5099481329,8274580.394886982,3199811.07195434,7811714.015582357,7837932.987062879,4917635.911025788,2389458.8073923434,4293771.682227711,7234205.235854343,7558263.822857879,54278774.43879275
2652504.705289292,532714.6434487338,9298917.200459603,5996366.178254918,10606993.449608807,8265149.330889654,7693739.673121173,7016075.218108188,1515225.9281336162,7581114.512610736,61158800.839924715
7461305.558465409,4600955.0487106405,4626191.906700366,7182755.0088816825,7292382.865098255,4528988.887750951,8717213.011144487,8594864.444549527,4639025.694570519,6297632.327958883,63941314.75383072
2022149.271981988,8517706.637184069,7213690.053726067,7642311.820492074,7316821.112027778,8909135.955301758,4388963.830587421,10319615.590975674,5507692.589450887,7974674.075281265,69812760.93700898
8692738.172138413,7899094.520117346,10491509.466855181,5428720.321636644,2378460.831334145,10042093.910485912,8283011.126707558,7801626.626106896,5845836.947114297,6333643.515771311,73196735.43826771
