19484257691.73979,16665338206.433186,16517953395.071627,52667549293.2446
4840638.1143741,2803139.699012004,13625067.999276403,21268845.81266251
10565647.667241832,10304293.207018184,10255656.95933572,31125597.833595738
1554323.6606692653,1992994.4537673262,8892471.18175186,12439789.296188451
2755567.413810374,10638486.680825666,14489831.426862441,27883885.52149848
17554394.72833165,16092359.706671083,2829605.8741655406,36476360.30916828
1838673.7241060955,13778497.434166161,5428975.442864751,21046146.60113701
2468822.1485300143,18447790.068544555,9949042.608910851,30865654.82598542
7758369.003178071,4265776.277609297,15857039.73022499,27881185.011012357
11563588.130699432,7906825.384902834,8888488.71336191,28358902.228964172
14446985.472593343,11838261.699461667,3063106.8546276707,29348354.026682682
12568522.555835089,11126163.383913266,7319393.419505762,31014079.359254114
15286183.56560894,12441098.066337632,4469734.326860612,32197015.958807185
15464569.603816574,13657547.575147606,5400114.182024092,34522231.360988274
7261614.477820644,12030758.709131362,10264832.61413138,29557205.801083386
12818497.570760496,13064076.517423244,4161685.4227091484,30044259.510892887
5234949.93945211,12233886.706654282,10451990.58777896,27920827.23388535
10313317.553805148,4575060.966266317,13510040.225653283,28398418.74572475
15541870.378953807,9549171.594843876,3643928.3112109657,28734970.285008647
5016759.593806826,16145688.145735709,4482642.443135838,25645090.182678375
8584979.74162792,12972219.393939337,7693438.023132857,29250637.158700112
5878466.045736443,5308684.053071523,5274542.926112058,16461693.024920024
8201529.306243878,13529144.36124904,6623884.214945471,28354557.88243839
13321395.909283642,9193405.693107419,15385859.01856567,37900660.620956734
6370805.130155593,5569505.778896081,5607682.948927635,17547993.857979313
10523520.095848097,8669109.22024784,11333326.029579803,30525955.34567574
9921885.932119537,12992470.618169155,6859408.535335288,29773765.08562398
8513987.988866175,8829061.221124021,12010879.560348103,29353928.770338297
18867153.435969893,6629540.00095161,11416738.865819573,36913432.30274108
15147289.233244853,6327683.318223024,8943406.767514002,30418379.31898188
7895773.416704713,9691503.184750905,11957356.514235333,29544633.11569095
13951428.565398872,6839793.775112066,8477932.701613365,29269155.0421243
7902865.970866171,6863131.217474996,6730105.060701845,21496102.24904301
15695820.071866227,3971084.4819431226,13930142.202582058,33597046.756391406
12868446.427537512,13748978.798584059,1982912.9585850572,28600338.18470663
8844303.976677023,12695620.235986928,7762027.8600772135,29301952.072741162
11949281.945245175,10578945.40454447,10365305.993597548,32893533.343387194
14756025.723784586,11598935.718145147,10312229.654406836,36667191.09633657
25031661.010908283,10350528.161724877,17038134.759111576,52420323.93174473
18377476.055066098,12018703.740918238,6883518.282623366,37279698.0786077
11594510.24059229,10362597.723558478,7684650.851077536,29641758.815228306
5410154.103948156,9159247.299058385,17267786.464931056,31837187.8679376
2841947.1489684233,11505492.554677323,11282815.493675303,25630255.19732105
21851514.61725118,2088226.052096252,3708859.3346095537,27648600.003956985
11885980.990321297,10508049.475311268,5723126.541130566,28117157.00676313
10012416.273896517,1596984.0513871047,15803819.613683075,27413219.9389667
13021885.437183056,9347699.416466009,1834093.2943904658,24203678.14803953
18949792.1788915,7348710.429601077,16755339.17683549,43053841.78532807
7707821.421179944,9407509.75095986,1408111.0338233167,18523442.20596312
12961327.154189594,6874164.039535127,10358088.813915538,30193580.007640257
3496153.684994068,12149804.88992313,13370154.886533845,29016113.461451042
14059888.076276468,12643658.138795905,3887392.2589120055,30590938.473984376
4821438.244867376,11766111.968223425,11824671.84236387,28412222.05545467
10381103.346778307,11407774.655645972,8713860.782794064,30502738.785218343
17583335.977785327,9545239.167908607,1819984.0915657496,28948559.237259686
2176744.5172297475,15227536.686228132,9220688.91057983,26624970.11403771
9584754.687283276,10729435.59443337,10521064.944844067,30835255.22656071
16346624.262639802,5600236.592710798,7622168.020523215,29569028.87587381
14308838.309282513,7282679.233438443,10183326.88344931,31774844.426170267
7762237.839282146,18716586.218540102,18177826.909875814,44656650.96769807
16343545.542679146,9665780.768660704,12736549.595512439,38745875.90685229
4302666.381225764,22719410.251295824,21509552.68394911,48531629.3164707
8239989.966208834,17975055.871008247,2375374.9995812792,28590420.836798362
15262384.182617607,13647530.773080051,2806438.096496784,31716353.05219444
3336121.5194770903,13114279.919451017,11882404.942902528,28332806.381830633
11122597.743356654,10806325.404087815,8863551.387154188,30792474.53459866
3007371.850357069,4092913.8557857126,10831397.521901473,17931683.228044257
4779550.0202028705,10020689.709207283,13371284.642483106,28171524.371893257
8327071.613770835,3646731.8557977024,15799079.138220567,27772882.607789107
13664338.285658715,5831723.394136193,12371948.363143962,31868010.04293887
4684401.222659576,16228616.009154098,5901082.344999663,26814099.576813336
11065346.168986568,2101533.336602112,16225212.020819817,29392091.526408497
22110031.372610804,8230164.098610456,21656300.307692308,51996495.77891357
6675879.195849574,6022050.285446536,14269838.372343402,26967767.853639513
9506730.468442004,16047572.990788696,6516409.27420008,32070712.73343078
11823970.976461852,4835409.639195144,10972100.38043136,27631480.996088356
15546318.682807703,8166887.573649748,10137542.506460872,33850748.76291832
16238913.004080903,19255511.303503487,3259946.4035942913,38754370.71117868
5237172.742010429,16101991.089188864,6075746.802862584,27414910.634061877
7478069.831449945,6754184.5053235525,12506542.569366151,26738796.90613965
13612587.72547922,8727850.203683687,6741854.554568484,29082292.48373139
13191325.395278955,8175490.177883608,7103725.329482869,28470540.90264543
12802487.80889263,3755182.3453707686,11126365.198612293,27684035.352875695
9561311.251969831,8642079.383945255,10063177.642412346,28266568.27832743
8431140.919632,10524655.93051089,7090297.044390433,26046093.89453332
10014768.564799052,11328319.633895569,9858706.654315453,31201794.853010073
8165404.483312969,11128008.036338242,9120786.015270276,28414198.53492149
6376770.157992453,10258823.375140123,7766591.535279396,24402185.068411972
10300593.124706317,7496594.638479755,11305742.302641422,29102930.065827493
5437925.82245425,4088818.679352356,17212391.66667548,26739136.168482084
8627208.497520601,11334661.492735738,7466414.487058765,27428284.477315105
12398867.396648463,5717955.100210482,10291577.42466225,28408399.921521194
15475784.6038437,3239456.334161631,4106148.0762383104,22821389.014243644
9577834.74033412,8293243.864075119,7977717.0513798585,25848795.6557891
14371203.094034266,4763951.587714809,10809238.447990842,29944393.129739918
8300104.861613436,10262736.234265015,11558463.40650683,30121304.50238528
20853492.940239448,4107691.120385311,2789761.4423770015,27750945.50300176
7511483.252634436,3914752.206887042,16338892.64311241,27765128.102633886
11486511.467274861,10010797.683010057,10931231.479419524,32428540.62970444
8851415.035066316,3514036.2646687473,1275118.346681992,13640569.646417055
23376570.641424824,21378038.79628554,4310964.012054429,49065573.44976479
3359300.033971355,2909872.3733498175,19921512.756558258,26190685.16387943
12355316.20839619,13717388.638105916,4630070.713786409,30702775.560288515
11860983.6294291,10566924.855221858,10363637.735597223,32791546.22024818
1828305.4033951934,2167532.4164900966,3954774.742246298,7950612.562131588
13561731.016464986,11964760.836338636,6532222.946446978,32058714.7992506
1652188.2304101884,19900788.401562404,19190148.987526413,40743125.619499005
21640181.262371317,6162559.2777380105,920275.6789543211,28723016.21906365
2166735.8659484037,20409080.038544197,8378011.132075649,30953827.03656825
3064211.4061887297,20380354.43938875,20156105.691827547,43600671.53740503
10431198.060745163,15995783.597497238,2790951.409442511,29217933.06768491
10310445.63146925,11351539.601903629,10741685.524204724,32403670.7575776
14175754.054927979,12678937.388269762,1865758.7374109293,28720450.18060867
15425902.675835652,11612385.465366706,4229819.054493473,31268107.195695832
4636857.213532896,2273360.3691690867,14339519.284523178,21249736.867225163
15552573.050969448,4653512.19714539,10728196.233513178,30934281.481628016
3568723.7695361366,8863264.537148613,14599685.912001444,27031674.218686193
7852906.205729757,17482223.848280076,2920314.5181283504,28255444.572138183
11897728.45224126,5764966.261434128,3299189.368966103,20961884.08264149
10823805.953756351,9755240.709475271,7187620.6301202,27766667.29335182
3762761.274851735,3304743.8660834827,3281963.545919506,10349468.686854724
5804186.440992316,10564811.867245713,12080249.43979059,28449247.74802862
10635942.99439367,2696804.063450501,4115057.0895463196,17447804.14739049
12381211.614679411,3894499.5202601952,11994088.775218226,28269799.910157833
7271009.116820455,9441573.169593105,12513578.432845207,29226160.719258767
4707641.531965863,4275106.422131756,5698924.350681856,14681672.304779476
11282991.238333307,6806745.978611262,6275067.893122894,24364805.11006746
10443705.247777207,10906195.061275491,9467689.550162693,30817589.859215394
13784054.70842786,7726737.667548884,9709343.693391584,31220136.069368325
12127602.547668204,13412522.816734454,4945375.278601127,30485500.643003784
18217727.379099313,12714698.897850256,9069625.661499301,40002051.93844887
6939926.81648977,15686109.940916553,6030775.738140563,28656812.495546885
8676030.60840208,5763473.162247452,8044095.03597606,22483598.806625593
11716105.217552846,10809818.429793963,7676381.479095825,30202305.126442634
11427555.973776525,10641986.705048375,4774095.555774183,26843638.234599084
9058706.408532098,10973619.704539243,8137236.127068801,28169562.24014014
9772114.391024744,6988395.549113934,13247719.100204453,30008229.040343132
2931937.915481355,9999094.676406696,12860789.34307651,25791821.93496456
8947431.620483315,7978410.8781011095,8015832.543288995,24941675.041873418
15235842.333627792,1757255.7387737853,13313980.31192048,30307078.384322055
7560820.521389296,10816471.984428806,13630592.011859782,32007884.517677885
15654699.252204206,7921992.131622017,20316228.3469202,43892919.73074642
14835336.914863797,3612024.645918214,12005827.663920145,30453189.224702157
6875914.165872169,7819587.626966714,13510039.195784809,28205540.988623694
9961773.884480042,8664092.760304937,8627731.57364394,27253598.218428917
14602978.47446697,10726671.862680193,8888746.457612712,34218396.79475987
10700337.100961955,12120151.706698181,5933883.065075007,28754371.872735143
12936394.372165198,11678649.24087392,11330467.05059135,35945510.66363047
7421532.933827232,6409779.084174961,14117656.520441072,27948968.538443267
12262864.832985383,10774115.617307246,6568927.268272844,29605907.71856547
5935646.389891494,14049788.016687987,8266920.16708508,28252354.57366456
8587707.916819884,10057006.787263935,13124144.180021398,31768858.884105217
8184793.446287794,10535955.951037021,11669871.888959141,30390621.286283955
17697558.29763504,10511892.487701116,1379184.1413831103,29588634.92671927
1315803.3019483867,13606023.18755737,13140498.534002718,28062325.023508474
5173318.6687928615,1515237.82120579,18597218.439425513,25285774.929424167
7357343.988941948,18919738.799507592,507762.339501697,26784845.12795124
19330904.71388361,1210895.088667486,8486539.44821005,29028339.250761144
1850217.2575785106,9914036.564949542,15456484.356577458,27220738.179105513
7877662.239618935,10117911.878040118,5159348.361580247,23154922.4792393
12244365.459630864,14172386.563901104,13730497.79144713,40147249.81497909
17162452.471927177,5414478.123144265,4892178.917019262,27469109.512090705
11747282.350132806,10425912.968758615,10093930.282357793,32267125.601249214
11679552.640946973,3553605.810058268,18499244.378939945,33732402.829945184
12474672.162415933,7323939.380829057,11724019.396177916,31522630.939422905
2140762.020061029,13937912.702026289,12597526.478106843,28676201.20019416
14025037.743332153,2803276.709154298,13650419.421882555,30478733.874369007
2502522.9862327357,2834688.346472475,19323060.938159853,24660272.270865064
4696154.3931585625,18495989.482837994,18016753.968754236,41208897.84475079
17036785.620094,15209964.652590739,14807894.348547414,47054644.62123215
3402047.824915692,9773191.154025042,17707864.666647602,30883103.64558834
12040868.303717801,12726114.705679523,12493873.635813564,37260856.64521089
14749426.567057325,3197034.191825851,12508838.46492593,30455299.223809104
9599192.730184017,9080794.58567473,7646421.477633846,26326408.79349259
13233870.921070822,13577860.572087927,3558461.9765546853,30370193.469713435
13644662.726089941,10084635.808400001,9750609.231134944,33479907.76562489
3311181.1314464295,16033855.238252819,6351405.545221755,25696441.914921
4981178.004890038,4628377.4163908735,7961479.403375488,17571034.824656397
8875594.490481863,14041964.843788357,14681263.55848505,37598822.89275527
11739358.81920798,12960311.795627832,6412759.599462693,31112430.214298505
3645647.501119433,12076707.653139325,11008337.351435661,26730692.50569442
6914040.420801922,18307674.11510138,6286121.012080351,31507835.547983654
11816149.165751701,10336927.479710555,7025065.9441496,29178142.589611858
7359678.01257004,9652916.238987096,12027556.20265523,29040150.454212364
15306549.722787093,8713847.762262981,8998324.715098249,33018722.20014832
6222578.587790903,5640586.579953865,7896343.825807386,19759508.993552152
9200442.594966423,6297017.935287847,8117917.804725008,23615378.33497928
14528255.3818561,11295329.750686109,8095828.880170293,33919414.0127125
6816506.371076959,6209614.607349516,12360706.49694419,25386827.475370664
7421937.585522295,8217231.318398928,11593175.153045012,27232344.056966238
5374065.110098009,6904976.577428632,12103074.129687943,24382115.817214586
9036177.5393621,8007285.598598099,11378046.528354047,28421509.666314244
10217604.45201817,6920738.235609715,10699202.251990365,27837544.939618252
8133222.410946008,7217703.716946359,7113279.604417631,22464205.732309997
8535284.102482371,10420136.824861044,10724273.353517523,29679694.280860938
3232704.5001229034,11630198.253168989,8892222.21416478,23755124.967456672
10141659.942890491,9214916.279563863,9059259.64023747,28415835.862691823
15273326.00172888,7351714.298042869,5220288.769547121,27845329.06931887
14792558.941040361,11849017.718055265,4913585.663865089,31555162.322960716
10421446.05440588,10151172.391106531,4019683.801141852,24592302.24665426
9733554.400502667,11761945.998911534,8355916.140257078,29851416.53967128
