9051678467.02543,7542799759.183177,7232071175.954348,23826549402.162956
9508443.682939492,11002697.568774063,11113842.619200211,31624983.870913766
9870552.896942979,9029590.29773655,10046257.5775315,28946400.77221103
6830312.5472651,5189789.433270699,15256992.680489821,27277094.66102562
9682591.003471594,4235535.752143957,14527098.638002068,28445225.39361762
19437437.59416936,12273632.274749879,4397638.883941024,36108708.75286026
12376880.966104,11271132.580413425,5712444.621024766,29360458.16754219
11113484.514597967,6920004.67921322,10551772.074485583,28585261.26829677
9079661.608609503,7832300.037823171,8167339.097659269,25079300.744091943
9226691.075295866,8119410.157922123,11018825.351705763,28364926.58492375
3633145.2572154147,5864847.147336199,16865476.573824268,26363468.978375882
3338757.512666649,10303702.492618728,11334139.04099164,24976599.046277016
9561017.233250229,11147909.729246171,8301554.325497697,29010481.287994098
12965100.126841279,4528704.959349149,11333128.84277164,28826933.928962067
5345222.644861984,7994591.090875445,3887810.9822941325,17227624.71803156
10460065.213730462,8674426.108905215,9528110.391001886,28662601.71363756
1701989.9541217124,20322411.213790182,2520947.593321863,24545348.76123376
6675024.872755277,14045546.671606636,2109191.9856628035,22829763.530024715
11491841.07169523,10276444.593358262,8733770.177602403,30502055.842655897
4300523.640794715,8317521.030645802,15822738.738482153,28440783.409922667
8490464.190924596,17131875.858610354,1592259.3741628323,27214599.423697785
13033826.863729408,11730516.826734988,6871155.681067066,31635499.371531464
15085801.558438255,3850941.217638445,12446084.501062267,31382827.277138967
7335777.826663094,20202434.040712636,918611.0172822442,28456822.884657975
11744363.843424795,2995894.477798607,8870539.01588098,23610797.33710438
11905187.655787116,10177134.997411443,10488365.842399979,32570688.49559854
1605649.9038796944,20993110.646809857,1560256.134527349,24159016.6852169
11037857.056788659,1642978.5345321363,14883255.0483071,27564090.639627896
14464019.630676959,11244352.17881435,3913569.982110286,29621941.79160159
7993417.365684538,912701.0226687366,17602644.81803863,26508763.20639191
12501451.71175138,2188237.436191998,14237725.024325835,28927414.17226921
14054610.51284753,4214074.841902589,12900414.261661462,31169099.61641158
15074498.577521386,9857424.15409018,10526683.685871428,35458606.417482994
3461067.285018329,20540927.54575096,20005454.971506033,44007449.80227532
10898871.80533983,7033936.291302238,17447746.16897319,35380554.265615255
17607507.46529244,9302076.66678348,8583484.967811761,35493069.099887684
3862406.8761156243,11070614.440549828,10538204.095335184,25471225.412000634
9864694.12147899,11180803.93232842,11277846.52161976,32323344.575427167
17032981.56643126,15094564.272625268,9908004.302812917,42035550.14186945
8081299.936125231,11711085.883339273,9585130.836550875,29377516.65601538
11059403.395916695,14522025.577253396,4385055.158152583,29966484.131322674
10698999.997053647,10890160.650281157,10905605.114179285,32494765.76151409
12144251.063053723,8427574.864342408,10629151.34625307,31200977.2736492
7200439.528257186,11204791.253342483,11481383.908599539,29886614.69019921
14925916.637635896,10181232.253603386,14228388.504049601,39335537.395288885
14638397.572331537,2631644.6051766165,9233142.508559521,26503184.686067674
2979327.5888273846,3446648.5527338064,17544811.728505973,23970787.870067164
6222194.786216389,5365076.442156112,5329231.700965689,16916502.92933819
9479654.76375266,12508841.63291256,6670901.764100082,28659398.1607653
5413363.048225417,13188859.754947111,8211602.327194654,26813825.130367182
5398764.833519161,7018066.953785696,8705009.513287885,21121841.300592743
8153220.604316547,7274606.515192975,12571448.728382723,27999275.847892247
10100635.883637324,7995482.245651849,4871138.826990855,22967256.956280027
8388176.748204183,9151001.960078282,10881048.561382364,28420227.269664828
7762820.332402351,6713289.6377791,11307971.318900317,25784081.289081767
8310375.2556767585,9953923.261638267,13472480.02867255,31736778.545987576
4774137.252616158,13717727.740007516,9324361.332271727,27816226.324895397
10327450.423554001,9172722.705715679,9071604.026551722,28571777.155821405
12052962.36502312,6936566.441727147,9781427.075370371,28770955.88212064
17409885.75146703,4481895.698112713,4163125.2546112463,26054906.70419099
13134374.34913985,8676120.469247814,2063512.7298949272,23874007.548282593
7533889.748319012,15888992.106179649,2866867.2765737553,26289749.131072417
8241474.559103982,4564122.228211961,11798650.764702097,24604247.55201804
6476947.040948143,6272290.471554951,11418916.17500607,24168153.687509164
10874181.1768624,8148540.326701094,7910576.541367709,26933298.044931203
17343599.8976688,15947759.253221868,9314444.991144888,42605804.14203556
7114858.568980673,8199759.484882901,2661891.981193793,17976510.035057366
12288284.204138996,11408770.537813017,1588537.3511022117,25285592.093054224
10463465.216454398,9630940.778150141,9289326.711441303,29383732.706045844
24557729.219773225,1118722.9326360503,1213502.8285270892,26889954.980936363
2821333.7729226393,3539766.79146769,19435702.957825165,25796803.522215493
3010802.8493471825,7587122.405965051,8939596.686348077,19537521.94166031
8381762.390116069,14014428.643838467,6306424.731522431,28702615.765476964
10617484.958105076,5038780.9403530015,13329388.091716427,28985653.990174506
15922181.545613445,14180870.175421365,705192.7986127367,30808244.519647546
2156073.0525252856,4187924.3411648576,16095811.41125214,22439808.80494228
3554767.4617458214,7436586.058838001,16448744.81935206,27440098.339935884
5858296.395738858,17499829.819748655,4557694.100639794,27915820.316127308
13897723.98106814,5950633.335126528,11785290.657753838,31633647.97394851
5732297.364359992,19062720.66067494,1555184.7526546295,26350202.777689565
11218330.54438647,12957680.651673079,6439338.301200674,30615349.49726022
14068416.881160125,4839344.065924517,12329023.574610919,31236784.52169556
3579147.052044839,16565482.498205312,2877746.8526597535,23022376.402909905
13154396.552265042,6057606.049879709,11447983.329109944,30659985.931254696
2656568.1144050653,6472567.475747181,2444996.2894073613,11574131.879559608
4038675.9682688094,10992676.48415887,12679651.993882623,27711004.446310304
6757909.297712466,19422718.626084577,17799302.97640971,43979930.90020675
6850306.045857206,11239643.814087206,3669432.4204393695,21759382.28038378
13178926.674267372,8014101.312192013,8017381.472921431,29210409.459380817
11883644.609547814,12873080.224812038,9854470.973587934,34611195.807947785
11781953.727339534,5239475.058454367,12896631.907029755,29918060.692823656
15430911.024774225,6687583.719194118,4960668.660634721,27079163.404603064
9004885.226352103,9329702.499135256,13433500.646746423,31768088.372233782
9490101.19287585,5732592.813043053,9269574.81788093,24492268.823799834
6299456.721999246,2166711.4236694463,17176804.60953256,25642972.755201254
5062975.737046517,4436238.653102378,4380817.679715436,13880032.069864333
7478559.732486556,7773215.417224712,8520680.823778803,23772455.97349007
5363439.361221398,4782675.577763137,4795614.139748457,14941729.078732993
7073949.9015781125,12392728.286273563,10160802.021751806,29627480.20960348
12735490.77205865,15304418.204083659,9581208.414712902,37621117.39085521
15338963.142277192,5303901.956393132,5427122.455929818,26069987.554600142
10390741.529705357,6878250.077933322,11913077.80289925,29182069.41053793
7455786.646238551,4591558.725029166,15221668.110479858,27269013.481747575
12422139.039979706,5999414.081175168,5511627.664793624,23933180.7859485
12728978.368147181,7422300.423494885,9122185.607387949,29273464.399030015
7115018.296094517,6178169.611123005,12109394.237668466,25402582.144885987
20663948.546339028,4364552.269943062,3752229.353174226,28780730.169456314
11622565.586937418,12679871.028169397,4034276.915277851,28336713.530384663
3387800.700628285,9688095.08878781,6833803.91940497,19909699.708821066
9931267.768923564,10234198.849643042,8883221.100345554,29048687.718912162
12822438.63799574,8046110.179704737,10283092.998762038,31151641.816462513
13497249.93020563,6676328.164172836,10740167.562351592,30913745.656730056
11198338.861615824,9554028.542481327,8861988.805336418,29614356.20943357
13358304.911752729,5618470.758232346,6362623.462415975,25339399.13240105
9307761.877052601,8403477.978288209,8457268.464515548,26168508.319856357
10697955.489994397,4550516.091430538,4822731.970092881,20071203.551517818
9695430.095723033,8884979.345039887,8614650.892791841,27195060.333554763
5098398.354926196,4680897.134720089,2787288.209090192,12566583.698736478
3207442.6092056716,13392186.08515138,6995578.006778867,23595206.70113592
10155412.509707527,11591968.975303901,8717919.886328693,30465301.371340122
4152685.1893076,13062490.316105144,11887451.427710032,29102626.933122776
15337012.353157645,11480097.15346324,2521033.304651975,29338142.81127286
3786823.2814536435,21443823.704532202,3662468.176458359,28893115.162444204
5340575.566896541,14161827.351294382,9374545.800088534,28876948.71827946
8481064.235499077,11722188.984243745,10881797.815194748,31085051.034937568
13015394.921255233,11566999.597683683,8297554.808194561,32879949.327133477
6107096.893703437,11841925.37667892,11761494.738574807,29710517.008957162
12887245.083328564,11498691.1902553,6122013.149403242,30507949.422987103
4977750.3431489505,12262426.153309345,12171143.393440127,29411319.889898423
12936288.00552551,11991240.891586052,5326614.649136407,30254143.546247974
1183362.32983391,7092124.233038286,16484617.822830055,24760104.385702252
5975051.066326099,8539564.778961297,14708735.53128815,29223351.37657555
15968645.679566985,9667764.370928708,5630404.380647841,31266814.431143533
5209962.002394332,13235888.99859615,13037382.75191948,31483233.75290996
6634815.728930805,8287509.8317160085,3182710.619708225,18105036.18035504
8748784.711670035,7696715.773671696,12693404.803652685,29138905.288994417
12507444.44580655,15510717.828164864,2089970.8986637446,30108133.17263516
23323740.26325475,2421414.9553874214,2376453.656804656,28121608.875446826
7212850.6256638095,12052435.394108636,3976136.444677451,23241422.464449897
13180959.768879926,9337275.292056015,8522932.123189477,31041167.184125416
5932573.491736095,17222620.469430864,3349817.000005855,26505010.961172815
14864716.106346771,3754837.445708107,10040114.746705089,28659668.298759967
3756551.7241451596,7205638.0938486075,15802787.88450561,26764977.70249938
7767387.649617699,11357754.950047692,11272112.488510065,30397255.088175457
20171704.95639453,4750369.623641101,3963940.1043662755,28886014.684401907
10025814.857935373,14917411.545005087,5651804.087316699,30595030.49025716
11892877.638372116,9735550.960066892,11331680.002506737,32960108.600945745
10328116.678252457,5885426.010015228,13833218.42101032,30046761.109278005
1939208.7852266126,11137014.836551772,18524915.34473265,31601138.966511033
6712198.77723352,9410966.132417079,13605271.076975117,29728435.986625716
5575942.914919996,4944841.480280521,16877348.39018889,27398132.78538941
15729037.865266988,7341611.711543918,5265362.203581607,28336011.780392513
7640653.598697563,6969292.047039654,2002727.424183783,16612673.069920998
10121025.008795517,18840423.353455525,6676255.943503908,35637704.30575495
6459188.19780019,15664512.971763879,5829726.4290435165,27953427.598607585
10127798.22337102,5905341.877234859,8662182.968307607,24695323.068913486
9177205.004098944,11304530.348284056,10148604.600112535,30630339.952495538
8365342.558729251,13130341.958074162,11901702.75392968,33397387.270733096
9170610.107185934,12898392.712704645,5641512.322284522,27710515.1421751
8877258.477848895,14764742.25326691,4052966.470008548,27694967.20112435
6166540.410449513,9898485.993493918,6873868.945879477,22938895.34982291
3386085.1746383477,6894646.150403241,9518539.049305202,19799270.374346793
5044200.753137472,8595016.681253564,10666484.574441187,24305702.008832224
9127748.969175342,10840769.306499835,10846784.329599438,30815302.605274618
9568363.219136024,4785717.657127964,14647336.553083632,29001417.42934762
15214002.687211461,5335327.001061727,6769371.389821221,27318701.078094408
18576958.08075122,8243886.954357192,2275100.3134091045,29095945.34851752
14515202.820923438,8369062.14720482,8133601.356708069,31017866.324836325
15700488.029928109,13918641.532159047,12209414.541144934,41828544.103232086
15587661.791878767,19854918.00617613,2856237.175793522,38298816.97384842
10404668.82589356,11688787.351880878,6785579.41902637,28879035.596800808
13926919.080097606,4933484.591875644,11464626.344102437,30325030.016075686
12581384.2784784,11345351.240302961,6162834.7525863545,30089570.271367718
15689971.061255636,2935528.449410592,13837972.63437283,32463472.14503906
4050198.873595271,19599307.440008175,7704562.291270123,31354068.604873568
10687648.765027976,10758235.783275027,9475262.64613125,30921147.194434248
13453191.385672947,12381614.958206326,4071801.6447448013,29906607.988624077
1622632.5151324652,1614937.4990194077,12816945.81264615,16054515.826798024
5423985.052992393,9196852.255069863,13719462.726750117,28340300.034812372
13526490.633838043,11948059.494017143,4832122.0513500795,30306672.179205265
2574909.132736186,9074352.516445657,16292851.42096714,27942113.070148982
24125732.825146504,16313680.09740584,3151909.298323876,43591322.220876224
12565257.834342495,8240977.995880669,10766389.426253572,31572625.256476738
15688918.071056023,14063854.335894959,1632261.505041153,31385033.911992133
6007633.265047605,7470120.3840100365,11060068.153649751,24537821.802707393
10652727.107414367,10871177.063881798,10697698.448727088,32221602.62002325
2159871.5197762717,7452807.691601585,11095647.810745338,20708327.022123195
13054158.370570479,12141225.461506277,12065494.877151137,37260878.7092279
11073999.447069352,5686319.163810983,7892594.825430518,24652913.436310854
10328862.893388763,11297298.239193067,8930905.311908675,30557066.444490507
21023130.484992914,4656184.438154711,2655535.938796141,28334850.861943766
4743965.38955194,12506599.31307541,17232938.286215622,34483502.98884297
12514625.232942423,10269874.284877656,10009271.579478297,32793771.097298376
3726138.615930574,3322322.287468655,3251972.801159682,10300433.70455891
12755233.728322176,9803275.277038,7882990.070442993,30441499.07580317
4723130.849394279,11895589.140198361,11892569.818063525,28511289.807656165
11009655.270128934,3856178.115834364,14153688.115958337,29019521.501921635
13081001.918282107,11365623.154479574,5104899.325705603,29551524.398467284
15501321.156571371,5258664.928549458,10125818.770533351,30885804.85565418
8944258.773887679,8766617.66174028,4513353.501797549,22224229.93742551
10407661.341544168,10531591.625893313,9033302.817541005,29972555.784978487
