25455839202.574863,11117359148.820076,25124023391.291027,9470546721.741491,25276131657.044132,10365716073.454895,25112170881.83298,10731678623.79793,26438591724.976063,9048765499.531523,178140822925.065
10386829.880000453,428.3064260666942,4326733.734808063,4151226.317802427,13736669.338047879,432.83316925970365,9702679.817184417,3112084.556785964,15441224.889181616,418.67686886039894,60858728.35027501
5871302.807436204,416.4625835142317,9016538.553605273,1140387.2946032858,2675475.9783099266,420.3822153993667,3274181.2335523567,846.610816516192,9208176.620382568,0.0,31187745.94350504
5316498.349655511,0.0,13430976.877238665,5480220.249584485,6497608.89531833,0.0,13919759.75052824,429.3421206400767,9211152.572840914,430.2021234177256,53857076.23941021
6776455.180778924,429.9055870094695,4743612.002857068,135615.60199634344,7910547.143907405,435.3636200861011,13660283.684393043,438.1702095800564,8853540.35677592,439.9333085389107,42081797.34343392
3421319.0750581487,439.851610653621,2417692.9061856205,273381.596035424,8886615.953833299,3578847.3308948693,14049965.728583826,0.0,1496967.7670416299,435.84486232109015,34125666.05410579
4334126.928572804,0.0,2560447.2874163077,266967.03698689636,14515504.543082463,12917133.772915402,7044531.258478917,432.4776190708394,33890.63836465639,0.0,41673033.94343652
6955417.445144977,438.14560704422445,8999832.237986635,822309.8885298589,6727951.688886871,13130945.898252076,8536165.24080925,416.1974131775545,920049.2334235224,411.98497323167607,46093937.96102664
10272162.400535071,412.6823556806945,9170057.142696086,3182507.805289602,4276276.84239027,12088537.241415823,11223874.862409221,0.0,11568105.689986402,435.05297091343004,61782369.72004907
5525336.778163607,433.914090754303,11498697.414688852,6023042.647508161,9745025.200204208,11657266.951216476,3975092.7386798128,435.11098403139647,9274218.077827554,0.0,57699548.83336346
7672603.414749605,0.0,13374486.059680915,2244886.6732825176,9245838.172827255,10560267.064871663,6439311.581656782,435.0017404253379,5724368.773809485,436.4238349152782,55262633.16645356
1372912.869309123,437.70818177904766,8376840.201100723,440.54624019487386,10602433.128978474,15925178.655922838,13247737.019822545,0.0,8868579.854957698,443.29744191930143,58395003.2819553
6288681.637034873,436.42061835646587,10361615.18367513,435.69111870181627,16598157.154944109,16620717.714908259,4892916.296372284,431.57454813917974,11962030.768854244,0.0,66725422.4420741
7824640.41048072,0.0,10982879.017499361,435.6068415643425,9003630.52204804,17547934.412525974,4827412.997813961,427.14562893394674,5186350.243301755,1773656.5988385216,57147366.95497884
3544097.445362935,416.21677295365924,7802253.118500126,417.79317300329336,5571297.375650143,12373251.913684154,12290158.64674095,427.8509524217352,7341895.542206451,11341571.133668192,60265787.036711335
1483408.3243306354,433.6282003317367,10637414.523151794,0.0,8363911.418199691,12932257.824448809,12437599.724099314,0.0,9608468.013874806,12513284.136917645,67976777.59322304
2051779.574723362,414.85104940567504,7580439.653217845,418.30767961739355,9028081.456486756,18852467.957016766,5499200.31040345,428.3266553978944,11945248.698869437,10271206.061057298,65229685.197159335
4511271.775224456,0.0,12155502.209918087,432.35168033308804,11803283.679678284,13594336.273778703,4649279.585495324,434.7535609776323,5545242.1040558135,11513989.432837311,63773772.16622929
11557320.105124932,10359147.179600848,4037606.1094959783,0.0,11542861.655561319,11586083.552979313,5430100.477019912,0.0,4592194.21277723,11836400.320943542,70941713.61350307
7412670.998706057,14694011.234566089,5893386.926315604,424.14316069426417,3689957.9124874603,11880647.606420765,9053719.4089483,416.71454973761627,9712622.52553941,10367997.108463503,72705854.57915762
4495299.114994911,9649176.055725124,8087301.519609441,418.3692238956397,4023779.246705847,10116511.661531184,13313725.27132483,427.4902840024877,7948081.978964593,11582463.16815597,69217183.87651978
5263520.719920584,12230714.5788616,11042625.652231392,423.4825991203327,6536793.64233023,10548341.420980101,7137102.694702959,416.2299386302158,6067775.917288434,11019843.512844672,69847557.85169773
1289125.966696647,11945206.948019171,2502957.26801971,0.0,5522180.687525066,10433783.345110286,5870066.75039548,0.0,298544.4130554309,10897782.882617215,48759648.261439
11557517.533284448,12838448.098713288,7733532.912328228,430.32285768454466,9722383.14521791,11118373.595393764,7479160.611051723,424.69762380051424,2838927.292740325,11011688.361869877,74300886.57108104
6753034.559653044,12654765.78428033,14849618.618786931,424.63975668170883,5301987.966154302,12874142.546208518,9918956.361053085,427.0600049297385,6118772.265642832,12501003.22187769,80973133.02341834
4005251.864854249,10466102.226073803,4318429.590177532,0.0,4602098.504842043,10558680.370672133,1713314.963164692,425.23162240871085,7968277.6645823205,11944128.239383545,55576708.655372724
3061083.107695937,10970336.057877272,11727772.450391477,430.97772997855884,9096824.079576021,10987137.488614075,9322414.135222603,0.0,8420168.405481087,10845362.162931634,74431528.86552009
8249575.471237192,12317831.712860763,3740940.759356921,419.46229661213823,5926905.848077328,11300482.751424378,11038163.4494763,413.38660176005925,10751276.82740609,9530771.341462936,72856781.01020028
6096239.389491778,11485555.376966693,7346393.124961314,418.72824507404147,7087617.094548439,9466958.53494795,6387015.40972886,426.0041769556468,3299010.008837397,9924760.950347262,61094394.62225171
4529009.1115238955,12296444.24007314,9023064.943319943,0.0,3014012.7188511626,10773206.922437934,10272460.873946428,0.0,6607498.296710607,11091709.760198314,67607406.86706142
604392.5626361844,10353899.923894322,3444320.6003567595,429.01851695976217,6540884.552853041,11098339.924263638,7160638.982079567,430.13181061573795,8683644.195916584,9961284.865249075,57848264.75757674
4098190.34696479,10685495.192505809,3379684.3477029433,426.5046007899779,2143929.6584623847,9213607.400633398,11094501.12299251,418.34601227401805,7985326.852555374,11427973.530642087,60029553.303072356
8680055.40890289,12963286.231889933,8975934.408371247,0.0,3599313.439998533,10400787.295585366,3697398.6015358437,423.6716176878161,5331537.625662254,11670252.751318924,65318989.43488267
3724974.4977518646,12060793.422457028,4134953.6035600994,410.87914891289574,10217616.98738904,10404714.510031598,4800197.233808512,0.0,8765977.583457932,10015442.713279799,64125081.43088478
4760106.263595394,12167726.325568967,4415357.148139995,422.86707596529294,4186864.6333115506,11433338.516226584,7803999.006239054,421.6033259752713,3768639.8316826355,10909155.05944773,59446031.254613854
5425554.256440516,12310278.231751602,5745083.865861055,420.25260671451167,7476418.288270966,10797550.878116129,6390918.689887738,415.7250770321687,6636136.945467366,9837028.860403758,64619805.99388288
9250233.112404894,12046984.172204057,7312820.191923978,0.0,1928179.8101826191,10310842.92887106,7828164.949527077,0.0,8323531.714589673,10235680.080386896,67236436.96009025
6503030.499320153,12051252.987303713,3747821.285803769,428.4298364839941,8865090.431457883,10918228.83243546,6678432.621202103,429.3390076221599,4944782.875998599,10685838.510259226,64395335.81262502
6937640.420464572,12484300.788338218,10463405.547082556,427.4964565798048,1662028.9591191309,11215471.426162297,5536870.422600056,420.93225119457463,6191481.525745462,10347794.999834927,64839842.518054985
2588975.4007550324,12299266.847282283,11646123.294702105,0.0,3627991.6233492293,12351713.654003473,11687023.633015526,427.92070335515234,11597865.008179342,10228211.637621913,76027599.01961227
4746163.688967861,12296724.201338362,12067248.891146392,421.08570545337494,5371642.933035843,10988217.778279068,2545978.2490257826,0.0,3436826.0776947895,10638379.493216034,62091602.398409575
4758456.045027175,13011603.743276607,8041571.484748296,413.64021259901244,11076400.719809942,9419008.314704815,10456921.833690416,418.14590803874347,11786279.031872401,9948328.841808815,78499401.8010591
6813640.109355287,12948935.887096856,5245139.420807766,436.70111008945656,5331082.060356816,10326647.680900838,10102497.570372552,427.083015838805,6007326.875675176,10115957.804050103,66892091.19274132
3042504.071660186,13706983.892308006,2684679.0710815527,0.0,9313538.075469377,10383659.845421216,7423486.661610334,422.19870412813015,9782448.343985353,9767890.351842482,66105612.51208264
7467431.34711574,12178265.86745013,5455892.265397902,427.09343497931746,10876317.836384814,12014477.496307543,6807022.990693895,0.0,10243905.34712035,9492088.016801652,74535828.260707
421813.6460592508,12676831.527922604,5419757.746058863,421.63705509605586,10295261.77190502,9930123.975541156,6844854.645667783,430.0776900124072,10232474.076819567,11302057.8417382,67124026.94645755
639334.4889486644,11349890.449762069,5683224.833347325,425.1929155701215,5756694.461712967,427.39236357306316,15159196.381373757,427.18088519369763,4122148.4398115827,10456654.911347955,53168423.73246866
2181621.8453576746,13008851.326502679,4665717.312116758,0.0,11323719.012151789,422.9794620487528,5586388.300772854,0.0,6223207.949641862,11426793.071541067,54416721.79754673
4229792.454291221,12691254.923950195,3112094.851337277,425.099904285974,10036872.424277833,427.5186974909475,7670958.62078372,427.9953902502645,10277134.130534355,9905537.062370516,57924925.08153715
7385586.775729114,13107127.194935545,4017039.621978155,429.8395925838231,3813660.4467360675,0.0,4556386.041996316,429.19192321868906,13103603.381420529,12142765.029305382,58127027.52361691
680992.8709362062,16616796.197833423,5125041.208671712,0.0,5334724.900638618,433.20440480347963,6886997.656745313,0.0,9837483.312593855,10164356.156116867,54646825.5079408
6828025.974106122,14235074.282692792,1543729.8812851263,420.8521789445343,10394948.989265379,414.1908000891226,7127853.007435859,415.03800095613116,5463531.075102007,11151699.447537147,56746112.73840443
6965646.251948641,12521364.95437925,8768538.978694087,427.83140441494294,9240458.879421182,0.0,9930321.902776934,435.3779307898914,10913466.956741322,12595399.830691228,70936060.96398786
7285492.979570484,13382899.171576485,8976009.126439326,431.8946084662044,9230220.329463588,427.83667765478714,17941133.436827436,430.5430755662615,5016436.210655032,11669021.642787881,73502503.17168193
7366061.917892486,17593102.20470233,2070643.7845005174,0.0,10308546.439966314,435.3255883146627,2330879.599305281,0.0,18679166.26341866,607718.7072794186,58956554.242653325
6378010.042690169,14918222.952926304,1650455.1707041587,429.70142790154756,18792755.782636262,430.5086430355126,9093861.262924347,2664998.373907404,6100802.669456173,0.0,59599966.46531576
12444307.426977893,10904226.95571517,11231230.741397245,414.86036733681226,10593959.634236919,0.0,11652771.994843516,11366836.385640379,5943037.986642949,431.7722499547482,74137217.75807135
12352140.59498026,11431640.224960646,1640805.35476958,0.0,10774228.37659066,435.49734885717055,4824755.933503641,12527941.620878732,11269507.920461072,420.56601586074396,64821876.089509316
16993142.422021843,7727719.41014199,4968728.264016746,423.56750738515376,4944675.548450362,425.5718450277557,10219701.685378818,14342307.207767742,16907732.160708845,439.21722760729784,76105295.05506636
4804304.8051062375,0.0,8687009.440471558,435.6193773737633,8570833.446771894,0.0,15414609.598290533,15390456.91331078,10428510.005854787,0.0,63296159.82918316
8140136.848934165,430.18364684728573,10015554.549842492,0.0,8763800.83276825,437.1743980362974,9002851.090825515,13432548.794228433,13924287.330128178,434.7850139272638,63280481.589785844
1310971.4002457599,435.05682543819216,2291957.1636824436,434.2983319581291,3803628.344938859,436.10298035824604,11507039.25815115,12666517.886513997,15780453.714895643,436.6833971172725,47362309.90996272
2799724.332493703,437.8015566106153,2950288.7917763507,438.66331905959345,7706957.909071718,0.0,12103719.265266491,12417153.49882904,14504968.59155879,0.0,52483688.85387177
2146845.5785328588,0.0,1472161.3558543993,418.30472455685396,7286313.995148399,416.98711611650486,4235508.620562202,12488039.779502003,24478529.475767713,420.5044384197972,52108654.60164667
2008012.8568409565,423.1142263822375,1874715.8011838356,3128197.750210278,10373742.286101593,430.8566280131102,7215011.4701994,11624091.242094466,8007956.996676708,439.2915009085783,44233021.66566254
7449585.945179488,438.50586176365846,1202152.1054148907,13340608.491498262,4368108.704795855,434.7299038473373,8108695.930053409,8823835.173811141,11555402.363175401,0.0,54849261.94969406
8106322.441770582,0.0,1185114.9431222074,12564713.137398269,9500545.465081664,0.0,9403042.74593789,10679701.037695294,21654395.570357848,432.4442697425653,73094267.7856335
6048691.913485322,430.93031409450447,4697121.369157228,11197061.869567344,12698937.83605247,420.16525151801955,9396197.546985187,12460525.652533574,7330930.686154385,415.86092704288194,63830733.83042817
9212547.224334387,416.651335591604,10782424.4845493,10656071.987914499,8922862.404867055,431.08311546491086,12751242.232071431,13922964.003478503,7883865.503238072,439.315177807498,74133264.89008212
9037112.460870352,0.0,12307394.939710123,16088664.69822118,4909730.523749701,0.0,14480052.43949009,10422399.05819983,5682142.59837454,0.0,72927496.71861583
3670979.5543775973,433.09080583401453,10020249.52008125,14943550.076720433,8056772.174965091,423.84063844326823,2662749.989934644,11053934.603868913,10827219.439571774,430.3064860829307,61236742.59745007
7469475.882115577,423.05518974765664,10848986.794715097,15354475.506887674,11805472.115021078,428.7783029777946,10117402.399347331,12499331.395311458,1853172.8688910885,423.85223847792093,69949592.6480205
6344314.421138508,421.9832226708157,21629784.578451533,17565567.097542245,7098094.042235075,424.88620441861275,1771628.115107011,10075175.537231667,7818072.047374753,0.0,72303482.7085079
1440848.0108710423,0.0,8746959.33182022,15108797.97977114,13229891.272924569,0.0,10760280.206480736,10233496.5096352,11786907.225689655,410.8150939607751,71307591.35228652
1363243.9064471484,408.38652238780236,9552201.843657464,22644011.887023147,4793676.655135685,418.71361463095366,9839096.671823049,10879696.599496575,5035509.116352539,428.92930759756536,64108692.70938021
1433564.939435237,433.72778462023024,5466473.421735954,14844322.217577413,7063945.823166686,420.3671180614135,10670748.887153605,14197853.93438951,7497638.650478944,425.8051465915025,61175827.77398662
2456251.63675343,0.0,4578152.694361409,17642082.4711887,12134443.403867064,0.0,7038088.140929044,14439741.80000305,4616387.328060501,0.0,62905147.4751632
3697391.062215187,435.264412526868,5565198.053187797,12155969.527712077,17619377.276688334,436.53388870398214,4782596.898410331,17395780.406935494,7698071.54468747,433.2172688193839,68915689.78540674
3677708.0887592845,431.3115043842069,9079822.177026039,14995566.158661464,7798960.175149258,427.65518933403575,8859725.346780041,11738618.066580346,10296430.963314503,425.75120888490756,66448115.694173545
3613565.0238752975,427.0677957472805,7375284.042752013,11380536.592892867,12421094.81294876,429.644298094919,5098219.186565546,16412266.487086069,4673509.728925735,0.0,60975332.58714013
4043273.435051109,0.0,4290326.687764085,12789755.802464481,4380637.5361963045,0.0,3199624.0272436053,13467542.561586065,15105181.59665532,427.28786781591145,57276768.93482879
2019997.2951782981,432.38120805484436,7357978.916366552,12783591.95951659,7095489.407983512,429.5590442986929,7680490.935411563,17886403.860346317,3297013.885141329,428.48737331708435,58122256.68756983
4135366.8345825807,427.08084147359705,6061996.3312750235,12573097.731038356,9999201.521176588,432.12766108151584,11562368.780312685,11709368.77654562,7133479.158971021,436.0108951509561,63176174.35329958
151401.4679040257,0.0,6269953.465083197,11880586.126480762,5019366.746015558,0.0,4502421.180506384,13094704.642419498,5604708.582470305,0.0,46523142.210879736
6023325.447549819,422.50624546699976,9328542.94866387,11779737.050973356,6164966.078110603,433.3361572873511,11746365.440008804,12179511.938821591,6730693.1272484185,433.6426773823073,63954431.5164566
5161889.081138296,431.3920939037756,10550995.372406796,11656003.537338015,5029297.968308845,416.80712018732106,8771134.468379363,12427286.732610025,4233702.616817279,417.8943769806106,57831575.87058969
8340651.113459946,423.16296179992645,47473.82325780778,11448167.976073086,7807736.307705254,428.0509902341574,7974081.86220718,10766864.488115992,11736203.496030036,0.0,58122030.280801326
5962588.510028786,0.0,1025013.4303094223,11315662.583825435,10018176.859886948,0.0,10204002.628374007,12132157.530475698,15653243.110929098,428.97134837098713,66311273.62517776
3579635.325957851,428.3099797297642,5192737.853313522,12546044.934337055,3652929.987245834,423.94122293309624,8076110.32391459,17144631.434658006,9163350.994582769,427.94662703351423,59356721.05183932
12386179.837040884,428.5257701962125,5545858.22719409,14890978.265722312,10651486.067269733,421.68509750572593,11272983.424454492,16676280.259736523,12929551.61463991,424.7926998477447,84354592.69962549
3846429.113436351,0.0,3749483.1792440955,10185240.504397336,1059928.101057274,0.0,5293408.66661902,14977999.756788427,5752387.710783868,0.0,44864877.03232637
7896832.262001687,430.2059843941115,2404531.9230119237,13249964.71433248,5390224.3997225175,426.28009954114776,7727782.042401529,18484014.04561656,6563866.716075617,425.2632397187761,61718497.85248596
7135671.038559004,426.6908108279951,61928.63253692186,14962110.89499445,7789755.128875386,431.8062366204397,7036300.040462055,16948677.304041296,8569883.234073333,439.6849449964107,62505624.45553489
9896192.219226701,433.4860963650328,427278.1730216279,12577885.811028844,6716305.005943292,433.12397541953476,6825984.90021978,17028699.196050923,4872425.314949138,0.0,58345637.2305121
7649809.692668772,0.0,2307078.388113259,13049452.980176482,11060047.173870074,0.0,3480721.7601753976,5397613.28025679,9904893.408909045,419.5570537856115,52850036.2412236
10472327.370195804,419.02019668661865,6469129.554515191,12446769.099858405,7466292.947658358,425.40467693165897,3479800.358575284,435.341308563025,10502809.308979534,436.75444712628365,50838845.16041189
1210800.4896964738,435.8917615647075,7910723.365124617,13120787.086480232,20575601.224018525,436.5897411709599,7032050.794208967,0.0,12117176.34259053,438.00757894516994,61968449.79120103
15361508.667366667,0.0,3864453.0477948505,16117146.485279754,2210371.8166918964,0.0,11381496.158545712,436.5580265759983,9692459.726005336,0.0,58627872.45971079
5388570.463437021,435.3806612284071,8711059.540772663,15459703.112453459,6279830.588743886,429.5918584211288,16330100.369924426,430.817259174361,12437334.75570541,434.5071649681112,64608329.127980664
15423569.63243211,436.95407921866524,1072254.1354613383,20042491.60911555,7789662.887246369,438.59976837671115,20745442.12652307,0.0,9041020.737056395,431.6358015294998,74115748.31748395
9124182.702139404,430.1516613134494,179636.8773219305,11951931.860835394,4832035.349314382,13944958.47940737,11181678.75819774,437.7328303875609,8018372.061278694,0.0,59233663.972986616
9843594.450692888,0.0,2141727.7631698763,13892313.965040192,6735429.839534842,18134183.449693576,13384968.332889829,423.5830137243388,6579432.616611953,427.51615555540457,70712501.51680243
409646.2374621031,428.1029633442992,3075479.4701782693,18661166.16351067,5120092.608006956,11106457.454368323,9601215.549434183,0.0,5058237.113255124,429.46255583289053,53033152.161734805
11743198.874568429,429.92670216100925,7841011.731478279,12328680.022161206,13657823.559545416,12305843.046945505,11868517.019306999,428.0921307794373,7485111.032976461,0.0,77231043.30581523
7706142.939553925,0.0,1212040.98115697,440.54199858861375,5013926.056644981,14207442.097783692,14930884.71283262,441.5367660749803,11000819.303773284,437.2767576725093,54072575.44726781
10008114.905610263,437.094480701343,9939146.171502108,0.0,14150352.968529359,15497415.38233469,11051147.258647757,427.9631834469635,19398735.42186286,432.88724099539303,80046210.05339217
14042996.059819734,422.88039925727395,10439188.010449586,424.53132070633694,2267249.2483575908,16547912.02842827,19830781.552015834,0.0,6174457.17435861,418.1674471912642,69303849.65259679
3271827.799071123,428.9019855134214,4814727.30299745,432.0358561710198,14635147.472843274,18540010.59290231,5790238.499886433,434.868597605493,13572664.455889726,0.0,60625911.9300296
9145940.989144124,0.0,12992214.993107274,434.13041771932444,13976628.596601544,17887058.58101954,12057706.511388471,427.0318335317613,15729577.56711929,7853957.681847003,89643946.08247851
10672589.78769966,419.96699532965766,1541306.4936547272,0.0,6611874.007192764,19203827.61809862,3593762.973035004,0.0,20910767.60829341,10591703.305563014,73126251.76053254
2892649.6269140826,428.1979310541381,7081931.8831455475,428.1751641014996,9145202.795585705,17872494.332710326,9356302.826430988,428.1355553745606,15508709.230278952,11413623.143188233,73272198.34690437
7786329.372456722,0.0,5497417.989889434,425.0515293711293,8009888.361886635,14545470.12353408,11057169.172278926,422.0637259300318,11447722.203991903,11370234.945368525,69715079.28466153
5808155.261109922,423.4970302328106,1455543.4831999429,0.0,11147177.819971168,16383593.182700656,8968996.772175139,418.4417442039548,10666583.099133553,12258289.574813556,66689181.131878376
1540901.3467983734,10307681.075091043,4830868.66432904,417.7148104638574,2890661.598954707,12173624.742796749,10767137.242217379,0.0,2410714.5541978697,9816409.050396752,54738415.98959237
2093227.037398041,10470994.236892248,9514376.901160525,410.09735317429033,8298499.7502701,11143776.307202548,6901984.286277623,407.8892584102119,6634916.565447698,9437297.254401935,64495890.3256623
6117545.732627432,9804156.592856703,4072752.961569311,413.4332917079686,8941016.212948697,12326957.395232564,11061711.704026757,421.62910795860665,7319069.372651187,9612564.339287866,69256609.37360018
5144033.735640023,8660782.52836994,8980115.549897403,0.0,11893321.295333572,12052416.355967257,6036274.708143729,424.77701519310875,6861963.409473765,10980895.57996774,70610227.9398086
5731349.224710514,9365475.588200487,6401974.596182746,424.3801758636935,7140579.082885163,13070681.763939837,10194587.952465866,0.0,6158065.688764181,11167204.496462233,69230342.7737869
11596144.845982129,8512165.471615884,6367104.925697107,427.6271210201202,5407557.881166878,11859970.60746272,9245473.415623868,421.0165799650182,8994736.84137448,8945251.292031325,70929253.92465538
6968534.946788677,9091781.046085566,5845601.7602216555,423.74509616143547,9388447.771014018,11449285.73885362,16089122.984826308,427.07187245113874,3028490.658657596,9442581.057191415,71304696.78060746
10148880.497468885,11393219.776066553,9247014.473798404,0.0,10640244.316649364,11092004.081083586,3926777.539680793,0.0,4616965.430408731,9007116.792636242,70072222.90779255
2483544.627578805,11868736.332810957,6489748.536450931,422.6085927040481,5749616.672728215,10169923.957097467,5347852.706562958,422.060009718886,9102118.166070485,9134190.969314625,60346576.637216866
4892821.863980281,9937555.670504741,7494525.555823981,418.13930777488923,9032479.752014996,11145947.053800171,9331360.551590055,428.90755930147367,3129403.7421684796,10074657.010605158,65039598.24735494
671297.9729829343,10735977.914462067,4688906.221993778,0.0,11696846.267429188,11537709.320944218,4008012.957104615,423.8776715451427,8659458.874446927,8855024.15439064,60853657.56142592
4921114.353853703,9079663.557694431,6469341.3727110345,428.67358486669116,8966864.028389225,10145068.5522054,5564721.607850231,0.0,4792741.565365802,10782092.849972479,60722036.56162717
3627949.940862262,8309511.965505416,6658034.45958646,428.6114355373073,6387642.724615609,11756590.159270532,3233537.463806512,426.22432697525073,3177028.99488273,11024553.42412836,54175703.968420394
2502680.2813322404,10166432.254617486,7141102.869940011,417.32240022585916,9046214.701782737,10578241.292946149,7915891.19088094,420.40609247294765,8783798.23071971,10203021.50729689,66338220.05800886
4733387.815822284,9899456.783702126,3279731.5777479783,0.0,4001028.3948699296,11476349.520982502,3360317.6485176156,0.0,1298321.5936486355,10216489.342610506,48265082.67790158
1692431.0572513777,9726617.37374541,9457884.513049245,421.6345826211903,10164689.428375922,10935048.208624039,5727377.398948173,425.5513353635066,7766753.500148265,9426822.825533757,64898471.491594166
7519183.386280626,10987847.446199788,3181858.845064179,415.9806207148343,7378007.223094105,10948421.866759619,10272216.115151722,402.7099661052208,9271601.794480847,10040507.667297054,69600463.03491476
8812208.87236552,9706358.146787891,4117221.3578334693,405.70833000829447,8814468.945580464,12301303.675174706,3363140.218081185,408.9438860097102,7253543.018038096,9757756.300175933,64126815.18625328
2759375.704124138,9522667.352781184,6229377.299546279,0.0,6329765.7560381275,11368279.337983305,5487693.522313595,0.0,6252597.989955841,9786211.7745611,57735968.73730357
204476.19954709263,10517166.379090464,6351024.00280963,428.80122544702425,7098181.330820536,11872148.060142083,5754216.655644124,430.34750941220756,8701800.239627684,10500148.605941352,61000020.62235783
1195026.0646242767,10667817.169320855,8664814.289410485,425.50636495000805,3648168.643865949,11158078.408552058,4928137.203645238,428.56399150052516,10103167.732501417,8059457.576144544,58425521.15842128
1158395.2198483702,10173345.501461925,7111262.862881769,0.0,8421193.054653129,11853888.381918363,7098335.09419102,403.5627336891887,6099151.756371364,7684663.1558720805,59600638.58993171
1654586.824359982,10045081.47234006,2417787.0276153414,411.01193369556677,9198861.564889574,9781362.270660624,16244900.511091694,0.0,8182782.860048352,8593234.009937175,66119007.5528765
1269232.6361588014,10463687.930227809,10179607.13133316,419.3580607345233,7558106.125342502,11684515.132170307,6960517.361849863,407.1290796761436,10936717.733619248,8589905.629330868,67643116.16717298
187027.17197940496,11007403.326680325,4486492.8624058,389.98128801960615,9312649.887656387,10514097.400106257,7820774.69618703,404.930268873986,8111155.2359107975,9204757.181538772,60645152.67402166
1997444.9616007714,10498228.066893274,9812411.150204757,0.0,6699156.1705887215,11405761.252826205,6781579.898187111,410.93760390724935,4872916.611931952,10496679.910966078,62564588.96080276
6809631.918937814,9708565.864640525,9061808.465985503,418.0895519660489,9239295.902182741,9977966.420622602,10100560.57295801,0.0,3848575.931397256,8974071.444457762,67720894.61073418
553042.8772804039,10811740.117368767,14892260.834604999,431.1618652258525,1794231.9120078827,431.36196172848526,4166771.585021839,429.27034958844104,6661290.974343994,9853112.145593964,48733742.2403984
17225168.03023245,14225243.348623639,4172990.412336725,424.8283755467914,7829803.47404233,424.63384544905585,12673276.93538749,426.96798608433636,12221940.110775294,12162537.638523905,80512236.38012892
11341264.398403946,12155438.227210522,10381545.772929726,0.0,11043310.938751135,428.22917125309084,15827463.280189928,0.0,3461502.09527889,12263626.989831679,76474579.93176708
14067035.587953005,12352046.081686303,9294199.146134835,424.70479110469626,9543076.69967292,428.1136143837382,12849555.90377361,425.94108699009655,4675261.2206518,10928622.551011933,73711075.95037688
12198874.676141875,10690938.646717735,4884835.0835999865,428.9859731805183,11556119.359555563,0.0,12689675.366743315,416.594778209653,10506104.070617652,12361770.6934828,74889163.4776103
7324267.444551825,10966447.665443543,7626300.053565855,0.0,6185855.302589683,423.47467133514044,7336539.026814263,430.3296642226116,6644686.174392746,12246236.80552525,58331186.27721873
8559841.472264614,11599220.850846311,10228661.322268609,438.0333096323269,8867356.836790964,431.8536602002996,10633810.576518875,0.0,13163321.17805842,10625675.741662735,73678757.86538036
6868504.576188365,11599395.834588163,7450620.738187303,404.4417873604227,8929090.926662687,0.0,9306885.699017689,416.41658496630635,10910615.150589772,10121401.674501544,65187335.45810785
3118789.6337223793,11297196.785443282,9176368.604807774,430.42000921443224,8319430.600472748,429.68363625265476,14189688.022773802,13149697.751351366,9681695.821729517,3514729.1021133177,72448456.42605965
14110977.833833683,15651027.169957481,10439820.261674726,0.0,11275075.864985129,423.5573486750381,1947313.517916763,10280849.29995277,6480716.154150239,417.4288287660667,70186621.08864823
2951887.4667857564,17695707.015652057,13028099.344544455,427.7540482008551,6190204.011551685,430.3584564206858,10950094.478718188,11547620.498539202,9596927.618081803,0.0,71961398.54637776
8785579.149946619,14318325.643529141,4213532.307211357,418.2769142678825,6862084.036483692,0.0,11385582.277822264,17426086.346055944,6915223.251760791,417.0130276055988,69907248.30275169
4903342.039018874,11180821.364595871,10429393.089650221,0.0,9684567.00965432,435.85797799435255,6109741.265061704,10968088.356081735,1313811.6881878315,431.32074477304235,54590631.99097332
1513687.3169620328,878285.1696916518,7543425.776456193,427.30328498277214,5785468.385209055,430.2528732094933,19071783.278341625,20331929.967674468,7711636.79992514,431.3795229139834,62837505.62994127
2768273.3695048485,0.0,3582832.886297094,434.3662650082525,4845007.530377151,0.0,15440583.473227693,16625257.25635227,11083834.476949375,0.0,54346223.35897344
10329447.485294547,424.22431147985213,7081234.40743112,426.35322161234257,9904694.83359655,427.24144165709583,6945230.839805529,14241029.689839082,9952576.966272814,433.65453994425917,58455925.695754334
6769654.568448053,438.24288901707683,10737574.477161583,0.0,16128404.693292625,436.62941456878724,3465998.4680516394,14382216.830630625,18213126.967575215,424.8222797767836,69698275.69974309
4162629.3465730753,423.54139870114295,16479982.205585776,10309392.531966038,1670746.4387699363,422.0848741868916,7954817.241103776,10187798.201685207,4935796.256423496,0.0,55702007.848380186
4093526.678147079,0.0,9017314.705700675,14860705.615376413,10385669.617619721,0.0,7813960.47248144,11260142.858756172,9732068.500089781,425.784074141359,67163814.23224542
3915812.9292115793,428.1646921162387,8393808.618290644,12480761.826521525,8928800.318185944,436.1274485061738,12820203.421007909,11052762.138160106,14132824.176397873,434.97815025829493,71726272.69806647
8570626.98996371,438.80682974843756,12521236.27793746,19691360.417340025,8615435.350757001,426.35620119152196,7382399.040659703,12172536.635131262,6224446.106722133,419.8098031095603,75179325.79134536
4777227.398405803,0.0,7493105.948683233,15366129.29640849,14468326.263610203,0.0,1455888.9801867271,12109367.877939112,9787865.174194204,0.0,65457910.93942777
1570167.2328902828,434.08080814178874,17277923.416156508,13424549.453244997,7748415.073162485,426.27775282840173,2486237.372820239,12141665.404098554,7797078.903303065,419.21485369605796,62447316.429090805
1518127.56278104,418.0206254407012,11581331.868768573,15085080.949016066,5537293.029392,424.7072997183126,9644133.551317118,12496724.922343656,5944106.576942768,422.8729381103332,61808064.061424494
2721468.670001923,422.6316587182664,11798117.42833968,16519378.876243476,6530819.0891843485,425.9346889088182,4014463.7181510814,13417651.995242728,7585111.409888269,0.0,62587859.75339913
4644054.093452517,0.0,12714139.107021132,14002296.489348693,12121303.377562214,0.0,12426994.131917533,16773025.314338407,10476268.969688052,409.4846991325685,83158490.96802768
6402237.7153027635,414.59876958890334,13241323.816868555,13136171.63123452,5203213.544732301,410.14873414626993,2406161.937892752,18976327.664937243,12451157.304860638,425.24985568127835,71817843.61318819
7785527.878889906,424.63921929012145,8895302.158238357,13148464.860124273,7528827.284159602,433.6239974981068,3641611.519490571,16811179.642963078,12057519.855479317,438.2762800417973,69869729.73884194
6917451.668880156,0.0,9397906.966895223,15101829.140219143,11275978.42979186,0.0,10139376.294918409,11091407.202719057,8792365.371866964,0.0,72716315.07529081
6959466.396913335,426.2074536864933,2582335.327391806,16820308.16438356,898514.0766013518,424.5955159946761,10482565.392380763,11052742.14418113,4334447.772683548,428.3883575465973,53131658.46586273
7083567.481797913,429.482528044406,2741059.162684199,13727739.422252223,8125911.569989626,423.57713187582857,16673394.181878181,11099032.714257244,3828007.9861353575,424.52057862124315,63279990.09923329
4764703.903742943,428.21714824629635,8902974.21425083,12076114.646380974,4448260.190511345,439.12870748097527,17957084.66739699,13176525.441114001,5918431.3016043,0.0,67244961.71085711
2311378.269789733,0.0,5109416.888819046,12149419.002859516,9300318.755594233,0.0,14277057.489854012,12468437.073291004,9160631.575427027,425.43245424352443,64777084.48808882
1227165.0023708597,430.3239614328472,4056383.780970548,12480681.941096345,7013421.620960409,426.63673893386266,7071470.725935367,12634309.33029718,12284940.362897865,421.7552378831563,56769651.48046683
1941370.4041295545,419.5106314082568,12694875.23107203,11995187.868355352,10175907.717608215,426.27071284518763,13060555.567962889,12573796.02691505,4268443.350809991,426.2764892245482,66711408.224686556
3479046.348420237,0.0,11382322.354468048,14239543.95691284,11611061.35828207,0.0,4173005.6277301405,12293179.952994779,10654674.543997068,0.0,67832834.14280519
6246626.84637989,430.1511098804389,6708451.161316645,10834119.581102893,4566426.769325447,423.3090574280717,7689944.140166142,11555863.835554082,12745759.580077445,419.49918038645086,60348464.87327024
3393498.698139773,421.7429572153978,10582532.568847876,11172776.872652179,9239751.019010754,418.84027150912164,10618703.11795946,12128524.853187466,12117726.88367427,430.704539984661,69254785.30124049
3469594.4203303345,426.7648880573761,11749552.418309936,11927024.85084025,7553737.137702596,433.8396612834269,8091519.912579336,11293004.59991308,13675244.81884271,0.0,67760538.76306759
3528466.2550813514,0.0,3999532.7612604816,12452588.276582966,8773709.700182457,0.0,11741721.454268182,11158401.595518067,10200939.596888326,435.53644707611494,61855795.17622891
3484111.9727316867,436.4897848213978,11284416.837934898,13838983.417438662,742738.6320988672,430.47053430309336,11599641.587367537,11578090.30947421,10483229.606228225,427.45434135820807,63012506.777934566
3291569.3859965173,426.62824058485063,2103282.5377198253,13874901.07892495,551584.4139371036,430.2592177753728,17010365.546435907,11580231.966698173,13101808.17371846,433.4787229461464,61515033.46961223
2955918.940144765,0.0,7225661.647675562,13287227.633679446,11188177.277354067,0.0,15045337.865837844,11609758.781238304,9209557.849843742,0.0,70521639.99577373
10248081.108403536,430.52134744578245,10946186.935795324,13643613.3420997,2624966.9151425124,435.51986480549243,20498450.39681731,11596044.757729316,12965872.313896809,436.5257486902163,82524518.33684544
8259864.163949372,438.1385510127868,13022159.994018294,14251238.595039358,10366809.243819809,427.097059147357,14176853.581470666,11560984.470942924,10582604.204535479,431.5621515322613,82221811.0515376
8743757.824773228,429.6348543414384,6448935.7269952325,13909449.354996812,8861538.848098215,431.71095783429377,16816862.936982963,11589380.22952653,4393427.058399992,0.0,70764213.32558516
6176177.207199823,0.0,10168122.16352081,20570866.25769421,3647457.254795991,0.0,11870026.049260069,13384892.875495365,6478041.952283154,421.6935767145298,72296005.45382613
5743223.506488633,424.3704253936027,9362308.400658851,23337536.489109017,8914945.746967018,421.21873679942405,13543452.907961722,501298.01495431695,12049801.26909883,429.5716927241917,73453841.4960933
3135519.9590576156,429.60478379522016,10887835.982949603,20975830.38936759,4475312.723459741,438.5248691133689,15652871.94985016,442.38016113431246,17721023.446277138,0.0,72849704.9607759
4153227.180293497,0.0,13749822.630756237,14406930.35168722,5190414.837825214,0.0,6577338.855754251,436.35251412485707,12481958.570665784,435.227903481666,56560564.00739981
4123012.127595368,436.77282915912053,11905275.06772871,13138597.891099611,5353078.198277786,428.44497145886356,12526878.73422657,431.3474517224623,14352760.478554064,432.64016613938674,61401331.70290059
6432738.732723153,430.7143072609097,11200576.31398467,11066508.2284353,1877517.8069910388,438.29793922679477,1521013.7594748805,0.0,9553735.622959254,439.4606502198104,41653398.937465005
5714494.9751796285,0.0,14380667.429120863,16547040.774964012,4214680.101088563,0.0,11676756.265663201,431.91990392177814,10453409.01145515,0.0,62987480.47737533
3377060.878317917,431.43545095228995,8963205.519459179,19417252.16497819,4453823.515557197,434.7154479795527,13887062.32766197,432.4276434474601,13876208.592116322,416.5393565285937,63976328.115989685
4805305.897235887,416.8570027695692,8575806.843104918,15231399.921051878,3220299.514997141,10457313.463718899,9763084.570889054,0.0,14512086.574916048,409.7588949490912,66566123.40181155
3819344.2719122837,410.8036936025521,15906086.904564776,13104295.769879797,3352710.3323762007,11486867.211746164,7502090.381361357,434.6573525976468,16881338.770809576,0.0,72053579.10369635
5326871.284183877,0.0,9059859.226550676,7835657.544281348,3501311.978380714,13815968.791956091,4545465.598734627,428.61088804620977,11348225.64145938,431.78391779817144,55434220.460352555
1506197.0163901523,431.5682572347267,17191945.193372894,0.0,3439946.233290797,20079282.62217572,6856565.93259429,439.1128082953223,10407463.025016386,436.6765775324981,59482707.38048329
6077723.998194074,431.14718401492564,6848818.5939772995,430.6764385003401,3433860.8755175043,14836386.7797294,10791720.486879328,0.0,4307291.612382734,430.52723960070824,46297094.69754245
15234687.941114107,0.0,11909329.940440446,433.0559646063841,1321699.1760429055,11727536.14347864,4225957.611308994,435.609669127511,8833447.422271818,0.0,53253526.900290646
8653005.90583564,435.7393051817559,13566459.132886259,435.27570522430494,16748588.882188907,17708047.271018434,6879499.041523757,432.23296018357064,14133973.449254734,428.325561871678,77691305.25624019
