326117816336.1861,308795981011.8899,325697458046.24243,313684021989.7734,315567402421.3467,304172767258.35095,304089848093.0363,298192943961.39526,313141717669.97675,291814668959.4099,3101274625747.6074
5845308.062415381,6255448.864010574,3000315.295391386,8232853.986222072,6424455.483929536,3220932.326125723,8908092.741664212,4345399.92488567,5453323.115728719,5450983.80600982,57137113.6063831
1447093.8417073924,4560159.15918956,4205953.466961907,6566991.524475814,8556718.33887934,9533192.86111156,1743413.0821763636,2282217.641616827,4978010.825928954,4073187.9962897305,47946938.73833746
3837559.1250569005,4373124.641467985,1182371.4347774116,4242498.149082771,4597462.4987899875,626179.6231460462,4497004.789614219,2209652.082975867,4119127.7343049375,5385650.138366949,35070630.217583075
7844925.831267739,883207.1414372915,1442541.2170813526,4341992.306346296,6187391.712949595,4206450.686911829,1559917.4677237282,2252338.528985629,9531914.412352676,6039113.414950731,44289792.72000686
4110744.680858109,1098138.003501446,4087013.7797941132,370459.5699534515,6604504.985170105,2266805.3391991514,4036545.432357617,2309234.3719000653,6688259.708859141,791272.9099987029,32362978.781591903
3271435.3198776934,783461.3467970192,5065080.819935567,4001301.167918354,8329594.78476293,497129.12463563815,6425650.684190749,905403.2057527724,7181091.016031194,7628986.243578137,44089133.71348005
5250048.55258752,1174943.530877172,4981442.230791138,7134441.186015056,3714876.8576569315,5881574.234807766,9957374.810952775,504031.1045721661,6730355.46720126,3925251.2903059754,49254339.26576777
7729585.132488115,761561.8622677998,4267312.803501918,949513.8833505586,7367448.83002582,9076543.17465882,7729859.286225634,4602822.935717335,1633436.9952738401,4754675.647948721,48872760.55145856
3758782.573941661,2034439.8500577726,6440456.766114621,8645139.230527852,1705704.2295311478,6143905.603919578,6313177.011116817,992262.805757617,4853991.255866463,8619589.58933845,49507448.916171975
7659938.501611259,1172343.2580686882,9186181.721681286,8141025.799520923,5405845.372486801,9009814.745983388,1431859.6406503697,3403265.257529487,7905552.501673348,2459219.925289713,55775046.72449526
2642876.026829852,1176516.1159388695,3242414.3274014723,3915538.250155139,6139218.597758482,4804957.300133292,1171108.1194949574,6629856.188852163,3206833.603416521,5999579.200820671,38928897.73080142
6080348.083455797,1211489.5007662969,6087262.613112224,8654422.003308346,6201103.6113433335,5596734.714010459,3498387.8056049487,2849264.455330709,4031695.6440219977,5249275.963368335,49459984.39432245
4824764.210367956,3496644.160160655,5294446.249399988,7969369.448128647,2542165.601899613,4109596.0584291024,857724.655270874,5411260.319788129,2436230.5862710914,4409338.203444067,41351539.49316013
8844286.382701565,1421209.6566979024,5318865.034194435,2914154.1855811966,4912388.055077602,4724997.200292067,2576080.2031137324,5025840.795754422,4775863.074121878,4968863.163917601,45482547.7514524
6282289.964909888,3446259.6709071035,4296392.26781332,8438881.622197865,3145154.4631138225,2348362.5832335907,7786303.176611623,1667803.3653752233,5213423.212584639,3716446.16882933,46341316.4955764
8535170.92035992,8606017.070434256,10589828.389615605,1868747.3126235178,7817677.272760119,7613217.338522499,3898459.189914532,1025856.6451357481,7112033.960145516,5225796.629281134,62292804.728792846
2926320.6537373345,2644233.2862058687,2318966.793561959,6700444.871933736,7381484.384033029,10016866.993266862,8309154.967778766,1415325.6936185756,7776002.3152983,7356107.527107474,56844907.48654191
5661044.7877296815,3934799.7237437316,8598956.90025184,7965683.338788232,5184175.448370458,4906620.16494286,4920751.482137203,2197610.73653456,3304757.600849604,922557.4635273971,47596957.64687557
9264047.305106673,9071142.991883595,9902836.916793177,4318335.149355078,8081658.23221409,5720132.611451544,7812516.951491787,1229483.0765020147,6463244.652130339,2094307.2069062502,63957705.09383456
1693756.6348777518,2762085.0851323577,6584400.263252121,7051343.114875051,6294718.412461844,12205327.177659906,5333752.802171737,2782313.070329489,10635828.58503447,7100857.17730443,62444382.32309916
5614612.818931838,4287312.179505106,7508666.862879451,7574082.260786249,6375394.613058894,6332076.118958236,3097132.993051262,3760078.7903979686,5014860.474524105,3125722.1254730634,52689939.23756617
12897154.98495799,5276625.984162831,8697022.473119603,7238930.584006374,5242996.22101533,7689205.175695641,6343593.730083435,5129630.931395637,8699878.174575884,5458501.649773568,72673539.9087863
6758830.315714434,6216353.8381347135,8278042.231106186,5037560.082755508,5319308.337587602,6925906.922695434,4495332.823349009,4154402.6437742133,4640419.5225419765,7861318.002973649,59687474.72063272
8364829.111949766,4891084.348102284,6562022.559630276,5235175.291497104,12236423.090287589,4835805.81046927,4245670.101495993,7084037.280903647,3151879.5977380075,5992420.968512502,62599348.16058643
2925400.7396142064,7077622.264644438,5700225.78739362,8561866.901774613,1396858.1052755122,7000314.628414313,8543996.386296228,7250414.802936704,8330119.085130232,6795717.571003847,63582536.272483714
5682353.080622191,4023829.7078490187,8133635.854018343,2866335.256090012,3208592.6255861493,8301443.703374125,4417082.163421012,6264693.362826972,2500171.6519352584,7896999.047337571,53295136.45306065
9582727.0705105,6472752.454867831,7423083.293766893,8272837.275965135,10628501.120714732,1050236.4055183053,4229345.9443874555,6114595.250963981,2249783.24512868,4285270.4137092745,60309132.47553279
2688585.192271106,7966442.136409904,4463728.535827928,1534442.7309014716,1715180.4507468855,10405790.927256446,8981915.855658099,3545211.8744120332,5749129.554562327,8411086.927225119,55461514.18527132
2740827.690256487,2122549.113606642,7931677.16774846,5893046.477116251,6220401.723499331,15011849.80452657,2343893.508790694,7796569.315433758,8804295.838725604,3085963.3629528414,61951074.00265664
6136474.357930215,4604778.478593054,10402067.445745146,8553859.596030284,8557602.56448253,2758567.0474136067,7289944.877024654,4324382.128036574,9548441.832210733,6266996.522876455,68443114.85034326
11571105.83882276,6317806.6302445065,6178745.145177565,5692617.531406102,9270853.870657815,6211335.402086144,3021110.4742608373,7303733.827052257,5977738.746113715,2406066.736820564,63951114.20264227
7030812.648051384,6765827.506895411,9152138.553144708,8285646.129923112,6472790.539169314,7876532.911525225,5523357.01939232,7758646.390390558,7810879.383652029,3771510.094872012,70448141.17701608
9468414.762561558,8416281.050586382,5717886.591475605,5184231.344055516,7545750.668489232,5616105.490321656,6724501.47964381,4977507.660351388,7082435.412036448,4564192.380704576,65297306.840226166
5268182.497703799,5806761.5251036985,5323594.207687339,5202665.417860974,8567034.60888326,5038183.684476301,4004898.2127424385,7636347.757945552,5989101.51354164,7625853.380918972,60462622.80686398
5106955.594670172,6070584.047437564,7131096.76405627,6648343.048200939,7709559.59179994,6324295.379291919,5551152.953046367,9277204.190503022,4643063.700637086,5042743.736829951,63504999.006473236
7666512.868660875,8009285.052043558,5247360.714611798,2314207.540759025,8775234.125408448,6094217.361961595,3102839.856002698,4811922.311152279,5868590.169082999,7182934.668365825,59073104.6680491
6514608.734962408,8991082.103482941,7874703.078931485,5432621.732813701,7178065.14506015,3267168.228668126,6752402.658237314,8889296.322457379,8226388.529840941,7841792.980158035,70968129.51461248
2145459.6725469963,9556552.294285575,2941746.087254733,11249790.028043319,10307002.317936102,6572667.36621898,8601578.925353043,5960827.668776025,5713474.74352076,3171784.7591122007,66220883.863047734
9906214.400711702,2611387.5636672815,9728230.543167002,1986026.6393577962,3585337.5132509507,1880505.466808485,8203609.87756776,5750767.289676551,7135752.889298907,3182971.186313175,53970803.36981961
4096332.2718586815,6444626.520937598,8883870.538674926,4773366.507430524,7707149.553961132,6899058.206369102,10400222.672996173,9369873.607412508,2946564.69092317,9028560.76742108,70549625.33798489
5354225.24609894,7653772.25739398,5501806.622181361,5557845.389516643,4207403.582386692,9330110.8460315,7312603.89272853,4018532.8125677896,4001943.3285245183,7554770.58349202,60493014.560921974
7606008.150735836,7462203.478832987,1411267.0892044269,5541870.910392946,8203312.398620826,9522971.472291693,10165086.31255962,8471674.279305387,5110971.908295661,7570960.7870900715,71066326.78732945
6063402.95876938,11270813.582631003,2512813.368426124,6567364.1958873235,5988776.635285261,6198080.233630483,8612756.367253285,5101686.7748895595,7549587.122032732,8884525.966052378,68749807.20485754
3148453.097665987,9209938.485278606,5260510.731003123,4991605.606858236,6292812.81442736,5803058.649971671,4505114.028196293,6319736.777595265,8153172.119823004,7088007.059858048,60772409.37067759
8615729.855097428,5462694.549913465,6405373.884741041,5843575.148719113,8690924.430247148,4081701.885780172,6914526.031162638,2551514.1162691247,7807135.940863251,7110904.5598805165,63484080.40267391
2551835.236965188,164533.3714777095,7775729.427688112,8574097.764611805,4164237.4375712005,5609854.27384847,8121794.7017021375,7802182.521416365,3866279.325418147,1251145.1997256547,49881689.26042479
7784785.467163304,3344131.464918419,8947468.74647727,7040368.985120107,4503159.754287942,10380240.304407986,5412829.316529936,1503335.5356424742,10135647.961809969,3938282.070779709,62990249.60713712
10956905.510522941,7552193.528862627,6969909.4320737785,8025978.92571907,10377654.416801188,5758901.069077637,10797108.819655228,1513296.8702290985,3614472.27377003,8492271.860636828,74058692.70734842
6222751.534766889,6470150.094293643,8862586.424529182,10875872.887693357,4473679.471276362,6915748.419621602,3092783.793095284,7602587.497669647,8759957.530482339,3123390.549517729,66399508.20294603
17090472.15509794,7246607.496548802,3602800.9374630917,3017282.995971531,5546489.490201238,6012377.942996931,8307746.005300565,7203787.111027413,9548010.023550836,4955729.893207792,72531304.05136614
4828728.442933883,5891361.689367501,6077988.795881659,9560196.377836714,1671890.7254592434,1272256.9053106601,8509999.206962697,5330001.97831107,5096391.575292174,4471674.552153733,52710490.249509335
8453215.642026782,4629250.340180181,8048953.450875073,6228688.777100045,5434885.922742474,2558260.635059025,5334243.232483595,7316903.327682703,4351377.565346228,6449589.094139827,58805367.98763594
7378199.097927575,4265887.9943447085,15961119.796270557,11298717.965254227,11251726.129384454,5598888.217278682,6724418.331039739,6947303.821856184,2600068.9656099756,7654251.39274623,79680581.71171233
10224517.845096407,2107123.410895936,6646770.503350413,8252359.2657450065,7171159.304652904,7537946.845473407,6286319.947020596,9514577.381462177,9612909.026760064,5709870.510998867,73063554.04145578
4929930.786112189,3409663.47117026,7261385.8420285825,7980376.21771597,6524668.136064896,8126131.2351818625,7053942.1738245785,7674836.423673529,5732139.000339311,3991898.9897428453,62684972.27585402
7299351.038470795,4526095.182249255,8246280.732269221,1656044.1095704786,7157735.245995307,9545396.703242453,1966442.8079149276,3943149.5255815424,8866054.96492201,6787381.318819643,59993931.62903562
6996733.409735722,8602253.170295866,5780199.93229415,8768923.059273968,9314592.150460584,6762709.08440684,6708974.172102429,8121936.716192679,8536822.6605539,7400840.076478425,76993984.43179455
1572984.9344342,1822576.757213513,9741180.229256433,1666101.9540680193,6962895.542516373,8157788.597014852,9222373.751178605,3059239.5073472005,6844621.464518111,4933644.843695312,53983407.58124262
3251987.2540689297,6082428.968879002,5293400.603258993,2688145.3173506763,8661282.778155068,5337294.783960345,3360055.3057345953,4788692.759186193,8622976.078756904,8250471.100855584,56336734.95020629
7080595.3119440405,7875197.677827217,5357789.53231177,4929343.850812186,5204328.883545509,6253431.892781123,7044562.035471516,7024074.528039541,4380732.733524717,6125756.634740108,61275813.08099772
4332437.169348079,4707994.3548886115,7366367.448795961,8285147.198956684,7685810.365628572,6976095.651919163,8056885.674412402,5862450.520233963,7544736.397271611,2712759.012352662,63530683.79380771
5273914.968787161,5627833.602502539,3344301.569284157,6412910.821798218,6778092.84264163,5356208.090410651,6529984.338305652,7134714.836304576,5129327.812846077,7332729.665511664,58920018.548392326
5452770.490194731,3441579.922418383,5754208.575134563,7236837.085698163,8258376.357698593,2041195.387720336,4493624.128692283,3350639.861433864,6204802.390500472,3481065.12212404,49715099.32161543
8713886.850845627,6207023.799026819,5130702.27336969,6037179.159877259,7786593.731575265,7481782.168896309,8211152.454350173,4423611.887232401,7986762.970023947,2867969.946596244,64846665.24179373
9018831.793827144,2703946.9075820465,8636936.363751028,6394575.9017974725,7146144.4277383,9116143.849289788,3139826.1208513128,6111617.61617449,3877576.031634252,6518850.701155672,62664449.7138015
6329202.467918546,4994124.048652404,3677827.1039206064,12175959.001143035,8364678.743770432,1667540.8462895975,5718984.88260048,9452154.356568998,7365682.606416188,8292135.01973055,68038289.07701084
8694079.937921682,7492080.732961219,9659168.097404053,6016650.14775435,4196089.217657,3346700.555071606,7015345.750878742,4160393.065643198,3516217.784093134,2876053.756387139,56972779.04577212
6673969.471011711,3813193.271994828,3112234.2261328306,9772887.16239553,4488624.3663966255,6567777.88543446,2138373.7149122655,10145081.48141323,8372724.8335188525,5462428.206555511,60547294.61976584
8990267.422393804,8862413.790758457,6300914.354263845,3385755.559702389,6187356.338740803,4345669.528945553,2993738.061846725,10883997.649097532,5009016.435520828,7454996.212849682,64414125.354119614
5118214.028874833,4045658.3133438705,7745808.1651632525,6168575.270307023,7917425.312798249,10727515.215383338,4659244.342560639,7924823.127308333,6798158.797904179,5992341.667153044,67097764.24079676
7574365.982191782,7193803.952637487,3404551.207427344,2291635.2415369907,5708216.42317024,8374325.783497408,7391056.752439955,4508209.79951655,5629485.019798407,7921044.402677427,59996694.56489359
4339983.9900894705,5094366.135612623,5461114.810137707,5449170.4247192005,6756299.628619911,5446861.350650676,5264443.170747665,6041428.0874974085,6136488.652736571,7031363.175297168,57021519.426108405
7027902.717023858,7762068.523699089,4855308.986649873,6268653.559894883,5832879.7774284715,7140273.067282928,6448744.622246571,5868108.6072232025,8113561.906786384,6804143.416315747,66121645.18455101
2521065.3572265687,3847003.7930259733,5572377.7468706155,3952229.1219325615,8096173.269881098,7785324.327526851,4045665.1278907047,7201193.163491653,1213513.116407383,7722421.543533698,51956966.5677871
6358319.512778432,1816567.599117614,8792277.217487613,3338727.3161348444,7444388.8122121515,6853712.675973033,7190392.646354608,5951731.221598185,3562312.6640262096,8149709.978321431,59458139.64400412
8165012.786446507,6427171.060545025,1048965.9786107678,4547891.097965278,7674773.806845405,8835112.182039594,3508704.2020410057,7155657.508500888,9681844.864971373,9251479.478051903,66296612.96601775
4235536.6403459,9351268.517067686,7583354.634304991,8200774.014799463,3110541.8186862953,1993732.3798914324,9947184.947393706,7116158.228896397,2678567.29052558,6494935.665208305,60712054.13711975
4850987.690455213,4692835.386387539,11398609.05737582,1833453.5405436868,8156156.107721743,7643159.527919303,9970215.497954572,2075212.0244635146,4062039.9317953107,7570960.657201365,62253629.42181806
8729604.47316554,5239222.409153523,6665287.525514713,6372536.971709993,6666358.514665975,11630830.524012456,5451077.425280237,2684228.6611472303,7441755.557394305,5163924.410692112,66044826.472736076
4132141.307652746,8336933.226093299,10433987.84945692,5982992.170806156,3698809.202139042,6556146.355781018,5839706.161883021,5961859.748956049,10754114.010212138,4983055.692336287,66679745.72531667
7311430.915030884,4435835.933227544,4351808.262618288,5600548.4469531365,8162316.678214983,6103614.927516839,4171828.58211296,4660512.62843949,6830125.3947995,3968272.280665987,55596294.04957961
2076832.0057438063,7913577.072651837,7494938.400344544,7490201.132397538,8763283.443689667,6226326.132581789,7340040.611785596,6850340.905057125,5197029.473918704,3214735.729627147,62567304.907797754
2875657.2517556697,5291789.20974035,3547629.200493936,11113629.703450557,7654142.805726601,8785335.22765664,4465485.50689591,5154291.583868173,6818384.357114558,1591709.5775932807,57298054.42429568
7385091.694864208,5422530.286382737,7229176.716340751,3612421.0319067086,7299059.217149387,3587353.0089407004,7577428.956977328,6495997.6670021,5937653.424067512,7209011.874642978,61755723.87827441
1922479.4166386817,6937788.129789764,8856044.289904086,2640001.7098641386,6829916.791632805,2465811.0753846373,8224295.467065693,6915551.390062313,6432153.162172629,9420628.4332706,60644669.865785345
580671.66062267,8035834.7322297795,3158079.411989017,3146132.795774268,4215969.80560311,7627296.495317217,3312915.7036594506,7607909.493594953,3162126.653500249,7581801.898378873,48428738.65066959
8120364.458788507,509214.42942787,6495439.934866217,10713641.67151511,4519206.102692644,2094688.5009512857,7346273.820108215,6206920.462536231,4224774.576170573,8464919.035152175,58695442.99220882
1313543.2393847583,5867076.536000727,11191809.48086164,5919756.567634795,7320732.961629549,6890394.299207523,8653055.750344113,7402574.222795271,6285075.337482261,2569789.3923496786,63413807.78769031
6914381.809872186,6990977.736224759,4043216.9245805833,7205590.499483034,8446203.552532732,7737875.22424151,2399975.63308184,9206619.866156919,7121625.716738374,8530177.261117332,68596644.22402927
9448658.353405112,9341615.14881559,10051662.846904904,10579144.012670837,3788081.7286227206,2763543.135882812,5505979.142292374,3629978.879906538,9323400.023876145,7340420.401840574,71772483.6742176
6892730.738805499,7678624.397334175,8198504.559627022,6816991.952260154,7857449.448002438,5746899.164214234,7537914.504444446,5180481.334793031,9301813.205449168,6817194.652204959,72028603.95713513
4908821.562412115,4794244.2305294825,5030915.291061925,11988270.786086699,5762922.228383143,3883287.7317479574,7110933.353227182,6946809.726857507,9111799.729052259,4539027.080929386,64077031.72028765
3462125.000948735,5268610.032183669,7047806.290266239,7607834.207429999,2601604.861483578,5250683.878671329,6622550.071723282,7443050.940676082,4222837.1977989925,5132253.046480183,54659355.52766208
5932668.845453282,8740742.58319159,4390064.527377578,2528122.425380799,6098047.932900308,5621403.7307642605,7211502.83615126,7184220.225989211,9469949.996424958,6497562.444578271,63674285.54821153
8354083.447681009,2237223.776143821,8173443.873674137,6735967.990535479,9197320.692047628,3914323.4476668164,4138219.7796011767,9227472.75668866,8889141.715959154,7117008.9313064385,67984206.41130432
6458317.654233903,2593900.408811646,3513932.6546119587,1086147.1430052405,1295147.6555851318,8965229.752483211,6715420.886310889,6732691.387135518,4080975.857802796,5895084.257930823,47336847.657911114
6694994.713889424,4098487.270199082,7453599.381287554,5054930.267579477,6439934.921977569,1486785.0569918142,8245410.623647272,11721353.179660594,4851595.952658575,7130616.850875919,63177708.21876729
8141989.596569804,10364020.170955062,8751773.305438839,9266540.641097246,7134833.154359419,9370374.352781774,3617523.2403243557,1965885.3178109506,8342926.205719888,6101562.939096775,73057428.9241541
6803787.750632273,3022653.809045954,6410055.35532385,2887458.6243903553,2880829.650822373,7816778.565253012,6486948.786517952,2569123.9035813985,5340202.852592323,6062581.544731554,50280420.84289104
8404243.033882326,4458153.842157903,8466389.400904708,11955836.236011691,8941758.87620472,3633066.3819963867,1256077.9029142088,6198195.822696519,8138704.547636902,8059533.1258499995,69511959.17025536
6049445.970249225,6052187.091434622,4765474.188042927,6019435.896388486,6850757.910567559,4077206.1395371673,4922343.865748771,4957393.012229227,3813589.1766997376,4858212.4739395045,52366045.72483723
8720431.24663629,5451103.277980276,7192596.492956246,9319002.178453159,7427537.362444467,8990550.199488843,3843864.6253883564,3180899.40426542,3326839.4048922905,5854726.551872252,63307550.74437759
5276165.9119763365,5311795.1787928855,6614460.653981575,6924942.827412488,6308098.970882505,5239293.367216843,7982068.501348493,6182689.249365468,1838743.3819949091,5029365.780867342,56707623.823838845
4625903.854220612,5571017.832461705,5013499.316546455,6722132.762791735,7689567.295084702,7715030.935721011,7404353.730500163,4952542.549574279,7869078.036519618,5311085.554421288,62874211.867841564
8142816.862041988,7356050.892063048,9452038.015309876,8985552.989778483,7400084.931190914,7047430.052768019,6796244.083433382,7386355.818264577,2856780.5285123554,9098938.984715989,74522293.15807863
2030123.694237447,2014871.7430190654,1242612.222153262,1440271.0240149393,5974782.704299161,2319872.9955350957,7899546.323895663,2461747.831795051,4487102.379912922,3392666.075907623,33263596.994770225
7701302.75057202,5457086.153789337,3391539.254624186,6726103.957136432,12747112.209410813,5872455.014004744,1870705.7600689675,6003832.009165785,9405356.824173834,7054491.01089153,66229984.94383764
9961535.40862375,7955866.134270705,3957817.515293071,8776669.883644184,9005302.118316794,9328215.32890769,2899308.042583004,8375039.720763739,9784486.16496602,6134053.692796894,76178294.01016586
5989290.527236763,2877668.84237843,5519963.432953216,5566760.494531421,9887958.503032489,3325420.152573024,5936466.968340853,4534517.534358426,3895410.192477127,2762788.792381588,50296245.44026334
10443086.111654203,8304497.895647006,5243571.938555479,9129485.61391775,3985350.1766687273,4892893.332994967,5345295.837198781,6789422.762423663,8266433.900679154,4562220.691702362,66962258.261442095
4979183.508302519,2717334.304171922,9289898.918552825,7601666.073592265,7357325.628490539,5785173.332810622,6633819.249922847,3630921.7549064164,4154167.5570088373,7018161.534329892,59167651.862088695
7881183.300215702,6961583.868820031,6450080.684971978,3794987.2590918243,5890890.107490388,6283189.616482267,7721865.747896185,7339084.706850799,6618701.582724594,5762072.575241002,64703639.44978476
7738813.215831195,4498037.300531061,4674159.734892472,6602393.719046511,6750928.161522876,3415944.6256638276,6129349.338291752,6399109.795212233,2018619.2064504188,4315706.353783391,52543061.451225735
8061087.511543928,8712040.485087194,8824955.45375636,2409873.3984131315,1654839.0279120163,7322593.558767272,10420851.768035585,3496879.43145151,6212791.212554839,7861768.138206078,64977679.98572791
3814512.573058344,7714267.903636881,4412036.81098967,7993789.619284465,7279800.120187582,3767149.4043626734,1464382.4391113338,5592833.4500016095,12106095.75075981,8653338.277334468,62798206.34872684
12473676.882267907,2769873.8604566245,9993272.460692152,10354009.140954884,9504346.10370346,7103727.052636455,7139156.469236637,10050552.133187322,5599405.974302573,4031059.7055069557,79019079.78294496
2615945.6624537283,10123608.29624274,2677715.4162801025,7995206.259268124,7392804.421216038,7637422.545649347,8667013.401988525,6906937.723641617,7524045.470915475,4810381.409835629,66351080.60749133
8696618.495428672,3503005.344855869,4682352.567312219,10982689.810482731,7376386.341094696,3460495.2229116396,3392881.770435643,7606525.144980594,2659886.9099216005,5292113.300449918,57652954.907873586
3677575.6514545283,6552637.877645854,5394524.038294354,10292492.013516372,8240389.975700672,4775718.7647923855,5530173.317358803,9284179.452662311,5751841.122510718,2228057.3427116815,61727589.55664767
4286543.934484993,4889434.789027717,8607483.977433363,8004215.132869053,8365006.247266474,4501711.613765542,4610059.7323990995,6762837.574857417,5431798.321295723,4384502.725402436,59843594.04880182
7926709.403404051,8214502.954659765,9500223.970607203,3804613.190761865,8414438.81518451,7063351.7847608235,7279640.001854711,5065748.113817366,6565056.451315044,5659357.82034093,69493642.50670627
3075410.7975884313,10374557.43894204,5226106.9326795,4153726.2098482023,7516748.17617839,5977312.766474805,4298086.681294894,7407393.675226896,5378532.147675509,4447577.583213301,57855452.40912197
6431328.184652406,4893917.385309274,7286328.375900392,6256312.625551644,11832417.24892333,5532257.096236331,6384356.828236462,7497368.775021256,6388538.339194753,5642713.571092444,68145538.4301183
6019910.137763987,7747023.300422035,6644715.313655005,1537954.519988008,8953584.952470629,4185994.0752146454,6516089.002598018,5776993.00913929,8539585.470029783,1237646.6608112536,57159496.44209265
4173148.187563445,3526050.120934653,10377668.544660894,5713942.551750669,6830056.259082122,7172731.983918501,3889627.7342266142,7213554.432045578,6321431.344301289,7876825.919687337,63095037.07817111
9691808.051597305,8818558.47266524,6443708.148490936,8775342.906973543,6124425.0397695,1665750.0695964764,8221405.179161537,1954416.7071592559,7167354.674148065,10037591.861855794,68900361.11141767
5331650.256878124,3118553.3592581092,6173801.406150681,4120070.992283529,9998617.320541264,7889056.492096608,4696383.757042887,6550258.087632597,1805590.4808940191,2386317.258688894,52070299.41146672
10200409.601626813,9603685.7473156,7358685.992383189,4377487.465355077,2176885.935149928,9771268.110998927,8436158.97881984,2044622.650989312,7855885.690638348,5594134.710814762,67419224.8840918
11109230.98081108,9430478.04855188,8988221.791103521,9297435.91386865,8250058.823327724,3228728.898195902,6076065.870042066,4047539.6366974344,8424172.905746248,7802001.883147036,76653934.75149153
4228098.966727266,10302239.651413007,8462650.388201766,12750185.646194274,2108249.9338816004,6934129.882773173,4066742.3429310373,5358750.448119646,6380933.212046676,3851175.3669960233,64443155.83928447
8704990.281490594,12200728.596335145,4991478.481930617,7305374.560236031,5104034.798155213,7201792.187878851,6151219.67152329,5438897.97140843,8661527.911036909,6663901.389487097,72423945.84948218
10826769.175328203,7950117.388047225,5410192.544612637,4255891.8488231385,7750069.645273891,6721739.243082919,5454294.524085477,5884719.856266695,5970543.088760756,5400836.479022267,65625173.79330321
6593409.662075117,7385878.908171033,8169509.7478705915,9090992.664174633,6541052.956556327,8148835.852453905,5912611.897465311,8120720.470485219,7958625.992395588,5973899.511795756,73895537.66344348
6034893.155834611,6671386.963782693,8540828.975399265,9825046.058884075,9144253.572439024,5365374.792511676,9907808.971731639,8937721.492425837,1965393.9882648604,2351360.9307159916,68744068.90198967
9793316.899272474,2664626.699504082,1471484.4849487916,4442616.3615301475,5735569.357835694,10725384.135612717,3370618.122300325,3614780.195269535,9098232.200001866,5210864.864195609,56127493.32047124
10800846.131881703,6765050.338945928,10567989.403069066,7242474.609927444,10348478.041509835,5235754.338562805,7177885.909009147,8176743.352824662,2209693.9124180926,10516825.135501822,79041741.1736505
7913896.484947632,6880490.601070927,2987484.5407418762,11419779.364587797,2276586.727963896,7759584.682069143,8478773.81669693,2969260.627836108,6226262.918206403,6817970.457997568,63730090.22211827
9519946.420924101,3594262.2920919093,11268662.69341313,6845214.415401921,6615061.061347633,2833687.5036902055,6211901.935883876,4626231.714562703,10656910.723548032,7796235.442267224,69968114.20313072
3470645.0113987876,4205612.768067715,5979646.22507354,9169611.55053097,7461155.586303461,5760097.533734335,5154733.662667551,6874216.015283337,4188802.9878952377,9904789.710154437,62169311.051109366
5669577.151025318,5492500.59462856,4785836.428743861,4854677.957114227,5689634.880966364,8478682.595430568,1551740.8752862175,4141569.9215669297,6401226.456365631,7044921.751625913,54110368.612753585
8235023.109539843,6061985.741385502,3229741.889015865,7054228.016936053,6938937.675515397,4704837.873713212,5813203.054141883,5023088.670902474,6486857.586122941,9320868.535622293,62868772.15289547
7864693.621406391,4924122.31729352,6456344.7262153495,6993697.078745941,6882262.017614501,5562439.89863529,3507048.660146251,6991616.448802847,9268614.654563112,5937241.03265568,64388080.45607888
7159516.189224334,9349606.23113795,9661006.499481173,11430740.859240891,6725736.908583081,6676022.685154973,3015448.733739922,9023739.941204855,1324173.4360066538,2815239.0497766677,67181230.5335505
3254128.4252470657,1721929.155356336,9499872.637378633,1780968.747702676,1658225.8785924357,7211782.274401174,4971846.232246389,4420670.706544441,7985909.0880000265,9051995.741658367,51557328.88712755
8475550.616087558,6601657.480595321,8482131.628579905,9091109.450726625,9568066.932517875,10915751.21545141,7418288.6575238155,5244984.293747742,8984053.658113938,3283001.0732339597,78064595.00657816
7699308.360776047,8637180.815841574,9079339.456885194,9065429.009839283,1786145.8546658277,8036903.502298661,8862475.540661853,8704620.775315613,2935523.2047946043,7889435.692876494,72696362.21395515
7672720.236897555,4330379.582458937,7065806.74172792,5405510.963587286,2519917.8614788256,9145298.939682463,8390816.210591372,2814822.2473907075,7754248.534862238,3469295.9584550345,58568817.27713233
8477219.252786059,4907473.450083359,10224207.302341284,7782924.807686769,3170828.47161425,4873490.578781665,8758613.498052541,10696818.022160484,11485651.758435002,3809824.0397513458,74187051.18169276
3962722.076302388,4428165.223715863,4928056.433153158,4806100.5362387,7391303.688945737,8533068.467678225,6862151.4328297265,9375938.239962902,6565226.244948915,5318309.531915449,62171041.87569107
7089083.700266322,4464371.146530873,8171635.050660347,6424791.424131893,7784131.161231024,9868112.829349086,4300679.592078768,4916177.419538496,6422949.12280647,8019811.601282238,67461743.04787551
9029526.894781316,5969329.298216194,7135877.287853522,4402025.836340863,5196541.465657145,6355991.222783432,4365777.736724022,5453379.675235378,3412556.2284588814,6641448.880597442,57962454.52664819
6850064.941367118,7473361.604212384,4688335.870838615,7028265.093647703,6663075.099199718,3555741.161566629,6197910.094314918,6367287.175198902,5397190.910863208,6972887.262349849,61194119.21355905
7403494.589587636,6502639.391469173,8537057.679522345,2085933.2789930566,2482484.0846562404,8587342.626111582,4694440.889956577,1434987.4276142684,7753662.193595565,8025042.104327353,57507084.265833795
6887309.572268503,8952898.86799477,11018734.559360545,4158944.902840025,5774203.686415255,9939810.310817128,8730210.56434304,7126076.090218019,1269447.279926704,3997352.260905217,67854988.09508921
9238950.53293359,3883770.226387412,784119.2833829797,7530075.241291194,7866215.208864998,2269338.445232723,4052194.6444006497,7428526.670076997,4944894.275543911,7570880.639596079,55568965.16771053
10322804.723539105,3840761.904496632,1917374.7351067087,9442009.93502726,3183618.1097062584,4361187.081310674,10772916.237635152,9312621.50658594,8778739.983959965,6501495.226066779,68433529.44343448
9115270.552205797,7664519.868685432,2878130.3010334047,10434167.475704327,5845093.925938178,6922131.270070836,3439505.579552964,10507600.807027735,5245502.771562711,1423558.6359399585,63475481.187721334
9790282.097019382,6987851.495804444,5017297.681614978,13547927.43799065,7204896.387964881,4688155.772749918,3008253.739774521,5960064.074233653,9120860.16701259,2595340.9166981005,67920929.77086312
8275204.6415728945,3703253.685375087,8644801.5045352,5794314.865362181,6257671.728401069,7157668.179997287,8933230.261009848,6186385.952855182,5789786.834663981,4348787.1207849225,65091104.77455766
6579072.633594949,6580875.451294904,4885106.648317997,9794630.670305831,3186124.7827163273,7471098.7431817595,6018909.574068797,1033422.3594876459,7118360.7970476225,7939737.591357184,60607339.251373015
10915928.887820356,6655654.223642887,8400597.355221225,6777319.341571841,5270234.020769213,5958701.730907805,4680806.503886612,1806689.3423464692,5653416.818420998,6204543.971641965,62323892.19622937
9503832.342215719,6401544.12622097,3735169.2470512995,5193519.389513176,6553472.522390204,2441807.01397915,6214564.970802038,7393789.955743308,4674452.856084745,3430233.9021782796,55542386.326178886
8737975.069637753,3855573.5399127356,4023829.375633053,6341853.330690352,6864238.919116118,6470271.3017412545,1665679.4201444506,8352241.72823272,6904043.865935523,6556763.281912143,59772469.8329561
6501958.2915979335,5071340.0335468035,6964458.8366072485,1357929.6009224607,9905091.172447333,7832686.621223497,1448352.348508061,2418478.215033246,7353627.343319889,8887363.561507648,57741286.02471412
9135124.654020105,9855407.497299796,9487147.107173352,4097998.818366396,6269393.834700172,2889499.769678213,9710634.06497414,6241002.953083623,7245962.311198369,7604225.6428833455,72536396.6533775
3102237.7037864286,8287819.729444794,4946139.946836476,8250215.932414584,5380682.063512282,7506111.485791215,7925545.580652529,8089906.986763307,8563600.825650351,8180823.810137491,70233084.06498945
8246160.639706622,6157976.735734857,4865687.524236686,4747620.205322056,7327387.225831269,2795149.492679975,5154647.763211633,7335196.248076716,2966016.991348424,1623144.9491810098,51218987.77532925
7224746.261799981,4111219.7577178827,8833971.890800614,7533659.52803394,8530374.29912588,4836897.039838453,8956191.70642505,4965855.137962137,8267198.93064991,2897255.180342216,66157369.73269607
4268835.865793115,7542748.357860587,11573092.538641546,4782513.804526495,7051592.245835844,5375322.517275413,5082230.787395121,4581660.376024358,8488295.516270598,4499294.303127536,63245586.31275061
6569520.495874504,3525137.228328817,8570600.028889822,4805424.4197699195,7138732.876185646,5879210.659018738,5063085.846360488,5631500.212287888,7288488.1350373365,5873347.849511508,60345047.75126466
8212063.028755597,5166816.662978483,8574371.584094763,6385942.500747609,6293102.155067382,8213594.868070416,6710158.715523935,3689468.269141476,5788110.082347791,5029539.332683167,64063167.19941062
6865303.958315408,7219336.524845179,7410909.593190208,7111154.115842741,8549368.26640259,4191133.144625,2731484.02433078,7348433.376454758,6597539.286836978,6630342.86494695,64655005.15579058
1418852.9801411468,4797268.817999905,3484466.203487781,2605125.192238874,4128316.8293477246,6201451.224005779,7573360.932967663,6190943.323179097,9544213.602028217,2129680.182134284,48073679.28753047
7407388.840342082,9342327.05093028,7325966.43657691,5852246.43225273,8337662.995750964,10507168.989218568,8515048.302301012,2222053.8264906667,5347800.1309445,5242471.492676435,70100134.49748415
8175893.320827419,5177085.383034436,8686679.5799811,8777439.741530001,4226680.9171587275,2988637.0519761476,2470414.665949687,6148067.669833579,6587519.661249515,7968555.114989611,61206973.10653022
2398842.663763232,11542859.470457938,2394623.157923213,2533257.196362961,7225485.76949584,7142518.803891015,7143215.369700193,2313170.6737467456,6780104.433422154,2993857.695649611,52467935.2344129
3138395.53141248,3965746.931100123,3971089.594166268,6822339.49217563,2619676.9236956146,2586062.088440179,7586640.751752901,10091616.067701945,3046517.8455590555,6222703.466752003,50050788.6927562
6573265.054857726,5817977.634953117,3450961.740198505,3292409.3196354294,6215274.680957487,13391180.35546391,6607429.1226135595,5573241.371628329,12664342.08622434,6560931.341338139,70147012.70787054
1824943.539719706,7712667.485739059,6855471.789970412,8070731.121239499,2314193.26138073,7248778.8329069,8181931.048834279,4393581.274685754,10662948.510284226,8672798.077990854,65938044.942751415
5115832.341599718,9306698.911414368,6744580.685523493,9505680.845075538,5241556.22611867,6223474.689158958,5621142.803038374,5844839.311642301,3362073.7262381744,7089920.757783635,64055800.297593236
6978940.208491686,8042062.728380699,6589998.492480358,5015627.365886099,9384966.639052412,7776791.413756412,7642423.678431821,6030977.583806477,6832333.521093854,7315541.191490768,71609662.8228706
4157874.6640555966,3677892.845321354,5620616.573624216,8855843.269572316,12183169.66268179,5470952.437244667,5614558.464780599,7004503.517579122,5901835.734564689,6287943.69129696,64775190.86072131
4361249.9141713325,6832072.967006768,9785164.511494838,9867928.54543452,11735463.027518429,7177979.812311525,8932018.244083822,9855498.830562877,3632084.2077918383,1559247.5203632314,73738707.58073917
6216087.349814765,11150778.507841263,11335468.019880088,3735719.926467477,6302308.794324075,3738206.584207455,4575337.260097648,2934791.82432667,8195510.230728794,1805825.793987348,59990034.29167558
8619833.61165615,1778089.7770983889,1949073.7662407488,8668748.724939479,8378314.603816449,7287348.737230894,7663676.8300576275,3531596.3123376174,3886538.831011236,4971596.902103647,56734818.09649224
5840184.204074705,2954314.4073750386,3203885.459988499,3446342.2381981756,2422443.906413371,8349292.11701158,3246343.064886604,6002678.197293436,7217007.628102571,7769886.215473604,50452377.43881759
11640641.071211355,6402055.491515496,9389982.850531507,8279242.052081419,7735991.139054719,2344358.1084932564,8001531.83495737,1986789.0508274299,3952459.801548526,7022398.874279757,66755450.27450083
8972782.336626189,4955901.956105903,11443340.890211288,7209709.717963364,7835007.7489899155,3728999.219305329,5043942.464283181,4812839.779545159,5859226.066853925,4367373.520006292,64229123.69989055
4518848.146801594,6927405.4750321815,9562420.03410454,4636499.04316689,7764389.975453614,9669597.182058115,5996578.5916419225,8021197.241912593,2626544.2799968407,5011333.800402358,64734813.77057065
9412994.541229203,8285626.098666242,9705218.112842558,7255056.460973684,5665015.465464207,7504142.018058228,7826696.952693717,8564156.250645097,5258012.037902624,5733191.738743758,75210109.67721932
6170056.5540684415,4579393.877945862,6809012.107663973,7976635.366011178,4641629.622176099,4297934.109519499,7297179.882712782,6581694.460874767,3036195.3558778213,2609375.186261415,53999106.52311184
9720521.430271417,5643868.255540745,5166786.670744652,7315121.450317012,3860424.9742270056,6645690.091064712,2108228.0139455097,4359646.952817229,6931326.633613356,2425136.857720317,54176751.33026196
7591033.514315892,8018168.944941142,8828925.50278965,9091410.35922044,6910495.326542008,6866835.572284384,3900570.699506901,3951338.521687581,6804491.761329568,5747085.332196626,67710355.5348142
4344400.16963929,8808838.192491174,4029969.842448685,6250277.0589103,3868664.430117509,7298147.142019717,7402755.42746414,8503385.084581092,5321137.519997955,7780674.978373871,63608249.846043736
9220477.7798502,9101861.487173282,8144623.675854825,9227022.016956108,5265575.998573886,7780411.641930247,7903612.358457455,2565969.1602799734,5985994.97160223,2277133.1801373023,67472682.2708155
4714049.987746918,3141761.27796189,2958578.7533210833,5026574.030713922,8321636.205177938,2955560.290200067,11521918.71291274,3648595.045971186,8245841.775175521,6186496.7944236295,56721012.87360489
5614877.987886831,7531671.9450129,5441697.754927376,8276183.235725814,3897296.4821456834,7256791.891752041,3788936.789543997,7192353.766696292,6053572.265055447,2859155.574357263,57912537.69310364
9928834.73511119,3354290.0843870346,7471711.573579009,3830400.170855004,7480841.550295904,5414244.561829846,8515895.593184147,9241943.209508386,7943642.023875743,3461683.80698674,66643487.30961301
5566309.42435636,5295926.518471195,6426296.168362938,7618956.97797302,4032643.6745291846,8055203.307249156,5277441.860613959,8777551.328636225,4668886.084703494,3495745.432214051,59214960.77710958
6147943.804304692,3808821.7190890494,4443071.878265708,9840522.728785247,5829194.871253738,8458811.60502198,5488665.816153619,4695250.691571862,3898814.937486363,4644028.865300906,57255126.91723317
