19818841006.41696,17482241728.814106,17040346856.750483,54341429591.981544
11165355.355462348,6454240.124585519,12144797.45762467,29764392.937672537
3435092.0708374083,17892236.709373605,12008759.152396092,33336087.932607107
4210960.019299839,3774915.831103156,13957757.34748381,21943633.197886802
7125089.731939772,7980454.686212524,13829410.35246139,28934954.770613685
14015201.755656833,10443042.151323278,6177620.924732172,30635864.831712283
4912540.47414786,15518137.647291893,7838257.698450307,28268935.819890063
5331647.53152715,7950387.129088698,15079651.283411808,28361685.944027655
9300418.563410176,8851414.724310488,10188048.438332431,28339881.726053096
5703107.210098425,5127565.899353894,15976905.992932852,26807579.10238517
11471293.956469674,10224726.607910443,6752171.233961108,28448191.798341226
9903368.251373196,9523415.888177324,15259967.754189143,34686751.89373966
11320642.98907898,7528348.489168885,17851934.050517567,36700925.52876543
8489028.924195455,7504085.814707155,11493900.274097683,27487015.013000295
3513506.6856778148,9417202.771935182,13087287.912721923,26017997.37033492
9431221.475923978,10219150.902732762,8020472.820212519,27670845.19886926
11828392.640155299,1838899.0928081002,12360539.086599937,26027830.819563337
4077642.7913208674,8081925.646990974,15149299.0930551,27308867.53136694
9986537.03071961,9363138.850331802,8689708.2506077,28039384.131659113
11126642.48085449,9316593.130253173,8433803.654802168,28877039.26590983
15810475.889345394,5572978.110500816,9157833.35298369,30541287.352829903
7630340.967426477,5888653.238151268,14135214.213542998,27654208.419120744
3372374.1906550173,9015684.17072821,14271348.368709214,26659406.730092444
11131309.795674738,7379993.023242434,11302991.744461274,29814294.563378446
8870965.695926324,7693051.41650166,7571198.240038147,24135215.35246613
13163985.060873311,13617530.288328322,6407400.6063464,33188915.955548033
6056868.862915676,8063348.505676974,13678064.296204953,27798281.664797604
9692365.420723712,8811657.646774855,12876808.63137055,31380831.698869117
6997575.775054917,2536787.256892655,18415869.57862962,27950232.610577192
10407779.305971855,9249145.33026372,12828014.855277022,32484939.491512597
11492583.329574928,9981920.129684396,11119395.99341736,32593899.452676684
3245108.8245094027,8225768.605847473,16797021.38722391,28267898.817580786
3967732.7055252423,10608597.050735097,14698057.219154838,29274386.975415178
15749966.391028864,14002434.454177734,15541037.462073194,45293438.30727979
23068405.947902154,9751581.623705683,15425790.591850795,48245778.16345863
10365608.101206088,10783777.159455016,10700820.168746358,31850205.429407462
23449770.97802493,2698752.8216439723,2209457.2614574726,28357981.061126374
5311891.672257047,17463291.260787148,5476804.297194182,28251987.230238378
21183036.955871318,3351663.931664296,22648226.355726287,47182927.2432619
21744193.68496239,4146703.3588749305,3985085.239657786,29875982.28349511
8768214.508831987,15372391.403814537,5796267.066306096,29936872.97895262
12544682.873764008,10862214.273029368,9887183.535951119,33294080.682744496
7355520.96304569,12197297.418741897,12269145.395459997,31821963.777247585
14514675.537667762,12737055.466928424,5056785.134119989,32308516.138716176
5739272.636207059,16881609.891481914,16717196.82022321,39338079.347912185
20361240.857238,6684916.1000298625,5509336.902114334,32555493.859382197
13795566.79996003,8878928.705081087,9576810.179477632,32251305.684518747
2320539.401576159,13791854.275370166,13621684.5312831,29734078.208229423
11185546.630434202,6651537.036743315,4952081.508511845,22789165.175689362
20948902.23478175,12208400.093243979,18287792.627625737,51445094.95565146
9244171.709296457,14884855.02111306,3474778.996833002,27603805.727242522
11692798.927238824,9534677.696902536,9658489.065513566,30885965.689654924
3340914.4084519385,3048819.676938558,2964582.891268406,9354316.976658903
9708293.360506834,4084598.989313443,8423342.044039996,22216234.393860273
11951036.125550583,10362842.994935466,8909516.889985608,31223396.010471657
18033559.135920342,3946590.2672190275,2427000.0003837086,24407149.403523076
16615153.005709667,10412489.593687033,5422547.764369397,32450190.363766097
4562961.030723444,15561136.91273053,11483784.489057148,31607882.43251112
6423837.419459731,9750716.189184371,16204596.777620498,32379150.3862646
9610909.27696838,9629890.59344608,10083808.328841962,29324608.19925642
6868397.556494267,6228455.6061040815,14990870.474165712,28087723.63676406
14013190.716244807,10453492.256071433,6414775.716917997,30881458.68923424
18048108.31725753,4983734.35166763,7023448.736217473,30055291.40514263
6370883.478381331,12142593.534621665,10745052.66919341,29258529.682196405
12860120.55174324,12391234.161018874,5434516.250990178,30685870.963752292
6394983.579499847,10095321.501671765,11719899.761903169,28210204.843074784
10949730.648529818,13487549.342609229,13053612.554175897,37490892.545314945
10582231.103844263,12733376.19840902,12686834.949436346,36002442.25168963
5811527.270790294,15664026.277574051,15697145.773660343,37172699.32202469
9215151.320890065,7860192.967282564,17374685.284777794,34450029.57295042
12594100.484556,8164821.063557507,11971989.613564653,32730911.161678158
8204509.680590601,6681309.104323563,13836654.570242269,28722473.355156433
11651962.984933574,3872736.765028555,10137970.296706812,25662670.04666894
13641740.570527073,5528160.227051402,9350652.527518643,28520553.32509712
16047100.532545837,7154468.919933659,7018822.662890112,30220392.11536961
15691321.804755764,10966006.894071903,4878344.539854837,31535673.238682505
15458761.672040362,7630548.954240107,7386833.869652616,30476144.495933086
13408240.460693482,9759060.029422415,8938809.686619278,32106110.176735174
23655371.402798723,4079531.924982517,8355255.900793888,36090159.228575125
11510658.09820546,1214002.3540636245,13799692.987439804,26524353.43970889
12257360.940773685,11485381.086938083,5685714.512361048,29428456.540072814
11202423.465420011,10645673.223404119,3548731.375959856,25396828.064783987
12979494.007407572,6893182.485750322,9683396.96985117,29556073.463009063
16430868.757869309,3703070.956880565,11003895.153023098,31137834.86777297
13452571.178050214,7549274.653180652,11746430.018054118,32748275.849284984
5849407.228939152,14416716.451813316,10972115.988890482,31238239.669642948
9759188.422714323,12544303.974147882,12222485.67246034,34525978.06932254
17974255.525307003,6558587.174836148,5253799.4075019155,29786642.107645065
7197875.594546763,16405409.49105469,5378410.13438037,28981695.219981823
20604522.23296723,7897280.237907941,17954531.700682007,46456334.17155718
2378748.8419383187,10563185.975252077,20152742.920840494,33094677.73803089
26887105.679829635,24829293.75315405,864743.1646607972,52581142.59764448
23520522.684788905,10649135.745824877,1029751.094554933,35199409.52516872
6519230.81445505,6857530.447811941,8039050.824327657,21415812.08659465
11593506.57109055,10418243.339804046,10036261.679869048,32048011.590763643
3694309.63290633,9273944.012148855,1715766.7993337044,14684020.44438889
2436197.6247738195,21751506.962893628,5167080.11534186,29354784.703009307
20932494.647979803,5067953.001008134,4325871.8753534835,30326319.52434142
5449360.661287378,9869088.121334333,6147068.225635918,21465517.008257627
11967649.711847158,10611954.294270284,10430410.131213602,33010014.137331042
4746289.668231854,3199527.7834860245,3076063.986528991,11021881.438246869
14870609.714571957,3885595.98302616,12756399.07946751,31512604.777065627
4809409.631083969,20871364.09619206,4222567.510598106,29903341.237874135
20143424.974290498,2803823.317478229,5346570.5961278295,28293818.887896556
6130361.454869091,14559100.04520684,13314009.938236155,34003471.43831208
20025613.00228037,4215968.320146251,4200995.443552817,28442576.76597944
3617680.831622421,20123573.027481567,6613553.049697118,30354806.90880111
3973156.5795246772,13291525.131984055,13275472.354621774,30540154.066130504
9725320.894480024,15240211.591996653,4929791.29312633,29895323.779603004
13797088.662526809,8036407.6949656885,17726190.66044289,39559687.01793539
21884302.58040272,9034600.614456046,19240920.98545668,50159824.18031545
10268371.05859491,11132554.042744026,12618138.800422125,34019063.90176106
10883141.586714381,14837869.775137931,14556620.804410271,40277632.16626258
4998597.134707866,5653936.868326535,9421879.699385814,20074413.702420216
10728702.513833608,12504131.675598908,6822195.899677448,30055030.089109965
15778236.673042184,6336576.031139208,6016955.98761752,28131768.69179891
6192361.184797796,13581725.318688234,7297167.742673919,27071254.24615995
5991455.853477915,5441283.382337242,11329659.90006655,22762399.135881707
8904128.313771315,6407472.721804455,10960935.623665497,26272536.659241267
7749851.4695160575,7057793.775756879,4241863.6963789,19049508.941651836
15826388.558167733,8332434.2594109895,7047787.334273456,31206610.151852176
18042994.239740774,6348161.502824401,6424763.76317282,30815919.505737994
13399673.651332762,13179694.848207265,13018580.648040088,39597949.14758012
9435412.4107925,11029326.279795723,10937505.242418753,31402243.933006972
12707334.3365628,16380881.101854546,16290401.057481483,45378616.49589883
9041933.702171138,19009257.786810763,6204748.670542867,34255940.15952477
2660521.9382804185,9556709.305522967,9795828.237986468,22013059.481789853
6188527.835725747,9851145.79180708,9534080.798754524,25573754.426287353
11363930.513545616,13115145.712410606,6418844.959820039,30897921.185776263
10640441.504416667,13636153.675369076,14656364.753175784,38932959.93296152
4120757.6673802985,5094020.291843143,12172668.005730705,21387445.964954145
7453575.195950886,11865395.99008779,7624662.7795282295,26943633.965566907
9090900.762876127,8013554.256918607,8012689.1987746535,25117144.218569387
12539589.686723033,7351400.20740455,10638246.281943774,30529236.17607136
14483922.394825961,9248628.45002655,7118215.205246676,30850766.050099187
17525544.836387515,3713385.977920605,11563008.68466216,32801939.49897028
24460442.507999375,7893006.397650073,14934261.309884312,47287710.21553376
12336232.60159367,10408393.82661016,2600995.7141756066,25345622.142379437
12663185.271392396,11463204.935048474,3552914.1830068203,27679304.38944769
13235072.151711022,1834570.587113926,16810423.272552375,31880066.011377323
15440756.76327653,9167236.419417994,4578450.883033985,29186444.065728508
12151328.055701097,10453961.809463963,8388098.291541583,30993388.156706646
3376676.160054345,6921450.403861075,17236151.912950102,27534278.476865523
5065804.705322484,17138645.446444742,2874101.006716388,25078551.158483613
15264268.811504144,8210843.42440324,7112564.334946659,30587676.57085404
21809889.97304225,6204222.295497061,18788140.490047578,46802252.75858688
9024633.225625074,16500518.503779277,4220836.033214061,29745987.762618415
15248413.032616975,1815903.3519827202,13229903.185361706,30294219.5699614
8137954.7025463525,8497271.909335684,1566331.4102145778,18201558.022096615
8205775.75608849,13853555.695757858,7540502.424910214,29599833.87675656
16177535.480754722,1570681.7375499525,12524267.390123235,30272484.608427912
3178978.7227538405,5983528.30958401,17528181.73322259,26690688.76556044
15868655.724460915,13147775.758581713,2025428.5543956968,31041860.037438326
2646887.8328379453,1943023.140115666,13709228.144410962,18299139.117364574
13667305.84048222,5052200.27538555,14997297.525071217,33716803.64093899
13559544.305794068,12077497.370708011,7018872.094407123,32655913.7709092
12230262.896349838,4934123.00144379,19014368.386406172,36178754.284199804
10982354.730014917,13174226.879007313,6366778.543586484,30523360.152608715
15334974.470686056,3017732.4484688677,13252812.997034688,31605519.91618961
9900498.260048172,15632837.48063169,3851370.6315364935,29384706.372216355
12196575.108272579,10997244.96976833,8648041.948805062,31841862.02684597
7820321.384364814,11683448.039758533,11443455.640374878,30947225.064498223
12789969.300059665,14699291.298172498,7873905.672909141,35363166.271141306
15831306.432443399,11170184.696496539,4705674.221909694,31707165.350849632
9477861.697102431,4094298.1375272474,6673449.642212063,20245609.47684174
10730086.320341757,16677875.539963681,13974548.494426658,41382510.354732096
5050639.664833761,18357968.928222846,4536366.165066315,27944974.75812292
10916487.831867024,12405865.201364907,9846281.89918768,33168634.93241961
14610177.791765958,9935078.992571704,5889252.697829968,30434509.48216763
12157217.876460109,9135914.13525271,7689816.818407415,28982948.830120236
5794168.192668473,10988115.474301187,5128455.577952478,21910739.24492214
11734061.371886253,7134786.678859335,12034599.355517007,30903447.406262595
13998490.69221221,3469540.4650362306,16740829.122380797,34208860.27962924
7750521.449108752,2940954.072594524,7782376.411597111,18473851.933300387
13253215.31660748,4347712.819969032,10791273.936827555,28392202.073404066
15419866.943857072,6798097.09496288,6623186.404493629,28841150.443313584
11403756.748764029,10501562.240940116,6708353.262013967,28613672.251718115
11673438.132260902,9113361.509695847,3175776.011411236,23962575.65336798
7193825.246963103,7675205.93521743,7560863.769585828,22429894.95176636
15211931.05770141,7734564.1718534045,5301507.428522487,28248002.658077303
10523794.420947934,4593299.608542729,9364719.413267717,24481813.44275838
9201806.791528149,11811745.34166843,11612928.529247336,32626480.662443914
10803585.519780064,13681038.89174378,13418975.800802283,37903600.212326124
6358481.29058019,14531687.814820087,17052415.376582947,37942584.48198322
7966485.84579415,12881833.8898758,6168449.876257945,27016769.611927893
14710345.356130268,12968890.943890551,1145394.5854783922,28824630.885499213
8498435.928640813,10366433.75417859,10363380.755875112,29228250.438694514
11145180.488136396,8783163.756206462,9892465.520431167,29820809.764774024
3941081.074913142,10837845.231106043,13608874.699127423,28387801.005146608
9829473.344719306,9581347.659656398,10843689.190755976,30254510.19513168
12947226.160933217,4904111.2259263145,11348690.590173323,29200027.977032855
16213798.32775985,12769640.06107876,2449969.157315196,31433407.546153806
16186796.770399703,8983717.569233092,5370088.089369811,30540602.429002605
13514022.955650264,11610091.809720853,6863618.494312975,31987733.259684093
6005186.717470185,7117241.222238076,9645109.928039934,22767537.867748193
11434030.033654898,10136639.638024978,8890642.264199072,30461311.935878947
4653791.419190648,12888533.293951442,12176867.880337596,29719192.593479685
8932358.374224521,7557238.639438952,7621569.251324411,24111166.264987886
12606008.298779614,10100846.300557058,10801281.417345196,33508136.01668187
5472078.615851043,17799420.804001894,4422840.150318538,27694339.57017147
13063505.082982242,9110298.28436957,8284913.166443362,30458716.533795174
