17571152667.958614,15654356670.301357,15223275728.743534,48448785067.00351
8910201.96383158,11365791.052909998,1465395.848776329,21741388.865517907
13711743.73554134,7588656.141915134,6359137.506271249,27659537.383727722
2597667.1323008267,14029136.32013052,11261007.896943612,27887811.349374957
11984425.479482923,3376072.231758578,13768594.971944895,29129092.683186397
19666785.8000669,7504185.492859612,2722963.9282705965,29893935.22119711
6287195.38387465,14479520.631135287,10575013.713657686,31341729.728667624
8116040.97866033,12573441.33351366,12288181.726261985,32977664.038435977
17228967.383709665,20928685.146609303,8272626.965566076,46430279.495885044
21930144.02279575,19433274.75139245,10564910.100451248,51928328.87463945
5406612.967040041,16871088.265103918,16298563.216571236,38576264.448715195
17329401.314533778,15311667.336707376,9775024.377205694,42416093.028446846
4622264.3891877355,4512934.896000953,17764138.800706413,26899338.085895102
6488076.1955239875,9461415.912298383,13394086.645988677,29343578.753811046
15027429.42872237,1860733.2160086357,13431957.940274,30320120.585005008
2166864.8748003957,15109976.088611657,10343557.335825542,27620398.299237594
9321893.075192142,2496611.931281239,15547946.28127549,27366451.287748873
10891735.526099605,8317182.695945918,2271683.6672624103,21480601.88930793
13463162.857407533,11901911.292774566,7445296.685061072,32810370.83524317
3222284.036319946,4238378.069066992,19685217.92711991,27145880.03250685
12816559.827229122,7753414.273938386,7458350.254325914,28028324.355493423
13989451.228224602,9978887.306740953,9356250.365897529,33324588.90086308
17195285.927386403,3134644.0944218296,3208493.97188985,23538423.993698083
14856795.072906427,8582944.0188752,10255126.353271673,33694865.4450533
10784624.788588867,6671379.03925739,16038787.354004024,33494791.181850284
20271984.16525929,6192717.494360515,3878085.11289335,30342786.772513155
5634658.9602947105,16267978.349885777,4961720.768717289,26864358.078897774
13722267.60886574,5993369.393159342,10405188.25202495,30120825.25405003
6189363.010109469,15213933.65805906,5384573.606722626,26787870.274891157
17188114.920866314,1968997.3751899884,7994749.635434712,27151861.931491017
7270273.505930364,6365287.811879122,14829682.0567911,28465243.374600586
9666942.638638137,14166059.931694081,6607454.195833597,30440456.766165815
4781578.2514489265,8078224.25350885,13163077.103682747,26022879.60864052
5939242.142919313,16731864.360505361,5173529.847699461,27844636.351124134
9139420.057449412,13915754.999962095,7353229.931944439,30408404.989355944
17578855.97971295,7403555.4026900055,5571970.301672937,30554381.684075892
6432002.224201212,13832201.161836687,5825860.954327828,26090064.34036573
14388992.613662958,7457991.2820214555,8594472.569307024,30441456.464991435
19576014.29833148,8344755.107438047,10788588.202349,38709357.60811853
8880542.084431436,8294191.816343148,12014818.502411764,29189552.403186347
7432674.161262693,14136426.013410801,6343325.102816887,27912425.27749038
7067911.245953927,6969377.345198189,6034332.257633844,20071620.84878596
9984786.20427669,5736220.369304431,5594465.432059536,21315472.005640656
17173374.370548528,9929476.594026184,9772206.478454486,36875057.443029195
16283312.55516679,13552819.986027107,9769849.947315842,39605982.48850974
10679998.62414485,13884357.321845274,6631238.459191769,31195594.405181892
15243093.19644154,9459038.308679702,7962318.486087677,32664449.99120892
13196361.937206788,8140761.269290694,8843709.027227508,30180832.23372499
13830693.22270496,12150141.7027413,10792365.90489583,36773200.83034209
10548111.732566187,9431144.007679936,9322808.887270277,29302064.627516404
6544686.314824057,8710031.830490375,5518163.0771454405,20772881.222459875
5668845.771031459,10189631.011252077,9907157.84070954,25765634.622993074
18372157.395128947,3536482.5773593276,4206732.551824086,26115372.52431236
10633096.497505547,7175492.621711311,9467349.190032171,27275938.30924903
10607641.395812443,9677642.74988412,10996217.085124988,31281501.23082155
10707562.134694379,10401946.171607787,10188423.111096129,31297931.417398296
15444523.007973174,1836234.6173345651,1599546.0024861838,18880303.627793923
18772236.54960334,6086835.765986497,5753945.119401646,30613017.434991483
11939398.825458607,10075300.600310573,9858958.403316163,31873657.829085343
3431145.172500131,2366209.549879905,7365918.367643054,13163273.09002309
6137130.833799597,8303408.988580733,6622946.8438031105,21063486.666183442
12108214.93712411,10635664.132427739,10571142.985672222,33315022.05522407
6180477.5469796425,5258951.718721326,7467153.732639495,18906582.998340465
13203990.417615905,6689149.48145206,11531361.62881514,31424501.527883105
3059022.150045633,20499627.535796702,2715587.8017505254,26274237.48759286
13249413.799628729,6946732.93060356,11471193.97709197,31667340.70732426
4497015.542085788,22075862.99684422,2371184.3644839926,28944062.903414004
18453160.288367342,4030744.731149897,10167699.652127385,32651604.671644624
2392572.5165351066,6137299.095456488,21010500.174473926,29540371.786465522
15022655.37785726,4699414.692405854,3897288.0859634653,23619358.15622658
13682333.32703668,12883643.774705967,4849433.619352505,31415410.721095152
4424260.797179226,11975175.611031724,12292917.00594904,28692353.41415999
5849664.940938595,2313550.6152640553,2443482.132954896,10606697.689157546
15644780.48995224,3308032.1049847337,10951965.512280874,29904778.10721785
18414038.25494233,8333348.627886384,2761754.282270317,29509141.165099032
9321996.872325096,15068758.549668083,4380704.418803611,28771459.84079679
16951915.841946017,3304901.119066866,10510286.101798126,30767103.06281101
8957729.599750374,11384332.30142235,13133899.912111487,33475961.81328421
13869562.457611613,3929569.5128990877,12901005.482292017,30700137.452802718
4209358.757352247,11376785.935252862,10899979.118475331,26486123.81108044
13663014.7842195,17455053.455864616,17549039.00350889,48667107.24359301
16447884.54830835,7222460.153948922,9992132.269421855,33662476.97167913
13962608.762127731,10567505.2604567,6505045.259846525,31035159.282430954
14030996.567174798,4488442.0751443915,4546250.775121388,23065689.417440575
13705583.480144214,9323475.294136606,7827296.939785004,30856355.714065824
20031064.659874685,5308144.635869073,3623480.8766110265,28962690.172354784
20650027.387338024,9083308.946906777,7229366.813477851,36962703.147722654
8953512.384894053,11170311.855497349,10707871.641004944,30831695.881396346
11309667.658009337,5732631.207773537,5729875.400149519,22772174.265932396
17960805.980652854,6275493.479891465,6676690.412030055,30912989.872574374
10183541.399340471,6901440.754246802,3464168.773783537,20549150.927370813
18244889.47436809,12697138.773615934,6600784.937223976,37542813.185208
8609924.456403496,13671720.299167907,6902066.318440219,29183711.074011624
13145962.70667269,7273358.222115785,9755645.651369018,30174966.580157496
7518959.179728458,10796996.341319066,12250830.124181075,30566785.645228602
6260823.389758414,4025809.1335502756,17512837.98348162,27799470.50679031
7986400.126053944,6948221.0774243465,14009983.985884767,28944605.18936306
8529830.834349692,11382041.166088674,11717589.67652732,31629461.676965684
12944923.855318805,6626068.140063938,12069946.293230392,31640938.288613133
12861634.921874601,7778851.84964284,11110566.032879112,31751052.804396555
12028032.045639709,5350175.0635980945,11392234.364689464,28770441.473927267
7915590.905417485,1851028.9319687835,12727517.684546798,22494137.521933068
11100506.310995538,6192338.310377208,9645556.44324962,26938401.064622365
6450102.376127697,12320252.258606719,3270438.3813096522,22040793.016044065
6408171.62128207,9761288.022820897,9461948.171742264,25631407.815845232
9637617.840392452,6594291.0730164405,13002487.098273873,29234396.011682764
13206106.744684312,4331441.828666413,6514173.211843704,24051721.78519443
13285415.607246056,6605392.638174761,11404102.30546749,31294910.550888307
9726219.319115985,15359832.534668256,3873291.343933912,28959343.19771815
10771340.657879286,6816621.602889395,13078259.556356002,30666221.817124683
15297155.522152653,13473871.499661941,1524453.1935799858,30295480.21539458
20946240.700557463,4439146.269410451,3128969.8542741346,28514356.824242048
6089508.6695583705,13644275.509197617,7649419.073972753,27383203.25272874
11493248.299326885,10432598.31075051,10225990.069808284,32151836.679885678
3884179.9043303235,11660659.870950632,5355723.840152302,20900563.615433257
5347627.939845711,12208867.324477622,8272560.9602762135,25829056.224599544
12457481.732345626,12294230.258607414,6178380.9811312305,30930092.97208427
24452883.794039465,8970815.832748616,1813843.2700158511,35237542.89680393
4787006.232165576,11625052.535595987,9500392.615069838,25912451.382831402
9207473.288764153,11686051.386041729,11395996.511563627,32289521.18636951
19060337.190825026,2038498.5835485714,7388617.414214862,28487453.18858846
13790425.108345052,6824444.48695631,11907749.577392898,32522619.172694262
2748391.513196671,19814546.06164596,4192697.463392885,26755635.03823551
13957098.961567547,2652751.733734933,14575104.04340296,31184954.73870544
15657675.299296208,12254068.59984821,4340659.079521709,32252402.978666127
13967100.835305829,2063212.727734204,16194009.086164534,32224322.649204567
22931756.073138963,2809116.57317296,2856203.0405332823,28597075.686845206
14786683.018365724,3142478.267072104,4796726.869309639,22725888.154747467
16388002.147839794,17863933.029961202,19151993.17642486,53403928.35422586
3874492.5036819396,3361424.1358346557,12064712.744825488,19300629.38434208
6869753.5012882715,6338387.583606963,15099337.167844603,28307478.25273984
10113622.175497497,12654250.056988142,7830525.687483381,30598397.91996902
4577077.972368243,5734025.251933769,11676728.43482822,21987831.65913023
10012304.462454017,9981267.549944753,13151109.101127999,33144681.11352677
6194095.88600293,18169305.74999022,5352644.116785552,29716045.752778705
12202166.603495304,8455882.072513247,19335184.580406822,39993233.256415375
19105876.053985402,19667500.45336235,8663656.159616975,47437032.666964725
20325836.451033015,5026987.991667701,7751577.230392822,33104401.673093535
12967125.927448582,6209397.868917081,13318876.496294362,32495400.292660028
15587655.719551789,5422843.367848138,5239037.487782565,26249536.57518249
18457804.48045998,10669581.370262876,9119979.617096469,38247365.467819326
16613275.167463237,18287833.83619064,11188544.182715235,46089653.18636911
6667216.288672652,6428546.989465333,5839570.695510448,18935333.973648433
8202172.11403044,13214191.122770682,6933892.490113626,28350255.72691475
15970611.188058848,6209195.889057995,6117806.996080016,28297614.07319686
9335839.654919,12987702.54372414,5221032.319716727,27544574.51835987
4610499.517546947,15042389.39994029,5261787.34164939,24914676.25913663
9393877.80246634,14198761.282585774,8228240.037116171,31820879.122168284
9339678.349610459,5947289.428010128,10816887.304757578,26103855.082378164
14082323.428845108,13238579.256894117,7203340.1830004165,34524242.86873964
11018494.801081976,12055471.49981686,9505222.505191648,32579188.80609048
10091223.454512743,13818980.645699318,9407910.74796454,33318114.8481766
10376669.985187711,9052757.530518405,5281248.659582529,24710676.175288644
5246286.436965821,5189449.250539187,16657270.838628968,27093006.526133977
11716509.840539658,10205252.532940283,8390240.42036523,30312002.79384517
15913304.321791684,4220492.325810266,10374158.88400429,30507955.531606242
16222119.424978454,2518143.52307399,11845532.756641336,30585795.70469378
17694927.826745592,3882821.5635740994,7422930.943060731,29000680.33338042
12161337.913396401,7380054.295105923,9920590.685401853,29461982.893904176
4950685.268492138,18086345.321205985,4012702.992862665,27049733.582560785
10905834.887492325,3100056.2514564716,10485583.4509835,24491474.589932296
10840183.70277088,8637943.061166912,9650706.383811511,29128833.147749305
8629631.96503337,13185390.26428432,7998287.964194752,29813310.19351244
15190197.23100531,11727048.049138634,13808020.945142994,40725266.22528694
1182429.5521513503,17305357.52475117,9460173.823801065,27947960.900703587
5795688.685050603,2658591.2899008035,16386919.208332982,24841199.183284387
14166695.768996865,5321082.191402751,11993341.124190275,31481119.08458989
4873255.579568194,17156685.773494862,6373960.3708518185,28403901.723914873
9380984.161856852,1553265.3794141873,18816492.3200234,29750741.86129444
25882771.669944737,2715204.8550793524,1675767.6267998847,30273744.151823975
7726830.57126744,17937172.73328888,2494677.8815759183,28158681.18613224
22981354.762175363,1507132.3639351544,4585450.256039557,29073937.382150073
4856800.957654677,4833163.0948840035,5179999.842875379,14869963.895414062
5599089.022410858,12466574.461193336,10791424.04304761,28857087.526651803
15704914.732043242,1873561.255602161,16666445.05635571,34244921.04400111
16350046.612964256,15174584.613031613,11561027.182383614,43085658.40837948
2553266.3183033676,2239389.796428796,20050350.73297306,24843006.847705223
3687021.2394290497,5540202.255705196,4838909.932144371,14066133.427278616
10753083.822675176,8671495.949248748,8972143.519754654,28396723.291678578
3659085.6228990704,1843297.7809899524,3343182.4010077943,8845565.804896817
17469260.231449325,3489387.487217052,5789841.102877128,26748488.821543504
13550860.241744697,7913224.232383838,11027043.012418581,32491127.48654712
10990546.444129508,3878757.5856062644,15264397.054868026,30133701.084603798
4203658.845937829,15692597.369827576,6802155.196118131,26698411.411883537
8317650.62825614,12045226.849624237,11140836.182610733,31503713.66049111
18287338.565865297,4560960.708326417,5528456.378895868,28376755.653087582
5956564.717877413,5438697.985859052,15449980.010400733,26845242.714137197
6182190.2902746,8272075.501312491,4332504.979505841,18786770.77109293
13964177.661996543,10375572.967227455,6370415.416432763,30710166.045656763
17398709.930483267,5752629.776343597,5667333.272034271,28818672.97886114
7338486.976614438,12790943.475778934,6908715.182284341,27038145.634677712
24012797.79961007,10939571.767773416,13148245.655397141,48100615.22278062
17947965.41620716,9617059.271358764,3306603.1456940505,30871627.833259974
10522287.122825624,10548817.867983822,7675658.750364847,28746763.741174296
13548933.597462643,5959288.243121526,11928295.0538802,31436516.89446437
13170077.593296092,12181668.009920707,7024511.774637552,32376257.377854347
8021589.746694404,14138246.759783152,7158344.582681676,29318181.089159235
9831785.317831716,9048236.073387796,10653920.54391993,29533941.93513944
3453044.826129118,10022954.814235142,15575977.509840254,29051977.150204513
10307026.866267243,8348898.538837096,9065621.807020271,27721547.21212461
13126277.651574299,14690769.197097993,9542045.214098157,37359092.06277045
