15736804650.020407,5783237544.172156,16203543904.684906,5213014182.349137,15812971849.444174,5408859219.46398,15642949615.999353,5405133704.065205,17018545645.141685,5588333512.961685,107813393828.30269
3939561.5405652705,0.0,4588098.290592826,6135106.474495464,7393297.159206106,4832601.954692486,4105346.5652692015,7574715.749543861,5356980.776959078,423.8167265292753,43926132.32805082
8572536.946076896,425.5842597323422,5081989.40110189,2653940.1150272614,10412509.997868128,2577854.2986991312,8016737.510403244,4541626.417571028,8612660.721310584,4215171.281241342,54685452.27355924
2297951.616439024,415.0825828952485,4675939.161941486,4550704.910989328,5504785.411111719,699767.4478210083,3704738.660354312,3767731.0316555253,2515416.769810653,763701.735450071,28481151.828156024
5162624.41955763,940672.1757211258,6167561.418956592,1983477.643519176,5893565.889439781,7200376.326790778,6881665.112719149,3830667.6728015826,8299199.542184266,632122.6453738086,46991932.847063884
6758892.065565417,7288138.1819905825,2922846.300504008,5687019.55097729,3695912.3907129113,3167732.7186923637,2330020.7896291795,4821841.1681094235,3724310.8691635597,6013433.158285988,46410147.19363072
1872246.792901229,7491426.036608409,3365972.256945585,3879000.4736843705,9340261.664852366,9333589.660489883,9258682.792265829,5375817.915992454,7610912.837244434,1211697.9738798628,58739608.40486442
3675413.2228579447,11429672.694248263,9407917.45953271,2060757.875360763,3945088.5613446967,2834769.385563355,8107389.133629011,7006760.803076647,2659373.510973548,1447237.261090834,52574379.907677785
6044622.872289098,7987982.711142,3995641.3684614194,4984027.180156459,5152459.880343035,4817899.628304605,5483774.642125192,4893097.076778597,4935502.211308111,1317093.3100094695,49612100.88091799
6641961.841366548,8223259.412655335,5607725.092764703,680876.4599281857,6569006.406129748,404845.66657971626,3837942.880389961,6903750.761217458,5006098.5203318875,121529.77895675841,43996996.8203203
1096448.8269124713,8030263.168396865,6193636.068088471,7390993.678474261,7066028.148517533,2497316.3552690255,3321928.8558971263,4284764.203019647,8150498.083318422,8387232.141709037,56419109.52960286
7574971.909163585,8184976.191321803,2367400.981038409,1722147.8929492645,6607373.118530856,3601597.8758594035,8099081.41786748,7452065.255088042,6725809.773402332,1357101.8289824738,53692526.24420365
8693383.012682296,7841481.393067003,9688146.509472247,1769237.7842978328,3389187.6663735844,7520632.709295243,5273301.447124341,8615756.145745499,7651367.549197532,5080859.311388434,65523353.52864401
3232194.078126404,8120780.5982906055,4998881.434655842,5600643.266871522,6255828.447416241,5115614.3434746275,7016500.963176241,2658825.6915786406,3973632.927251461,7036920.667320522,54009822.41816211
9080754.081918314,9078879.754725203,6597799.774246497,2444369.6908285404,9119086.414199967,3825262.1838567983,3781086.966760312,423.29757610570573,1630657.785009779,4225929.226934477,49784249.176056005
3919589.974352645,10640409.948788576,10133356.636417063,2388110.1912862337,8690472.86142811,5472035.473545846,6213579.556091324,417.13615116857284,5049064.833222079,4079112.4367980324,56586149.04808107
5907111.787192673,8532543.607453572,3618686.578695142,2377799.5366595183,8200480.204474228,6644898.646551806,5513019.512623714,408.51496523617385,6253675.118940977,6335056.356016115,53383679.863572985
5051195.976853724,8754731.388538413,9731301.520327816,1235768.4112523438,6533998.904050155,4362288.226896415,4364235.017403543,0.0,2444459.957256541,1427593.364679829,43905572.76725878
938173.346577747,13895098.568057358,1589207.9318113963,2367445.740065418,11237904.992505092,9906389.241391763,7851758.417154856,420.95363827985057,11380731.869771253,7678034.833863956,66845165.894837126
7142386.592381824,11046381.111296438,11867116.500611383,428.9379892560219,5583248.855836751,5398933.442047405,11987523.130950188,425.28749481927565,3621233.9916493003,6443681.1610848075,63091359.01134217
9870048.824397068,10203501.761276368,3616209.9067690475,0.0,8867665.506103849,8886532.995278575,3306163.8248635633,420.26523938699063,5688351.894166787,3811191.2612988106,54250086.23939346
4981070.721915999,12322730.245984383,5751175.9991651615,836.9567234541419,5486797.820659609,3979037.5399018577,8443627.043438822,0.0,9556770.50523965,5890306.404900913,56412353.23792985
10225351.662605155,11163208.535133392,5715226.941774282,415.18718694937735,8617383.911566155,5882900.908065249,9714089.927156087,423.84019230076933,6934607.066150981,7973528.882803535,66227136.862634085
8001548.605808257,11797620.57454473,2397242.958997719,430.63010209483605,7048500.403076115,7685390.226620883,4137667.327761195,430.5509939859137,3363039.4436199996,7528227.4326800825,51960098.15420506
8902269.365427045,11255087.714547524,4265636.8961356655,0.0,7480820.358152661,8546582.000552688,9942815.46936093,0.0,9583723.266644143,9029662.281126048,69006597.35194671
3392110.3244301057,9734906.828516284,10972392.992973521,412.80022636425986,9574949.751385828,10501990.613233253,1738102.806438608,415.24927237847413,1282687.0029353518,1303885.275930332,48501853.64534202
8644959.782897232,10067028.039650273,3651665.778735787,424.13431463322917,9273216.397889452,2145328.0913833296,10606919.363532323,418.65275251220856,4383294.82506528,7144145.160584601,55917400.22680542
12123373.738732902,11845407.548049616,7167745.644605827,0.0,12099845.684620466,5987247.411732402,3525706.5574538764,431.16278860587056,7547713.875781344,9965320.932354957,70262792.55612
7151876.807254789,10781051.86160308,8388179.693540975,435.4161600458846,7494198.211067653,9823619.684737539,8978136.535712995,0.0,8243913.960671423,5566702.799189742,66428114.96993824
11348431.47956675,9725617.120241763,6139942.553893591,431.1810723446834,8567516.299879316,4637096.442681868,6698754.899906745,427.47403645258277,4337930.824669786,6991863.699978939,58448011.975927554
7649516.151725176,12760658.00246373,3205867.6332762246,416.9428149304214,6301358.418402224,10707683.97527079,4038477.2640994415,416.64435130337824,6821431.995897326,2376167.056262539,53861994.08456368
9307712.263564358,11700730.905053841,8240073.240512571,0.0,8294331.552845939,9649648.322091457,8819708.014635732,0.0,2079551.30452032,8968685.296048246,67060440.899272464
11776469.760218142,14261332.255322877,6872285.518387819,415.3095772426385,5248049.205928246,8613564.064204484,3002546.649302807,427.6599131665531,8435891.39190747,1294664.7918660291,59505646.60662828
7911524.6730004735,11781623.626022764,3125398.2082174993,428.0936782551395,6015915.40991576,9642593.314133769,6592548.009440297,427.3869198240579,11395801.563749228,8734843.213921001,65201103.49899887
11318281.239243828,14486379.792563315,9072305.936699377,427.93425604433094,8822618.104412844,11219212.944938269,10342642.069133766,425.4622132524646,4315073.576238751,9956070.268555887,79533437.32825536
7532526.206871701,10289068.587623587,3960749.4992834,0.0,9042445.775827562,6529713.87978531,11314682.797940599,0.0,7284010.919110933,9936129.714698678,65889327.38114177
6271437.297679344,10451016.434052108,8260278.629264732,418.7048194399788,5278070.794030204,7407667.82596634,8040813.912027627,423.4970302328106,7741054.133983115,4845510.476193549,58296691.70504669
10845729.705470027,13573789.437212896,12098678.038832474,429.9821622619072,7035800.641726055,5566070.749087973,9659397.644241942,437.3941789285975,7312729.931708157,7896085.68170247,73989149.20632318
14740748.903612718,13788308.423824502,9361225.084178837,0.0,7590833.394921347,420.01860104921934,7292252.132022715,419.21659953423756,9403048.532560885,8757223.400263231,70934479.10658482
5049101.496404945,13280951.299160423,9569028.466302352,426.5853923654055,3073740.299673029,0.0,9454163.843578199,0.0,6042458.697851945,9938006.636122815,56407877.32448607
3546886.6002512886,13442138.224143567,4370418.809187893,434.2876520048691,8181799.350779921,433.15565898090836,6569970.844192605,434.65613266725086,11067978.937327655,3610850.955258585,50791345.82058517
6177187.203134172,19898398.598406497,11247193.166696219,428.6128955204053,10791523.956238383,427.2825174121688,10420087.746357393,427.31462184467284,15776925.979833383,6606239.443622383,80918839.3043232
8497076.40410821,21083444.439553734,2441294.198506904,0.0,4290513.909196747,0.0,3941632.8742426215,0.0,7323965.066479417,3648360.387453511,51226287.279541135
11775803.4515631,17577101.6217839,9459577.216256162,439.84584489059705,17255592.82498792,437.00339918992483,16947403.821833268,433.3726294925259,8974499.155360082,0.0,81991288.31365801
9234696.093493095,11924885.933800656,18304792.87399474,434.43665669083265,15816393.125123814,437.1896824702276,8520328.687758649,440.7441440546039,15638681.891258782,436.83660975377427,79441527.8125227
12367480.365640646,0.0,12698103.082861759,0.0,13982326.640642282,0.0,17890209.424963143,0.0,11512077.345988326,439.3797031206897,68450636.23979928
7252434.078566881,441.55458444411056,7442469.336136163,441.1912387004876,16351800.510237139,441.48293234888115,8583113.547332147,441.5875134756331,16381143.61811192,0.0,56012726.906653225
6524848.385252106,444.3511883886264,10456723.497207083,444.68960325806415,10345915.836251058,441.9080531220532,10316601.261755262,441.2583472948058,13865082.564698165,435.725630831362,51511379.477986574
11829210.247307094,0.0,10564013.13101077,0.0,12968940.87298799,434.61803674876114,14336361.768596735,432.35669419024146,13153179.20808539,436.9907835991867,62853009.193502516
22702479.05329746,436.60299639682034,10147584.674784571,439.5555420676381,16192122.806929355,0.0,3699510.0106736845,0.0,7101857.287120949,441.8077799688471,59844871.79912445
5370148.9636743935,443.2239546205663,14427068.709803486,443.32018595408925,13102921.893840384,444.64963012599173,7205821.982662802,444.94542458497136,10164855.041204555,0.0,50272592.73038091
23266417.321770515,0.0,15189980.119426308,0.0,16150316.160676327,438.1118545721694,22029778.620271683,432.2886456444244,21130641.23799099,425.7896572370134,97768429.65029326
3405416.616627059,426.83093706379105,24401930.563034356,424.9264697812287,19557593.63071622,0.0,7297029.03479756,0.0,5402272.871599497,426.99234548174303,60065521.466527015
6932613.163083211,427.75486615781966,17296556.61899532,433.5008439553568,1639906.5293744444,431.4011528653317,12824001.231997555,440.71925163365285,19029987.70252686,0.0,57724798.622092
19320041.650104135,0.0,22614415.54954336,441.50694289260036,5511499.690400478,437.1364289129399,17144459.67708384,436.624111740189,12612932.373442966,436.3736998301554,77205100.58175816
17105107.862374917,432.9917931686662,11069584.053470952,0.0,9155224.8335,0.0,5975470.716130767,0.0,10806740.003677899,428.4218135574934,54112988.882761255
18825329.02860778,431.22346334013747,9280643.076849999,429.617068204918,5770038.892837966,430.0841212894923,11045086.09771688,434.68053257633056,9612210.737477554,0.0,54535033.43867558
20539183.806882747,440.560411608076,9368971.703604078,442.82094009047927,7838186.8838523375,437.49103240113476,18088461.148722116,437.9742288494873,13864861.64158058,434.9095559453551,69701858.94081075
21419396.84079298,0.0,12277503.96166342,0.0,14251042.558492873,429.7493993268362,20653686.841787253,427.31117537501524,14771422.838982636,422.92081837918573,83374333.02311225
12736842.395280479,422.8363467732586,5550176.828427593,430.95974023388624,10807009.827405069,0.0,17227586.778469633,0.0,7265949.653180531,436.6539418266381,53588855.932792135
7718192.347812189,436.59712612607336,5464769.179032763,437.4143254801797,5617705.68144681,437.58697767101455,15414595.171383271,438.3877474941382,10950286.079347543,0.0,45167298.44519935
9647403.686538266,0.0,18814413.401316907,438.0119624782328,15056330.801786598,439.86708286477545,10910924.76031439,438.5722513887376,12594313.3060705,438.26006090857834,67025140.6673843
19336697.36416801,438.03130824823893,6001167.3766237395,0.0,4919392.1957875,0.0,14383641.165365264,0.0,15613732.636651197,439.6713099404349,60255508.4412139
16197075.985435626,438.3103441294092,12655506.584467048,439.0244259854175,13469309.08752513,435.38960600823174,8710419.984367559,433.5167127365374,15629155.068264507,0.0,66663212.951148726
15828044.439676521,0.0,10829102.236512966,434.34199407189624,17077467.946225535,438.6158215476801,17868469.768551935,436.4171180375139,13006014.370394783,432.4439910790405,74610840.58028649
24681297.3684425,433.79853032180887,10099901.395350201,0.0,13523402.923415458,0.0,4521521.839818452,0.0,16887932.909724683,427.30518953353055,69714917.54047115
14968074.270993821,425.1830379233027,18388067.96734163,433.82573197075885,17111037.045615785,438.03902797335473,9654087.467975426,439.4597868825156,10679897.674741896,0.0,70802900.93425332
15676280.530165913,435.6513328131309,12746473.854731921,436.0810652748572,20700582.894022558,435.65500940332237,13973087.532894183,57900.07274823841,6582047.150083958,436.8264680572968,69738116.2485223
15327016.01798491,0.0,6430493.629276541,0.0,12614165.529098881,429.8072911562979,11209886.692836456,18081997.95115781,13338291.794373417,422.34493198480516,77002703.76695116
12008447.527054882,424.7478896214863,8698043.893701881,423.03421081551187,5919902.606986315,0.0,13094464.875361823,21191445.321815904,5470830.106279051,419.68544634312144,66384401.798746645
13405269.091347266,420.9095462972797,19560388.674384497,426.086221857262,9431184.851987181,431.44682321995975,8320322.933057977,20799798.45637742,14756481.253649065,0.0,86274723.70339479
7176595.240076415,0.0,10969558.237424893,434.573099657568,13200949.480794018,434.5710359642598,12123679.99877247,13379251.890654055,16782356.959577605,433.9845230476132,73633694.93595813
7510777.537331042,436.6108552321973,17920021.969304122,994198.6431164679,13673579.204485474,0.0,4844661.009136283,21529829.978230692,2746836.3904648423,421.55027092491366,69220762.89319508
6367014.148692494,421.8208941589399,7617834.834287553,9132081.161058402,16050084.939828388,427.8906903879072,7072850.937965944,17861998.053571466,9297806.887085132,0.0,73400520.67407393
7272238.745496993,414.37442768618814,7518894.648420191,5110719.598924985,12472928.741185911,412.2049622676509,8548923.168941306,16306047.430979032,7004902.099164004,430.40878302758676,64235911.421285406
11187899.36315308,0.0,7662047.433662949,5413211.248067885,9583101.709985292,439.61341838245374,6689866.982856888,13443809.50577802,8174584.193122725,425.5495363644607,62155385.599581584
9228620.56077294,423.5069187851311,8209513.195883314,5258782.059893666,4627830.466770868,0.0,7886809.95309535,12297788.781320464,9542330.313279102,434.80661112474127,57052533.644545615
9434060.11023633,435.2631891864896,7329992.586293944,5356575.817152256,9100441.4708393,426.40478323580055,7958032.728746125,13023838.10712891,1467032.343441,0.0,53670834.83181029
4796737.2598368265,0.0,11006810.747619681,6516002.0661831815,10862459.145673543,430.8874273896486,15628752.503851237,14773938.719786456,8469532.516870003,423.63560114326526,72055087.48284946
8827953.391954252,421.01948542028316,6051990.854833537,6540373.749359457,2553756.728557559,0.0,5777150.276145764,19500769.173343062,9867334.152537547,437.9616524179338,59120187.30786902
3834206.1359960684,441.48845067012735,5192083.6660428615,6485294.805906101,7004272.170558961,437.6447172521194,14142463.83164678,11612768.27414502,12208545.332719103,0.0,60480513.35018282
7356063.480426691,430.5700546321871,7591984.24061605,7120837.717785033,9666341.922397347,421.05232865768346,5927602.928650733,11171782.39395673,9129728.560976302,416.93849757946674,57965609.80568976
3205705.6573940073,0.0,7973946.718516029,5226565.162935776,4587964.2062153,430.5109445034991,7775626.361495968,11097277.208865307,7496486.042595288,432.5188715949546,47364434.387833774
7979390.455428329,432.5200795577148,7067622.593133515,5352288.39413011,5996405.555900938,0.0,7860409.489451734,10959607.73954634,9406915.753007304,433.1566841147161,54623505.657361954
4975130.575324661,437.76347847490564,7371561.209860446,5462555.957697131,8215020.08067747,438.60961036001544,10288389.67682889,11420713.35503853,8783066.951420508,0.0,56517314.17993647
9652276.928077845,0.0,2600427.9953608364,5245909.180113679,9605741.919548925,421.97906564418554,1841817.0370723933,10748485.376011254,8533667.121032482,429.21086371914004,48229176.74714678
3738402.6740572015,430.1558890135006,3590371.742117882,6216343.049126316,2716305.2783116307,0.0,6570597.278476378,9830483.31769651,11289668.214028543,430.27659732712345,43953031.9863008
7766214.225388783,428.6693862533474,8357969.997232963,6185316.090369217,3454614.4934003814,424.25211365757536,16650186.643289417,10937829.92361429,2673062.214024444,0.0,56026046.50881941
3701241.954605311,429.3784730434775,12359604.793712333,6575420.170881939,11033006.708265634,431.7050332345382,6898981.670196856,10179715.630894322,5854470.136515493,432.85513136482285,56603735.003709525
4091348.205621534,0.0,8098003.203050603,6502253.21962959,9413011.436868103,434.68353583139356,12456088.950707274,10374446.31412491,7778390.810511543,428.5892632665769,58714405.413312666
5673988.901515111,429.7062887629039,9237301.040367778,6559559.068343842,3662767.659098141,0.0,8096543.293408965,13974151.272194274,1805358.0818168775,428.4079564830757,49010527.43099023
7971428.861399779,424.6093066368868,7201706.547503375,5257827.630442226,5340330.052144357,420.2882257808281,7945796.114834747,11646678.295181403,4218046.13654927,0.0,49582658.53558757
7853113.398323164,0.0,4738220.261515667,5406769.581411578,9748081.786480246,8504970.307043418,2075273.356386599,10316445.323286727,4584904.2061994895,433.0279280102812,53228211.248574905
5632845.483606688,433.1209936759349,7458123.705446382,5359419.95054717,5505819.827074612,12092894.129703829,8797507.728840727,13612204.378749127,10082366.154540496,432.18526771339145,68542046.66477042
11131639.696034785,429.2269690345012,11479562.182889706,5342311.697096807,9567810.221321192,11156214.808002345,10548719.45053771,13603283.589253487,3086948.436740238,0.0,75916919.30884531
6225234.520735841,414.1110571971655,6362609.9029466035,6591932.7580001885,9864431.720288841,10781801.018304382,9313897.154332113,13191912.535580099,5504692.906142034,423.68668583141476,67837350.31407315
7507343.685662127,0.0,11836407.43381565,6403659.0683815265,2704009.9631815306,9814495.834196087,11925236.417924356,11236223.15057362,10113264.879381744,1755801.9449732793,73296442.3780899
6843674.986927258,409.23457630302045,2092097.5425890996,5860527.395186008,6199791.145213189,10562891.298582485,5038934.567149282,10269459.912410693,3636037.4778970527,10221945.073244775,60725768.63377614
3617955.062273226,422.1345234011539,5971878.98974986,6406921.918949048,8295119.282329571,9886054.81757237,8589336.617433254,10131555.340401512,4570187.5647247955,9540823.334247775,67010255.06220481
3640145.6730549643,5096737.252743989,6586962.602720476,5375895.483637454,8316972.131480591,10937168.186044334,5829458.260306826,9570619.2804339,6577666.2756525595,9133564.025463596,71065189.17153868
8212398.001189399,9177953.223456273,4321187.60149138,5057096.76742491,8030757.65023732,8425468.46957537,6083213.141685058,9475531.284461088,7492630.929071923,9388084.999761827,75664322.06835455
2321696.2528239507,9318401.90952941,8020326.116757322,6181674.157354142,4568118.4639536375,9518005.711106794,9113975.441069933,9465972.739167714,2409919.0202117674,9160053.74417485,70078143.55614953
5882617.864935633,8870292.43985511,4735040.944616833,6226473.891916821,5391793.722472265,9558188.42617627,5180557.516556234,8691438.60707413,7838709.059204373,8683262.111524805,71058374.58433247
6162983.956485986,10718316.328984987,7181772.804057019,6430613.83796732,9205445.743184423,7639207.947448563,8546208.327578776,9094607.945379887,7452898.62012219,8684830.511759948,81116886.02296911
479374.63847996184,8420447.322217815,5421933.998310067,5909321.93525199,10582564.043735623,7788898.947431047,4751327.701176934,9073373.159142861,7498717.076915319,11032009.920720015,70957968.74338163
3685399.2357015507,8266710.003081151,7016274.731394971,5636115.265213658,6832396.142906067,9153707.566392027,6787223.656164957,8792338.374540748,4526159.895494798,8810405.749813614,69506730.62070353
2227352.7267431365,9756080.505222788,2701734.918242132,5213073.74705147,9393345.45378662,8043427.891334972,6860143.83425511,2515975.4724673675,6519049.060476556,9102613.897041744,62332797.5066219
5807771.637381911,10795041.831759349,4491755.240715686,6494541.745167078,5084274.71164226,7886060.111231874,7341295.323930476,415.2726555664144,7542033.308963462,9869338.796721082,65312527.980168745
5702228.0736159105,10315446.874082794,10658508.837940788,6443345.340107761,9954134.317825114,8077660.099745774,3094528.0090608224,0.0,3117859.779109471,9819777.011372646,67183488.34286109
160847.36925345197,8562065.99801463,4622718.845375628,6574208.723879423,4421192.572230357,9583050.565865004,3509270.669318339,427.74523264100026,8136110.238614036,9826861.074100021,55396753.80188353
4566393.225130448,12940645.471263343,7531892.965673623,5498485.343263714,5178003.601975362,10544604.800921788,5506146.164245569,416.23845804124164,10127833.845165748,9931735.410411404,71826157.06650904
9794955.851542527,11412941.03008074,8188207.3809700245,2017084.6277994625,6012591.678271922,12023790.173004078,7631598.866251774,428.477524395305,7273806.585633208,11984517.12556316,76339921.79664129
3302598.7133627464,11854398.19843387,9008416.72418441,425.97515325039797,10689224.239430444,11033184.393784255,2276414.1537569193,0.0,2707344.2961745225,12517520.420369744,63389527.11465016
2756733.1551632,12191238.049978424,9883347.594498608,415.5335608937353,6111360.802002432,10172498.393379778,2252561.5353299286,421.0875549820021,7603010.291657936,12912777.320236893,63884363.76336308
3872798.021716091,10687181.735195005,2816053.0902706794,417.1856802989415,10883110.106451282,10492993.544175621,6265183.955422628,416.8418986514368,9715225.852834193,10897980.606716342,65631360.94036079
3861055.521705312,10999717.413469987,4045641.3051171047,424.7605251481771,4564215.696001224,10823880.89618717,9547940.871595707,0.0,3259630.890875509,10344775.769333644,57447283.12481081
5615574.907173116,11926398.678050105,9851877.069745492,432.9272683639704,7253899.672158172,11018602.043911856,3494335.626225144,433.7400256202439,5743438.849236705,12631385.304583808,67536378.81837837
3885292.950885244,11993172.606525693,6706993.495051791,433.48068294441134,7694930.437528575,11610127.100348976,7852386.135216994,429.98335609687337,10684397.169350531,11130667.325798612,71558830.68474546
6683462.125583932,11856030.916611744,5892866.406273062,0.0,11982721.921901869,10802580.807156457,9419456.336932411,432.339796099148,11667111.360858925,12107303.622686999,80411965.8378015
8712058.385069111,13650927.303754427,7491665.121937771,423.67420326941533,8163641.526055886,11404482.442510122,8655383.422623374,0.0,10734827.015161032,11526580.798358185,80339989.68967317
3923701.5567862056,12280932.548296304,10090688.0642236,424.3484213920921,9351466.53624611,10018835.078973508,6785954.453786462,430.7739341090662,4751089.446721489,10689848.11023397,67893370.91762316
7783462.93414169,12497042.044259489,8003312.2277821135,425.0452477224131,5557558.5902360985,11293576.963398987,7751879.857544468,419.28670695147184,11487785.311454028,11376707.207827821,75752169.46859938
12964510.301942023,12514577.711268751,10520381.561771305,0.0,6334412.602576372,10244234.490615986,11492110.446031835,0.0,2207630.323760529,9907101.503546862,76184958.94151366
6217631.977263712,12727030.927326495,10782123.83187806,422.1660359127144,8678240.301770734,11234117.844081251,8343079.315138977,422.9339673633897,8586338.571617646,11455131.252573103,78024539.12165326
9641858.769449927,12800446.776936065,4091179.5178827313,426.07504025274153,11218209.505776351,10843529.653374145,11581484.106628168,431.91582679824234,12910002.479705913,11505807.620879972,84593376.42150033
5668201.423657872,11339852.676340692,9197013.487621501,419.55696635151605,8212898.771221868,10771958.09455027,7641196.861797209,409.5305950956798,6535132.250507498,10783235.742131842,70150318.3953902
5744993.415611936,10601246.33404793,5789017.089157436,0.0,8799292.51414325,10050826.442918738,5418750.389334581,0.0,6139696.008574351,10988638.410911983,63532460.60470021
12378236.005994989,10642492.260888038,8446638.101595422,411.4411556433871,8451685.86608646,11084706.910985447,8571916.89102179,408.72130573776633,6289967.460084996,9471609.465392984,75338073.12451151
2373639.5164448204,11181539.722390505,9621039.855141837,429.31593607300096,4717837.212907075,11070248.940632107,5898151.857788466,425.459695712871,11105047.858498832,10867635.445038646,66835995.18447407
11821520.581844361,11688909.544789108,7286055.721368594,0.0,10798666.238874765,10586900.883979173,8714128.593579214,425.73797417361595,6715110.019392372,10414195.64466452,78025912.9664663
9639340.974463332,11211387.989205504,12753478.308494944,430.6965237775974,4125185.977803907,11045295.01396292,11207199.712862615,0.0,11187460.594485123,10506526.494841546,81676305.76264367
3581103.1825542077,14935074.192223137,4954081.850183876,420.0773190713699,7542523.563797378,7086220.622500263,6748421.568584618,426.4593383530125,3915237.0066553373,11126028.758311741,59889537.28146798
3576453.7808138016,13252142.745448643,9510128.741164647,413.4294712251667,6851860.406038129,828.9558142148998,6901945.133701282,418.5237728770052,13380916.990824588,13160117.386814274,66635226.09386368
3584164.921168052,11979116.527026223,11405606.854734061,0.0,10226015.077629723,0.0,7885144.853529962,0.0,10675778.878081532,11226029.495875973,66981856.60804552
3607215.8434717255,18255379.06428139,7057110.14023674,429.22065487478454,6627085.38437985,429.04905409630186,3593216.3238962973,434.813654153045,8283734.104394171,13640659.04258291,61065692.98660621
3709741.868814208,15752611.87451336,927795.8759867908,425.2654854451887,16421187.079511467,425.0465040373029,7132927.527547105,424.22368574929436,3474209.540740591,10371334.945108097,57791083.24789685
3859702.2563353,19471066.951996055,3546726.0849709306,0.0,3858115.041839413,429.1311784969092,6476431.5846853135,431.04785819135395,10342865.707342288,9889264.37246396,57445032.178669944
4834538.258987928,18436934.784978066,9043276.731787346,436.2129668790604,12740664.390752526,0.0,6902522.230836011,0.0,15173884.858971,865.0345839230517,67133122.50386369
3326531.1845983365,21278163.963475995,15657958.071191354,439.7160591356363,2999706.3514800677,436.09750138090135,11667221.681728628,437.2001258657341,3059368.999147499,0.0,57990263.26530826
4722923.044250743,11549652.155703789,6068829.5550508415,431.95307974263886,10406732.456439624,434.90824064941177,6843973.621643971,436.6146427237685,10669213.260957696,437.3899027767006,50263064.95991256
4892344.7647167845,442.1661213711972,9166886.84710005,0.0,16598495.687738568,0.0,6519684.927395056,0.0,15673452.68780337,427.8087673276321,52851734.88964253
10442886.050765174,427.4975458766587,14005976.320040114,425.5270501596942,15515948.09034184,431.74660143643473,10440756.938814674,436.78410550164637,8394818.11821995,0.0,58802107.07348473
7601869.515988522,438.6738329777705,9305576.116182666,440.4524619200053,12856167.103689905,436.6567829998328,1833108.2812134754,437.35693170225596,6719392.255002341,437.2584281669303,38318303.67051467
9250200.721371831,0.0,14706286.12861052,0.0,12264893.84808972,0.0,9061543.990732351,0.0,19256392.70116019,438.62986903627683,64539756.01983365
16527886.824597584,437.3121864089682,14403193.0659822,436.3142148345877,7623955.585075813,436.52309851868444,12257746.94147066,439.7868506027539,16844230.253055412,0.0,67658762.60653204
7277349.80778628,439.76158590327617,4308390.039503231,439.80049282606035,7513789.158061232,436.4636674104864,1676291.6928649761,436.58983584829065,10059147.89756541,439.0383081746509,30837160.249671295
13560317.128009146,0.0,2015290.0331657785,0.0,12171669.469813462,443.64481106598856,16836004.88494965,444.2401969491592,14892926.264033018,443.16648950419676,59477538.83146858
13131759.447466752,441.90281529321743,15062309.326611387,441.7004779958881,14782895.440447858,0.0,8112074.404450902,0.0,20658107.717750486,435.5367297394004,71748465.4767504
15287140.746279504,435.9314025977907,11945998.49367817,436.3699165176168,25734817.065655034,436.16562052017093,5148991.979793624,440.1863799878741,11113066.023189567,0.0,69231762.96191552
11501091.0310488,0.0,10866211.035657603,434.2178705041309,10126702.863939423,433.3752415484155,2709013.074026875,431.3676920634329,14605404.493770016,433.09770021723017,49810154.55694705
10182261.977036908,431.3541982917373,1603126.944485607,0.0,16840843.74932681,0.0,8453814.033389276,0.0,7824027.629598464,426.42176247145386,44904932.10979783
10209086.97795082,425.7177185559228,9934058.062691338,432.8167921913223,14783578.878081976,436.5775281395927,4998087.662606108,431.518769015772,8370633.698765749,0.0,48297171.91090389
8558773.202499358,429.37874777021267,1589240.8027366372,430.0482923378208,12067811.209038233,429.1109645643362,7787326.979204252,433.1446623961763,11427284.709514331,434.3145402590701,41432592.900200136
14321101.553959338,0.0,607384.0445482244,0.0,12327693.158689791,0.0,5693296.681034402,0.0,10267920.088098519,426.9196377451442,43217822.445968024
9031202.984512901,431.863942858197,2612110.3856464867,431.0188814000419,10056792.519463437,440.42394119705983,13175522.74229305,441.29703587514325,7694123.5519788135,0.0,42571496.78769601
3663953.8302282896,438.34756305067896,5217566.132513406,438.5839074690581,10413540.466561515,436.3801316120306,8522854.079069966,428.4436949739105,15742277.250693435,429.5274264934134,43562363.04179022
18329984.88159248,0.0,9070330.995401768,0.0,21659155.37909987,433.1620894459463,1347842.5646961085,433.1137258479023,19389344.395501137,433.77236013389364,69797958.26446678
5209333.973442399,432.05829376898856,15010216.066852272,431.4741006142711,9289370.735227196,0.0,18066004.577067547,0.0,8776022.229251802,438.5339435548708,56352249.64817916
20301940.217660196,442.41350508049084,6641248.15587369,444.47175338939456,15434417.548434483,442.1669953746612,6784305.317992246,440.60080995937074,13468145.457085807,0.0,62631826.35011023
8493242.534300843,0.0,7638931.944631682,436.9690637248114,6803879.11568152,437.0220867794294,8558242.881984245,436.0839934559218,7497430.3659997,438.73319828034073,38993475.65094023
11439565.730401035,437.8829708425426,11237646.35818634,0.0,9901867.293642592,0.0,12330025.938049229,5834022.355282218,9970861.973638343,437.5394276792653,60714865.071598284
14162860.788026974,432.91004637955024,4578966.439966238,432.3238276885627,15860410.259384783,423.7656996767345,6559911.669772926,12684894.057826763,12297439.961156614,0.0,66145772.17570804
3696501.1940044146,422.7476479500077,8826665.44222869,419.12644600863416,4893510.489932035,427.09307256589636,3695111.7221372873,21775788.00142571,11982959.770448394,427.1639360853655,54872232.751279145
10529050.469310228,0.0,3523534.1483385637,0.0,10706347.333299039,430.15423468619235,9252197.790023888,18453506.5866875,6494318.994560854,431.623216332369,58959817.09967108
22629346.52026803,426.0497034658258,7456159.554623472,419.7032945796632,2287540.4996477035,0.0,9875438.297599187,25058065.17390564,4258164.12565798,421.84882415481087,71565981.77352421
13901481.12536244,427.57126786275944,11962385.176904086,2224500.242911293,14656387.04349953,430.3771320146963,3598852.333636694,23470503.854493845,10918093.794676257,0.0,80733061.51988402
13419316.723966058,0.0,6501076.861502383,6587542.633209871,9869725.01383421,419.3344772383317,8977749.409206744,17034471.66066407,2973193.629083812,415.41506719632486,65363910.68101157
8865112.778100057,417.0916454919964,9555466.027270194,8414308.687248897,3316228.252694106,0.0,10428412.70215929,13344588.763572985,5043264.0162063595,425.4253522555342,58968223.744249634
10371054.802682938,422.59227058453604,13505327.698000856,5237296.327124108,3123434.986643735,423.7590100040644,4709758.5432625245,13136461.614709655,8208498.845429754,0.0,58292679.16913416
11794186.16161816,422.5427796914103,8159021.861491802,5242780.428628715,5926141.27244412,420.65802032264156,7548111.322354504,12818718.680069651,7233560.853941357,426.5126424275088,58723790.29399075
9812797.431184473,0.0,7221282.492704036,5269145.27721076,8569950.92198786,429.2234001387916,6569289.575399979,12222675.115384681,9724877.683689546,432.5488868225155,59390880.2698483
11524353.140523748,436.0363917762227,5235395.550403118,5414867.541452086,3190311.983550443,0.0,9643635.998167785,11159239.717518989,6117867.171814861,430.5997078810727,52286537.73953069
12711143.404961113,428.4404126189574,12325680.852412678,5247841.162757661,5390128.917101305,430.0548145999384,4918838.26759583,11452899.611576388,11528077.532160345,0.0,63575468.243792534
2313808.652694541,0.0,2354803.9933088548,7583576.136370141,10157346.104520723,430.4077708591925,5974460.064261025,11591023.272934223,2722809.1969599966,426.1564810093304,42698683.985301375
12320157.093125831,427.8507705715803,9354943.93814564,6364561.072209365,12363765.163440842,0.0,11553814.389239267,11375549.864086898,5285484.891375401,431.69790541596734,68619135.96029924
8588505.976081654,428.78159051208036,11279915.387168782,5810185.231534135,11154365.884721233,426.242194266667,14980110.523999032,10555558.128022179,13042964.446517067,0.0,75412460.60182886
5190077.0834307335,429.077766626592,3812718.066684717,6933484.921428114,12825719.64433452,433.08940835065926,9073603.217649149,11365177.105451299,6147256.88193722,430.04314815795817,55349329.13123889
8624733.994952722,0.0,7955994.919212088,5282598.453982749,7692639.134658489,425.62258795513986,23415113.98946273,11669419.319194142,9775791.613896864,427.4233048471638,74417144.47125258
10096099.529135598,429.1952170986867,6304669.5250410875,5302247.752570257,4254767.801403893,0.0,6039883.804948483,18134487.764291536,8489358.166576881,427.5403051635715,58622371.07949
15194677.553222736,427.2638373920866,5130892.588762354,5404911.490427448,6446432.374915765,428.1730696634681,5565521.890649606,12219259.215656918,6751773.646076319,0.0,56714324.1966182
10688036.944252921,0.0,3377691.360332489,5249389.693023974,11464030.676891651,417.65250549068935,8407850.368560683,11816838.31242637,13219967.816821966,422.7595433288095,64224645.58435887
18325037.33742247,423.20548105885354,6264062.195989156,6099746.32564204,4769573.1342743095,0.0,13207081.874665711,11558643.646622928,2022156.7558510816,424.8550017694678,62247149.33095053
3163970.415036719,423.5028207704798,6006110.183611921,7577060.386733973,8341445.359456982,431.7356762783253,11712808.476546377,12617870.912696965,10058921.413977401,0.0,59479042.386557385
10654684.840484805,435.1654382918349,4220891.975937841,5755042.643418758,9632391.685823109,428.50853179121856,12013219.244365266,12672219.444107737,11087853.97688499,421.33897779043696,66037588.823970385
4196052.828712467,0.0,10692332.776562689,6368099.263819835,7722021.022377916,419.4726968302637,13365362.269851174,12582376.572322873,9908880.080025999,422.8325281394319,64835967.11889792
12134649.680336505,426.3174699102607,4176039.3018565113,5861521.280565846,13194047.60129061,0.0,12815421.828904895,12395365.299242895,6981547.231110728,424.5070622698914,67559443.04784016
9311012.860257333,425.7054760949208,4673606.212320951,5211951.43070013,7395839.214575023,8700273.563553205,9895186.769966481,11304508.3514085,5623666.0666329,0.0,62116470.17489062
4454041.696665876,0.0,5106842.249674523,5036964.146782302,7035331.182154848,9468503.946277777,8074098.759211941,10378907.740237031,2709404.212866277,420.56381949353505,52264514.497690074
5538206.242344563,419.38487926622963,9499154.991202317,5443288.986040589,8722822.567974964,10599093.822994921,5868587.895455123,10014129.080390368,7061122.785148585,426.22477815104276,62747251.981208846
11047959.149768677,423.0225666282852,6390657.8600488,6883725.448333569,9669579.692830084,10848923.759073842,10658003.25354418,10006193.406773344,13602595.756043542,0.0,79108061.34898266
12358640.029540071,413.7993664958043,3491576.9428612757,6412573.136065197,6178533.032106395,10950146.070508372,4883226.210689512,9794315.166072762,3945551.281203259,426.59162922917255,58015402.26004257
3249562.7196190967,0.0,9088458.928342171,6387979.380117056,6328423.7354720235,8950993.304736132,6536144.275744851,11126206.948879145,8449943.057744514,7340249.732649848,67457962.08330484
5555827.871924077,420.81989468977883,3593697.620710476,6093189.521559365,1844510.965684563,9323586.221519986,6447634.122167174,10475651.923706846,8990169.462717582,8589507.40656167,60914195.93644643
6485843.068333993,983350.4344054702,3347608.123839192,5156471.6557043195,3178865.200657687,10971849.513337446,7179282.948176329,8803388.763372302,7853875.195483613,9378642.04021135,63339176.9435217
5482054.004503088,6990160.59347076,5996158.278049383,5037685.6350696655,5514731.439183762,9697358.521541892,8958549.267808307,8749115.692579724,3329094.8633120228,8961551.030339088,68716459.32585768
9304142.00967901,7365790.291846228,7150049.770970218,5574682.199779211,7218944.802047057,9581253.683995197,1886542.8473341386,9341556.351976568,7268018.7359340275,9255771.060708044,73946751.75426969
4350634.3313771775,7812824.08103008,9441907.47314605,6379851.376593237,6356206.314877219,8802905.68558293,6889875.628850341,9290449.750588948,7971621.87749803,9848665.346363358,77144941.86590737
9776910.205771785,8179970.669310592,5108312.496138315,5990970.070089835,5062015.78214207,9035652.173209859,7169689.997504226,9331174.28528955,1957398.2431497162,10202648.484505318,71814742.40711126
7699237.532945106,7362597.557006848,5276011.456253348,5924394.63466378,4576076.993964591,9687968.969310243,3658241.4066033284,7574761.944019824,6179531.819851115,10443602.0377382,68382424.35235639
6100453.389895676,8722143.004260095,4997578.111705762,6399197.530445622,6212599.6792447865,10521981.776913159,8544873.715334013,410.3976335843162,5439464.824707656,13357755.399980614,70296457.83012097
6706627.71891475,9765278.08354947,7710555.670989639,5081487.207151257,8637312.308420474,9796679.544413242,3659624.219080413,0.0,8608477.468373891,10009943.077560073,69975985.2984532
