41376835244.897095,14006775766.67152,43933309974.75834,12804587335.15845,44176840137.93795,15455256184.371202,44466914280.044106,15513707456.127163,46557612507.07751,14013313512.044258,292305152399.0876
8196289.194959036,437.9545070399556,1645712.796077706,437.82012210371204,11088116.314087898,443.4912802582792,13427427.610932337,439.45412731092216,7563237.2590206815,435.6922501603603,41922977.58736453
13853277.891100032,435.67886161092025,1002710.4651673102,0.0,9599064.359340955,436.44512216139486,18785495.230508976,440.08409676636654,11547366.263276463,435.9456562551563,54789662.36313053
3176396.892701394,435.0945281717292,1449007.4111121353,432.26869003815614,8575629.743129091,0.0,16727566.752878815,0.0,7054932.8340088455,0.0,36984400.99704849
1415913.8213426198,0.0,1088312.8322343514,444.46252967107495,6699360.408322289,445.3106488621969,7812427.26836958,445.04210983550206,19072863.666122444,445.0918950252462,36090657.903574675
5760685.578215171,443.62516179272285,1477365.8735908435,0.0,5901516.083735233,443.7969807715581,13467887.50821499,443.28768124669585,937225.1696322417,435.1454043108071,27546446.068616603
8231828.189584587,435.03238326714353,1447590.643249151,435.31401065416264,4778696.099536071,432.04160442448307,14848338.935129048,0.0,5740605.418887829,0.0,35048361.67438503
12258752.017858244,0.0,1456198.8537160975,437.3651027444131,447059.995568281,0.0,13304360.152021388,432.34778074680844,12277649.198957548,431.5221912001677,39745321.45319624
8595268.270967258,431.75873086133174,160165.9303902376,0.0,1434092.884989913,439.4976809899682,3915922.6694847983,442.4280885609537,4006450.80684628,442.92596127318785,18113657.173140172
2969129.7900881246,442.1019401166046,814550.4657023243,442.6107551419498,5853947.701795761,443.11440327768906,14627972.720844282,0.0,5714596.019344113,0.0,29981524.52487314
4443574.841661618,0.0,9117374.892326042,444.2822534338504,7586698.09230954,0.0,15157893.855265385,443.77506816106313,8937509.517743843,438.5069123781578,45244377.7635404
510592.668505497,433.99266211677667,4880924.7901313035,424.025957997278,11349431.281710314,424.06543520681043,15973459.589346696,423.37893781883287,9627839.889146002,425.53937230559035,42344379.22120525
407987.01528694545,425.7458068625473,7507184.169868747,0.0,7813605.352587578,435.8921390643522,12382797.849254234,436.2604180525983,17325888.303789034,438.0436027536749,45439198.632753275
501391.12668673054,0.0,8778282.55410261,441.89224301697254,14544209.903264541,0.0,1270266.5718043973,0.0,1182693.590348048,0.0,26277285.638449345
507779.8717158169,442.8380830041265,8479675.007664066,436.93018200632326,10133119.893619273,432.43795345752164,10762322.72655745,432.02454553823515,10455824.610503782,428.0959539750253,40340894.436778374
488438.89021371363,422.56007357828787,10916699.094457021,0.0,13944381.32115778,432.80097460870866,14170138.023233838,432.96497532984756,10514039.056941211,433.32813609140146,50035418.04016317
495268.1031307266,439.12276909620925,9815999.221102526,439.15131312457095,7809162.7307810625,438.8973251073663,5217237.591666314,0.0,10915314.92974984,0.0,34254299.7478378
504695.9970751386,0.0,8466637.454046365,440.5006472075554,12562500.596015727,0.0,12747323.205577336,442.6767389258031,14271512.679205345,442.20875734446213,48553995.318063386
506392.31416048325,442.2851147328933,5972016.203550902,0.0,7083812.2226291755,442.62097258223025,5457026.747984937,442.81081081081084,5508614.258540871,441.39165803220135,24529630.855422527
7420020.712834045,438.0330237191946,21811302.930337667,438.12453497580407,14149924.498095762,437.9302144987308,17924541.80790511,0.0,8796398.392143799,0.0,70103502.42908959
4665474.13470637,0.0,4206868.92881972,442.1850588865261,17779548.101965796,0.0,5035499.2940730015,444.2696062411083,13649452.533049662,440.62250664238786,45338170.06978632
9653437.434868224,441.3787878090312,8863031.95138773,0.0,4053990.097786646,439.6943555987014,10994455.257778523,439.5849102332462,13474900.395588318,443.6091308392558,47041579.40459392
4172887.0344270505,436.40813098925184,24143726.654073212,438.06028244954973,8531503.873299867,436.1694002910445,9319578.07879747,434.2959898181504,20788696.89794762,433.3695510385073,66958570.841899805
14435029.713339062,0.0,10369938.32551741,437.86944731775685,10746268.736572485,0.0,18968217.50502497,0.0,2019330.5629224163,0.0,56539222.71282366
13679208.303078076,438.02025331327366,12956447.839969158,438.34832658188986,3970026.9495913303,438.03159415913177,14513357.425242387,437.93402491521994,1376949.3037650015,438.0600918172784,46498180.21593674
10335933.956393406,439.16472435201223,17652997.585799,0.0,12335805.158166315,440.5135626560356,14171590.877103314,440.39985562567676,9809334.722541165,439.92340706157523,64307422.30155289
9166313.216950854,440.2273835995085,12355169.073429042,434.86718862556705,8316478.372764175,437.5700486892672,18949274.016889263,0.0,11702169.150265139,0.0,60490716.49491939
9026859.095165139,0.0,18658077.24608437,437.88516135122256,11537725.58546187,0.0,11660948.986655993,435.69093012596363,6467642.899219205,440.41189808206593,57352567.80057615
11118061.370086364,439.82922112011215,10187267.064807594,0.0,18896753.628243808,439.0693308599235,10209105.420193974,441.11786808483504,12828134.131567527,439.7580317868331,63241081.389351115
11322879.414897995,439.0851311345482,12028065.414786892,438.95206134138937,3870236.1830916554,440.08246139076107,5679336.575144737,0.0,13377151.019765934,0.0,46278986.72734108
20874152.08249559,0.0,15706131.568747,430.89406735313815,10881469.748269795,0.0,8301626.5708942395,430.56600295261256,15984476.760068633,425.3447298551505,71749143.53527541
2472987.446782004,422.6059314028832,3468296.0524291475,0.0,17667751.470968463,422.11053809783493,7767156.67917852,422.93361197468784,5283845.913049979,428.56636345290735,36661733.778853044
12072419.638545161,437.586216789789,17077000.515804,443.3648022772683,13062775.88035844,443.39643942205305,13487603.373164866,435.6084438456311,20717364.01545978,435.1045896066314,76419358.48382421
13628698.335242035,0.0,23992311.529577833,434.3062954230206,11314270.671330487,0.0,4593489.939651782,0.0,13191380.448712446,0.0,66720585.23081001
8987896.07736813,443.33141241089123,11911526.311874988,443.49079178753846,11429580.349386355,443.56172900570033,15432903.4074561,437.5123288076093,5259074.953983058,436.3619717748158,53023185.35830242
10023838.305471528,435.54238308215974,16686314.212727085,0.0,4538979.931851485,435.13910292349783,6253315.278084281,435.2007138683585,8706658.292359427,430.5407737547242,46210842.44346743
7368436.365222542,427.2809757952786,4571284.365115988,426.1564810093304,6045806.4930843795,425.6561533123853,9269277.691967422,0.0,5747307.427388355,0.0,33003391.436388806
4574175.13130875,0.0,15323403.738003649,442.68666739228667,15947379.193969902,0.0,6064066.361658825,433.54910732551684,12102444.99653479,433.78179973045735,54012779.43905038
12572983.317039296,433.7118069498469,6929937.241006489,0.0,15774446.914251776,442.1216488673804,5613952.7329469295,443.56847215361614,20352590.8403286,443.79385026614193,61245674.24135133
8357798.83395538,444.07704612409225,13095584.144403696,443.79835038156546,8889124.728592299,443.8162539184262,15719827.349231577,0.0,10794265.64974685,0.0,56857932.39758023
13199022.863501495,0.0,10454503.506851088,443.3810108676765,12310997.563343532,0.0,4152935.4267392163,442.41428284184514,16744158.655786227,441.90999309016934,56862945.72150836
22647986.086340886,442.2631568541735,8514997.07697536,0.0,24705468.24438751,438.09545694305905,11498069.588114327,435.0167793174574,14249145.036875116,435.2005257167809,81617416.60861203
10829063.70815208,434.74126270365144,18252099.337633546,436.49158287409847,7627770.096088834,436.4805108900837,17483574.827131037,440.2668543840785,15902094.797985591,0.0,70096350.74720193
19963314.539207526,0.0,5171568.168596462,441.98779985009963,9865687.061715584,0.0,15542081.53217356,0.0,15295150.829652775,434.60715342714684,65838678.72629918
12714392.861898683,433.45623090154095,9913068.99270652,434.27378758598314,13357701.392121226,435.7006419946524,25227245.814338896,436.32773702600326,10465554.41924544,441.38130373348736,71680144.62001202
15699519.052891808,441.5225317808179,15579465.83230288,0.0,6720518.298668392,429.0106548079605,9662005.183034396,428.79830292419706,16861363.748735026,429.583608589001,64524601.030730605
23304188.12252835,428.38999831900946,6879294.971114844,437.70075918984963,10985463.114425521,433.2223027727084,18695678.058761932,0.0,14472814.971022619,0.0,74338738.55091356
11251647.007671429,0.0,8019641.183435675,428.5293275000309,15553856.057373693,0.0,7591841.424597558,432.1366582068075,15665489.395888388,432.53466856386734,58083768.269621015
9851523.019069122,437.42259370590097,13550403.98955346,0.0,9878887.054052621,443.4320854413582,8095428.396940968,443.55909043841115,6576203.836410863,443.61538668324846,47954214.325183295
20163596.4592018,442.3205822832811,10240275.780207185,436.9593900652943,11158789.673726434,433.695643603985,14728388.483152809,0.0,13424175.028715722,0.0,69716538.4006199
2959044.028680325,0.0,9157371.085515993,440.1459613689027,11727052.226443755,0.0,13793134.416814532,433.01675164188026,21369777.151747357,429.79784023623165,59007681.86975521
18103017.871842694,426.3986421431231,14404876.066742368,0.0,11991666.510345038,436.48874385028915,12175557.72877271,436.678377124459,8983367.212725926,439.71279386484014,65660224.6689857
14273675.532758407,443.6728705082678,5187818.78562693,444.6256693349517,21757443.349966697,443.61900342354596,13136085.798851201,443.478287302931,15702431.51280027,0.0,70059230.37583408
14899040.515128125,0.0,18251824.351448,439.4120208384306,17511652.798524767,0.0,14950455.071339278,0.0,19266057.42171718,436.845614458396,84879906.41579266
19556427.36463463,438.8936892676872,17627963.87541159,436.24236270418936,11072766.686692039,434.11150858081754,17322545.559772454,434.8764880618087,9800701.172442695,429.6870293915769,75382578.47003141
12832904.055779075,429.80545599367053,10358616.126814047,0.0,17856413.305653665,435.7493964596629,12324001.768235145,437.4205978986596,13710360.759059701,440.5740054529424,67084039.564997435
12258185.264998812,440.05966359663773,15909360.33328384,440.28755530750885,12524070.274299115,439.92802128681944,19347697.750891823,0.0,6993444.555925943,0.0,67034078.454639725
14083610.401932005,0.0,11132296.396761259,438.3200776984639,7414478.889835978,0.0,10473909.867745522,437.4350441527244,13774140.796310214,437.3165560341822,56879749.42426287
8374855.036600306,436.3117563443768,10870026.343894655,0.0,10575545.795842767,435.9036531176202,16540494.965189297,441.1932690645155,5360298.510280259,441.27266127886855,51722975.333147086
18416018.93768388,438.63636749865844,8083936.388459175,437.97022717928303,10253756.452280099,438.6342650338758,13153387.217461156,0.0,7980848.172791615,0.0,57889262.40953564
7162985.499491764,0.0,16395128.91169497,427.53077209758646,1730727.1349951127,0.0,9054199.317449782,433.06844718252296,20919479.523644187,436.98746382794735,55263817.97395892
6312186.981844332,436.4428514228694,3276278.521660192,0.0,11512749.287315689,436.4832551756434,14993143.498719092,437.02275083485716,5738965.44385674,437.2394354818218,41835070.92168895
18425433.976505235,435.5993958236014,15719221.016663456,439.73939763004563,21493093.113894958,438.38412009223794,5284733.326477264,436.8959528553228,18405741.565370593,0.0,79329973.61777791
2733865.1460481877,0.0,17426824.701790284,430.94184423456494,9075210.889474519,0.0,8657109.448866675,0.0,4844564.323616678,432.4483568488581,42738437.89999743
9878834.183859382,432.61125375583964,9442120.44999677,436.4181586670129,14074633.350441376,436.381645000026,9365433.963929877,433.3977251885128,11204766.184046404,432.78441390823644,53967959.72547033
11049157.407490347,435.697813250346,10758029.49509571,0.0,21132553.40526101,429.19448512098467,8852859.195365157,434.5745067324249,13211247.893014042,437.8771613387049,65005584.74019271
9157398.441950997,435.1127707424987,15403722.993961602,438.404548875324,12924768.568290628,439.9504208805713,13422475.971810028,0.0,11167062.729626095,0.0,62076742.17337985
16589187.412322076,0.0,14034327.27705168,432.92792003352866,16128320.45009061,0.0,11164778.441757914,433.10226553772344,9809937.367766317,431.9359351765458,67727848.91510934
8584185.076477582,439.2516297944757,9745279.096466908,0.0,12830281.135233518,439.24683808048525,5415517.105532206,440.1985070211462,15985181.006330969,441.45282604319743,52562203.56984212
11846117.44290244,442.9946709037152,5491533.9085779,443.8408124851604,8208155.922820308,444.12926094342833,5954296.198673711,0.0,7997470.98927111,0.0,39498905.4269898
21762850.744293064,0.0,4704003.490978089,441.3186077042341,14450793.079748925,0.0,13938821.89715434,441.32334798517456,9357473.915310571,439.9683998869739,64215265.73784056
6718470.763223015,436.3717135828928,5515919.9669969715,0.0,26719642.98018315,437.19224580292246,15459087.571478236,435.3948788927336,11872530.460757837,435.01912923828337,66287395.72060674
15690720.649116214,438.3485174651082,11543230.65395514,438.40836755065527,14120599.541832564,438.99149519985974,9748816.145342438,0.0,9080564.084645575,0.0,60185246.823272154
3483592.79619916,0.0,5643830.672049473,439.1900163240179,17252664.64987184,0.0,13274459.234135177,433.14689894444876,23048499.91722504,433.379812721989,62704352.986208685
10949094.902815845,434.69761414271267,15436044.34906777,429.4439595262534,10701150.361236192,431.2842475437397,5490656.663001638,434.75496922134073,8720755.676368067,434.9413133622334,51299867.07459332
3943439.64943694,436.3570537456728,8160780.333967358,0.0,17946527.002413012,437.0004586487855,11958101.367411252,436.9622352148081,17749768.704358604,432.84750021123523,59760360.224834986
9765384.082101531,434.9329507523476,12321149.348278709,439.9821495304636,13429109.884555563,440.188786092134,10799145.347360663,0.0,12034864.014767254,0.0,58350967.780950084
9807311.208678648,0.0,1341254.7611581588,441.11438866181203,10732823.297556011,0.0,9451681.994887035,443.5778542656947,12427332.191202506,443.2255158503192,43761731.37124114
7943311.934105116,438.81888088719944,8716629.148980977,0.0,15969776.240569087,438.87464993306577,13260151.882772727,434.3991616103141,8167098.767823117,434.10898124651095,54058714.175924696
11631290.560589988,434.9468572921102,871204.1553468053,435.50074023183834,11108083.682920856,434.791680659293,15031885.310247123,0.0,6623148.562495492,0.0,45266917.51087845
5120664.101639384,0.0,1637544.6714341603,437.6971431478464,11515562.956649829,0.0,4780259.143367203,439.0966229576416,19573293.178563632,438.79650072774365,42628639.64192104
19797917.965733886,439.44770051655024,2020237.030545446,0.0,6281294.104687789,444.35138453565673,17003677.490152214,443.87946593338853,8243441.576844909,444.39022505954773,53348340.23674028
7866768.209802894,443.88230404677677,2850285.0108229197,440.990228526744,6215943.477062385,440.6095848049384,26416578.6230791,0.0,9959720.016934512,0.0,53310620.81981919
21698293.75504381,0.0,6010866.568124623,439.01858615435845,8563349.961133135,0.0,5871438.897151521,442.99740023698223,15260963.425461575,442.9657225460234,57406237.588623606
4172948.9170685643,443.35376939664286,2454560.930159652,0.0,17250309.964557618,445.2957762428813,14548560.56924464,444.7937439285278,15847932.49689153,443.6091308392558,54276089.93034241
6797745.970155262,438.8146724778137,1620491.934047857,434.43787538955064,8595100.246329151,433.8269472443022,21704040.432004668,433.9624461902677,9929620.881583447,0.0,48648740.50606169
12270673.363660993,0.0,1600797.5314765412,439.34345922981674,12273362.146948207,0.0,9264541.846297523,0.0,11802852.739652097,443.02849751536314,47213109.99999211
14029320.141814096,443.56964489592144,1635303.2397263513,443.0272301428217,8809491.361549584,443.2719674668581,16035219.548172021,443.27831140536773,9626869.765082203,439.32562712923675,50138416.529125296
8644757.854094503,438.06895639341707,8306713.766273486,0.0,11922876.18931638,438.42125607104924,10425693.411805198,437.7759483349098,11879970.384796178,440.1653998734118,51181766.03784642
13641863.928943753,442.0730112416197,5364591.188385305,442.41097737497495,9785704.074595168,440.52705721719076,7451331.350965326,0.0,13221109.962854385,0.0,49465925.51678977
10325737.181330085,0.0,17058614.14406333,435.64105754397974,8522653.507784285,0.0,8895976.784651728,431.32554993171044,19896141.735809013,436.48098404030446,64700426.801229954
5709737.050365691,435.3411202898604,2237891.062235175,0.0,17571398.732587487,435.93196895049977,16011141.855161449,441.25738016721294,8462046.502336293,438.050560415251,49993965.78371592
19357682.91611833,438.8669007271629,6806563.415750153,438.39232956129104,5897182.458893499,437.8489731481576,9359778.702222222,0.0,21952842.503104378,0.0,63375365.10429202
2784474.9620975247,0.0,15135548.568224754,438.10298825982494,8177514.667316817,0.0,6015325.499612768,439.5399958038535,3466946.071045967,442.784807955086,35581130.19608985
15501740.208826842,442.42857469352737,3133571.175876245,0.0,18005539.735299174,442.1882638573008,11323475.08088567,441.9797462585418,15529797.09120696,441.40056118213954,63495891.28924088
15038799.9768054,441.40549677869166,19956205.238210976,436.35364902120574,14733514.029304283,435.84797604256846,16795067.07071352,0.0,3718250.428517553,0.0,70243150.35067357
8540767.699134683,0.0,4935975.329593293,433.01842806036166,15614434.364114387,0.0,16266938.12444142,431.7416943054938,11486916.67548707,432.41445478193015,56846329.36734801
16737378.440638915,429.8352793282731,12576976.86460718,434.084083896314,16422330.581779042,434.80999174985203,6691495.734253353,431.3968082138417,11626241.716761095,430.76103045482614,64056584.225233234
7602920.892016011,435.4653218124385,14519816.03458515,0.0,19441106.444025755,438.0646670375835,6820954.665389959,444.0294463134985,17361089.897576716,445.0935678435954,65747650.586596586
14042739.60416343,0.0,11736758.649924843,445.23068328907044,18117821.566737175,0.0,11893097.378755968,0.0,14141370.271552095,0.0,69932232.70181681
5733068.2680956395,436.15352569358856,6962695.442032994,436.33501855316723,17345424.220801357,437.1154538007412,20719838.786745925,443.59241687155964,14117641.655323444,444.98722129255583,64880866.55663557
2902864.06645602,444.8444564743055,13038466.498839807,0.0,23262879.35632172,444.8861359041542,3139757.20876965,445.2173913043478,18142649.08897006,443.2901213745507,60488394.45746231
17899846.0556964,437.05519714382103,4350558.114567706,436.9616661819413,9379589.95232251,436.9923960777027,6741717.741104197,0.0,22935276.197453514,0.0,61308299.07040373
2417893.2664839043,0.0,13927799.96549723,435.8112746997456,21648741.77086862,0.0,23428685.250213902,435.7657132529521,7303010.710083801,439.83863789938266,68727442.37877332
21983058.36408305,441.0883913771051,11723241.976677345,0.0,15796095.456394287,434.87799103833333,3637876.2519969936,433.646600362466,8630321.591155516,433.5794524698812,61772336.83274244
3127431.968347821,423.19302683462945,6055924.138415128,425.8097395818352,18576405.504130166,430.9899085043436,8176718.097809104,0.0,15705464.773077484,0.0,51643224.47445463
11440490.961754493,0.0,8064699.363328323,433.2320913501886,9351304.42165709,0.0,14800054.735753018,432.5088364728869,22443663.449112378,433.1623690357139,66101511.83490216
11167178.861125007,434.9617984169741,11037732.411815118,438.6364630657184,12789990.724462073,439.92821354830517,19061226.60855974,435.1533988707823,20139372.065630402,434.51316672936383,74197683.86463298
13877657.407971157,437.38439141536315,14383179.40862473,0.0,12992384.610754784,434.0211980464081,14857369.777430143,439.184651116828,17122172.50145033,439.773305288837,73234514.069777
5244533.964554725,0.0,14122953.138538461,439.4126921767371,9223080.783172037,0.0,9812230.067878867,0.0,22319104.502534166,0.0,60722341.86937043
10499115.75110459,433.1154030173378,18812118.312836338,436.68832250541396,14711619.464439617,437.2574784934875,6451120.135033714,437.7886093012464,18367990.982713986,438.25309659037106,68844147.74903816
4103453.4673292055,440.0581245901639,8546513.30306664,0.0,7607079.819932772,438.83265442776633,8966459.380047964,435.6327622674579,15353063.359187597,439.967438405592,44578323.82054387
20086477.898489546,435.8536374683301,23517542.177209754,436.05254118127124,14222250.242283598,436.23820356870687,10049982.813936414,0.0,18799143.886452217,0.0,86676705.16275375
2033028.9746526396,0.0,2890048.633222648,430.6229176207173,3414640.037852217,0.0,13230063.929783124,422.15514763099077,21677722.593224164,424.0837472676752,43246781.03054731
12804491.443754021,422.11584826216284,6069466.420889579,0.0,6186150.461506631,426.21016054124294,20406906.754649423,433.42832907784316,15913947.618654577,435.1169084455994,61382679.57070056
17974656.755471673,440.781005439084,13967385.447834307,439.93455827161114,16682625.198027393,439.72806422457984,12553235.638043974,436.2441587190287,19969954.396420687,0.0,81149614.12358469
9355286.536207583,0.0,2726323.391473286,427.91188092485623,4583347.409957636,0.0,14563680.354036437,0.0,8542648.334147409,427.7125182757623,39772141.65022155
10484264.536897438,427.28487520069444,10571442.920165898,435.06284239385644,12139879.047488589,435.4976314697088,12276678.899779918,436.3353022539496,12725801.757490102,441.1769299982162,58200242.519403264
14076378.855625588,442.00410199395895,4442793.159669294,0.0,11675539.610867374,440.92783667719675,7538827.344187913,439.2009387579956,14188972.032718876,435.29208067644925,51924268.42802715
18579045.428067736,0.0,14509995.119828008,440.4336725150779,8722631.481823774,0.0,11860724.079291547,0.0,18083750.805930503,0.0,71756587.34861408
21781909.442111794,431.50369355239025,11492205.618080055,431.04979626862524,12943278.937650077,435.6364385442101,3968678.2349741925,435.5184516021847,3500823.1379125975,441.4820610476106,53689070.56116972
16775069.309809934,441.66791968541077,3511534.1174393757,0.0,13635037.391730145,440.22411073027536,12166146.066439305,435.92762695067006,17883542.21958124,435.84608893333126,63973082.7707463
23533836.331532087,436.3288717934714,3681373.619396649,435.0766632190729,11773792.055973921,438.31807369302453,24740220.540067248,0.0,2432268.3303601127,0.0,66162800.60093872
11113526.426405597,0.0,11525310.96068761,442.694746767194,12588683.15423977,0.0,5720317.4447868345,443.08534175458425,19907649.375553306,443.1228884010461,60856816.26465003
10109424.4122941,443.6184169211131,16483056.060839156,0.0,11294694.260310255,443.5971083844644,10870480.860311126,439.2843120719153,12996821.942965554,438.9489988139259,61756242.98555639
18723836.53690998,424.5944414367998,5087764.4806641415,421.16806925908475,15360374.255058706,417.00957255432786,4925987.82418065,0.0,6380028.6248761015,0.0,50479254.49377283
9563867.472286947,0.0,9579494.461229667,428.9581868949596,19189746.25250872,0.0,10517239.762966469,433.70863024340053,12391923.059995016,434.60555850339284,61243568.28136246
14843642.120028045,440.0787096926501,11921302.995186437,443.55957905961486,18808261.01185164,443.6735549292497,14675004.82195744,440.70034299163393,12360028.716125637,439.7588002395746,72610447.4361361
4840140.285343528,438.8649873851156,8067279.037588114,0.0,13032633.50043482,437.98347108157185,12408003.682039738,440.6067883876381,5347263.656258621,440.3425425602766,43697077.95945424
16914818.98285727,0.0,12953122.39081182,442.68180044130406,11967288.196099807,0.0,11855636.73103982,0.0,18232482.263601553,0.0,71923791.24621071
9310220.284441361,444.0370851018217,13219609.700644886,443.3899944523007,3125800.9441997395,442.9272280663929,12454377.994908905,442.1629167213898,8199079.336418241,439.49806476118954,46311300.27590224
16150036.17140391,439.09078120573275,15569773.118443461,0.0,9424929.4566837,433.91708342780686,19045782.820941944,434.0766901205293,11143257.30243206,433.76787413300974,71335519.72233397
6388120.761981243,433.2969868207304,21055687.097557947,438.3087219099289,19969585.33809452,437.69400294931575,5110566.04501451,0.0,15960799.766052328,0.0,68486068.30841222
17771466.02299038,0.0,4320183.307316201,432.2420544952389,4149556.1398268673,0.0,9438832.0693169,425.2335085368133,3544649.2642189474,433.8995020620974,39225978.17873439
8115084.989633774,431.9052636998644,17789084.687121492,0.0,6385489.365296011,429.59231675442663,12837346.557954304,434.8554474812387,11216507.655142011,435.021949176787,56345244.6301247
16510467.931215385,434.7586306976792,15279749.62833866,434.9430986801555,10070284.31252226,440.22536211570645,16208945.085902432,0.0,11160884.259056024,0.0,69231641.14412625
8029625.983063119,0.0,9396624.216389326,439.4606502198104,13379140.395753317,0.0,11094228.77553374,433.5222204086414,7606177.779558793,433.31004285608515,49507103.44321179
11850739.899262141,433.4204910847299,15604152.570574861,421.400799906898,19026862.095831357,425.2610838437341,15304334.392043995,424.49838003463856,5994860.955605183,422.83998786044555,67783077.33406027
11917831.453014044,420.93665165182745,5359060.530071936,0.0,14064950.530094234,438.10098623896135,15435618.891456269,430.23310510982316,14567307.160440164,432.63468085641324,61346490.47050051
10912032.48689228,0.0,9101431.528467562,422.41954631460874,13710656.34056589,0.0,15268653.52855083,0.0,12630578.612958461,0.0,61623774.91698134
8305715.864204595,424.12448610928243,14441046.119663334,432.27574390239977,13954531.956051756,432.7912985399039,18099518.770107742,425.1255770797836,18299119.079992115,425.46562996099675,73102071.57275514
6092955.563047609,431.276856451975,6625908.771340629,0.0,21850463.499271818,430.0631744082766,7044352.019776229,436.8086501423075,19162862.791259106,432.01017632613684,60778272.80355271
21833271.963005066,431.5454079923314,15361376.696105177,429.38131190336037,12862316.436410293,429.23968942757904,12522634.008826524,0.0,4714687.531331314,0.0,67295576.8020877
5429829.188856291,0.0,3798329.179629911,438.06371385880544,19196853.498286203,0.0,19870196.033924248,427.3216056510222,12576500.471996386,423.6524497050186,60872997.41046225
6654061.92097189,422.0520466296478,8327132.009156021,426.0581787815499,8612574.004722415,430.4931778089017,11465142.546502143,431.4566241917686,10588218.683597578,435.24032339727114,45649274.46530086
8478614.843295798,435.71026000004764,15953823.13696202,0.0,10088197.213034634,438.20330339448435,16881298.243542332,437.09267767815254,7349616.935351819,433.17756062232485,58753294.5559883
1428104.210134445,0.0,20966781.126237478,420.3654503987307,6323757.479709831,0.0,16205094.51441397,0.0,13443475.52664933,0.0,58367633.22259545
12193219.018969689,420.4866098029989,14123540.615109611,419.46168485066175,13968848.559784945,423.7414394698059,17402826.41816945,424.3215009006947,4876253.478359567,417.9972789126945,62566794.09890719
2616799.770813142,425.41968881479954,15587356.696813758,0.0,16640347.428838458,432.09492212802144,14173646.628050925,432.0429951539462,7694539.892934995,435.44318822568334,56714415.4182456
13985774.78284087,437.09827658826134,15328830.806092357,439.3207379351685,2764765.6913419208,439.7047269331294,10847234.62203963,0.0,16897595.701262794,0.0,59825517.72731903
5660693.987156247,0.0,19433413.418150503,437.5199351695443,19416994.051717635,0.0,20547348.46027296,436.50511606185194,5481166.110958111,436.8852395694135,70540926.93854626
12705057.263120415,439.95099772427,6246996.651055102,0.0,14690578.053563448,443.5557678427751,8611821.30949274,444.21128160864,4687735.138255737,440.4416698607049,46943956.57520447
10032145.142372468,440.19311714608875,21375372.357283536,440.270609290779,5019818.764136315,440.1075705554679,18444349.763386175,0.0,6133026.192460153,0.0,61006032.790935636
8063638.055688477,0.0,12122523.19372785,444.00702113286894,16983434.489511218,0.0,6961860.375475171,434.7544059227626,13733676.427238857,434.7495240628962,57866446.052592695
5820924.8254783,436.19680558916815,5075637.425926146,434.6820341986746,19433495.343553696,438.97933886189634,18673003.34768684,444.3011765474392,21743463.10931451,441.8179603697965,70748720.02927504
13127769.590492122,437.2301296684114,10590250.606160443,0.0,13502955.730417496,439.62580186173204,23239492.108420573,439.23514673708627,12043366.464823594,441.91591009812396,72505592.5073026
16963664.63082592,0.0,7698684.139886299,444.93116632813195,12570717.916784205,0.0,13698622.174734911,0.0,8034965.872240556,0.0,58967099.66563822
12092245.171884919,445.3328118930847,11228263.511305057,445.13342399914035,9176244.489154905,445.0471272056545,18951759.499595862,444.99715531200724,11183307.357489184,442.0717493298985,62634042.61169766
5614660.183748156,438.0003367784229,15018164.927565949,0.0,4356103.319144283,436.6206081562449,14774479.923850486,435.8649607610977,17995716.658926494,435.7412856760695,57760871.240426734
11203201.154528828,437.669453859363,11158056.797622114,436.94118198572977,3499195.952402594,437.0521610275643,13596189.344394427,0.0,17579376.033669867,0.0,57037330.9454147
2588808.731795037,0.0,13169553.108277792,438.6037815592887,21933136.36061488,0.0,23968009.09560485,441.02317004487855,10430661.710756626,441.4957118293161,72091490.12971263
2689813.56735804,441.0499326134924,10165900.089991726,0.0,12022251.767145906,444.25941057895045,8206346.893861965,439.10830692779075,16191561.170135038,438.7077676973303,49277636.61391049
11008946.419534264,438.4680429942475,29196410.551639743,439.02298994698185,10707805.24381897,438.20788160677637,11020324.68316456,0.0,22518804.869743235,0.0,84453607.46681532
6895078.8368916735,0.0,6100174.684426651,442.6278817853774,11111315.625312092,0.0,5301668.393135495,444.74048854905845,11012353.361361029,444.7877496049799,40421923.05724688
15233111.013355562,444.81172786862356,20513283.791418523,0.0,4443382.346074427,436.4022659573592,11011235.6228671,436.2468055046945,19598411.767643988,434.17844684712276,70801176.18060578
6354353.576462134,432.38993714744095,11227605.451462956,432.39374462800794,7373295.0080498345,438.3008972552011,5425044.20630706,436.5673038016021,28192698.884993948,0.0,58574736.77915877
6989873.293938301,0.0,23387047.739887256,440.0757276192687,9763911.741442015,0.0,9304839.124777485,0.0,16017645.321485225,442.9668921032934,65464200.26415
11032901.665021315,442.11960994960543,15843980.222938305,442.0161353001075,8029975.130903314,441.75077839239754,6683061.26774097,431.5958275576875,12613313.166624665,431.60776345444697,54205420.54334322
12065688.471949825,432.36449375473677,13818732.2667844,0.0,15161221.785823863,426.9552188858513,2079778.1018348392,432.06339354810467,9312813.828305775,432.8320526020348,52439958.669857495
7304116.652715845,0.0,6732525.48916616,432.5887586901146,17511869.582179457,0.0,11161131.418711616,0.0,6153718.325691395,0.0,48863794.05722316
14662115.813792292,442.42138004053123,12025909.868892662,436.3731323290924,21091786.69999305,435.6008095522667,20452761.113388862,434.7366627647025,15577811.756291553,431.84402644260933,83812566.22836955
5983581.875730494,432.08991434031395,3142930.538400534,0.0,12667871.850649271,438.9182801995517,9366212.13624716,433.6930276844002,5092156.279620117,434.3670147328704,36254491.74888454
14028074.558041792,429.43379178347624,6550636.260529784,429.1570660874273,20612086.678022735,429.762150704275,13950527.212457359,0.0,7864322.160066319,0.0,63006935.222126566
6221330.972356129,0.0,14492587.166425928,437.04684792561505,3873956.607230779,0.0,12536106.702041257,436.3543110468021,20164460.041698795,435.8381632529798,57289750.72907512
4647008.5125832725,438.69008275177714,19161638.091978416,0.0,12541567.740196621,439.01322513475577,17673393.878330536,435.8521277404128,24133965.37782627,439.3612927780552,78159326.51764353
11561205.544574622,438.62776663379026,18723387.47373846,439.0228942114202,17430498.106339768,439.83796525891955,4847331.93098565,0.0,25388343.868541777,0.0,77952084.41280639
8838535.917358855,0.0,26526192.91934949,434.8215426156299,3731597.3885346632,0.0,6522569.77525826,436.5520628534591,20037129.164012536,433.96001413147576,65657330.498133406
8574655.762123754,439.0365848206741,14872136.690429373,439.4090477934452,9474114.639974069,437.0660136508102,1144576.5959076383,436.7405195028888,9511703.758750314,437.34296562781924,43579377.04231653
10789870.402899079,431.00199544906593,18906956.92402408,0.0,7044126.148801323,430.47541258066605,3840512.98661391,421.16868600802184,3244118.0712919845,421.6475634377435,43827288.827287845
12038105.67062694,0.0,12032718.8459478,429.6891386671066,16948229.52750972,0.0,13798557.336737944,0.0,5724955.064575273,0.0,60542996.13453634
13872003.131566646,438.2650219277718,16128154.99078061,439.09374994547494,2104554.7284282194,433.42655617363965,18032469.081570484,434.09625141741844,10048228.711702276,429.9278956880276,60187585.45352339
6278385.241708539,430.2012041478483,19081260.503921602,0.0,14984252.627350593,432.8891956484578,12842226.990235813,433.34567118380085,20488289.480172098,438.74601029228,73676150.02546991
17152052.876654405,439.1682688846861,13714106.086822564,438.62088618474417,20592232.060371146,442.5208620038206,16588331.16318603,0.0,5993266.709636674,0.0,74041309.2066879
3968114.644408933,0.0,24744508.73950197,435.02392315549264,12425789.738145314,0.0,19578956.88158814,429.7755450522675,8793607.683981057,432.71716071868417,69512275.20425434
12943202.932133129,428.1744355989907,9472705.226452645,0.0,22155607.782877903,430.32019031618904,8432133.93937409,433.6362326404183,15609811.51532986,438.34689496305134,68615191.87392114
9462028.534569373,439.50430113747376,16913868.281150624,439.1516962911307,11453155.019352654,438.96986312839294,13164215.698192742,438.92660538057737,8225282.3293562,0.0,59220306.415087536
7532565.474041765,0.0,14056739.128078539,436.08040407812365,16224206.3415399,0.0,16380399.907139182,0.0,5737238.827956328,435.6367213372995,59932021.395881124
11010613.00421267,442.40767195749754,17453561.223628458,442.41369952057306,9154258.838928033,442.89234517809376,18276104.229602374,442.7932804602858,7241882.665847349,442.7438134009845,63138633.21302939
14526125.804235352,442.18476752785034,15806056.34809464,0.0,15288813.80058506,434.07949785382186,5146111.702912412,432.59675253641615,15929841.289884366,432.90948785164414,66698690.7162176
5762467.077311701,0.0,9844096.613867462,431.5527157864411,10070539.50048711,0.0,14831535.239996187,0.0,4874005.282611183,0.0,45383075.26698943
11013548.81417178,435.9641590814303,15172514.154015109,437.15977914295866,9487813.355562618,442.81723895379605,18436051.042285338,442.94057855843533,20027644.213114526,434.13275807379193,74139764.59366319
12615353.733668074,428.2344543029113,18516117.176520918,0.0,19693911.932820518,423.1329899676292,3157450.3159908745,422.75110996880494,19954264.52487577,430.5804604313962,73938802.3828908
9907488.173593342,436.79348710425296,7561767.337754,432.4907186818616,8666484.252369687,437.3915182020347,17258834.60019847,0.0,5825897.959083561,0.0,49221778.998723045
13329873.077288305,0.0,18914995.69201253,439.29801899052916,13710156.733910123,0.0,13196803.751657296,438.56097806439135,13107086.774227025,437.3842963931098,72260231.27238873
10611026.79686861,441.61657258236994,7945960.413775375,0.0,16425030.61986845,441.71811575172006,12792305.059664907,442.47680435482084,16513000.033815552,439.87035042745686,64289088.60583601
1017076.1506551354,438.3910885753126,13793473.047243647,438.44741732394243,14130228.94123114,437.7444418908497,14613567.4988583,427.6696336886934,21345989.434102673,0.0,64902077.32467237
1420459.8246490122,0.0,16114992.77796214,424.62775526027,18927176.564612765,0.0,5970111.160498813,0.0,14730864.115494957,430.04617953476986,57164459.11715249
1416986.2063817242,431.1322268282581,6256309.090984459,437.5278270496004,22103160.376323875,437.6577511928022,6372027.617073515,437.65014003824206,14777104.87742071,441.4523420525283,50927773.58847145
1456879.2514247734,441.4007547328661,4927982.648885646,0.0,13620429.369072512,438.0067213076592,10788954.644389028,434.7970329723965,4949785.123016532,434.722394185638,35745779.96369169
1433297.4377749145,433.7053601530198,16441117.081864864,433.8786494169704,19669210.742954995,0.0,7299654.079752153,0.0,14427173.210711844,0.0,59271320.137068346
207450.6193304229,0.0,6288690.859729617,438.7472532884808,13569613.781593654,439.8526677265723,14160360.954690183,433.61783348948404,22466202.92890068,433.7030244043672,56694065.06502346
