322134041494.9442,305426428192.5902,322703634414.2164,310773260449.7872,312142480720.94586,302478209221.7718,300772457331.0559,296399522666.9629,311542046661.29724,285729600864.4995,3070101682018.0713
145280.4748795233,4118991.1824965,7392502.137549877,4664625.471684735,3238014.53308026,2537407.4899130617,1439308.1623748175,9027850.00122236,2514282.654919571,4653640.601995924,39731902.71011663
6116668.944122174,5157845.618904047,7893820.939938345,4855820.917987233,8115636.705303579,3588329.5913862805,3221509.688895163,7132307.827025836,8300219.5161490645,4673340.163532781,59055499.91324451
4812267.846475164,1637026.89916047,8462277.274986438,1842145.4846261954,2080959.765255563,112382.30366830567,6264468.278057008,2075081.6120729535,2264756.5489343056,1390030.0093345002,30941396.022570904
2782138.0142412977,5295275.010984085,7565111.050443992,1498271.5989299726,5093857.45250212,492473.18072233896,569280.0222889797,4929860.680579265,11175238.714271083,994098.9701294265,40395604.69509255
2979001.049784549,5313483.941883489,5754511.142404574,318123.60592912824,3291171.1777010453,491811.62319484755,3052088.306495234,7946352.086140012,6141358.878566064,2952634.038696877,38240535.85079582
4893998.741511145,3528134.5215764856,4428329.962723591,2767000.1431003525,6824554.691470759,501140.6099744399,5432341.446353955,3515638.1897693123,3608658.6356520085,262601.47678135894,35762398.41891341
1061014.0243857678,4708027.411693966,4556840.924259834,5435413.022397295,6670906.657362521,483979.8296618832,3057088.184464299,4785074.08985559,5265625.401094542,5509287.236164017,41533256.78133971
4558409.311934415,5191901.394567778,3338749.9230964626,2491763.1272283997,6882343.685770235,3752633.360250055,3950307.8957177834,5984760.478748865,4020550.188815545,3287366.9577303138,43458786.323859856
7149916.9976382945,4428955.3784647705,5403019.347237057,6080699.034122121,6764119.858588612,5336019.798357138,7423637.592428942,5641280.4816800635,3887183.9219160047,4110771.272956441,56225603.68338945
3800805.78643467,7460570.816600968,7489709.610843409,241551.55239202944,2774481.04205308,5326304.239105417,3162485.4892037017,6189763.864133605,7660568.693229994,7451819.141176507,51558060.23517339
4620767.633922506,2138969.922403655,1107309.470030975,8603595.90185773,2422797.7184487153,4574824.178417613,9960115.369035682,5085614.306794072,2849830.463397171,1788826.0379931175,43152651.00230123
7820278.223332683,4042248.106298577,7258536.253518334,4304409.664027413,4818026.086842611,3927331.6880497327,2279309.746832663,8561844.523177026,4475905.280107717,5432722.540284708,52920612.11247146
4030999.082329234,7820166.825782441,8753468.376841944,7727097.437697662,7268201.586416162,4960099.173520386,5179733.302515394,2994775.4464810337,5249865.158687445,9576007.309292529,63560413.69956423
4957461.293989347,5685040.438159203,1832343.9459075392,6374645.876908582,2933295.8129814705,8574369.150263326,10387361.097966984,4127701.29685299,10077185.162850099,2914056.091546631,57863460.16742617
8179477.8375675995,3800196.7956276084,7473514.435706393,2464784.1186356125,2855783.5191207584,3312112.9064117353,5890462.841180973,8860148.880449675,4784247.006251021,5718926.583433857,53339654.92438524
4218713.738113691,5597915.932044788,8083056.284784475,5817789.64825946,6216407.806611857,4024443.7203026176,9232368.805866392,5020212.463581352,7232936.757111747,7370281.572074925,62814126.72875131
5207953.313395226,8091771.707900719,5297941.140386318,4694264.098419276,4924399.991955746,8400925.99863306,4272625.964551583,10361117.145270502,8795587.69049147,3874128.011575045,63920715.06257894
11660747.70657108,6101446.887628508,5380358.617785484,5772263.085245669,4716007.581424433,5786308.2965578735,4219566.091745751,8090588.862978084,4515119.61743503,3422790.8230807353,59665197.570452645
3638658.645780659,9572622.829805212,5508703.943710551,8696355.402959691,4588711.623186703,7094384.066537776,2906123.676253365,3103214.6041321224,4176106.640169104,1148370.2946289124,50433251.7271641
7342591.693859953,5787890.206397757,2142485.3356918106,11322675.885981897,5809523.126578546,2494469.08029099,7230055.633683923,6907949.989793714,7622784.952874132,6509987.954622856,63170413.85977557
9647411.876567326,7114284.220508642,6550975.464257858,5885179.258868475,6867972.690714411,3038883.420352879,7993292.168779676,2100142.647003905,2261822.680807393,4703845.757566872,56163810.18542743
7443022.83701852,1328245.4111567223,6644321.113060018,8449130.38981545,4111102.460352257,9656216.607378075,2946916.3398460667,3699591.8982470515,10695828.61785993,4469392.77769012,59443768.452424206
9722479.717046596,4801607.996418158,3364929.2029084507,5841022.029456937,7250109.857201053,1862510.7807434471,9091620.641885223,5739704.567057364,4842464.520878986,9271725.78895847,61788175.10255468
5374798.039514144,8775113.282276213,8583700.311505537,6924052.262496347,3033593.1768921744,7476330.472030614,2579463.8868560395,4740989.933542871,8284422.710629721,8032418.906532643,63804882.98227631
9319656.075263033,11089868.098101242,2315958.268937028,6794352.607638814,7056846.839073268,9715519.210989904,7536090.535284305,5986455.096687267,7459613.960718427,5701528.07407851,72975888.7667718
3662684.1304416517,2386434.005371702,5349890.564326979,2940013.028875946,8531283.27278164,4044095.005781587,2595440.9439660334,2639221.4081408177,3996441.1484735515,8847900.82441239,44993404.3325723
7117091.575550947,4500428.567817195,9842087.163848134,4274529.395869997,9282640.584903622,6575231.717723062,4393113.706624863,5424029.756867442,5500091.656142316,4579269.942311543,61488514.06765913
6723055.619514068,7140503.5766581,3062305.0695730504,3812330.839227465,5456043.366781651,8882633.633603549,5961423.998595692,6711924.125452509,6208353.204936693,4914746.802008333,58873320.2363511
6201590.091136244,5516571.717099108,5695930.263435933,439862.59933198954,5630801.554586126,7987624.225061241,5053465.402307734,4135014.6148561365,4193595.2488430217,2920726.58543368,47775182.30209122
8471226.042530116,7360383.668552047,4731750.068339564,6199524.561188887,7601095.885639742,3549274.400706825,3647374.1211176077,5282837.360907015,7101843.511913131,6074450.496165452,60019760.117060386
13015964.544065708,5424150.428032906,4303319.603414726,6723313.873371769,1755264.7699634582,6072928.723878964,4871370.4794705175,1524741.2021867065,8171926.095792425,2377752.1660424117,54240731.88621958
7348846.847355868,5246198.6939044455,7517824.406511982,7684125.898164752,7887424.125528954,7183708.715146426,6760875.627228959,1430511.5733394593,7005523.131278763,5216540.137895159,63281579.15635477
5523336.628913011,11766219.849943176,9560232.75751107,2014075.0484214688,3876710.3457441055,7745103.898039926,7785139.598775464,6574656.934332178,8175214.760017701,7501666.522377437,70522356.34407553
10279074.10027866,2774711.1061521242,5990570.76854745,8064814.048185535,4575068.724754638,4400534.14673861,2836119.9585576057,1261276.0363682103,7682233.430067918,6310314.152282505,54174716.47193326
5174994.482375189,8144916.759194069,8466237.14497359,7380930.935045308,6696994.530177157,9014295.16469098,4396846.424317615,7766688.748183566,10945963.693711169,4430435.746949389,72418303.62961803
7189052.362945681,9055830.849989058,3384604.5214111586,7438188.42652081,7281927.13008038,4764102.926378634,6620261.227639404,9216469.152279612,7134435.262972687,2850674.219904055,64935546.08012149
750573.4549744802,4501686.344712804,10870058.105229063,9649888.897187931,3173961.8265490755,5620756.8163945,6705114.133447178,7038523.777807475,5739863.04330342,5889614.2344571715,59940040.6340631
5861741.16917796,6215535.658173661,10134797.59430219,5168602.073090893,4513421.699520506,3995029.903870763,7011237.62858895,6811437.162776938,4895337.492537092,6175077.13538417,60782217.51742312
9391888.01271067,6827011.078795984,5883553.835919787,8809864.275474802,8630423.884220025,5390119.812992156,6646665.388965701,2522643.9937558128,6559436.539866816,6323349.703612799,66984956.52631455
10969115.502637232,6138109.886419982,7471818.853333213,7475945.166829517,6067090.42354959,3253962.4725666107,3169843.608335154,6895700.426860382,3488187.1299147224,3600600.97511153,58530374.44555794
8887707.15054142,5424689.3592989445,6498620.420649579,9397762.490534702,5432203.06688826,8671544.88649771,6203130.271581574,7531985.390746995,3253357.055802907,3221142.4177393676,64522142.51028146
7778473.019587495,8424087.075966384,3580310.1191796237,9466990.986201674,2117909.886354593,11242574.607589673,7872942.585542598,4924405.3017704785,7434344.275237834,8875217.231358,71717255.08878836
10627188.023978118,3345636.9697318985,7024539.585399725,10450876.36763315,7192146.906606015,595351.3973577062,821697.0785872504,10848260.43731517,4733082.743057711,637911.8774401344,56276691.38710689
1456780.5690002288,10034121.527554486,10987035.536720468,6857251.655440712,1417539.842081344,3164041.4229414724,7395217.340002601,4690141.704587497,10697550.280126167,8032794.9890203085,64732474.86747529
10458107.08477117,1875994.9930209417,5358379.472718553,10954085.678003497,3542473.1761859083,6742314.142647888,7171866.112304547,9202999.987416605,2071702.0065986658,9970809.203815926,67348731.8574837
2819605.973509556,11030680.39110244,9851206.016583329,4702560.34300103,7912444.433451761,8341433.681488279,2475104.1766358437,2544879.8856051574,7825669.53503792,5146410.2254426945,62649994.66185801
10861034.691772714,2065499.1632729273,8896704.910719685,9189226.733041575,3086169.893597797,4456342.74283375,4902512.314375267,5259977.298725228,3698153.7230764963,7209361.596430803,59624983.06784623
4215646.5016367445,1988106.238401184,6860129.747581968,9544352.710033758,8963831.832290595,11099351.145749662,6140196.034217721,7623799.484837431,6872934.442996408,5259836.446263237,68568184.58400871
8402936.787021466,4124820.938441205,10907532.698884508,8562720.15466264,6394013.263419425,10814395.484246684,4809915.979472641,5690640.8940965235,7121784.714553372,10493375.288231254,77322136.20302972
7476229.100760136,3283070.0378896133,4726173.938562701,9105738.559023049,7960941.573541685,5645888.436668482,6206156.543778478,7457093.675124205,6112480.652230307,5048032.0276815705,63021804.54526022
8472507.953379795,2438333.8807574264,7113623.85662398,7858102.647288193,6213310.048991442,6331039.72553359,4084296.72890103,2754887.1671639727,8081941.162294594,3854451.009294082,57202494.180228114
4301680.308353987,7604077.109346815,8243326.823213124,7716608.592519279,4133992.765071679,7861759.9764231155,8663349.727048244,7412220.134016891,3893792.515186556,8947641.594008997,68778449.5451887
5386252.278006741,2200944.4248938602,8024988.501722802,6710443.211275207,8249735.2665985115,1217506.385470984,1010281.4289085991,1370754.4857597875,9637945.970428765,2319884.1630924274,46128736.11615769
6048131.436842787,10096859.130223108,10350722.51039647,10586476.415976688,11188011.29835436,5906233.276406074,7896364.238132324,10657967.930970088,1443205.7651039965,9041579.989040371,83215551.99144626
9884150.464806676,2015404.39339902,5890782.808385032,3902930.8664155123,8885919.996546382,9490886.808186313,6874656.493385247,16518550.357135668,7589502.569608902,2896704.6629334013,73949489.42080215
3728467.455594683,3840193.935079557,8038472.419706368,7775349.204794203,8205612.00749735,6553393.150035839,2497520.455890071,11776257.580765212,5850436.449825548,3498626.6918222588,61764329.35101109
10611281.017803257,7858650.809590348,5072674.172407928,6654270.771591501,4364847.5531169865,6341935.469505163,7770935.030282944,7689308.424871963,7856467.842343774,5231951.17247468,69452322.26398855
10938722.866897777,3682191.7546541626,8237142.150897804,4198883.376148017,5988300.745218913,6437980.068910866,5058716.413141484,5906842.54529215,10644954.977105714,4205815.694854193,65299550.59312108
7847906.338883204,6280363.484960317,7721006.973495924,5708234.699623972,4114689.187867801,9053639.664243305,5104229.976013475,6568834.838467984,8798036.158396034,6385234.47207882,67582175.79403083
4655011.426229331,8617666.780652188,8346062.136534219,5768578.124747352,8853917.154188804,6138324.835150464,5364803.617930976,6318379.825004284,6395755.446897824,11238355.350047749,71696854.6973832
6463425.603372402,7832705.612429237,7982546.307512569,6672650.125418285,10419241.2631185,5878256.695821113,9246287.568823505,7230010.59217911,2492597.9720103177,7649995.706918199,71867717.44760324
8991550.977592532,4892791.3824016815,7629226.718657004,2707112.031584704,7049580.525853972,6869158.007699845,1702971.5961599934,8948726.393396959,11415619.136635145,700722.4469833946,60907459.216965236
3174613.385612921,6961700.758544599,9322697.384620761,7541921.832437064,6782624.130600745,8101103.297674413,2010686.5221594004,2251790.704937701,11144844.741314625,6682548.280096898,63974531.03799912
5973621.367225394,9047562.67867105,8638485.375898113,9188626.177674033,8490646.133594954,2640263.2132219034,3784541.9316941826,8325970.96725333,2636757.4267844954,9887469.70547087,68613944.97748831
8100090.307980316,2282704.0879609506,1796698.101427338,7042800.515918542,2118972.4353333977,9182592.329234172,5340366.302581697,2081406.3384160867,5794013.346220049,5517812.219604049,49257455.984676585
2583606.342975031,5872938.804267834,6480157.462247299,5811846.586357476,4209721.943467065,2824247.5199746075,9803288.53427888,7788409.47285097,8794264.066996666,5164442.300766385,59332923.03418221
8421655.91615823,5966600.942584698,3010815.7899368764,1738201.8729104563,9646399.22521238,5046322.231940054,5974495.381973317,8055623.175147718,5270232.855986843,2983959.655112921,56114307.0469635
10435443.018758362,1349829.1697193328,7630405.929541617,3511649.057448224,4605665.976290662,8094279.690366785,9550499.099039976,6022652.683920367,7079403.346602051,3927917.673795295,62207745.645482674
10742406.886583515,5958279.402294074,4699522.27831583,5480715.09221835,6399858.772192827,5090433.990486427,4565709.318671339,8281347.828610792,2800833.061538306,3711849.164294799,57730955.79520626
9443782.964150084,5292155.741718876,1373805.4616674038,4871286.849157706,9577440.174680848,7513223.53316873,3569170.0825098013,4978561.244020957,5529796.374222024,5245897.61001078,57395120.035307206
6810304.014104945,7555589.171263261,4000378.143387189,5739078.087538591,7603771.080879961,3145269.0551145095,6738444.910837944,7449933.9817563,4692086.637974025,7602690.652554224,61337545.73541094
5393710.898922242,7079383.074414267,8124189.48039475,6716616.055027076,8715586.06308523,5144222.868304578,4501770.268326418,9004599.47378803,5685511.402795485,3812218.5620113555,64177808.14706943
8662156.094412582,8208005.949555112,10939363.700004676,6766934.697668833,8441877.484919291,7425862.8225353975,5533343.701877494,4677151.881227728,7425744.199745663,7364564.286861697,75445004.81880848
3295311.947132066,5768321.841300524,10052174.195531413,8603146.401331633,3682056.8023794824,4361386.702058081,8570483.392887106,7389893.429597921,1380927.0148529834,1918861.6977931361,55022563.424864344
11167662.830842005,5975919.620353861,9406843.512470583,1954360.4791733962,6626598.52761379,7379261.0811012685,2913234.861934562,8477575.158384493,2775560.1926062177,7649743.323461601,64326759.58794178
2825412.8307863465,6220157.896394038,5040554.592614398,6395520.446282532,8049821.054370313,4459296.941374419,5061734.923680556,3568950.7303763526,5186655.925312044,3353738.954351787,50161844.29554279
9400534.912307793,2787293.710159068,6451158.023007442,6821673.868440272,7224602.79028816,5907952.468607142,10038155.979782319,5633250.014307839,6272513.312750944,8651200.104072055,69188335.18372303
4975393.946649634,4307414.839485389,9919301.464785738,4627968.161255736,4764254.962846053,10504791.589801915,3918511.6171132224,8201538.97389014,4263771.417222117,7039563.020317138,62522509.99336709
6419248.390730723,5725312.323188966,4269570.92425707,4730203.513403405,5811256.018779792,6276338.189877061,5809648.810336191,3622168.628834879,4952555.0260775285,5949051.270446266,53565353.09593188
3878287.288370021,4246723.086127715,3379721.5497067603,3685884.3963917815,5374747.944141032,6124842.412214446,3160871.873397012,3268221.946812209,4313899.199224809,6940609.059718218,44373808.75610401
6675975.20627112,6304544.6152941035,2362195.889232209,8592524.438817725,2848711.072588744,3941037.700473739,2429601.4390880717,5236097.390480915,6265250.031123878,2660339.6756827356,47316277.45905325
8285963.991522015,3568179.2766770227,6031882.873821002,9611369.997193335,2778829.9634988434,6468593.478411996,3740255.9162491527,8062808.832617721,2037264.4911336317,2151991.378726867,52737140.199851595
8608103.923192816,10078612.059725497,8266762.386788797,1692316.6462333708,9287484.035397984,1885224.0787689663,7309292.648122505,2017381.0057671026,6397911.350685964,8481276.725502117,64024364.86018512
7335525.482846622,802508.833546984,6704344.01547915,7208463.1773738945,2546713.9104299257,7664952.312094063,9096138.130767759,8574705.51535138,9645948.889895873,7994533.993163414,67573834.26094906
10375929.077325076,4711407.6360637555,7425968.661038896,9093583.4807663,6349908.080876078,1886419.2916890346,1814587.0244324235,8407567.17715686,5668509.91946562,6564261.654869781,62298142.00368382
9806792.328767408,8543254.488351144,3385342.943712576,4529652.824225939,3349905.0150862965,3085228.217414443,9079006.509158364,4633254.837719235,8522828.899301713,7817796.59077727,62753062.65451439
4306460.972684386,6254944.129654776,7376552.321629193,9328620.138486411,5718048.028295445,7016989.776178054,10480373.002740452,7454704.282383107,4363188.84453554,5891534.890767517,68191416.38735488
1781564.1230049243,6547284.291905213,6631697.53524292,4805980.782694752,7336099.215919819,10128815.692664612,5255526.794776974,7785054.724362285,6487052.711315446,4271441.320688039,61030517.192574985
5933740.214000415,5608961.100174985,4748481.101064314,7063170.0066322,5465521.899572428,8998946.911871746,6316792.8338488145,5437851.7632729355,7825593.714475223,2376030.6553593474,59775090.20027241
8663388.111230768,3471028.0403541066,4798607.050377577,4807615.505856793,9814034.46759702,11114614.090175863,6596989.113959889,5216800.733089713,5190680.127289995,5970769.827786986,65644527.067718714
9105118.466143694,892581.8891897415,7068082.594662186,9294118.079405954,1214244.1945382052,9628800.616907086,6578953.9345865855,5981555.616406145,4238956.5698445635,4947339.929713055,58949751.891397215
11271540.669234047,2657275.859357218,2818173.5762542547,3847534.8807207304,1575310.3125890251,9437360.586129736,1335670.75399655,6163449.13896654,9376604.84882435,4287409.980923616,52770330.60699607
4369963.842594149,8694328.577718033,6905841.355831841,7633596.627479064,5454577.127805778,8853971.795360686,7254813.600719332,2507251.783369481,5199277.432971382,8740326.601143053,65613948.7449928
7083564.801329523,11171430.467384608,10357291.900171492,12899243.654961057,7815908.440264252,12286166.655642273,8485987.254707547,4132001.9472110886,8352134.994832832,3315733.3441390833,85899463.46064375
6599291.406529765,2313781.419639149,3171833.399191783,5843148.770670704,4727249.683661377,8683697.861015428,6555386.907975879,6648224.833346202,3763770.637917617,10242051.194874888,58548436.11482279
12825593.751451699,7810634.847498869,9127749.265830453,12701103.120765312,6078937.259474775,10801271.997259796,8792975.606659928,10469566.57085171,8063998.251219034,10019921.81271448,96691752.48372605
4187847.8718133713,8647464.045324339,2305494.390965195,5506545.42421747,6373470.014161872,3806782.3029619493,6109819.254047464,5847622.520717522,5061947.633742713,7471165.390317591,55318158.848269485
5244032.808163917,4412937.85988779,4174279.751048947,6220331.627147208,5561881.545654941,5413768.012046216,9540244.398913091,6977076.244644619,6203809.53639636,7839176.249054449,61587538.03295754
5422070.753185902,6006650.742598904,7435388.370146223,9822244.69786971,5686553.80739658,2876844.6871563285,3860234.782786777,4031442.115829568,5946491.523502,5786040.6968594035,56873962.177331395
8406467.129359378,7432040.7500482425,4133463.96416943,9946679.291331312,5710768.142370241,6462719.493442956,7480411.728226065,3227547.60066244,8405369.375892743,8772240.396567043,69977707.87206985
7237255.970466043,3864764.169141007,7131493.493673745,5675101.596775932,6348541.663777823,8920600.126130994,6866217.419284588,5673240.034549676,7135434.353887905,1916280.2701171145,60768929.09780483
8308610.261646022,8434532.57857458,9148262.98813184,7269536.76930914,9069759.529805334,6868366.760237463,10379394.112260332,7860118.736384076,3363252.7822668324,2713615.958192917,73415450.47680853
3711651.7306299396,3546773.2759483214,6319035.571140264,11173422.675431801,7039999.15339879,11056676.592090035,8847577.620891836,3109989.844552569,6751486.734156824,4688652.891340239,66245266.089580625
8761019.900145564,6855931.336854338,8951095.738377107,7207583.2717144145,7016399.3994078385,3693379.6859584036,8491627.07667133,5861192.844854187,9611939.889027173,7231817.466007384,73681986.60901774
10588909.893091336,2977558.566368353,6027308.832434737,6038914.302934858,5676113.580312288,7827449.073846462,8216118.5791486055,10363872.166764481,2847447.012322771,2100727.8776491364,62664419.884873025
5354017.982607609,8086544.697442945,4496267.372867641,1176305.282941346,2936269.184033214,8033224.090596747,6483827.637199137,5284366.1299640825,4787453.170515198,3711557.840139925,50349833.38830784
8963197.799191138,13298393.081071788,4832843.655033815,5534725.789011422,4937951.876155291,10271170.428460188,8041753.703750009,7571143.886745757,6803257.755224746,4854261.700380188,75108699.67502435
11052833.882017147,9101856.346950091,10748642.85856949,6303765.399364041,7582569.8094297685,7309028.107549948,6387972.6734282235,6731939.227497501,8016167.905912469,3656013.641529028,76890789.85224771
8760662.03236168,6212265.690773838,7093699.097361426,7015144.430510674,4891663.153069709,9482307.652531935,6023230.575175616,5207449.4699004805,5414615.163046514,5049941.199559246,65150978.464291126
11596764.882797657,4160069.4605180467,6799667.544464626,6925720.775292895,6598023.818788972,6319911.252894654,2567850.9654046283,2898917.0067336475,8355495.740223928,9280057.200381454,65502478.647500515
8127956.981657893,6347363.329878018,5094283.941312316,10732849.518222485,7272571.733228078,6948483.84443423,7082186.450927604,1365187.5849934956,1681903.4537071595,6235708.941837414,60888495.78019869
3876822.1774723716,3954149.89686569,4524733.301621857,8095167.039477528,8914121.550532654,5905971.120437261,2408394.6167650726,3321863.1064829603,5189689.152304517,6970972.601233289,53161884.5631932
5972234.1448660195,8597961.18221321,11255946.592097154,10022317.469630234,6833393.862440114,9368745.845510678,10692990.166908922,5641188.196405775,8095709.813777153,3873752.5864295973,80354239.86027884
8020641.82735973,3191886.219837202,1591734.5632518912,2153652.943301128,9562502.849907551,3382445.907232094,1708148.492942845,9093056.512081351,7962286.332715123,8690290.532953644,55356646.18158256
2474153.892170402,5075792.443669896,2933568.52735539,8229739.699032456,4437237.241362352,7231298.1204831945,6776421.395531091,2769817.465352201,3284854.8881297763,2702468.6210354106,45915352.29412217
4660109.821284079,9530800.015085729,8841736.362232624,7737738.8320813095,10428677.268077422,9052062.931228952,8035016.026813831,4840952.626881977,6962454.047864441,11659900.568521546,81749448.50007191
7531070.286851646,2683774.3132624254,7985777.546216192,7750923.566614505,3858978.682890206,4939936.121223811,5452606.22168966,8470983.122667504,9415138.77192552,8488337.019959234,66577525.65330071
6984979.432188205,8991685.156628145,6512903.741625089,7600191.12029461,6416484.861441341,7551920.059549191,6086168.427982736,3319173.9118842077,4656587.401642339,6887418.206096303,65007512.31933217
4306882.606466451,5820033.929823143,6591199.843763477,3829850.0348537243,6103536.287700738,4243542.437200745,4726549.923982914,7518977.82032871,1594653.7967214924,7192455.343441185,51927682.02428259
8654511.024093337,2853181.941856229,5023239.134490413,5629762.258255516,8453601.818875667,5245630.371810582,6585784.5243325755,6218919.42033211,4908678.273558417,5394558.575143998,58967867.34274885
9932190.936667595,7765925.020794799,6477174.315136593,7472466.387115462,5596324.443722201,8591729.761463668,6137962.698920411,6823568.0277558705,6079325.977145376,8096468.512554127,72973136.0812761
7770536.775522125,7323871.409851846,6588243.236195215,6121359.679278648,11582421.487906981,7008381.15852327,11870155.548696833,7192255.1931851925,4054512.371928003,4533205.304640963,74044942.16572908
5490415.799918201,2837424.879662377,12176006.284022633,12486140.115574695,4106144.8203566996,6601209.634432057,4700405.388830771,4373718.571395496,4883265.318947137,9194841.599714518,66849572.41285458
4440122.1981858555,4880047.7132295,642086.0421345457,10875269.160647348,6610837.945638071,1005539.872123002,7055220.953526551,7578169.572033053,9100560.161650455,1979870.3677090511,54167723.986877434
7941349.802513465,10372376.043331606,6285611.463973571,6805218.714781813,9228480.963247702,3974282.8210139694,8809967.41694053,2396158.046485545,10388468.473481368,7177913.483520164,73379827.22928974
7389169.930910577,2689950.259696736,6974002.492959205,8225995.336357409,3698751.951484467,8434341.511762004,2377101.0200296906,3913536.322013972,8103828.203378261,3591153.1592316683,55397830.187823996
3048892.7525294363,4053677.27557855,4808973.758549443,10722345.801287357,5680831.804744665,3445910.5953266295,7199015.037431194,6293186.413205652,10092668.49156992,10230699.647626685,65576201.57784953
7120442.801172266,5589605.836929274,8459309.409555757,9474946.7542566,7365160.782694149,7807426.058305279,3703340.71793363,4970659.357474702,5710720.655435039,8674569.585538153,68876181.95929484
7850652.2872069925,4163573.066548896,8348272.09910982,11511054.87955163,8631654.77976889,8233299.12100767,8730480.92282267,1864081.9314851316,3654684.8202929203,5061773.450237572,68049527.3580322
4786918.958149954,3526762.766010391,4418472.171174976,5419784.064172548,6052480.131849792,5083325.394572946,5322611.755404966,3745933.3252873863,6828087.55162963,7096811.406440293,52281187.524692886
10516774.46017567,1533751.9431419184,6249279.408365977,6291067.634387149,5260884.271964332,2373414.164277205,5591271.410161591,5698224.945277706,2534215.8627492357,5763414.09747806,51812298.19797885
11820303.549493063,2264366.872292787,6176100.864286235,6495931.744893581,7445553.632062689,6462382.724791787,8202267.289546627,3929990.1387651195,7523037.775006131,3588842.634457954,63908777.225595966
9902977.888240995,3332797.0150690847,8009522.201267908,5481520.076321931,1306050.1829911505,7331663.822334689,2745260.8664583764,5218788.976685666,1478358.0139380302,5991886.622038161,50798825.665346
6608915.561294168,6204870.234903609,4906636.402927804,8434927.889391387,7494317.962165945,6852261.333807171,4952898.23642917,9969199.78731487,7350632.019380133,7441970.088888383,70216629.51650263
10078359.740264783,7689166.362243983,5609964.564395169,10436955.66366953,1717884.205750295,7215015.980728053,4940340.268794447,2496101.199289127,11132060.727903679,2626779.8178728702,63942628.53091194
5070317.111377897,4098239.509053806,5976873.86055781,3344068.859707633,7887356.468308632,3524509.6024994664,7068250.180839154,6675641.896948143,6053987.825293752,8329587.381141904,58028832.69572819
7554515.946695502,5630547.22520085,7111846.415855419,8695954.412384463,10270366.003361436,7604005.122352174,8958169.075951284,4469153.405891718,11232443.826236537,10242613.050444799,81769614.48437418
3136023.8511631014,6198028.749435388,4059474.5141817317,5545279.180590558,5385417.213777298,9651132.52547262,8267067.24121123,6280144.286042371,5657656.294457874,7394938.075975634,61575161.9323078
4352482.659865372,7225702.560903456,3273392.968449823,1750473.2941031212,6200166.190889004,7483428.110896874,9235554.899288928,7480266.420118,4301552.275006245,2541124.1600456377,53844143.539566465
3806838.3379911343,8010543.377271081,5561214.191068685,6614005.859453513,7322973.981071582,6319018.841821123,8894196.500273164,2897950.552066045,1946536.4201795838,4838141.308011486,56211419.369207405
4312920.315216622,13190068.05894014,5694612.482375081,10420049.768325105,8651659.413683178,7774632.113090749,7505640.3237203425,3939489.084546993,7746109.6561190225,7392696.430720089,76627877.64673732
7056557.716405658,8612037.794959525,7546242.943841449,13306014.023490362,10603331.304118045,1708966.5440765417,10269489.451390097,4687608.287933636,8905951.626033572,2785010.8583749332,75481210.55062382
8184644.21823777,12519462.042889796,4659393.954083076,10248018.3835104,7907282.803585619,7838139.95226469,11882748.183074899,8483815.72122042,8288485.118166784,11237407.921258558,91249398.29829201
2649367.658972957,3730856.1716865865,5839150.992986127,4235296.814542643,11526752.786102377,8066168.019227923,9982505.09152072,2231427.1965450663,11155621.755862279,2486234.1795865465,61903380.667033225
5739622.071086494,8480411.350841397,9958644.43130159,9266799.929232925,2253259.6052066125,2335892.391092393,8771796.834319158,5147804.535813242,9486235.170764327,8727997.433083076,70168463.75274122
7346172.4556540875,9552952.04819858,5217612.934946263,4356531.883884875,3691498.6227092477,6636791.374010593,3511339.256593602,9801836.383224932,5201353.2754598465,4763262.768762982,60079351.003445014
9456016.415404305,5448714.362557621,10658919.61599586,7434302.762059402,6642887.775729934,5018043.504799608,6303360.689189976,5817094.0012322515,7937829.9022560045,4087930.949614466,68805099.97883943
7127203.878349945,6066097.626124026,5496634.023894027,5162395.8922378225,4728759.253614944,9111212.213269118,6745955.452924982,3586175.582912237,5223608.769477246,3228840.152560139,56476882.84536449
9220954.781708369,3389626.159716123,2259527.286663334,3315946.0842719614,11260389.805662474,7823600.423446968,3897249.2233048547,6672928.192621299,7454807.504483655,3992547.0403303853,59287576.502209425
9942015.491791956,5689256.426773347,5803409.411466605,6079054.239132893,9435413.45155597,7334991.709214674,8499486.95249508,8489259.985558297,4569932.90901109,7016546.270211587,72859366.8472115
8305186.3466533795,2340181.5932753147,7892192.933893219,1618935.8288183874,4920201.084431811,1719637.00036672,7770259.327787159,1138886.86846595,3559266.003550182,8447387.684626188,47712134.67186831
6643088.2358719185,4259101.045935335,1164887.2727706213,1538659.9698184156,8152925.563083023,8288263.198183534,857971.3437567839,8738407.907060055,8817372.429072563,5525356.526943619,53986033.49249586
10320174.832306985,6770198.75258813,2393761.776720659,4279189.67281724,4676859.9206122225,7785074.93973769,5682964.1055822205,993285.1545955364,3351007.72926347,8672047.897702694,54924564.781926855
3643914.67036293,7402193.741123309,8081864.578677847,5387306.769310618,6856486.111016919,2060761.7204098043,8133442.00270716,4191280.290595891,8008984.507415403,3124319.0309724812,56890553.42259236
6672374.970657062,5092247.592510301,9477807.940994198,7727519.632972851,2862110.355011024,3531929.2162053795,5016509.961415242,8365746.20744786,9848158.01313028,5773721.690721079,64368125.58106527
7123861.13971955,7882930.793615563,9923480.082835725,3835770.6118748286,5368391.938830603,4710242.099050593,6729058.69795529,6753983.002124176,4505074.423169392,8714740.637077766,65547533.426253475
8696284.942139516,3993052.896854115,4937293.388278622,4863093.987749051,7553108.22194177,9702003.741836114,3987679.653933966,4034821.370557688,7057559.8970627645,7448135.75247495,62273033.852828555
6922621.86335755,5352926.814509132,6448026.085107778,8286562.241613138,5770220.050744527,9662417.924924782,7179308.089990071,5170144.298552554,4958334.36348507,6820330.49211072,66570892.22439533
8875177.619599355,3157294.8814884876,6329673.103710109,6751587.53929503,5253696.5302678915,6506878.506339302,7841343.145120932,7324680.141635275,3742752.729370352,6946041.9865478,62729126.18337454
7417952.466865337,4628096.308904994,9349208.422361607,9430246.261465594,5892656.126375082,5671319.272337715,6626354.790453875,3843960.225962242,6762953.252684951,5599550.970422485,65222298.09783388
5987151.3046014635,8892989.879135415,9469430.36868706,6158093.983307791,6558455.8956087595,5450429.25763722,3815328.116088022,8885507.125541968,1011269.7226511976,7790137.118286667,64018792.77154557
3660791.728867544,6400391.497420131,2097956.850890335,8366813.076018308,7207017.630557815,10423955.378998317,6722605.094432128,1433229.5795013446,5674799.844570355,3486732.5002794527,55474293.181535736
8360447.034969185,8841560.648363858,5775917.1152085075,10059947.56368195,7024215.876824708,9800143.982869249,6687741.78359341,2951149.8346817656,8163555.251288307,7552534.498293704,75217213.58977462
8187148.980569552,1786905.4412145442,6871567.230362217,9415100.086116925,8217555.766271684,8610195.426022809,1629960.7486273514,3660624.267455492,4570746.578008092,10021232.496351339,62971037.021
8297985.580046297,6667850.598562895,10398985.962757245,7525884.258409146,5453332.792563092,8321448.659902967,3103776.568457751,7112643.580896833,5864674.638144709,3182899.37693491,65929482.016675845
7044532.414574491,5897083.741799654,7446450.914905245,4667484.072705872,6801747.54378892,9624981.790552719,7129310.135529821,9492116.96049269,8500436.065987948,3845082.071858669,70449225.71219604
3324745.0975580467,1844084.9408585238,4602495.206264558,5762248.63113393,4747619.975417299,10431152.55549093,8985555.772359096,8521963.726026772,4801259.217224278,7438050.169625824,60459175.291959256
5888533.4149787,4701127.748987346,4286072.060625238,2307613.336637996,6914009.879055037,7601469.587628254,4962044.512067568,3066375.5187977673,3634890.5143672936,9539421.363365749,52901557.93651096
8119235.93370548,8024252.281104428,8420010.80542384,3214657.9176467936,6120976.037112919,5748659.634405634,4896325.457042684,1240783.040210088,5499474.110110003,5065000.600207838,56349375.816969715
9425716.797997124,3816644.2535159835,5467159.103642147,6438224.521394223,6499395.100146377,7994473.581165027,7575773.025652068,2476925.9774288717,4434750.426412771,6430233.933688317,60559296.7210429
10195395.962061444,8465955.522333182,7927724.376999235,2194807.1730165235,7780683.195493312,2498293.5988650653,2119152.7996888584,4379472.645031045,5905304.575766468,1654241.085578607,53121030.934833735
11064714.867981683,856711.7172487217,8530034.669679442,7941860.993677011,2851285.3233720385,5310880.251907143,10328911.93215337,5269666.391525146,8360915.025507421,2610357.138783615,63125338.3118356
6778528.453410077,6511366.810932501,11936153.33283384,1688326.8098951431,3229017.3185070036,8169934.684824388,8628307.640196074,6808189.282219329,3488305.030340549,7075109.956841005,64313239.31999991
6054002.905740957,12162995.827837292,7134264.462190774,7113571.741443607,7063696.169214785,6647225.167310293,9139185.319756553,3079003.0109938877,5569626.226990992,7732297.912733158,71695868.7442123
6406623.263095879,6462351.554678234,9061382.422991248,5561073.5382457925,8035122.126052412,7630017.064869766,10688874.994204931,7632022.650049019,9250765.308538077,3631603.4750548657,74359836.39778022
4684991.080868947,8073990.420077971,4864363.816542309,4983209.062686554,5110668.370955399,4744196.649953179,6581828.925275046,4300114.208683654,5903332.56313556,3596175.3261029553,52842870.424281575
8685765.547588564,4221491.088021517,5861019.670643003,9887165.53797955,3882661.6326968637,7509537.148489226,9562186.729112672,3950669.988295632,6665034.437666484,3198639.9397128904,63424171.720206395
4192487.525854256,5699165.081003151,4645108.675445533,8942682.792497648,4865351.274944143,6476218.154507193,5013564.184364509,5226079.191346568,8146316.010992301,3940498.251772455,57147471.142727755
7847871.905918948,7339423.944768789,7028925.972362725,7581269.106860304,6135681.7114758305,6004356.627370228,8892776.772271143,7521086.629594348,8759834.230260823,9394618.25191433,76505845.15279746
2576888.6283476553,9146278.711384533,8964607.933780273,8292958.804674668,3558329.94274116,11045166.379934628,1166010.2021881838,1395440.2860583477,8756105.580227723,4634632.861850288,59536419.33118746
3771558.7288576677,2914848.254511112,4116326.4908932047,9840286.19448831,7765893.428063711,910093.5318402676,1801094.42658885,3610738.9503509523,7538527.1457871115,5005895.268965,47275262.42034619
7059834.618687873,5202186.769048122,6694445.676627329,2153128.7182688517,3920328.7086536703,3203716.9122966933,7989936.596168629,5850396.281223222,7647874.585772729,8319640.407754819,58041489.274501935
8584611.817326505,8124746.111319947,2754921.4569702228,3230374.289806319,8476828.054680765,7187375.976068111,6883566.103194701,8551545.46556323,8400221.163989296,4761331.12803749,66955521.56695659
2437463.653409548,10987851.272426235,5209192.560893957,8312752.180326255,3046716.8031029226,3054663.3742297017,2578906.409675336,3544130.5873618713,5149284.172830958,6633262.710085186,50954223.72434197
4133711.5019753114,5480523.506804443,6023833.8156711925,4591599.516386164,6633397.39663685,4997532.70068781,3757415.6718771895,5853161.378395125,6446249.166399302,7447323.942746658,55364748.597580045
5236588.982235191,9801472.93580339,2018646.4990602704,8286728.390861906,8394776.055558657,7920115.270162936,5254548.7913223235,8392057.93415856,3275347.3379862886,5397929.150471021,63978211.347620554
4478007.015189594,5060952.230380207,2894501.018030003,8342135.415343226,9924707.510777265,5719127.322643495,4279742.879854714,6070585.09282392,5431715.559709244,6118933.559036748,58320407.60378842
6359553.418467113,7145280.465864964,6796449.625087041,8196816.196345802,8098290.826196436,3840136.689238867,7068301.6130899815,7725173.087597614,3676369.4831795334,8093597.5540940175,66999968.95916136
2760991.144413589,7063291.784484941,9024190.6506073,9604321.96814416,2598733.0928732674,2485788.329728494,7526126.198255468,3863069.1397788497,9599083.319076633,6651803.765892246,61177399.39325495
5871725.614018357,921836.02719968,5004665.979962565,1000626.4382126039,2440023.636870584,7002737.471037736,7048310.412892337,5230599.526455766,8104814.673136203,7819639.026916002,50444978.80670184
9227262.10813489,7946846.901896066,7225887.94314751,9094446.295476977,5991078.683832396,9827679.964594757,7929733.153625965,9261930.402889388,1599783.9865348195,3302423.7554810913,71407073.19561386
2159860.605071127,1497318.821887932,7997807.23156325,9724146.797629269,8272034.895151852,4668171.228747142,1439573.9367156317,1719038.2767883956,2491716.137812129,6073850.953493856,46043518.88486059
9292714.706022039,6220051.3552156435,9900293.555371208,6294855.859702833,2795473.356717801,9030034.271227581,2495350.702609378,6335304.365815666,5391490.051870279,2610084.4490541085,60365652.67360654
8594665.52159292,6224810.426513757,4503040.879990834,6901579.297723435,7171452.533800327,7559857.032201322,9486409.455263294,6974927.130760188,8859975.94917794,3268845.157792718,69545563.38481674
11366357.739207188,4141919.4246525397,5901924.782832409,6962130.006038902,7975691.1438154355,4583341.600394526,9024177.135312373,7484319.124526945,6161073.944356209,5884681.69605149,69485616.59718801
9391566.663184201,5174519.449457162,8455730.93677219,7965430.851491896,4493625.78693803,6758176.587559656,12388577.25249507,6264626.591618865,7445123.173986412,8007714.654795451,76345091.94829895
4882665.013710255,9433272.572966436,5420944.104446477,4996547.32790171,7612165.640509816,4466060.670897175,8468361.304312408,3068157.866755688,6706106.557216341,5686693.89824581,60740974.95696211
5277688.755577452,4593259.661485976,4806999.343829383,5811527.140410696,2337899.201639728,5878126.279480901,9316313.61125418,3590419.0360685163,7108064.210650188,3970767.969894896,52691065.21029191
9777161.882501327,4773123.324007823,9828019.370109797,6703531.936017624,5544829.106570414,6962083.669255103,7491494.844140047,7231014.978532706,5501954.422201902,6746914.240655821,70560127.77399257
6687311.247194623,5815950.564123738,9484370.798221134,1048468.0171134876,8465291.929521553,2812904.213924522,10045804.024327349,5077059.117867368,10919083.297774397,2616849.1714546788,62973092.38152285
