32171067061.88718,13842211493.470638,32456241922.95227,12611894620.837456,33021434010.756767,15438383177.158237,33604398947.758366,15375681668.942005,35081156578.65233,13561441965.650879,237163911448.06616
8279943.652015231,443.77281832801964,6005692.575843731,0.0,9325100.640668653,443.1274724534596,3134602.521531969,438.3490901157607,687979.1951493792,437.1439272921349,27435080.97851715
15890911.842651526,438.1067063471166,11998028.562539974,437.38771722024137,8472503.402319478,437.07569203194464,7143230.387645839,441.55816765940165,2379476.230904391,441.93647535810675,45886346.490819834
3163996.033574415,0.0,7959424.695706844,438.4601171598855,14175606.541475898,0.0,12775486.355980711,0.0,19885846.657765917,0.0,57960798.74462094
12567811.991934037,442.0966976905969,3675667.606008021,440.4924549648845,6636512.549828515,440.1819528247619,12420930.485635247,440.26030752045915,2025229.2232532124,439.7379569104986,37328354.62602895
13851587.497875798,440.13451077629645,7173667.878568736,0.0,12425990.88413886,442.79220920609026,3650749.636604376,439.58702182120453,13141055.743850483,436.52707378804934,50244810.68185384
6116530.151147316,435.96009965342176,10560303.85413424,432.53792102423824,11588253.668120995,429.68968891630266,12334786.150215242,0.0,7440544.401074621,0.0,48041716.412402004
15452577.689856177,0.0,10563828.729760587,435.77325900408766,7647862.679857418,0.0,11829487.679180415,438.2267677437176,3930250.98372486,431.30281877969634,49425313.06522499
10652576.933347186,426.9429956878727,10468365.216896692,0.0,9451853.7757806,428.4623871205001,9145434.346548101,421.9987901364681,4470214.333869711,422.93663279769135,44190144.947248034
11196924.912735946,427.6843515819044,4177584.267277577,427.0937973933536,4532095.558015496,427.4900116870057,16022726.856772758,433.77049095558243,8946441.914760306,0.0,44877489.548213705
1980753.9611312402,0.0,8044529.53820322,435.94905461570744,10911605.346117852,0.0,14770321.723701458,0.0,1738103.857136035,435.98511826131397,37446186.36046268
8199464.192722011,439.0926007511352,7060239.654975096,0.0,4799378.067490796,435.89836790289127,14424720.916585105,426.6643156958245,1388383.4502169308,426.28082161180623,35873914.2180959
13591923.758625695,430.37207196461026,6552164.874357465,427.5972400364206,12733634.99287106,427.3346668885485,4968421.155550057,429.5574862108497,4884346.555412475,426.39322367883216,42732632.591505535
10947049.102015756,0.0,5726925.48558085,430.172065328801,4732265.245995434,0.0,14269573.34317578,0.0,810471.0856550981,0.0,36486714.434488244
5476224.135018482,437.02275083485716,7782109.660310241,435.2811635714545,14447597.789115284,430.6834404943841,5164691.901454771,431.21533544464575,4300485.924836661,431.2798128582813,37173274.89323864
5139280.637915104,435.5435137683232,6611202.700265875,0.0,6039518.810340674,430.4639994252686,11700099.095015168,429.5896584349126,8035699.450034329,430.1705947044084,37527526.461337484
6236700.094156542,428.759218010705,10616481.816390703,432.39959527760874,8430222.284446545,436.3774832082969,13908202.184243366,0.0,8735003.120817319,0.0,47927907.03635097
11511370.820990557,0.0,11846242.609417275,436.4340525342565,6228413.659025962,0.0,12691329.926163785,435.11643824810204,9690978.80124435,429.39642259568166,51969636.7637553
15743975.577617873,433.71956204634307,15932994.803955887,0.0,11385793.875285516,433.847888411736,1567526.7343605189,436.1163949873818,5613027.425627541,441.10569034439163,50245063.206383124
4667230.816871657,441.052154922274,14393334.76322151,440.71269130873065,14138303.39154067,440.8822612236031,16967186.899076995,437.90097175944425,9718171.564908288,0.0,59885987.98369834
7290607.045681484,0.0,11050858.969760463,434.91444139994144,19687559.229974467,0.0,17226143.87963245,0.0,11839802.604618581,438.87273652344913,67095845.51684536
11013140.076443544,441.44479193549836,4328315.135478954,0.0,5444341.809686729,442.39513126390955,8339882.821664103,442.5013121628928,7531046.473882889,442.6385866105992,36658495.29697819
1289489.861433257,435.0743126766243,18171643.00411204,436.34627230046135,20800639.249942303,436.7275401365325,15507547.91534721,436.97067604304016,6088228.698576834,437.54931722634285,61859731.39753002
6614821.683932504,0.0,5126976.577779001,437.1140302235392,5505541.527772182,0.0,21459996.596407853,0.0,9450792.461650422,0.0,48158565.961572185
14504778.92821601,424.51565534725245,15139216.095790282,429.3934919540411,10356376.683875317,430.1674696609604,6232542.085599581,430.5135221768576,4226431.856978458,438.5178963766391,50461498.75849516
3699732.5806163466,439.90206752883074,6133217.227679309,0.0,14419099.995528216,440.4070810204807,13326242.799716339,437.0698090433061,12652462.781104142,438.4821765183625,50232511.245778464
10276364.353015235,437.42772586529395,7592368.827969917,437.65898803042296,12636391.226194156,437.7137013034449,11072515.28591217,0.0,8630774.359704932,0.0,50209726.853211604
12768861.871144127,0.0,16087096.74402984,432.8116746116066,7484562.437888848,0.0,12030865.84825146,424.9579520280988,11180156.08126129,430.83726539001884,59552831.58946759
11385183.883548154,434.46084445183914,12148727.406370778,0.0,12352068.96664936,437.6960964099964,18951187.28661951,442.07524387231354,6966720.290152724,437.49930352704337,61805639.56482878
12496634.403968107,437.78318308314346,15343666.425276533,437.1529446710864,5860472.72484081,438.01224836387155,6417470.729034853,438.26025171493205,7062327.149818608,0.0,47182322.64156675
928531.2512289534,0.0,4318768.930447653,442.3617900871753,7431361.677850354,0.0,9078308.107336529,0.0,12576472.026254972,443.0402941768692,34334327.395202726
16948971.407983437,444.0424715849252,10509573.397225695,0.0,15117139.880213145,439.62080998770404,18726198.955896936,432.3079532868458,1122097.7912544839,431.89043917005614,62425729.29424772
1043428.8159000552,429.3205135641392,7717389.262961446,426.29923524014754,5719602.1415540585,427.0359095490689,8596001.176265871,432.20837033883623,10213520.445363788,428.9682407274238,33292085.674314637
8008175.142228396,0.0,12057014.538958736,434.68963632100343,5286272.352449903,0.0,7522984.429009088,0.0,13634554.331458574,0.0,46509435.483741015
14089149.319593815,435.0773213755099,13671000.661555527,431.23630234475456,12084215.022046886,430.8203014744605,18750264.772556547,438.33925982050715,4242712.57252544,438.1360719205583,62839515.95753515
9228442.470851433,437.3714687679159,12710057.075955678,0.0,17642762.098780297,441.25244788243236,9649907.203166187,442.8668198421244,9364989.174930261,442.35644430187006,58597921.870864645
6693806.74622604,441.3385369181453,14555427.968088156,441.63400988225743,16350819.551592443,441.5859637640264,20157793.291693952,0.0,3333105.7358629224,0.0,61092277.851974085
15082274.135834021,0.0,8695355.569436882,435.6253156405832,12967476.857990662,0.0,13412165.874699626,436.58358723253843,7156348.00673831,434.28334269878025,57314926.936945066
550573.891287626,434.5056645537042,16049912.153161988,0.0,13934742.017733516,434.8282104679326,15201567.488108754,439.3921693328625,8266731.714823932,443.5559632881993,54005279.54712346
2290578.309003614,441.017566741372,7145504.201373487,438.44292958791806,14848101.48161825,438.39423878420786,6616044.555749347,436.57061719201823,10103300.710146857,0.0,41005283.68324386
10762970.464875463,0.0,2457280.7432850967,439.68321656222747,10518577.434632467,0.0,12074935.481402922,0.0,8532183.247072665,5183586.487651015,49529973.54213619
7015179.090406358,428.9546224675205,8215614.200929908,0.0,9111192.092467882,437.2827412116801,13524009.821709668,435.28906900658234,5846349.915351596,9241100.267058028,52954746.91435613
17972091.083285797,436.1291490972583,16464265.442514306,431.2611512230733,14044714.917615237,426.0644904059268,12314457.675187502,428.7515479762427,13478396.956872398,11173353.198844563,85449001.48065852
4632584.5740487585,0.0,2837029.393749111,422.99137047700106,11596665.961854728,496.43699792194,1955744.9905386572,0.0,6355362.5795963425,12747442.83779952,40125749.765955515
7969479.846278978,424.1328850014357,15791333.419618778,424.6906359118473,5501247.149086941,425.53271645932523,3673226.5267917826,433.97161342612304,6105946.3953649895,10532771.17557419,49575712.84056646
16673056.34174109,424.781317154531,13925482.155244919,0.0,13025810.423288845,422.8738263283059,5783894.029788084,416.16102167368894,10051323.642826162,10271602.606455488,69732433.01550974
12103298.960453253,425.20054861155404,6311425.416365017,427.26610429773353,9291845.06554658,427.47340109862927,9392712.22660126,0.0,1879096.5465993271,17278054.291959576,56257712.447579026
7694183.872200186,0.0,10758403.297794588,437.694098106185,10458370.83341406,0.0,11577701.816390626,433.98929418906243,7997848.527688773,17330924.352595683,65818304.38347621
11747119.768411016,435.79014356879924,11873637.983927155,0.0,12927028.871562881,439.09987908354753,4697671.86171234,438.7883717478536,1605806.3117325353,16301700.461300299,59154278.93704063
7616676.884268371,430.0852238134484,17440259.539722305,433.03817352148184,11023604.027208498,428.89257436404785,6193023.510623902,429.4105268680997,2881625.7681713705,15274332.222697485,60431243.379190505
11808496.298796343,0.0,569661.8569339156,423.81958154133747,3687022.910069841,0.0,9264181.187582541,0.0,4172134.4228310105,20061261.064813185,49563181.56060838
1500718.5351488984,432.1676408652515,8121405.934852002,429.1041965237986,17594429.392043184,432.3142657748097,18961366.17708157,432.9066952337312,4528095.106579163,21150096.53447211,71857838.17297533
2932009.2884857636,431.0749005586104,14039084.337693783,0.0,4334535.632852063,438.88555668647456,3860770.527695362,436.5378641698756,6526001.31525152,13190660.537180098,44884368.137480006
12268785.192170918,423.6308766548986,9787786.995179638,423.1054231882425,11148996.463809181,422.1488627809498,10728031.374496657,0.0,3610477.5103462865,13594671.402342556,61140017.82350786
8048738.233679487,0.0,9190201.580941191,433.9238170941247,11539659.363267953,0.0,16023913.843230816,436.9604332824807,6188157.108999781,14761703.363549948,65753244.37791955
11588159.05196539,443.8370942805487,6494989.408307107,0.0,11775918.73447525,442.2042894080912,7057111.341523715,439.92225352038815,13224215.300476393,12262322.582862394,62404042.38324745
7942181.520494615,432.6338441305595,10333753.357544702,434.3963497401842,6608763.866220629,430.5139824789198,4629878.350508997,429.127702662521,8311902.25329692,10670306.007154623,48498512.02709949
13293873.877768902,0.0,6320574.860007718,430.43215624013186,10246550.499478582,0.0,2214439.59375201,0.0,10774004.691628877,11530839.570370965,54380713.5251633
6624852.98614199,440.3618057917537,9736915.984310798,439.06167053002986,13571002.743278423,435.88213554468655,6023083.108819757,435.0521248073803,9517338.964326043,13244917.025706403,58719861.170320086
10637639.485794865,426.13032277701217,12281402.16925923,0.0,5784602.9296095,424.7228000239653,14295946.26799955,422.7265219871695,8632544.12491587,11310772.45254775,62944181.00977155
13104449.937225567,431.1082236361713,9265492.382277168,431.89136567335476,9935742.829975307,432.45848205856555,3260713.384307311,0.0,10005801.089222642,13665705.653574629,59239200.734653994
3539899.6202342096,0.0,14195156.425766382,432.49908055063844,13398566.010298984,0.0,7882436.688978437,424.48101662953036,2682989.0201136842,11582275.445512539,53282180.19100142
15810550.421195494,417.99267934666386,5319276.419819676,0.0,20572569.063313738,419.65106651914465,18884664.69588123,422.02125884492546,4594309.0925024105,11180732.417144123,76363361.77486138
12841483.641507262,429.54887110563396,9885156.658808028,426.68610838006373,15252126.134745011,436.09202254122505,7656319.494695849,435.5997728170149,9610848.057343142,12455508.067663176,67703169.98153731
8181419.849210527,0.0,7403888.706645087,439.9959000333723,20384969.895416044,0.0,7917501.404431192,0.0,9697670.274282577,12906025.3119311,66491915.43781656
15019034.937217534,430.0123775091155,12209179.060850523,0.0,10556493.681361375,429.98464177271234,13585543.049736474,433.39996435094173,10920002.943341212,17640351.861905035,79931898.93139578
14116858.562923118,439.0261492439411,14510924.385811377,437.7643351601184,11435378.529337715,434.39475636326915,9946762.048453867,430.02900229788423,6914042.397450279,15351284.613155985,72276991.7513754
9092364.153496629,0.0,7470761.446068306,424.57241419887987,16304615.873298058,0.0,8613854.38473551,0.0,6195072.770636353,11778724.515386533,59455817.71603559
14488034.658325799,434.3579244964282,13909451.008603636,438.6673334052365,6371285.736299238,438.28019189478135,20121322.39163782,438.97608452345986,19655388.55749775,12692762.480826797,87239995.11472535
19722334.203781866,438.4113270697936,9917633.921619166,0.0,8785215.882854048,431.7253997274892,2959351.987548185,431.97986505898973,5147537.563957271,17853126.06020747,64386501.73655987
14776022.570129255,428.38699024585486,2038576.2592985,429.5705011740683,10460158.58962097,434.6344565843928,15292868.03542921,0.0,7606794.135309193,10296593.820939537,60472306.00267467
13177838.321794089,0.0,9063939.035112116,428.27335249282584,4274789.646682221,0.0,20609636.172168568,432.9011101059919,9217599.46112012,10270978.345163776,66615642.15650349
10614212.134401677,433.3459510106088,15434852.657843323,0.0,5590435.660594711,436.8852395694135,6139144.174902287,435.9575507488904,20466322.902026203,11529202.702183232,69775476.42069276
15319847.732660454,431.3829428901282,5805418.533790541,431.9210158779196,11815134.430547465,429.7410517126003,14309697.10216495,431.61683147621113,7930549.044320326,11556371.894246763,66738743.399572454
6285704.086458353,0.0,15206079.154038575,429.5661016616443,15100541.963498395,0.0,20029139.58676096,0.0,11277990.727922441,12508227.466597265,80408112.55137765
10578158.341233,428.72744394005764,18965711.647150606,428.8926657324447,4954909.508309459,433.9568337880333,17204959.492665693,435.66358835510135,14550277.213318987,15117785.932558063,81373529.37576762
6676442.498163767,440.7353638487118,23206575.68054843,0.0,11246087.635430519,437.98975983361635,16928426.706773542,436.17062873068363,5557525.405915837,17260944.098334584,80877316.92091909
9529585.867896633,436.8617290669319,19303981.107768174,437.04495042051065,16172754.39272447,440.02244189596865,12393412.69404502,0.0,1159096.5294836308,19511085.714012727,78071230.23505203
6501301.448122059,0.0,3671052.1288738432,434.28221854603913,7427408.529406755,0.0,8068610.36601663,433.5869226953958,6940214.042757555,17834687.954253763,50444142.33857185
2474253.168491657,438.2331588758682,16669668.667854505,0.0,10610321.45529494,436.10014638725863,14935328.294708269,431.4625419752459,10093988.613905618,14670735.159226637,69455601.15532885
5046275.896810363,427.73250979320704,11045086.416271664,421.8052514417109,10587963.713488247,420.93277924458715,4659617.22360292,425.8566658071689,18734164.909331903,10499322.791146653,60574127.277858034
4171364.12497758,0.0,4841807.003021906,440.886316284623,9683544.163801558,0.0,17853164.681413352,0.0,11103606.32526066,3754164.9663492367,51408092.15114058
6674443.167915085,438.05437292628886,9880706.67248062,0.0,12698723.074091261,441.2401660053687,19652543.653885346,440.8570635878047,9635415.65072371,438.06247473259526,58543590.433173284
9122200.343022456,437.51223372975875,14843148.886027353,430.38881658494705,7482015.375962284,431.57556580272205,11668575.209625257,429.0781324160984,8881042.208508566,865.3351892815765,51999575.91308373
7310214.373206896,0.0,13741672.750778195,432.94300207712075,15714090.511297174,0.0,18898171.70866581,0.0,15762883.761879122,0.0,71427466.04882927
7711134.04236853,433.7398387295536,19177044.72119861,439.6944516273316,15736396.196235768,438.85752551053776,10954097.057554416,443.0160190861212,8027533.227079702,438.9418211826317,61608399.49409316
16535158.652812101,437.48646915519333,6228173.18572429,0.0,4445300.207472171,432.426436000964,13107780.584931633,431.7529901325412,10713425.61163477,436.1300938758136,51031576.03856412
9576560.157429771,437.4115694743998,20383230.92408207,439.8016457287859,7251249.976339994,442.8855251437978,2711541.263074509,0.0,8017565.937930804,0.0,47941468.3575975
7347597.470090059,0.0,3556549.0550092524,441.16175218661766,13979881.712256877,0.0,5090595.2420160035,440.0705331363442,12313117.544587122,439.63079384912635,42289061.887038484
18227104.752935577,435.148413993026,19173941.496150747,0.0,19746911.14102799,436.6414411038087,8789367.004246479,435.4926387022,16139440.994659904,434.66044937479126,82078507.33196387
7672604.809374268,437.66517232338856,7016592.301250401,435.7207271354746,2087043.8039215857,434.62300948229483,17497845.37665992,0.0,19015960.382656325,0.0,53291354.682771444
14660567.425324334,0.0,12866525.609687135,442.48507057396995,5794994.443957901,0.0,10969378.529459795,442.575727499052,11529226.579157798,438.77546163412137,55822016.42384668
10466139.840885872,437.62112493987036,18216936.96261202,0.0,8315937.070408914,436.06094690051003,11175722.799090464,432.849547567494,15046201.252842134,433.34455188018285,63222677.8020107
6260640.780945012,430.45010196450033,15768819.171522744,429.92716120907824,9207050.100642202,431.6641209065936,18846059.905559577,435.36192545979435,10542144.63888566,437.5380013391719,60626879.53886607
10474314.979590392,0.0,15419295.071636511,436.4297005269415,12898795.85053265,0.0,12461007.325517459,0.0,5007530.900100665,0.0,56261380.557078205
8232442.5015770495,438.9489988139259,14355289.484580524,438.6190705466873,16921003.110655375,441.4771237387055,3445076.435750263,441.63468802729216,13062977.601101257,441.23271984590235,56018991.04626543
15269090.296315532,441.0603679968733,5953835.544230789,0.0,4096249.668396912,441.97693242224494,14761692.053164631,441.21927871381735,4844660.361295531,441.49900363349764,44927293.67898616
17495414.216163937,0.0,12606272.814490166,442.0888342846979,5742529.948987478,0.0,2924095.136811732,0.0,3692963.4757538484,0.0,42461717.68104145
14990645.251537846,431.37406955068457,26763104.205367487,431.56918235623226,7996822.801130698,439.52886458688323,7930670.303769935,440.4952499310792,10030612.045383103,437.215317149889,67714034.78987265
19322748.341105845,438.17822030423355,6428887.054880448,0.0,16781094.42604199,428.4250956274705,14276676.437449578,424.5785028003085,20593395.484555352,428.69786541772294,77404521.62371735
10242024.329255592,423.0258553795667,22169761.735974766,425.2583890306699,7448117.680873449,427.28260809586163,16850183.189845204,0.0,16327721.009681337,0.0,73039083.51248285
15949448.399011623,0.0,20431808.224812828,434.04795973739795,16295716.31117143,0.0,12215211.677594708,432.7283216270671,22789476.27082908,429.9816112633895,87682957.64131229
11516435.83895588,428.5253141358916,14980874.931211838,0.0,12728142.476559402,427.98110584383835,12273227.623201137,429.4018260710806,11698872.899348313,428.28328313954637,63199267.96080575
9518698.13116622,433.4152659134748,14620529.95333658,437.8790660770761,17795780.20478893,438.51799189208265,11162713.183031464,438.5339435548708,7556688.7830326315,444.13749104066,60656602.73911431
3101609.188050274,0.0,18081569.424510993,437.75472144060336,8222085.944921447,0.0,11098961.141306048,0.0,17140935.339688,0.0,57645598.7931982
2613177.7584494255,433.1792382861794,20030347.484054442,438.86163907667685,8304267.01087662,438.6923769344966,6747505.407764053,444.00075423845624,16570819.444409799,442.60841979326125,54268314.44798267
9235550.823186807,439.9869573008956,18951535.50705821,0.0,21578824.844641987,438.482940518596,4670348.076746889,434.18031954297396,12006077.301574115,429.5146890408644,66444078.718114406
10477697.32922076,430.43326054919277,12003960.165968599,431.7561382552322,8403804.077742843,423.96514889782566,17394056.649846256,0.0,18843741.145588312,0.0,67124545.52291447
117298.55343463857,0.0,11743624.633651078,434.34808497858967,20456322.536825895,0.0,12131040.571552541,441.8183482038715,6903338.58326491,438.6766049128777,51352939.72176716
13280.5386206524,436.95920038997747,17507621.811146606,0.0,12474480.107218519,434.42746979746875,13842570.318144348,433.13627554585605,18457709.031037275,430.04911909249194,62297396.37823222
385247.36595280987,431.22189315463015,13020769.510521349,435.41776092471986,6303579.923550253,436.0938173183708,8233909.286577078,437.4338085805225,7864103.5789799,0.0,35809349.83286137
4973607.160204021,0.0,17285196.72110966,443.0201134932308,8290436.901394397,0.0,658589.9463731904,0.0,11361316.155463317,437.31950083086247,42570027.22415891
7040026.829838659,434.6013367029017,20200291.46504289,0.0,11678029.153247776,429.5133145407855,5231556.178781259,431.46189470977146,13601226.539065344,427.13294172983177,57752852.87546361
9468548.676640911,429.0544488326913,13195376.04055097,429.00498692378846,15792025.441674251,436.16117937310275,13255267.277011298,435.40721417496906,8833179.0182539,441.2898779763405,60546567.3718386
361043.2924078228,0.0,6966500.90102783,441.32576653509017,20746249.77077405,0.0,9916554.084265238,0.0,16510397.198889371,0.0,54501186.573130846
2308671.852748393,434.94479004749627,8362208.557653571,430.9566959641409,19615441.856952623,433.74768827721715,12823718.367088873,437.607046868632,12387646.661252536,437.8633524810719,55499862.41526963
722804.7223659628,442.5154151083778,19524099.07848861,0.0,4159738.8285578554,445.4592325881746,17537030.182055436,442.0851453758578,13491698.698062241,437.37964035327263,55437138.94896353
3003944.5890633618,432.03400192833817,9973420.898205254,432.73892502332137,23606294.4747413,0.0,4961869.8373627355,0.0,13853747.089800736,0.0,55400141.66210034
1604922.1368025232,0.0,17737904.78950667,442.23857827544464,5311331.507455056,437.30658201749605,11871774.51428998,438.0422684328774,15857837.793638065,432.8627627874916,52385521.19188381
1391544.1294061749,432.69781650791714,19637007.814999364,0.0,10610653.061313597,437.0565254579478,5699591.945898975,437.1917711094149,4050450.232739711,439.57636810717173,41390993.70683901
1587412.7850763805,440.12623592897,16298079.709949035,440.9781544227246,14740232.05157818,441.28726636837865,21865134.0204903,0.0,5267369.440164573,0.0,59759550.398915194
6426931.844723778,0.0,17445705.352391046,442.2500414623297,3301973.1328919088,0.0,17947078.489019416,438.3768654685222,11940226.890652005,438.98173178858923,57063235.31831688
6691008.57542005,437.5992472461298,9933214.499043103,0.0,11968293.732671756,433.28225309724684,7789261.293240092,433.17970430622296,4281555.847474005,433.31778359141356,40665071.32683726
672113.2694228882,435.3525111094292,11468767.080404056,441.0292565531183,9722320.960736128,439.4736006863003,8030192.857637949,436.70376242288467,13401129.364595812,432.5452624717395,43296708.637190074
2767986.0836801627,0.0,7210135.242241906,423.71209903409346,7048684.526080612,0.0,4983235.581373925,0.0,4537677.097294993,0.0,26548142.242770635
1508911.54948919,438.8341848745357,6056819.848174068,440.0501411668379,17057939.000057492,440.49418976731283,14068926.576271335,441.4844813374095,15660331.926300814,441.6457323967205,54355131.40902244
2817971.1970955813,435.65868605557,18601149.594015155,0.0,9148954.341606773,435.3013041746649,19109809.717069674,436.06481930717086,2699955.811380495,427.147169574335,52379574.833146796
4397273.726961265,431.258841727061,16870272.075982045,431.6675453968298,23936649.095633112,0.0,2247768.787840645,0.0,12597392.737209676,0.0,60050219.35001387
598349.3142589069,0.0,8515893.441114193,442.68666739228667,4697662.092189889,442.63372071676525,4487923.231486502,442.7701035720868,13147701.922870582,442.05097735693704,31449300.143389113
1971667.6954629652,443.00081195086045,10754533.462751856,0.0,23895929.665240716,442.70418930195893,15657685.482534988,441.9086351106996,5255232.474833128,442.8053567752368,57536819.1998168
7969355.638623462,442.86545597568323,18817226.45305857,442.80779159594516,15717218.923604136,440.30652483947773,20083079.677109916,0.0,10931862.714618882,0.0,73520069.38678737
7535531.973752277,0.0,6217305.919714961,435.78816263033224,7843572.946538589,0.0,10107497.210945457,430.7009464756287,9427412.781148737,428.4281954064008,41132615.749404535
3552204.769253702,430.8952662572454,11016348.764574816,0.0,9609947.824520037,432.17599024566164,8280295.106575733,430.42939549226986,11933741.694938306,432.21198904606473,44394263.87250364
4127236.6565819522,433.1874403854235,1942030.592439905,432.62891681062445,10473522.075274654,436.02883690971976,4210458.264446077,439.25469654629524,16043357.412103588,0.0,36798346.10073683
3215319.590826215,0.0,9819712.550451955,440.02359596263375,15620452.167133551,0.0,7326662.618774787,0.0,7859309.143761269,438.6564374951385,43842334.750981234
6903460.669274148,440.7980872809438,5284113.718881978,0.0,5681765.507054464,441.4363709557885,13797190.197341667,442.3778282183515,8040662.295793763,442.1882638573008,39708959.188896336
6143282.302437216,443.1167439689168,16124585.96267352,444.96912481293543,13234565.057738373,443.6216427036853,10466618.94160704,435.6906472624907,16648819.160725676,432.2405696835206,62620071.06391025
11183105.272345396,0.0,17079263.57595226,429.2717225339166,22034569.47587877,0.0,17702434.93687983,0.0,5745139.859761616,0.0,73744942.3925404
6074055.319476967,437.8185987219038,7880645.93070437,433.1407484922755,12967970.746329848,436.9951468038125,10954788.34693281,438.00281433483275,15709469.22645523,437.9016384884927,53589113.42884607
9025371.714501724,435.91516777918974,15026714.439682908,0.0,15322957.434173424,441.57569719935856,13674780.255065085,437.5774668458766,4545684.659072281,435.5013996719353,57597259.07222692
1535854.2800314832,436.92069970997335,18278315.946448166,437.20496797293987,13870601.891343983,433.32412560478184,14782860.657227771,0.0,13310946.664890073,0.0,61779886.88973476
788272.0840169915,0.0,14388165.232244162,438.47224475759475,19354910.293344863,0.0,3997479.594943803,438.1035602691468,5868135.873309535,437.70256723325684,44398277.356231615
3050331.9384377473,436.08059299127154,15432849.06357506,0.0,12206015.688349284,436.09277823506477,7461553.312597301,434.6029315956693,10279748.850915065,431.4655009278605,48432237.09567821
8786494.080818411,432.8159547609056,5260511.641545292,435.4705965310577,9725899.27818314,438.45114125975005,11713217.421425821,440.0399458907599,10287073.467098294,0.0,45774942.66670941
48217.157053752984,0.0,11186540.71793774,437.6418632081368,7033698.051285348,0.0,13327628.035939513,0.0,16941669.919399492,424.28912928529684,48538615.81260834
500020.88458901027,427.1023143002674,10860224.076855266,0.0,15504717.633878507,422.0030360082654,18863463.763544817,424.0519478221711,5861134.809372202,436.3789965779227,51591270.70453451
4564780.46005871,434.96762479415764,9859903.23839666,441.5637847085143,11096416.010859622,440.54199858861375,3447769.86686301,437.85478190404484,17740393.08823964,437.2855905736025,46711454.87819821
9258831.980250828,0.0,11987363.344749598,438.65357024033864,4811117.526494405,0.0,9219838.84658563,0.0,19049723.46952024,0.0,54327313.82117094
5105578.687040982,443.2668924467875,16980169.59072204,440.1054539635738,5964462.626214511,439.414226671998,20212613.516878374,439.7169234801411,8821572.77460475,439.67908758001846,57086599.37804481
1843929.7826715012,434.6833481267363,20675467.465701863,0.0,11493734.42369302,431.80345821807765,15654733.235345697,431.80299515449343,11845563.097866101,431.0224802163691,61515157.317559905
6500823.201354938,436.42269965381274,6562069.935025506,438.8794335301018,15097066.725457912,438.4140956883869,8641430.641952358,0.0,15642489.324248875,0.0,52445193.54426846
5229115.903266782,0.0,10078776.103468364,431.1722073079711,7841648.997868423,0.0,18761188.013118867,429.503510028745,15229011.161971277,431.792159750147,57141032.6475708
6311235.158456708,430.4146721017603,16498902.695175553,0.0,18019503.358036704,432.1989063141008,12163301.048544956,432.5393149507995,12112761.273262953,439.34748603351954,65107438.03385628
3403533.444778941,440.9001233612694,7595532.707653186,439.4544150822313,16936689.630220983,439.5363493086131,8374272.618251532,439.4566213414557,6291980.880263541,0.0,42603768.62867728
7156730.80239177,0.0,9928657.780186255,433.48077627810414,19095734.049453147,0.0,13150291.374517392,0.0,16277895.471510373,435.2488860246055,65610178.20772125
7133464.203957644,438.49946267496824,13324147.852613468,0.0,17843831.117710073,444.41435668315984,9274239.325347334,443.8392469177308,19198463.586499482,444.54810907632765,66775917.38730336
7261461.405195,438.31377945735954,7440158.88524851,433.6410895295648,10514281.727599153,432.6879590657754,13509170.358105209,433.0466497199227,16927260.22125983,431.2703894544861,55654501.55727492
8082739.875798992,0.0,8786703.55525289,437.73749395010583,19787692.957859956,0.0,15580503.634903703,0.0,18585129.298985083,0.0,70823207.06029457
2170078.5398122617,430.63212852831606,8519634.307907557,431.44996687939147,15227880.108127454,433.1400029947901,20554789.63414382,440.6768059288483,15506877.518012758,440.94154978039063,61981436.94845796
4889366.994845391,439.4954743184518,14135634.518796705,0.0,14034784.483556751,441.3256697925846,12167591.594209636,437.5717605492376,18614226.271525998,437.1225718258411,63843359.378410965
12671793.776845738,434.88165458713627,8772206.246485515,434.1404346135658,23436243.860747054,433.8895897925062,15439797.690779647,0.0,6956625.400724436,0.0,67277969.88726139
4285708.22605568,0.0,17269705.622764397,438.729087121657,10147338.791286504,0.0,13416032.40130986,432.8509435033204,10785649.274971988,432.1379567919122,55905738.034375854
7024499.535679453,434.0071635137218,9752410.343361704,0.0,11641078.778162314,433.27628529185796,17243037.493958607,437.1000796576437,11786564.968202492,438.8551339377675,57449334.35802697
1258378.18854951,439.6713099404349,11376525.629797498,440.12104025362316,15174348.73882442,439.5353897146585,11579012.373470291,442.10893021135416,8513206.319975419,0.0,47903232.687287256
2280880.495223126,0.0,15557676.243318036,439.1584976088328,17182803.367639225,0.0,17051898.12974569,0.0,10613934.581340568,428.72360945690895,62688060.699373715
2227750.5071176714,431.80105029828513,16924301.596700642,0.0,4736075.967200077,435.78740799184385,11093703.22274012,442.42536623828346,18347161.90292875,442.54907128627167,53330745.75958308
2287289.081912593,441.62015680380307,13218594.682700286,441.9274535697227,3881392.3899961887,442.8165571722078,20019132.420364812,442.364122833982,12918654.29182912,443.1468825774051,52327274.74197595
2655355.049352813,0.0,25963783.57118455,444.0198492340401,4006512.0188253275,0.0,3349440.094972986,0.0,14516544.988978397,0.0,50492079.7431633
4212168.448258274,442.74322921042017,8119201.459609678,442.7399188263422,13803799.223473398,438.877615750944,15596977.394914921,436.79794113748164,17911385.362873312,433.8736937019257,59645726.92152822
2239295.2289206404,433.07515453556726,9226775.657888485,0.0,14344373.88569848,438.04855887352187,20336601.02746298,440.3092211492849,5844342.163800404,443.1156711490345,51993142.5123767
1860917.2421421413,443.2501066698018,14138896.112440512,442.6228215027797,11056198.33698732,0.0,7405864.53701423,0.0,8982317.410064578,0.0,43445079.51157695
8778451.783038938,0.0,18724742.44882501,439.9491710577468,15604052.95471306,441.9388036213561,5848842.505743412,436.52754703922506,5848576.350719032,434.8217304396562,54806419.28029162
8915572.983820282,436.6970369258507,6926968.672140741,0.0,13212020.267424356,428.46676405389667,11844624.239341283,430.184933721168,8775135.342443855,427.8880530859661,49676044.741958305
7052171.487662107,424.05212645742085,10461499.841526173,424.51189583310054,14093603.333713854,431.5690898439032,12896026.005154675,0.0,7253141.728020879,0.0,51757722.52918982
9024680.006252805,0.0,14403758.662619138,440.23912782501395,13005141.391693184,0.0,16615615.94312303,435.5998670654703,12828821.337376205,435.70893985651855,65879328.88899911
14699163.546476187,436.39252278511276,5450510.722011745,0.0,10181349.885026252,436.152580813511,3093474.2218446303,443.26464776343846,7480379.246328182,444.21588820741636,40906637.64732657
5855438.768473108,443.79385026614193,16767623.187437568,441.5055873891256,12514335.241793087,441.3689179208285,11652096.122348912,441.1539220042966,11856270.24958106,441.2799153415588,58647972.67182665
17426447.393695008,0.0,11934326.168544577,440.9959277335343,16725402.340539448,0.0,20501911.429286826,0.0,22129979.684300177,0.0,88718508.01229376
2222623.1951164855,432.66926835684114,10497603.69743777,433.4145194707229,16062534.53320491,433.45296461613583,8371972.507644835,432.9596680263776,3398832.149341341,429.56784312453647,40555728.147008926
14904475.902324649,434.6414940366126,13463852.546649378,0.0,6101252.085474769,431.62145816472554,20230632.06281702,431.75539751635114,14040265.498740548,436.175259065365,68742212.28961515
28463422.750483476,0.0,5705220.108621541,446.0020894863745,19259107.284338523,0.0,5297058.892065829,0.0,16683519.968211744,0.0,75408775.0058106
7730848.298446257,430.9113137698754,9583250.178507589,429.9433203256887,5922568.220086223,429.68070168923526,7713220.169553071,435.13214339438645,12601812.708310204,436.74686735712584,43553861.98924988
10362586.89471014,435.4456369373506,14467542.744421838,0.0,12178933.447233776,435.3465802777503,14143913.936212933,434.59861603049086,5659538.742937176,434.1451155637394,56814255.30146467
3485834.309428367,440.59309609810384,17676381.308677733,437.094765390575,8367849.938382892,438.12167467027155,18150304.00078052,0.0,13600642.225691177,0.0,61282327.59249685
6000122.834991047,0.0,14418529.765039867,438.31244349009114,10410152.780884901,0.0,14180733.226449905,441.4297892643019,18223106.614093818,435.7595825225697,63233960.72327482
14389348.076018326,431.0904076103423,7892175.658071455,0.0,13215478.705425134,424.3634482680122,16820728.400297835,422.44764428941124,14637179.64941358,426.2467064458494,66956614.63743294
12932149.453677794,425.8854030928777,21190015.601036545,425.3609058124345,19464204.411785394,432.14816023216576,6063033.155352612,431.42361703386047,19263472.77904869,433.1494150888635,78915023.3684023
7367738.599314858,0.0,4676967.501913872,436.88125777407043,8919123.939638274,0.0,20892241.334397387,0.0,7884231.9938137205,0.0,49740740.25033589
18882009.455198005,430.16728583628924,11247758.883639527,429.831241465358,16221353.836126512,428.2641511119677,3796423.541004518,430.7486805383797,17233641.711862184,438.5487500288624,67383344.98793973
5138374.239562395,438.80252593071936,21722986.08711281,0.0,4804976.977385615,437.5616797888854,5826731.157051596,438.013963685541,2138129.9962799093,437.94574236137953,39632950.78130409
10301396.102499278,438.4779745646672,4700553.95549423,441.43443514380135,5795622.77666801,441.45311643810834,13790591.105303315,0.0,5177771.502157094,0.0,39767256.80764808
23475250.325509105,0.0,10480920.358938497,434.1985791741612,20173924.764550716,0.0,5089385.9138095025,433.0363106652026,12240296.84092327,430.4901401270944,71461075.92876105
9119721.84854018,437.7849918075653,12671108.376636209,0.0,15833497.192240404,431.87385543339457,5530777.204031172,432.66898940326644,14278607.649972871,435.50611001642073,57435450.1053675
7860625.969799127,435.2207529427024,12195560.241477285,435.21125061635973,11226204.699799972,440.8476996833235,10541994.782875745,0.0,16518556.845323112,0.0,58344253.81897849
13732174.043325495,0.0,11968585.986167919,438.59871731721967,9091204.832449732,0.0,4911446.5020499425,440.8426800220195,20975452.42610014,439.19988481524626,60680182.431375384
2472497.200574706,434.88841822401895,1264618.1443322692,0.0,14415193.53395941,432.3480592863527,15638303.265362306,432.4739030136206,18557510.55177039,434.38013533264206,52349856.78651494
21322962.245134916,441.8206752226203,13401992.883386593,442.6572726371259,14229285.484554986,441.42359491042015,14945554.854690624,440.47982986990826,15082351.787470942,435.55529209827927,78984349.1919028
25027187.9715527,0.0,10764935.075552037,436.45694930657385,12237122.081075214,0.0,12533102.562785164,0.0,14145759.628232328,0.0,74708543.77614675
7884299.738466898,436.51533748716156,9483100.410966951,436.54638326918996,22724433.62130703,436.7001628353259,18398142.192943856,437.7353049185774,14015441.228143852,439.86564130843726,72507604.55465841
9414659.440097578,438.29326371493846,18984633.78927577,0.0,11353067.187705215,431.15614035801576,13748874.041335706,430.8498047949625,21674400.49154478,429.9230298117472,75177365.17219771
10640212.592569022,425.81460285607085,21338372.82222141,430.26216024624927,9108547.803998912,427.3309479826721,21687823.984386433,0.0,12972690.118390195,0.0,75748930.72927704
