1431058718.6495097,1407570182.0062068,1422496429.2339873,4261125329.8897038
415377.26843801886,326444.3085467845,457953.0209071938,1199774.597891997
8809.012597549034,315483.89365358517,726338.094222478,1050631.0004736122
355398.760002004,199211.98433784096,444517.70758649486,999128.4519263398
394756.1935950121,170565.01475690992,442517.49005210336,1007838.6984040253
119780.12681180322,497872.9395100055,527502.9217606443,1145155.9880824531
376040.93496587075,178575.93047734266,374551.6036148517,929168.4690580651
481128.49793330807,485091.37528495886,310596.03680796607,1276815.9100262332
308157.45473656495,444359.5767674742,553683.6944873194,1306200.7259913585
525991.449839917,302552.349162307,427906.50870066864,1256450.3077028927
159239.52506351192,407399.1723539117,252094.35923048106,818733.0566479047
447974.05516971933,371953.55707386974,544334.6887337815,1364262.3009773705
580363.1891982115,75336.57166683978,560051.3613710502,1215751.1222361014
600299.0771084656,693164.3845672773,421054.757865836,1714518.219541579
204162.3594106127,572243.2400954356,605400.5765723462,1381806.1760783945
318810.9046140499,928100.3664545481,362388.57190456294,1609299.8429731608
805374.2915777835,395900.5047120275,763868.0521343026,1965142.8484241134
140497.02317402832,914350.2884412056,22735.700144130493,1077583.0117593645
431855.14822584816,419878.7279817199,453094.40780100896,1304828.284008577
632513.217739448,849090.6617142562,434841.93321900506,1916445.8126727093
37023.96747873051,590384.4291592676,1028565.5868090992,1655973.9834470972
262556.87180040294,1261428.528309412,66875.01447470041,1590860.4145845154
624390.2476598059,312397.35044999176,994372.3183384705,1931159.916448268
590001.6221399578,673842.1616473797,270993.01746097597,1534836.8012483136
426391.4163108348,494390.8134426749,503356.4703756146,1424138.7001291243
897195.5651531704,470162.4757143833,595673.3999132719,1963031.4407808254
303181.43048076803,525919.3437673585,388240.6750541648,1217341.4493022913
657285.711540596,473662.4610194926,512757.96559595095,1643706.1381560396
324673.93461911357,173315.91962294342,263606.5411153665,761596.3953574235
784256.4277210098,348294.3223636649,366451.77369140193,1499002.5237760767
269480.0798906877,522551.3559518365,552044.309392067,1344075.7452345914
562027.62759975,519779.4643962048,409318.1497572671,1491125.241753222
472248.5709574319,448261.404206133,290074.08493898576,1210584.0601025508
217898.7466448588,166575.19385733755,143311.02405204758,527784.964554244
547912.3964843338,588608.6574127539,547643.6715116015,1684164.7254086891
426550.7684437833,298017.98585840553,370592.8903786452,1095161.644680834
154458.95251884547,843466.7995731004,657327.3851158185,1655253.1372077642
760991.0827667887,293557.58575681766,454298.361946257,1508847.0304698634
72932.42603976838,162443.9738467011,466149.33258277073,701525.7324692402
470673.01121466514,459325.1147336687,408614.43915632827,1338612.5651046622
834229.8604719727,724737.253607018,251631.96047953336,1810599.074558524
535927.7858524692,423118.72233418643,580628.3262765392,1539674.834463195
929006.4510630938,549558.4384474597,449702.67833821033,1928267.567848764
276515.1505555936,836498.2457342835,557556.0636663408,1670569.459956218
37944.89954864775,32344.239802468066,289622.15800957795,359911.2973606938
578483.2519134528,535205.1463138233,614879.3102672324,1728567.7084945084
634532.3166678206,591462.8308795069,537706.493928197,1763701.6414755243
375013.0127271272,149757.5731631405,24179.081631104098,548949.6675213719
668665.1777132127,651411.4148493595,685854.8519150064,2005931.4444775786
410681.90684354265,499019.7439462049,122901.15036695865,1032602.8011567062
348371.6850683659,304202.52864746813,444518.49463949044,1097092.7083553246
584859.651403944,683215.5508058475,770540.5472968185,2038615.74950661
1013480.0679031308,335925.6369478109,460528.4856093825,1809934.1904603243
690519.3164066912,718891.6843586046,913455.2443520481,2322866.245117344
597708.8564013358,431410.95781005616,446619.36031020666,1475739.1745215985
273526.81832394714,771428.1458983509,1174344.1748395972,2219299.139061895
1134950.7893073268,280946.73834335693,755642.0264507878,2171539.5541014713
359896.114399524,396365.1197725804,964692.1207220843,1720953.3548941887
586243.6614762668,697362.6569287521,600962.1793229061,1884568.497727925
507009.5151449834,449446.0771460625,482721.9933599882,1439177.585651034
812646.6403028719,654302.9211980663,552810.6760630491,2019760.2375639873
395122.08708700887,458850.12068639044,1072741.1781747327,1926713.385948132
559526.6066563396,535595.0773848484,532406.947640977,1627528.631682165
604712.5140978692,446004.67061634484,596508.6594869323,1647225.8442011462
688685.5130842075,681198.8137533165,653078.7288730098,2022963.0557105339
531845.9709875785,438717.1827417549,785575.1605878903,1756138.3143172236
19072.020892391578,885527.3795818469,532120.5340571176,1436719.9345313562
649576.449750616,415187.51338699635,376773.5639522156,1441537.5270898277
901959.5874986986,359101.8176215291,1172730.6184958138,2433792.0236160415
598197.7201607417,754000.5908599674,248724.49128585588,1600922.802306565
767935.5814522215,378462.05040590605,464287.11022467253,1610684.7420828003
649033.6097545668,835384.0925815245,868787.6217174351,2353205.3240535264
902393.245055334,401930.41710436175,371819.1572688978,1676142.8194285936
734577.7727609923,896338.5156492521,550769.5072030462,2181685.7956132907
923586.6093825991,590104.0409846414,512812.9351229884,2026503.5854902288
395369.7811106516,715602.0578843569,334470.7829894052,1445442.6219844138
547707.420577827,522876.6677924727,568682.6053089709,1639266.6936792706
661434.301922398,704425.9710206393,627698.7350980125,1993559.0080410498
751998.7665744893,516784.80255417386,883340.0095873409,2152123.5787160043
857248.8011701652,796130.9575900786,555797.4847781322,2209177.243538376
535485.0689959631,417255.17136663286,361092.08673794114,1313832.3271005373
366963.35679863754,533808.5209021282,1336583.5945243184,2237355.472225084
1150708.9041144685,1041083.46328277,244460.62484206984,2436252.9922393085
518615.8478230348,449335.961773699,536511.1928791852,1504463.002475919
207075.06139414318,986685.4407909061,918135.703104687,2111896.2052897364
1179063.2960291721,515808.33702331287,536382.9455015672,2231254.5785540524
299762.5543617327,658863.1482531794,1055511.5152254468,2014137.2178403588
960008.3392347402,945551.4367898242,561468.0373534664,2467027.813378031
391698.6296098353,613358.1658996358,727436.3231624634,1732493.1186719346
697930.5088900687,691328.8815445283,728253.1270076224,2117512.5174422194
907041.8146534747,676680.5160525647,612260.6536239629,2195982.984330002
847865.4637090937,786589.7182512813,183893.2954735238,1818348.477433899
608800.0984060244,888012.1306583468,468881.5609218839,1965693.789986255
737306.5462448108,529048.9535084539,848943.6064945414,2115299.106247806
463259.4884452948,549124.5401661696,310233.5241570814,1322617.5527685457
782121.4519274149,748913.5158309985,773589.2534466436,2304624.221205057
579786.1321445388,607292.33852223,527459.0762392194,1714537.5469059884
202399.5414513271,1122664.6044328716,1058127.3906521706,2383191.5365363695
1034067.865301492,498914.901951281,656695.7882555164,2189678.5555082895
373511.7747388987,779489.165166472,276563.25844095275,1429564.1983463233
824743.7849831154,799283.6245669631,756556.8092662925,2380584.2188163707
478800.3702507562,386497.44211914454,439597.6411439148,1304895.4535138155
611692.858691702,638301.5658454533,978558.5641000737,2228552.988637229
597414.2013203972,925679.1294709083,597659.0800966594,2120752.410887965
567223.3531917427,576864.7774185855,553416.2942070075,1697504.4248173358
639307.3256860762,723804.4402961332,695704.225305345,2058815.9912875541
813927.0419194386,171563.1400295787,935208.8305419269,1920699.0124909442
563514.1897930902,416494.94732992357,684444.715910994,1664453.8530340078
458693.7600206359,857104.3066604576,892484.6951426762,2208282.7618237697
987391.698649415,362092.88339182106,394170.279541193,1743654.8615824291
460047.19153311575,443770.9248907508,522870.93536281795,1426689.0517866844
243836.61596369045,974366.6025144544,1019777.6877019563,2237980.906180101
754530.4092280755,777916.6744015637,325034.2727453393,1857481.3563749786
307100.7221975031,1100274.7139228326,270463.75482373725,1677839.190944073
581652.29479466,828215.762608796,895706.2218148487,2305574.279218305
616425.5776415678,607104.8894877625,518192.23716816184,1741722.704297492
493243.80504778656,883149.2731074573,638112.0641058411,2014505.1422610849
714418.1938764623,621811.7411909676,440237.5194944993,1776467.4545619292
600243.279725743,824587.8117318652,606211.1275796975,2031042.2190373056
457163.53658931446,456419.4046181622,357584.3912655722,1271167.332473049
312951.8876485202,974405.7284255163,584541.0620105928,1871898.6780846291
386492.9259780983,629999.9596320005,1080578.0419532584,2097070.9275633572
555866.7534719863,490491.44863760594,440811.939138765,1487170.1412483572
559717.5860416089,992491.194698037,671694.6726552903,2223903.4533949364
394437.7185902921,385046.4370919924,1319884.8838084447,2099369.039490729
920080.4582277541,921107.708831347,340058.57031596266,2181246.737375064
140440.27867046188,998598.5586417125,1030397.6076670779,2169436.4449792523
276979.71694394347,320917.4850493758,1311203.0719539924,1909100.2739473116
763250.1414689805,673904.9523124135,671031.6589481549,2108186.752729549
451356.46635982324,874364.8568594081,893295.5703408854,2219016.8935601166
620633.5955156197,394983.01176829665,339731.25729297166,1355347.864576888
332084.0481637118,591747.0367483008,725599.737643368,1649430.8225553804
489022.3203653714,726110.9444427424,979959.2945242947,2195092.5593324085
782097.7362972068,674725.1127405327,19775.320997731826,1476598.1700354712
234614.48305410563,634359.8899442126,459338.8819788527,1328313.2549771708
609447.8012953978,705564.2647314765,525486.7498500167,1840498.815876891
526755.4326743459,571298.9494615394,674013.8529479499,1772068.2350838352
471185.65102491085,773518.2258307214,1079823.2859307262,2324527.1627863585
846414.4210780996,976029.7446855003,209475.21488896362,2031919.3806525634
383210.816143909,602689.1380214647,965329.2687190161,1951229.2228843898
613550.8752435911,972177.7190452454,680136.3074836952,2265864.9017725317
780749.1704752039,574050.868783477,323411.0838530125,1678211.1231116932
653360.539494457,972350.876412863,705855.5786084594,2331566.9945157794
609750.612543974,319711.8203868558,1033704.450151974,1963166.8830828038
791893.3983733812,789792.9503348351,596577.7197737048,2178264.068481921
647817.6784688634,697008.9687508564,698044.1146671405,2042870.7618868602
706529.0711530618,790819.4301075103,783290.6284152287,2280639.129675801
352029.07823812426,856866.0127408602,988520.9506432337,2197416.041622218
894371.5662915626,354981.11361374665,595081.7327394972,1844434.4126448066
587777.0609024124,919958.9424785879,493578.42595003115,2001314.4293310316
385699.7917959701,503515.9562649424,1105118.264904665,1994334.0129655777
1431665.092109154,562969.1719194675,347578.0278989532,2342212.2919275747
202976.7518132168,942078.8976055519,953213.4986864935,2098269.1481052623
887460.7171626551,406095.52927750343,948474.0681808412,2242030.3146209996
326962.9636521249,1175062.6554675673,577508.3025094084,2079533.9216291006
281189.2210158129,294079.21693138476,1480453.7489810588,2055722.1869282564
1035515.2033890089,496458.7839135888,656137.5587368192,2188111.546039417
549297.127686316,833747.0933870056,797756.7566199091,2180800.977693231
860760.9654834266,509182.86207828234,1033734.9299469782,2403678.757508687
307845.8752514017,675952.54319566,863114.6683256453,1846913.0867727068
741962.9430021844,608139.9744755747,774707.450504718,2124810.367982477
737055.2709998827,698578.3836863501,761533.0525385012,2197166.707224734
503287.5229884229,389723.38831639406,1194173.0664026702,2087183.977707487
842327.8008558576,629173.6229862587,623830.8911670203,2095332.3150091367
295346.02110881195,923194.6415331289,851724.3626276348,2070265.0252695756
985824.2422413847,345620.602391332,968437.9396226612,2299882.784255378
377728.90066704695,1161272.7867443133,360551.2402788807,1899552.927690241
473808.19681253366,395286.25734200666,240425.87151241087,1109520.3256669512
937211.9928471638,868334.7598412038,407759.8226038306,2213306.575292198
339961.9424034209,443406.355215643,959467.5518779979,1742835.8494970617
905874.0998877368,353806.99929836084,846672.2964967344,2106353.395682832
345965.03861773177,683163.4998653742,611996.5722397529,1641125.110722859
385847.5406617861,734480.5142890728,795072.256122997,1915400.311073856
731644.6697654782,619822.7931102344,750430.9306929995,2101898.3935687123
378228.5959152917,616970.9863419704,876325.9225918591,1871525.5048491212
684661.5043981154,656114.4385111184,677905.6902576219,2018681.6331668557
314439.86585445766,211441.02397102283,891719.9168345215,1417600.806660002
600249.3064507383,562874.6928494737,302758.8580441385,1465882.8573443508
296289.98584686505,373608.5090564813,783429.8138848658,1453328.308788212
428318.2005136835,286417.5256042381,434319.43662815663,1149055.162746078
616195.5775219738,576606.6803271731,629151.7807144534,1821954.0385636003
429514.8828618755,247847.5905390784,416909.25259611156,1094271.7259970654
474638.2695368088,437808.52749020216,937265.4755354617,1849712.2725624726
478524.5288710613,571164.4083850542,663640.3651912711,1713329.3024473866
753685.223694091,524901.3979884038,819542.233834813,2098128.8555173078
473664.053736356,633910.7012257943,653816.7809892604,1761391.5359514107
708645.3156367319,650742.1887866942,679433.72047388,2038821.224897306
340460.495507115,641108.7105287069,460261.94614844926,1441831.1521842713
967370.8247913956,395982.9444962631,563502.7304992056,1926856.4997868643
443476.6829722556,481220.9374517745,943828.2554570296,1868525.8758810596
725838.583063884,1147658.8422269216,356100.7439577237,2229598.1692485297
944939.9415157129,312348.01016481547,1071405.6122711743,2328693.563951703
589001.2123989199,1199854.6568152003,369222.38745110965,2158078.25666523
463507.62220063864,335860.3375475733,1180746.666505123,1980114.626253335
744804.4107396435,633307.6940805551,713032.3655439076,2091144.4703641064
629598.1687108064,1073878.002163776,359199.56474361697,2062675.7356181992
854161.4839155214,593363.4306938737,540193.7008441541,1987718.6154535492
410027.3429566414,678157.375494964,544074.8849005465,1632259.6033521518
532244.578715272,544101.2205231655,556574.2109098623,1632920.0101482999
671912.7422101571,704008.073041728,740893.310002084,2116814.125253969
507867.4819410631,674659.6616809875,710429.6968691739,1892956.8404912245
