13112648638.091812,11231501302.309135,11022769249.649326,35366919190.05028
9459659.073252968,13768652.323873783,5846769.059141597,29075080.456268348
4421755.598882172,8562843.192950906,14200242.94474117,27184841.736574247
8651505.947651464,14244169.352585109,5164873.668007994,28060548.968244568
14607699.503710762,3207113.408630312,12774217.300216453,30589030.212557524
6829455.81700536,3862066.1421231204,2431385.3414674397,13122907.30059592
9144275.369500313,5697668.939021648,4089369.3924251734,18931313.700947132
12500144.091292037,8396563.482496833,10602553.905839032,31499261.4796279
6592960.4763557,18063497.64169701,2060739.9415187782,26717198.059571486
13953877.395167273,5037248.239712052,11668964.738549648,30660090.37342897
5296276.0029004365,20011289.187060364,1368889.8732640385,26676455.063224837
10186552.710138949,4859080.780006795,4206577.733066282,19252211.223212026
11931602.748787358,10729183.87535646,9608460.357066035,32269246.98120985
2418854.7995376,7258285.194979017,1928742.9486591697,11605882.943175787
18666832.31370314,15036748.658513563,3151738.6996796243,36855319.67189632
17614586.76614215,14993195.399008976,4763882.868490886,37371665.03364201
8184976.890638981,14009197.748503657,13528826.119815258,35723000.7589579
20823201.18220533,5550297.123265645,2329026.906903921,28702525.212374896
5893533.701146967,9213517.62842972,12608486.443345124,27715537.772921808
12395436.157646043,14880452.149290707,2557374.4766880195,29833262.78362477
14318170.370776689,7479115.187470535,8939808.217723211,30737093.775970437
5566076.607985033,14220378.691785157,2958554.60463675,22745009.904406942
14325389.167587716,12732974.132167302,3459440.347966459,30517803.647721477
20885873.76054202,3323075.611023693,4039823.497211903,28248772.868777618
14540437.3949665,5546007.495457949,9668779.117297962,29755224.00772241
4215904.975746992,5543307.1826736415,17290867.892620936,27050080.05104157
10209818.973224882,14281092.96768904,5373410.816163279,29864322.757077202
14779169.831936322,4800366.079347201,11136657.742939698,30716193.65422322
10149401.577757066,10517218.062098363,10271997.712976625,30938617.352832057
15831776.190727213,4859120.209861514,5431763.906279466,26122660.306868196
16565563.9070288,5946285.354531394,6709499.5686347475,29221348.830194943
11526944.900210444,8241901.88683067,7873418.487326586,27642265.274367698
15022281.358047215,4686118.561187483,7805539.149502459,27513939.06873716
5949824.392372489,5185220.766007388,8040248.63508979,19175293.793469667
8005211.176624583,8092008.123526382,13353508.456493566,29450727.756644532
7147385.344072135,13461585.438030282,8372193.6043624515,28981164.386464868
1566965.5642418845,9041479.850937681,8888211.91702313,19496657.332202695
5100485.442893495,10253976.81675163,15569582.943772152,30924045.203417275
7726521.164958249,13044387.722576277,7460064.649125758,28230973.536660284
16703185.964038186,9593699.964798164,10827387.090616988,37124273.01945334
12193026.054857837,11488580.023220513,7047846.344687291,30729452.422765642
10212425.666823823,8310329.561421732,9143454.223902486,27666209.452148043
6457316.472217444,2439185.3821817436,17446500.185031258,26343002.039430447
9065185.49203072,8122180.757138705,11994998.144751908,29182364.39392133
5087955.303269284,17178000.813903417,13128774.851657055,35394730.96882976
3151246.957957816,11485271.780825846,8062921.13753662,22699439.87632028
9210362.789425118,7363581.674343885,8271051.716650948,24844996.18041995
6123804.298880852,15875956.266426459,5323490.107990592,27323250.673297904
4844395.819666655,15522189.785358101,4005431.975540854,24372017.58056561
10117206.884801984,9113854.097648846,9041294.478443097,28272355.460893925
10412579.157734148,7082058.513708794,4802695.307237172,22297332.97868011
11311873.552897615,9852610.241853647,6347279.191144174,27511762.98589544
2684900.0204051966,3134040.384581139,19070065.42456049,24889005.829546824
6919693.748784932,1946798.7462438282,11022626.323649904,19889118.818678662
10452334.015042907,5742723.341051058,13961180.755299412,30156238.111393377
14155406.544319747,8935577.427776556,7970005.735317911,31060989.707414214
8285124.545721002,9857464.37255968,12583252.722915553,30725841.641196236
11100262.579034323,14710108.820872216,4013963.5487161954,29824334.948622733
16569364.089174546,722013.9398907538,10923855.03498705,28215233.06405235
15339710.551099496,2832036.9131247057,12952941.925595727,31124689.389819928
2078322.0693434416,7026142.501173573,1227068.1417448628,10331532.712261878
15112735.787343591,9745713.441822117,6087566.515564672,30946015.744730383
11575440.300264524,10341648.946525024,9846872.553800045,31763961.80058959
23167772.214078408,2650042.904444239,1098725.294435111,26916540.412957758
12284337.809149144,9210533.619734185,10666930.95410067,32161802.382983997
8895771.161181176,11387486.752405912,11138488.70375018,31421746.617337264
14673740.939495219,2927912.505568722,12668506.844048988,30270160.28911293
3165642.6740256525,8321280.81101804,15717157.618370822,27204081.103414513
11066595.443698728,10173528.07096798,10719661.394337824,31959784.90900453
2468916.4522071704,2211757.1958335536,20377927.913047865,25058601.561088588
4378527.019406511,13027060.891284332,14008440.647130875,31414028.55782172
8287670.839349189,12534554.994483834,13615416.391058616,34437642.22489164
17559318.514418393,2712781.2782629896,10005263.05003535,30277362.84271673
5497848.7639530655,7299437.685410869,16126768.576507192,28924055.025871128
16818824.023403,13304117.012864565,5036464.19813475,35159405.234402314
3767599.839160679,17423766.3406933,5210228.454844691,26401594.634698667
16533260.238990417,5430053.986694533,6507336.556326268,28470650.78201122
4191770.5644220947,7279265.780834594,17764468.974723075,29235505.319979765
4586907.765861133,9565674.392683383,5761893.89700596,19914476.05555048
11243908.85848362,11701327.788891451,9577043.38328474,32522280.03065981
15172766.918182533,8067779.365609461,5342219.926201556,28582766.209993552
2151084.616644338,10412060.844719358,14523306.061120879,27086451.522484574
3402234.060461639,16949985.647989485,5985665.178793806,26337884.887244932
5545962.65019842,4802254.335671083,6870332.239702755,17218549.22557226
11241448.472610198,8741252.76518652,9467915.431637498,29450616.669434212
6654663.158891861,16885907.090804026,5784550.71437347,29325120.964069355
8506408.657086615,11319473.571927764,7597942.818502394,27423825.04751677
6239678.63695207,15073803.955101877,5627647.535780119,26941130.127834067
6871624.226090432,14133590.862862637,7845628.949659054,28850844.038612124
10897089.867801487,9225325.71131719,9569715.525545418,29692131.104664095
7343306.4043077035,12373474.356625317,6444645.666130099,26161426.42706312
14706605.830204282,4941739.877729716,10257888.18446486,29906233.89239886
15333260.655035347,6621909.497221071,6550563.234651637,28505733.386908054
9068661.627091268,11794206.537223348,7392162.855505973,28255031.01982059
5892189.322035001,9533990.394977676,11060273.818559542,26486453.53557222
13514210.056120018,4261659.264220584,9298766.270731444,27074635.591072045
10565349.374334617,8909517.168853061,8996979.354000522,28471845.8971882
16022252.645562299,6358471.283728417,5860891.128458451,28241615.057749167
9423481.877827484,14483025.34034102,2813969.9646268627,26720477.182795368
13932800.080632623,12991139.940062748,12465642.485371359,39389582.50606673
22490426.483592473,21446498.205735497,4962725.685972266,48899650.375300236
8564547.64271688,10548311.920800986,10407059.17443764,29519918.73795551
16443790.703943215,6882939.231812423,3241653.863205082,26568383.798960723
12581010.173624873,9375407.562066257,4609941.358090698,26566359.09378183
7395463.738323843,10993227.02500948,11043558.222573066,29432248.985906385
18694556.947847724,3453656.940596263,3938156.438921928,26086370.327365916
11994060.652690671,7808403.3356540175,10597305.3946477,30399769.382992387
6852998.638870319,19142089.46937082,894628.3255934094,26889716.43383455
12840163.231732527,8235707.892343769,8644689.359848745,29720560.48392504
11641497.240456937,10575307.62935933,10224988.746580368,32441793.616396636
18855951.836268894,10896484.983471079,1677580.3789344751,31430017.19867445
5743565.3820262905,14729409.262139602,7850752.972200777,28323727.61636667
11073239.435256016,728591.0440114886,18482417.973470602,30284248.452738106
22449353.77507879,8380020.77708314,5870634.877934733,36700009.43009666
7357176.534539724,9789071.485817038,11876660.88757571,29022908.907932468
19572899.928574774,17484655.380088296,17001477.30095385,54059032.60961692
9503309.367393631,1923037.7558105823,8076289.782648354,19502636.905852567
7019092.920784087,9667031.700955492,11371731.256689105,28057855.878428683
12107766.180990051,10062873.472255448,10524582.025859516,32695221.679105017
5323897.063307027,16994451.044541053,4619703.869546599,26938051.97739468
15823385.592986977,10892740.493505228,11849237.912234008,38565363.99872621
9794112.472680075,14770519.685486207,943284.8486293172,25507917.0067956
2783939.3089444977,19879512.07793023,2604155.66701481,25267607.05388954
16856117.44935891,10918179.768335434,6279506.319478894,34053803.537173234
16861859.87770739,8902190.314151643,8648750.73662255,34412800.92848158
13475067.995799467,1812526.273508601,2466729.9460404096,17754324.21534848
18593536.199771103,4460814.594900807,4420353.439649111,27474704.23432102
5815909.086885571,5978808.716578226,5267617.082509842,17062334.88597364
7180255.420028551,17607567.43800852,6896461.225910825,31684284.083947893
15557370.892814673,5103876.461445276,9356312.573942475,30017559.928202424
8419605.475432478,14408799.23262401,2354977.8556677164,25183382.563724205
20865707.370089337,4492878.260388799,3587642.0785391685,28946227.709017307
16885613.296997722,8750483.450213952,6840394.114606198,32476490.86181787
16322134.003241278,4593408.843444161,6197601.14211046,27113143.9887959
8671746.812295228,8731262.051726576,11299453.011725102,28702461.875746906
7130323.575708523,13393262.677444762,6294521.119481769,26818107.372635055
17457988.029492546,5059943.588521416,6039815.190584174,28557746.80859814
9043483.18230464,9088997.832274185,11458615.121660922,29591096.13623975
1989169.8085094234,8076510.2457610965,16888253.134977076,26953933.189247597
6730214.1445091115,5904901.4628333915,14869213.214501029,27504328.821843535
12221568.990213128,10519544.761019483,7503376.372647129,30244490.12387974
18116542.107245293,7736405.871708243,16070362.572183438,41923310.55113697
8783719.402123604,14986729.269271838,3151013.4394225846,26921462.11081803
6796111.244077448,15110072.098371537,3232473.1447631656,25138656.48721215
2445819.899731089,11777523.870596735,3342451.2842286504,17565795.054556474
8344751.589608532,13284547.028422808,7079067.150613056,28708365.768644396
10327541.06872859,8809158.46237743,8840079.123052267,27976778.654158287
9738917.208568377,6512791.991252361,11032545.315593911,27284254.515414648
7836036.954924014,7450504.454564219,7448911.43386804,22735452.843356274
11000558.843236223,12540102.150290467,6110884.238746356,29651545.232273046
16083641.563570546,12504703.944257526,11141893.350533318,39730238.85836139
13957781.754583541,12173070.279062953,12213239.097593468,38344091.131239966
19475246.85721742,3821622.7116235755,5187054.217320818,28483923.786161814
8945293.674855145,2774214.435780566,12648864.983686581,24368373.094322294
7028690.810888596,10118450.279203512,9951071.500723258,27098212.590815365
11757424.31638354,10912810.311087998,8748547.054048417,31418781.681519955
3442775.946492483,12287591.116100036,13692044.705849724,29422411.768442243
7834122.8561932705,16479977.093064692,3642227.248993755,27956327.198251717
12322370.202289559,13121380.598489625,6208574.87694749,31652325.677726675
5429919.717314844,8892415.098060979,14755731.529224351,29078066.344600175
11307612.996299379,15776168.987756027,5001966.736777283,32085748.72083269
21693655.853295654,6648814.629562389,18984611.947916068,47327082.43077411
7113110.13168524,18965887.19722323,798532.1592793573,26877529.48818783
17439956.98525613,949119.4402823371,10596301.43318822,28985377.858726688
14175244.677801216,3281182.473748456,12455481.876192702,29911909.02774237
6110506.218997137,8177553.177883674,4661350.588793276,18949409.985674087
12749669.719335198,11157164.080181817,6775208.266017773,30682042.065534785
7907633.749994495,1010519.7434823266,17742853.705006033,26661007.198482856
15052694.214813722,10476143.375996571,4382113.9317132365,29910951.52252353
1518404.2442869209,13233987.905659517,13167955.382152742,27920347.53209918
18637402.721199244,1864936.312119897,3302685.2659245427,23805024.299243685
14271732.944493795,4234859.247481369,12113948.15281229,30620540.344787456
5879430.416798018,6020935.841747445,2500417.4637747076,14400783.72232017
15459290.188615117,7283134.105759443,6998508.333581289,29740932.627955846
2672761.86549586,12966266.3414355,12545094.15187764,28184122.358809
18112689.96934013,6638954.09337186,3943909.30373045,28695553.366442442
14121509.826584516,6051421.497464783,11197300.631529564,31370231.955578864
5594627.716735944,6722831.26205096,15447886.091673445,27765345.07046035
8114827.546361523,15737737.558400672,4228568.745233608,28081133.849995807
18935691.310589112,8754800.925999576,9995845.400484432,37686337.637073115
4510584.344806022,8252371.647131732,14564255.094148695,27327211.08608645
9348064.967900373,15008138.216250187,5973675.99401735,30329879.17816791
14511235.921486193,5009052.023408844,11820235.767898945,31340523.712793984
8053339.840416,14448116.52069516,7318078.466288698,29819534.827399857
10766302.499170309,4376974.13678697,15421374.253877543,30564650.88983482
12995012.341887433,6787387.41463632,11232550.860992435,31014950.61751619
6272818.366749102,11529813.68835128,11118618.71888074,28921250.773981124
7802738.919577677,4931047.989005674,15310368.565866852,28044155.4744502
14370041.07278775,8158163.731286384,8619776.286190923,31147981.090265058
6374381.110513444,12255978.733062236,11847381.993403722,30477741.8369794
8009581.556427567,11508045.258287318,11081399.516402166,30599026.331117053
8705900.657545252,11427394.366927348,9638356.010300992,29771651.034773596
7950587.481083072,6495337.77656689,7317732.277006863,21763657.534656823
6703311.725910794,5927211.580215685,5946135.428624626,18576658.734751105
9757557.354438227,9937736.37855203,8927406.047720795,28622699.780711055
9038231.634939915,7387116.614714284,12452802.229479037,28878150.479133237
6157971.993575851,9857631.49003297,12175294.65500954,28190898.138618365
7469480.102265041,14587170.833102355,6835602.464276186,28892253.399643585
10408999.687266534,10452071.01252715,9207376.660520097,30068447.36031378
13261672.35200134,8302109.711704474,8115174.506998011,29678956.570703823
10507513.024821239,6503165.228142564,11951285.720145768,28961963.973109573
