313744243703.176,295878575571.9161,312863849106.56116,298859389872.1814,301509162672.9585,292645468918.7541,292315960434.4452,285837159915.09326,300299800661.4106,280332100308.5377,2974285711165.0337
5652299.431883762,2919465.089820437,7539025.80256027,6059186.834220536,9477459.91715603,3659954.4670639746,2259102.50973192,2791872.2034878796,4582844.876074829,8875321.486956947,53816532.61895658
1246622.4744764024,1943991.1863281017,8547682.89882711,7122655.832179099,6230219.33448293,8001303.689967161,6936792.173311451,2774978.978810524,3145913.88041629,8309831.070997183,54259991.51979626
1973558.013016294,1703239.6507265724,7476462.991234901,2495924.461434355,2034841.344419187,9032001.729565404,6789210.250617075,4359928.556367888,2128572.6815017336,6254470.415458035,44248210.09434144
3952682.9675778947,5946204.827133103,8211187.007694267,9168479.06572,4802765.289823135,2107686.5876273667,8021409.682698328,4790819.176243961,2854458.756582955,1674131.6538633783,51529825.01496439
6707065.461616369,2780800.542099052,5003520.719039551,9591084.44654048,6065065.965418206,5228585.642320698,8066624.520143021,3830520.1746406457,3061301.5728496616,2866275.9168937895,53200844.96156147
3847920.7389529594,7042763.606346221,8342068.789829171,5654436.701485819,4572081.285554239,2384425.400872032,6665186.922549693,5112410.09133309,2299737.439662956,4712532.452339239,50633563.428925425
7704359.361828232,5107086.606263583,4247373.429784021,3813266.4148793723,4600715.4390023425,4274012.037189404,7702640.76027754,6091134.795450097,1148599.3738947483,3727605.0470862864,48416793.26565563
475432.0063031774,5364919.082883352,4682025.845192254,2800519.3240563977,2205240.668165055,3962019.8284393176,6334674.197057486,2996762.9769987557,5872839.575267001,7104263.392481704,41798696.896844506
2940427.239740024,6305639.80255376,8025100.861757159,7114367.269238435,6530056.013482811,206519.87220258504,7524949.934538033,7374.285611479138,308301.83257501747,3589437.9653720222,42552175.077071324
8300350.086451593,2455604.8408220205,3996582.3906386034,5899798.309092585,1751017.3046768354,4778995.354218241,2344981.1845080587,758059.0133665114,1234469.7382857688,5449877.189454526,36969735.411514744
2656135.8856012677,4289223.050810155,6777468.506099787,3605500.9879815853,3787476.257851647,6163844.300933596,11066116.06900881,5838939.651667506,2434442.773116708,6861284.658572887,53480432.14164395
9311842.258621208,6032017.655681372,8758732.666925024,1283515.2936129754,2982570.9567657346,2080225.9570059765,1209175.1130659643,7701734.8722740235,1332733.2197049402,7390249.328245365,48082797.32190259
1899310.1769174892,5160926.433546925,2085255.975124489,8147345.673378103,4256312.459940322,4696099.863342545,2667840.4282349413,4073578.530042948,4133748.585310314,6151235.50945547,43271653.63529356
3934568.872249914,6213679.663792382,6918079.253839034,2706757.131418188,4445834.817819306,6797744.704830129,8109874.98665947,6786417.741478027,3185500.029644396,7552891.71440893,56651348.91613978
6730046.307046553,4931257.411397348,9356073.927870898,8193103.504971881,2753955.582359481,6525399.475442701,3389257.326388923,4848879.042788466,5531426.642901368,2956677.5916218185,55216076.81278944
7470388.074079859,4637589.48548251,5566441.090892603,6470907.408778501,4382836.623386166,7614574.452867161,5692472.3024544595,3987113.2541223057,5344438.45171575,7063929.914249821,58230691.05802913
7188705.939913828,9016811.181906702,2908164.479167072,5927101.473280898,6931367.443056886,11405891.12881077,7015101.256262197,4458959.2108171005,277658.79535094055,2749163.8552667215,57878924.76383311
6858791.3092832165,4753903.315446756,622859.3271113039,3919495.920048793,1540960.9821666605,6043794.708692854,4918519.511910517,8507100.440438045,1982522.3072079557,5689648.2634773515,44837596.08578345
1622302.9056264213,7500949.091332929,2783130.301067149,2903777.579129239,7720677.195933514,5753605.08975719,4363633.703280837,3299909.9253759123,8186728.589638388,1257969.6094699623,45392683.990611546
7865578.114925909,1797424.4048863892,7706977.794450721,7527333.717880159,8030053.25577663,12743833.903839592,9862158.290419178,5148575.277307134,1389668.5395049937,4335683.364793003,66407286.6637837
4943944.6123225475,2538550.471991659,10280601.06463794,8903653.997618223,7511757.2777080815,2543303.058169441,8920873.438488735,7884524.424387693,8890553.016991094,9053235.532666303,71470996.89498171
4836825.009830927,4324892.963167575,8847095.185101485,6068415.277616734,8706598.458092792,7604584.171629653,4826161.917558057,3048542.9497357644,4745192.844288753,2885812.699637118,55894121.47665885
7521346.9603844285,6350227.781779474,8465841.248622017,8096343.575318639,4486243.735861171,4236223.498142326,6824867.742109828,5281986.296079015,3866228.6648959354,3780668.882425584,58909978.38561842
6834679.32059401,6303168.9371535955,5336195.0747358175,4366944.128471946,7841576.747437828,6904967.384483321,8425898.597070277,6428976.109334236,5918566.053700634,6027727.617504638,64388699.9704863
5805996.8745531645,4924544.770667098,4868444.9485120475,7126564.808715942,8889695.752949659,4118595.8268728713,6332116.763804831,5822254.832900143,6610433.028376386,3364656.8393243533,57863304.4466765
8607715.434887381,7199908.3580122525,5278974.031217865,6859712.926594534,7449348.914702308,7139280.475279559,6136061.194115586,3473232.266902718,2888769.9943513637,6907672.906517201,61940676.50258077
6138541.654123694,9556987.088770555,2513414.9936513747,6750170.251877319,5735562.422052857,1876669.382055237,5092796.804368624,7512859.765873177,9869300.830158396,6314932.969770901,61361236.162702136
7168453.051682654,7338270.830966892,2925226.856530293,4812255.241001127,8493274.930933217,1875854.7018440017,3991110.126961198,3075726.2582147676,821011.0835413829,4822964.981636878,45324148.06331241
3434440.6321987463,9359700.98635877,8339243.785560957,9123689.69729637,4847311.344081946,8824928.587252395,7393791.400573834,3723104.594695546,8047049.572791506,6543820.522102963,69637081.12291303
8903424.347625276,3896647.0392828085,9886953.368927695,2915214.263580751,8949887.586878782,5171068.459678661,3159450.230164789,5639969.383021075,1696764.779673019,8314592.845029648,58533972.3038625
2531922.4759466215,9010034.967082616,7448730.878632904,7036506.23770627,2430319.098532016,8291747.276368337,8804535.706720108,6397494.863828584,6568286.730815242,3436206.5245274673,61955784.76016016
11196168.543620339,1930576.079582127,10278835.948547019,9336406.55747247,6399378.044060741,2605117.249734313,9457992.83162675,2942793.9620989994,5364079.367852077,8670284.2709803,68181632.85557514
7213681.628285654,4530634.500939843,6737233.184702348,4705966.832719654,8578360.125687696,6537963.990659858,6635742.56678071,7199364.603128546,4437122.32804629,8795180.492884194,65371250.25383479
6833041.9261348,7059170.042911335,4885851.487904438,5039754.1866591815,10811164.39712186,1701942.0949435506,8325310.813505305,7891086.928337237,7338530.207082754,9109959.649320655,68995811.73392113
5274134.5961565515,6274711.778814907,8188610.124790022,6057822.4364668885,6256033.260165866,5542883.36030224,6748552.110892949,6914673.725044841,3476811.6379105686,4885238.339354824,59619471.36989966
2734186.2912176484,6697689.88348992,4412706.005531003,6372377.38920005,8173041.869790421,3673284.610271714,8126175.223745362,7194642.575175579,6010868.139751037,2764462.511190438,56159434.49936317
4232325.041093291,6278931.599201842,3085546.5128586115,5883761.857681187,6757537.122562588,5105810.397920456,5359997.379926537,5814073.602385141,4968908.30748897,5152943.56783854,52639835.388957165
5507319.106763827,8871476.80317281,8292886.815519561,7061957.873026302,7333073.720768745,5549473.63015335,13231735.958143383,3963372.48495489,2180326.7766322666,5847536.746164135,67839159.91529925
8691713.033330817,6769447.359841888,2194092.7406840087,3415615.3466958944,9627051.459652485,7569970.819328355,6113717.785707827,7529753.570312084,6615718.405400871,8591945.362565741,67119025.88351996
858913.6774212923,8998948.4256139,8325688.984594764,8086979.879356824,4364806.308326123,3498393.7957876283,7746035.413781973,2940967.781974514,9402712.539927326,5866090.156289512,60089536.96307386
4386412.785879261,10422907.892423058,8431955.890819894,8995669.913257714,7896732.177606127,5227197.357286181,9387707.759465827,6689961.902363361,7439186.917329882,7509486.262011121,76387218.85844243
9679018.478686245,4332951.648689888,8941945.038894529,4877357.824318495,7514499.494631606,8716732.466310263,6229129.046213361,8781111.822670586,8633360.268820887,3902445.581687539,71608551.6709234
3785967.98381848,10297895.122236347,6211369.600588629,9878475.291827843,7857364.876981018,8997725.682813909,7021979.205915372,3420266.000400564,5557659.056370917,7690446.876081268,70719149.69703434
9809060.225864997,4906541.192561205,7720753.8590219375,4140404.674943286,296217.2202279617,8394790.595745824,6454642.244440188,6763527.4565073075,5608223.955351528,4657228.697980522,58751390.12264477
9171531.22240111,8742867.846644133,4501588.05528694,4175681.1766142156,3962928.9994852045,6975863.662858663,6262849.230857273,6345187.767599942,2145088.2360417005,7274920.6310594585,59558506.828848645
5439116.951021299,8274289.588317343,4561499.894188739,4410710.7636352815,5570239.903495313,6511530.390415689,8302010.026698644,4318062.280083774,5334763.851220109,3645529.559223098,56367753.20829929
5696414.058564165,6957349.973526939,2012157.3300194927,5685426.527288298,7197640.44712704,4548244.75820171,6720049.207968319,5615592.801893313,6001036.285533957,5341847.089821759,55775758.479945
6950550.904524263,3772223.5208374592,4834275.698166442,3591235.8553501437,6494488.118127256,7147766.449536419,4324125.484682466,5428725.452250137,5976817.220755627,4118860.539215352,52639069.24344556
3750186.271817347,3260128.795447706,7333920.784085623,8602373.740522845,7581131.403135745,2861682.499524982,9180092.08413784,5266554.72702969,7803828.494526516,6591910.59414039,62231809.39436868
10463890.882444268,5169368.107875541,1886415.4754292425,7849378.552267951,4915761.603655529,5807295.163875562,4052673.0001605875,6927134.805757845,2440838.990851123,733989.5104926468,50246746.092810296
3590014.1725385347,8214752.7605997,8975171.198139979,7301518.012887594,8414012.919487542,6690462.002307668,7912281.894775155,8062075.087601744,5479464.516424314,5770437.8550125845,70410190.41977482
5190846.907860233,5829384.178900859,10020326.744607342,10654971.320416678,3420035.3337765187,3158307.0661130142,2557117.4939830857,4865405.391899187,5814171.1345070135,7218134.161557244,58728699.73362118
7184221.306344743,7649149.5869187955,2575778.7707581855,3536522.655059654,7487775.84434639,7786500.116064922,8858741.483947821,5097500.560495138,11120282.531518666,2561742.8001718586,63858215.65562618
4318184.45518005,5011912.526249016,3097046.4077633056,8526297.823198443,4012070.2907149573,2056641.2139739299,9666625.490906954,7845902.041479345,7754229.012967531,5305393.940614905,57594303.20304844
6273332.203395011,7164074.239862423,7100675.414743744,7200975.123628854,6453828.434812034,4622170.871546229,5126646.2838803865,4206938.933558808,9154914.428941911,5081952.561767916,62385508.49613732
5452343.153190096,4956421.082655283,8909218.974900259,5241779.167027265,7545466.878624703,6334551.247897512,6263332.161026217,5274610.072138048,5598391.4498049095,6900505.570955788,62476619.758220084
6338984.584919878,6661283.724706448,4142155.4948276994,6126165.878996997,7246419.9670617245,2936576.5059688515,3262696.508300306,4407696.621431199,5770666.033751499,7992608.199531605,54885253.51949621
5846557.882461394,4616621.215735234,958381.8473377929,6110983.813010121,10164637.57008514,7388929.210417236,7295367.582438881,5142496.733620346,6388917.734198504,7266792.796795232,61179686.386099875
6068353.084496982,3653055.7586284517,5844361.540285204,4701454.672121749,6797469.565819681,2583727.41674131,7416751.532082334,2572706.282030016,2038185.5534355652,5954066.040575575,47630131.44621687
9342355.71164945,4487716.0921699675,5855160.548883406,8385259.542997547,3384631.027350111,2219277.355044183,8171715.849752009,9081642.562375806,4929977.592711636,6085265.9575930685,61943002.24052719
1228625.0828528176,8121389.399107918,1441652.4725464417,1579658.6860137377,9367754.296736028,5867973.209094338,4666801.856675867,11092511.52894735,9066070.835877316,9128303.475157706,61560740.84300952
3842950.0184914554,9488341.879479717,3809300.0192699283,3321246.804796359,3429625.592733536,9057780.71656393,8303301.218434015,3335975.7600517957,8599709.050026942,5651064.828802479,58839295.888650164
8445084.644521344,3493456.3789557405,9956762.681440238,6071418.452025002,8729619.919064892,2773896.4392932407,4604253.114760504,7262681.176523496,7619136.988644139,8485785.673306027,67442095.46853463
3645149.8114328664,6037839.0797690125,11348475.527691504,8567747.969499227,6869180.882208135,5716911.551924231,8324889.2132188985,6885746.29590195,4832780.711833921,5472145.474309418,67700866.51778916
10356434.927565143,10084059.46460492,4554718.233131634,8358310.976833344,5383251.269857709,4794527.996422934,3803353.8117519487,6804237.277397559,3057530.3643511063,9221953.740434622,66418378.06235092
5732197.157804493,8515105.776166184,6796477.414817052,5099061.398614739,5984482.297394028,5857563.601565683,5180037.309303405,4776508.774052357,5457778.693340324,3806079.29222183,57205291.71528009
5571689.717084465,6815308.120478552,8581361.629617428,7383279.340601887,5673027.380560211,6505756.377045934,7142002.200995775,5432481.140756098,6857919.547941495,6605741.700038374,66568567.155120224
8725221.437476637,4366466.408018458,6866292.234757935,3946618.0420581955,7751530.098510572,3104496.04518203,6486286.682043894,5213070.383418973,8853990.789467389,7826167.513160623,63140139.6340947
3648333.1884986237,7289395.749438482,8397896.994321395,6343475.495027588,3891970.455646882,7083125.597472015,1153541.3883956086,2521420.6113671027,7649448.072272838,6803553.300893783,54782160.85333431
8391743.626981525,3801711.5580721935,6705463.698439444,7762435.830126344,5051873.392321349,5272477.0170289725,6050750.712278488,7195189.908536359,4805788.376325539,7941919.523568845,62979353.64367906
2351410.705444576,7651568.211127495,8857208.602767667,3949165.378187573,8023535.241810581,7116587.333567353,9724674.785979545,2829263.073862488,5761946.706948848,4905301.9529816,61170661.992677726
10233099.66924582,8621600.407549158,3859510.2623964907,6327212.797685112,3362516.4919060436,1804189.9096972495,1639078.7762598475,3838959.9928025915,8436050.28818971,8849956.236590201,56972174.832322225
2859704.5174101647,3624039.6213438218,6781579.516516222,2542544.874692416,9350242.295271887,7874437.070052344,5748776.328449838,9446223.714671552,4019322.395634694,4323892.881243512,56570763.21528645
8116458.134583935,5622468.764328511,8622483.316617804,8762991.485510256,9429451.078576671,6236642.403453804,9176089.774960712,9811266.35171156,6927225.449976729,7029248.198603263,79734324.95832324
9822027.505931681,8339660.505533715,8730454.37979186,8776293.79341691,6622273.994217021,5477049.804628997,5823238.830841233,6858685.762911318,4013745.7071568137,4779236.545409633,69242666.82983918
6155638.5483805025,4313313.75556996,5295813.005241338,7401473.294267063,6693959.71867264,7066836.986998014,6869174.7980112815,7795248.09997585,4718047.508178442,7486764.445180061,63796270.16047515
8690388.056822497,3994822.979926102,5268233.4766935,7745717.981805034,7550132.406308193,4476737.242124927,6348723.895287616,6069840.953835723,5257687.832888384,6853403.789928805,62255688.61562079
8515864.078225655,4729303.73786604,6916946.609831307,7821453.578878421,6698985.3985217,4912217.337444421,6159649.192006121,5399872.599178108,6333651.754441132,6634654.1697982,64122598.456191115
9165740.68945769,6673737.002590816,6214061.40276878,7619157.949527086,6444686.46372365,6661101.663467261,6765118.801648823,5735876.2606136,2497634.238481782,2910264.132311587,60687378.60459107
7940625.346429062,3252508.404266855,6382800.9668066865,8339267.746937157,5197563.927110692,1119765.7791784718,810007.5908133329,10577670.396458922,1877405.4925715378,7539630.517839664,53037246.16841238
6006215.684754624,3971417.5017004353,7524852.115722107,5644629.911455936,12048370.014771517,6575952.2059993055,7215553.369939463,6858928.621948704,3469130.400601089,7731474.214280986,67046524.04117417
8967577.698583368,6390141.620058534,4187188.6214190316,6685636.354612018,7667038.187042517,9182926.845544934,7930592.36254197,9090915.312176762,8444059.91545396,2468325.847447469,71014402.76488057
3284786.100186398,9419374.207380127,7642214.676632734,6802941.79803605,11279774.357807757,6740776.094575611,3696660.026209117,1989473.086843491,7130889.048735983,13903298.726138167,71890188.12254544
6556451.66482071,6172785.803487491,12560118.955833377,3082829.035899468,2883094.5587204657,10387499.290903753,9778667.814089688,5616698.607769494,3108003.417742849,16823696.572218817,76969845.7214861
8278210.022355362,6434286.022585237,4491136.611575252,8135048.818490198,4759445.035755842,3688608.379037628,6248723.029562061,4600688.57095012,6650434.31221836,10019393.19968076,63305974.002210826
4270002.642632097,9529869.303702943,5820606.287690878,9165950.059248762,7984650.789162671,4104619.3713330813,4408007.7276220815,1257320.4643693736,3865119.8801356405,8178382.988519011,58584529.51441654
8002196.3074886035,4744026.448047269,8215190.316906307,5836535.832281505,5254258.54775962,5558208.588667113,4672024.5978960665,3022864.7979555596,7549603.68569623,5413150.701484102,58268059.824182376
8940687.305989621,6111350.408428535,3415046.701970207,6026166.470701723,7314306.134689466,4730148.459540028,5786129.851409466,7187352.802221283,7472520.426991466,3652755.223028072,60636463.78496986
8047775.2308726385,5150265.496405623,7243289.645010492,7712074.098228838,2756632.4889716967,7618283.128010085,7085647.497520523,3092536.2982250624,6937079.354184991,6035222.310189562,61678805.54761951
3711710.824092788,6870705.288029562,12073809.75957502,1558489.351074315,5034560.585133835,3000784.8860320942,1318429.033037305,7736985.259450781,1788417.5623217763,1349175.9165157906,44443068.46526326
9958482.570257587,1357115.0283031298,4519831.260013626,2251355.7966115316,9304082.163112225,7157795.044257801,8454609.226898782,8384122.21527944,4284857.317986787,8406903.350488842,64079153.97320975
6500525.774521079,4200195.669070468,11675112.981352776,6847191.301381858,921737.1006475763,10222943.947643487,5868698.02167202,6749167.155446889,5597684.054375532,6601640.621389013,65184896.6275007
1709428.043988251,7250403.721660901,2551287.191943221,7470288.099555703,6028719.760312512,4389705.42045046,3769629.101215888,9350332.428476734,7073291.323621614,2027084.1033369289,51620169.19456222
7987436.351666405,6853637.908092157,7561400.421544946,3077709.8928409275,7454444.492360902,7934036.009423301,7970651.368942592,6658710.561713497,2799746.9812462362,4119505.904308952,62417279.89213991
9498319.431159057,5174255.32151856,7951179.502666299,6686337.906057011,3771224.967869529,2793696.2477486758,5382779.724777053,7607100.893683564,6749726.73541193,7000063.913952834,62614684.64484451
5125643.993427304,3720603.8352651936,4687913.721840036,10748550.434686527,4386995.391541183,5664135.198092642,4280333.693046234,3834800.0418578493,7762983.60132096,4885497.1638184115,55097457.074896336
7030850.604828896,4555780.766036647,6542456.054090384,8257729.9908307,5391723.145342796,6118662.3990219105,9478001.818149896,4807015.845014525,5002825.564784879,4580912.8467303645,61765959.034831
9499897.951428708,7510795.546365031,8899232.827276561,2898333.715030549,7010432.1114624,4925172.381563633,8115484.288424762,6662640.549128613,3271170.9700885676,2555280.339239208,61348440.68000804
6353789.469123635,4282809.401403668,8247526.634922888,4436146.062405303,7758796.563211621,5705232.147839642,5302373.505271519,3106223.310410922,2732301.4509977307,2343313.0829408574,50268511.62852778
7159084.018034732,6876095.78207692,7026855.551055139,7871709.446923463,8248917.533524848,7107006.669936414,3472192.890567247,7355477.998077483,11766289.47268213,5976121.744138232,72859751.10701661
8580653.960267315,9339089.367204836,7084278.500145401,4760149.467374858,6924820.574321329,5620344.853199372,6349571.557012057,6190330.825016998,1052100.5266284344,12364857.650199307,68266197.28136991
1962159.6188645174,8607832.572601574,10338779.232415779,10906050.558059862,8468522.077783527,9007994.897270244,3369065.4633098347,4272563.344862512,3056936.4647350786,3262103.8377232444,63252008.06762617
6324145.196325541,2882604.0525359632,5925731.204497554,2136397.244647526,4978084.006107394,1387845.3250567666,4711249.971197962,7391860.292639636,10134983.047460563,7246876.7238831185,53119777.06435202
9094352.68581227,7172518.375847968,11286862.903818797,9122534.082965428,5438093.471379438,8565664.475375874,10305960.771367978,4413629.643228586,2233699.3757913876,8046805.328461603,75680121.11404933
3528510.7681632903,2444670.7039088723,4717116.847550719,3009973.341924153,8872402.502419902,10980288.1591197,3105671.0180707453,7635313.021853884,9605018.441059373,2864691.559377562,56763656.3634482
7462463.03415409,7114343.868017303,6815071.019739809,8335835.527330604,4251719.897770218,4404210.184224573,6712604.754156905,4117220.0679182126,3929330.766543051,6012022.764497188,59154821.884351954
9486526.363882527,6811294.383905191,5808477.597455063,1594012.6300713865,5721811.42859112,4703519.348645111,8879249.430697512,5318465.808360115,9118375.162960136,2453730.4568239413,59895462.611392096
5926286.849174576,5347338.548337203,9878585.537639236,6916934.760317448,3453118.0263674045,5747395.616541672,6105690.602774543,5572981.353991603,8265272.204851663,5323669.073364463,62537272.57335982
8384443.109154532,6674623.996235667,6701561.750288952,10369562.708526246,4169134.696625309,6189630.92555304,7125357.183908853,6760234.938413712,6512758.702928388,4776415.080765583,67663723.09240028
4978644.696411913,2987093.4007410873,3490612.727073818,4676755.547304658,5791984.681884251,7864184.211797176,2533115.565172924,5512521.991038284,2242579.404245016,5387914.101382215,45465406.32705134
7667254.211303655,4566994.941737162,5349288.775200951,5587587.94126957,9137927.24291931,3853134.255661516,1058014.522398561,7855893.256632108,6448063.946009059,6565512.2879532175,58089671.38108511
7179745.400441899,6682509.480436585,9856458.791293574,7934753.815006553,1633962.718773414,8471585.51045881,6911236.871493649,1378267.654499344,1326122.4753760928,7966088.415528522,59340731.13330844
8549017.659896737,1349915.3297727234,3638749.139423367,2514555.127685817,4028194.0626450493,911475.7229164249,7637256.107557465,6304547.471299569,7692967.266279962,862520.0843554974,43489197.97183261
1282089.6260017902,1986507.130785755,12603619.259682633,8231988.4253080115,6485556.43250471,6512727.314741473,6416345.191947866,11105799.18639536,7919877.152858071,1306215.0003998089,63850724.720625475
8379474.071551058,8107548.281053395,3337761.465750452,2670656.87043931,7693665.366928199,7195787.222211933,7967747.229546848,3045892.10771697,2731854.334468439,5577993.606873327,56708380.55653993
8954146.738217453,7794273.95202709,9294096.44066887,4883176.449994026,6045757.015711565,3223563.829442127,7513039.41336802,6242485.226933725,7448871.213912176,6516294.111068533,67915704.3913436
3721961.355499269,6561984.774633678,3486906.2668815902,9325876.955939084,10173826.343326729,7395017.417978601,6495689.090482791,3385023.099014862,7810277.081837368,7094162.202307449,65450724.58790143
6326895.131868292,6264498.007809192,10562699.796075348,5416797.943749275,5224199.550577024,5950060.938881081,3652715.8300753306,3940514.4638829655,6975970.9048967855,4887966.074117025,59202318.64193233
5021021.399031206,5277824.902421891,4790322.439604497,2805799.5074686166,4901060.923616659,6593201.19495528,5322938.693672454,7912654.954811269,6505240.804049895,6670695.48996359,55800760.309595354
8145758.18289041,6905797.622923165,8335831.698267393,4043428.2457939,6185013.602101975,5699068.217120305,5753134.989668847,4879131.772377587,6813521.792635253,6374521.568012038,63135207.69179087
5213275.828899288,5594897.960361123,9540676.076765329,8441217.893444253,3495352.048118521,5313474.349237474,5267959.4790195525,5308715.162341677,8584202.339079425,8342660.270131459,65102431.407398105
3679544.1029573763,9939840.551635377,8842426.007577663,2032408.2762970694,3274185.3766765734,6714422.783611026,931312.5363313558,3055213.548378817,2256679.47292185,7086463.013958287,47812495.6703454
6539061.191398919,8748298.986350724,5683019.399786001,7783960.595823981,6191473.256512165,2341928.3527580076,5757755.621683954,4116796.802081145,4445154.444586082,9526467.994168006,61133916.645148985
8767949.146320386,1842014.9753952047,8556444.397516029,9029698.829459207,9192999.034589574,8011748.275182057,8868235.227809997,6961647.804171355,10581329.841221709,2877675.0409731544,74689742.57263866
3868164.695317757,3409904.4880462806,5634780.946413075,1873368.503348686,8717879.857404444,2292281.5799934375,8622606.443111477,8721842.97061112,12968698.160118546,8531149.986112481,64640677.6304773
4779208.489088376,8747695.64240811,8123592.290105926,8822774.729086487,7247100.489293965,3501225.085295304,4875422.949807436,5692299.716476216,5966561.854959224,3949594.365172336,61705475.61169338
5264590.278234507,4023411.5610817587,4616423.581462844,5131504.760864725,8326327.570039609,4493009.468971311,7863124.731544379,6900969.835203169,9003808.660843505,5958893.686917089,61582064.1351629
4490048.7088588895,6307029.846063642,10106657.161547638,4905602.421824358,5680617.168455602,4527567.4188541155,9121953.44538321,5018395.787430285,6055879.12729924,7415045.958211788,63628797.04392877
7533428.386868659,6811757.455158978,9693913.39156489,2975354.9658945613,7595157.20932524,6633332.947856541,5737338.804116775,4562242.599323371,5244745.981721165,5572072.036684369,62359343.77851455
6091662.37839916,6267238.015032467,5897187.858161227,2133125.168005359,4348686.051825208,6254924.471963621,6952418.227186675,5526865.874595104,6647687.634632181,3684595.9345325,53804391.6143335
8869708.4206542,8845566.20409089,6267855.198530357,6486536.22500735,5856040.759428638,4449890.158006672,5805532.475310007,4442619.480147985,1706718.9993629125,6830415.314911588,59560883.2354506
4599939.384618731,4691372.178707728,7245013.720119756,1468374.7754761952,10037053.959619565,6689807.527653814,7678589.827138578,5541611.784130648,2816748.7337526013,2183434.1068177237,52951945.99803534
9570057.393957779,7081428.534812012,3209614.3038233584,1584127.4369614632,1799196.3397814988,3428079.36220026,6695499.4312679805,8222229.582330375,3573431.394711345,4525188.429514456,49688852.209360525
2169002.6853014254,3327673.160104625,5898502.939303417,3146084.4633249403,5600437.14624814,6630850.298916016,9740840.564831771,3127970.741729103,7737234.7515177755,9903795.81919588,57282392.57047309
5958450.300261076,4960256.737989536,11626857.228060352,6843478.065297977,8399637.876849178,10318827.40435182,5906827.032733246,5293915.489552199,8767275.87404257,4227153.578894533,72302679.58803248
8419682.416404441,9455046.461337848,4210585.246309825,8309239.666542485,4472776.523164157,3482703.7630830007,7367609.855715456,6658308.110916025,6340490.053663238,7913722.8356198585,66630164.93275634
3576243.3124708924,4612622.69638569,9265183.082199471,6151036.562276217,8518198.578370873,8771369.049523704,2660788.8161261017,4963479.4157013055,9349555.872945823,3102139.566400739,60970616.95240081
5583356.668900466,7681602.833337497,10587036.023239087,8054650.180333847,10342032.53318308,4147464.927144941,5136914.335802964,4355861.807608651,4237518.155949855,4621040.393432155,64747477.85893254
4352319.076683958,5177364.076172609,4211742.699896144,5504825.141099667,3847589.2956264755,7089154.199821967,4871418.984490159,8176935.679239561,5521964.330442613,7483772.320984366,56237085.80445752
4549899.996306504,8746751.619999468,7924241.415726977,3937254.378298782,5293037.921117041,5205924.719482101,5371791.158876565,7905834.945295087,5891520.487025688,2932586.082717748,57758842.72484596
4534188.7147095455,6079610.019305266,4492620.74913408,6386075.275893,3737665.218705325,5712977.934583666,6770054.22317316,7067652.763347635,6068745.983647818,3963082.476866812,54812673.3593663
9361070.06900587,6195302.910599686,5489698.820145611,2219860.1922248825,5021064.781567261,3271392.268002805,3035050.317159484,3697047.719480646,1539469.5459439808,7978204.273360738,47808160.89749096
5251212.783738965,7527250.483592526,8442220.502291223,7226884.301558374,1092033.45003271,8973996.177416157,7961662.0045380015,3096335.9657834913,5684757.13968491,9134871.591013135,64391224.39964949
8035755.252609748,4980834.141945686,5752766.961342423,9720203.068994269,6005032.282457713,6637424.9150525415,1841543.7412755457,9567149.934725659,11249780.495740283,6899907.856641982,70690398.65078585
8593930.509938492,6703613.4994475255,7761358.739764685,10534778.261606231,10466427.578795241,8512896.06352071,8245530.213958329,3115216.0507841567,5004220.988613247,9310702.119106194,78248674.0255348
8825438.363107048,8182804.007493605,5989977.7310268935,3187850.0059042685,3396105.533400238,8174768.639935981,2538229.1740232455,3055008.122403029,9731270.93395456,4858232.265189994,57939684.77643886
10605078.78829763,4302264.701530986,5982270.873410968,5035972.384783588,6384700.743622763,6625462.0025323685,6635529.313133648,7907801.4062328935,4260244.408209415,7123584.919260065,64862909.54101433
6599268.444382071,8128250.068404003,4749330.028983996,5444021.012966066,9285482.621548688,9076957.53071816,4326314.631138078,3337947.336426032,8392418.01109891,7029054.619399517,66369044.30506553
10270791.507695064,6018106.552013108,7627485.793504489,4927506.708026998,5452878.567278365,3117973.393826107,1815373.5847251564,6857797.27850876,9348132.668189716,6440260.272556873,61876306.32632463
6350341.223390628,7413311.114973556,8027978.004211812,6779793.605628147,7652634.963561183,6347849.667535404,4786206.070009523,5613462.963213349,6517545.079833449,3453418.6223714543,62942541.314728506
8422036.635201618,7031901.414512461,3905427.456958541,3957601.1744192117,7509407.866722651,2587446.703568752,6057416.743550184,3974517.881143125,6851526.813901735,8253400.707224035,58550683.39720231
6226471.597631938,7463744.415302545,4658778.501072737,2318768.28079599,4655925.326060814,5463194.465486636,5218847.0177364135,7548875.108142413,3298108.9958616868,2691524.771491653,49544238.47958283
7869466.478864601,887769.6689756092,11141479.405295093,6313125.196488112,7494822.508880674,7629014.99762364,8021606.501528219,9306978.022801302,12339306.107679712,8850041.405062169,79853610.29319912
7008272.454526529,1850101.2920894094,4286218.618181943,8724901.400813984,1991226.6845186793,1990280.5519246762,5008623.418470099,7986487.7660070695,2741411.0192292524,7296248.543982479,48883771.749744125
8230342.63104036,3152856.3128170855,9270169.070459463,5247590.119820271,10389740.029874306,5057827.239224015,6822379.273836151,8960532.970063541,6197998.941171568,2541914.899303457,65871351.48761023
9885800.893117456,4755900.214751943,9893032.366845177,7532619.480476792,8788437.008658048,7315923.081871098,7393505.750232936,4762752.233672013,3798224.277714427,5312792.802924403,69438988.1102643
8617783.903127048,6736699.457013657,5808153.797659325,4949028.94646784,3128578.175703645,7555194.311161445,8068057.491105537,7373823.183411262,5099316.0153744295,4144577.832609169,61481213.11363336
10643419.230028111,5129320.627740173,8493232.865098068,4245463.308616352,5332187.948464561,6628449.2899100315,5304726.0687829815,4338428.208460358,10211349.233070694,5699222.1019237,66025798.88209504
1423513.1409641686,5672044.492599789,4593691.506374168,6834446.734856825,3956633.6388346385,3983242.96378904,5297759.665779195,5656812.859846033,5088151.517712659,7724382.91343973,50230679.43419625
6181526.501835466,9028244.75452259,8174606.837488033,8121254.161661275,6844269.749180544,7080734.344256085,6074582.647549592,4376104.912380023,8751737.99087316,7691623.447279236,72324685.347026
2987063.3569295774,4089735.0681103324,9026017.602017635,8326795.864700885,8793597.455442047,2569012.8623754545,2826429.9224959784,8842530.573778016,7239562.02285439,6736510.852871891,61437255.5815762
7960385.672047007,11987976.009789428,5085836.513324611,4605248.381059898,3848362.1611824143,5666532.50393911,5705929.875575112,1372938.3293946136,10025322.550157903,8678250.310040526,64936782.30651063
10096789.658007655,1024565.73483919,13011795.508624718,9736645.099053157,8232131.573890436,7900323.2120366655,8357661.340797975,3600616.997153768,2982996.1032197787,6258208.248640292,71201733.47626364
10075881.379578814,6826379.591703641,4652947.586212092,9684377.982931513,2090607.7738329247,3088885.633153619,3335066.343861993,9054983.026634933,6414405.863630899,7376288.071538961,62599823.253079385
8351431.7873477535,7826931.403524573,6857036.693948096,3833579.489934556,5700547.744848316,8479987.924219266,6290871.846062928,7874085.5744919265,8659501.563996922,2784456.30236986,66658430.33074419
8181025.417151036,3499313.753001799,5544773.067373863,5030460.798117023,7291285.445065605,8347860.44601145,4488149.365719877,2976978.0971669275,4548098.32067816,6636035.178825658,56543979.8891114
3891854.566445166,5637309.653305714,1325131.3768935513,6416678.186359097,4265566.387268209,6558444.134099044,6880693.665504196,4799827.622017051,5092766.499079199,8104985.0653208615,52973257.15629209
6826618.392444918,3133667.269933487,5872582.639954627,4482349.233446338,7766403.741050719,6169660.906523381,6293578.895185164,8851894.407460745,5521488.839918702,5111985.668935187,60030229.994853266
5316074.539255875,3630906.8511056625,3748386.176812157,6184636.886134368,7663472.341516604,4693274.74071105,4808987.86510128,11352116.23698436,7602771.208851304,3703090.090429442,58703716.93690209
5724869.792462884,7523623.114336087,1464217.649658884,8047964.485379383,5486339.5869738,7015100.456003019,6260315.521251956,7054764.183407257,4400829.990739306,4624574.113075999,57602598.893288575
7302162.648032038,1789714.942473342,8045445.4268282205,7494332.730732234,7361396.7055838145,2853389.7430549073,6950253.756723718,5759710.587938534,8385240.866230479,5967152.732147342,61908800.13974463
9116748.817986928,6761143.457876803,4811258.9506255565,7248815.303639624,5291003.455000718,6333369.257569326,2562247.7584452406,7110757.7731641205,1018655.6769114806,5420124.33422283,55674124.78544263
5179042.045519738,715967.8357103149,6360205.433745846,1336177.3345460813,6918122.763215407,6805212.723378717,4327269.595283126,7325974.195860278,2417283.3816263457,7394098.400721831,48779353.70960768
4793149.331232696,2049904.563759878,8361545.593650327,6513878.787938159,8165838.406524505,7692409.154248281,9937694.58927268,6903665.9770904295,3538057.313789124,1367965.1317560237,59324108.849262096
7469184.987284131,7728111.050222123,8992623.712963587,8411159.597413018,5967964.749416844,9190861.965520868,1717411.3441106435,8038433.106080335,6591521.172552217,3895158.1476941453,68002429.8332579
12362481.952581862,8045082.3298659595,3884987.7122900593,9163143.835064702,8127159.579048063,5333892.346408944,2952029.2008109065,3993371.413810563,7989803.148614684,6757813.7323460225,68609765.25084177
4495029.741405207,5911281.438120292,6094919.815653003,6276242.147264979,3676319.102046425,7740242.004151664,4928909.9344568895,4372167.603342327,5498186.297611268,4197815.104004298,53191113.18805636
7923576.851444804,4109751.298443102,6999607.985770464,9428130.043668443,7389001.59082742,8911007.171011368,8394611.426383039,6831088.232050598,4457054.550004631,1637802.5146476005,66081631.66425147
5552660.764960434,7858457.101113417,3410356.121527059,7580339.286981291,6274299.49722686,10529650.949566485,6025933.897258488,5474669.640992277,2807490.866256295,6005582.438974028,61519440.56485664
6174201.416531999,8009479.0309354905,4351256.631252544,4122583.861221624,7860213.695352921,7122494.36874321,6325265.600856102,1886682.3523471134,8072100.010665607,7608775.387084485,61533052.35499109
7296174.255721127,7104442.340517868,8404067.35252908,3523708.363280732,5618919.832460605,6664821.755746826,8297605.692786481,3470169.0580578987,9856958.26572515,4251571.965100836,64488438.881926596
1670078.0324647524,2869920.928024513,8286145.542068252,8958362.755694877,12741744.804960368,6933488.881972762,7355624.830060036,6926045.3831080645,7940994.16625047,8500207.457143867,72182612.78174797
4190915.719015042,5563961.258628693,3312898.039323853,2618825.3511095154,2056103.0728507228,4807216.766793932,9317398.911419364,4647179.908742181,10282379.379521195,1887854.2073552068,48684732.614759706
10210839.382249957,7428892.027274095,10086471.668051863,2930355.8529834156,3762022.504964301,7663804.423746169,5270980.678487685,6126319.096143824,8872641.924790883,5169001.100628587,67521328.65932079
5597818.722981543,9580401.65343877,3584858.8977598837,4453567.277022664,8206776.477959264,6693832.756572787,4968183.659250078,5700269.875504591,7815024.384650463,8839354.887114108,65440088.59225415
5996918.643915547,5510771.7368090935,9033230.204564825,8423858.82032604,3329735.258725801,3419099.7450129054,8519676.150914583,5229111.912997891,5965154.099301606,3849449.1403101212,59277005.71287841
6543945.379599894,10494759.992077174,9206620.127054704,5546555.435184367,6437304.208243926,4989879.951758618,10019283.281108212,4495868.858319623,7658359.441125445,6196351.032843574,71588927.70731553
6232211.506208728,5431403.044289743,4768450.007008637,4285408.355021546,9930764.12001113,6376804.550440102,5607982.882540582,6042180.956527154,4261913.171324311,5932179.459386723,58869298.05275866
7924932.261062751,4133330.1542512155,6070923.977749281,5752000.315509109,5999220.018970029,6888450.708285564,6896136.033956878,1923220.8283784178,5096415.164404936,3555614.558421469,54240244.02098965
4629341.15530314,1381515.897276767,9938796.724288879,8444131.284309553,2226653.356493006,6327654.35608757,7132989.227929054,3548539.759714079,7898703.117871888,5927052.266459968,57455377.14573391
4887121.686802644,3592828.6006551506,1467303.3282309903,8918034.08603942,7943971.327726252,6439971.682293595,6988270.732004954,8356236.107655617,3736745.3028615136,6904020.0822876375,59234502.93655777
8716826.300758135,8752820.498972379,7750733.376963096,8770944.157542948,9237776.685340447,6921817.165681108,9509531.41661272,3412174.5266536167,8885515.182866352,8549819.456556886,80507958.7679477
8906981.905155212,2132121.9439076786,10074522.4823791,1332351.755738114,2702583.2674998604,7932317.460760256,3248413.474579279,7117259.804656311,9155212.714784006,7007414.646734626,59609179.456194445
1734973.5493307326,6450086.226927399,2736657.9104729854,6702893.177566587,5239207.069699773,5153153.364550869,6062355.674612673,7487905.436946204,11115386.620112935,6848922.720697249,59531541.750917405
2300241.19091006,7610435.168724585,8564050.529309893,2266362.8318021293,8970216.136656635,9842472.823330414,2718233.741204916,3716171.5957481507,9243560.824315004,7681499.5663007675,62913244.408302546
7897447.04646234,2631721.896132357,2963637.0961901667,9573911.22874154,5978691.689179685,5031368.312678571,4237206.493055365,8326749.858635891,7353635.929059253,4942455.101810846,58936824.65194601
7957914.418818295,7130268.443764879,6361691.214064024,6483908.301556233,7898060.915190216,5882077.7948487,8686481.603582006,8649298.728080075,3636996.757993815,6790130.270130815,69476828.44802907
5408059.4141633585,5254515.269152457,8287030.768687791,4770500.082604163,4039521.4522277974,8027995.087212053,7755048.06726034,2749117.4792225747,6001956.307176962,5916458.1758817285,58210202.10358922
5404268.268132966,4514416.030406404,8986173.241014492,10043426.375507476,3209465.959812853,7854952.598091323,5465207.222451918,5485847.058265359,7752382.283699473,4909605.2165021915,63625744.25388446
8629652.377118353,7284806.641031246,9921971.944242446,9375941.93564251,5704540.270949334,7705148.690613268,10028981.10158447,8447211.416203603,6378429.738645285,3081659.571510396,76558343.6875409
