328413383225.4029,310866426471.8417,330928941198.38336,318454353689.13116,319788502334.7986,310182967086.01324,310245452207.6273,304296712719.2092,321666551389.61145,300110308372.049,3154953598694.0674
6880561.893118976,6711442.146223962,8110232.948678951,9398363.967761736,7060528.99575203,6455997.149047813,6307975.728331583,2610089.1507377257,6382730.585764546,5649645.659683853,65567568.22510117
1867017.6417001635,7351496.217052228,7615968.09903647,8490436.346944258,2544436.541687712,5677030.42925935,2525730.7561065154,5581560.765046495,3493301.7129152403,1572161.3607252832,46719139.87047371
396411.18821279646,5898564.251660427,7558887.03474282,9847098.539683416,6265970.810190289,8217847.184161111,2668968.7804744723,1749767.8407656078,5258006.925510805,4447196.291812608,52308718.84721435
409040.4846516609,1558827.3592439601,8041380.39381468,7672399.528570093,1691262.0525186511,7674964.882471167,309676.61166002124,3182261.575939856,3911033.6348194727,5038612.033537905,39489458.55722746
410686.47610627057,5162102.970934473,8433630.529663341,8791163.481799783,842655.1993690699,7308912.887107417,310025.28395459446,5438763.730565283,3740032.402887906,3834793.4619128257,44272766.42430096
398623.3929457274,5239008.451468962,5700374.81856165,7772668.337484982,1010103.5985362967,7221566.835329058,2605919.8949611383,4419887.663846323,6102874.616914935,4715246.409322112,45186274.01937119
236683.0206186344,6474934.56778864,5605370.3843723275,1480923.1404283626,176756.50055208046,5058536.166311216,1922795.8321637982,348148.67380841804,3172719.714370811,6859333.337940217,31336201.338354502
398266.4906332162,7283515.785406545,8807370.769384151,2439999.209595853,4719480.970005309,665574.9187263416,7235428.883712715,6197946.059411978,926348.7252136726,4527589.183570378,43201520.995660156
2393826.646195027,2822865.4291414823,4214226.064817552,5515300.647642408,4281021.446925737,5919765.198849465,3827721.1811904456,932102.9891890476,7341688.066365003,7217176.403842082,44465694.07415825
1018263.5124394991,4602202.199592668,8962667.00998209,9206747.530028572,4858563.663158895,7677197.14251452,3676779.4709008695,699708.3810738381,9053098.533290807,4530627.797081161,54285855.24006292
6243312.661326042,9414226.737086462,8658966.443745902,7887511.813998186,9071390.722371502,3036334.3635884877,7346486.493322033,686654.6822035002,6472685.724265366,8106859.831092421,66924429.4729999
2007848.4290671495,4067381.0312171606,6685419.983102936,7307509.708102572,1872127.4458545006,7792507.904040441,3895593.2408587434,685147.5459941152,4929180.580181665,1340253.9630988988,40582969.83151819
4573762.687635201,9015214.04793778,8573375.825912008,9038822.364070974,5467351.259654046,2521066.0935749947,5593349.386664019,655995.9688484656,4467927.974507495,4672059.097130274,54578924.70593526
2890497.814048055,4239969.165567283,3992826.4104452245,3212993.046746134,7224617.856127197,3848090.329016473,6156999.733452301,667537.9925623101,4626532.21876799,5983452.293539863,42843516.86027284
702043.6893632833,4843960.269269504,9576002.580842845,3456553.695003673,5439810.842295274,5201879.7595001375,6603779.836979324,668340.4683765783,8703525.209874026,6712071.322650209,51907967.674154855
2617367.530475304,6154002.7848709775,11384956.632611953,6817587.683502075,5142138.077229393,6545670.052058904,6070206.172665073,667875.539004513,8227912.162929953,6609838.514214087,60237555.149562225
6765863.719921326,5888942.476872559,7731560.215397159,4792727.479752071,6665317.482830721,6114612.362216283,5918932.222244769,672055.1573159281,6696708.724528929,5526212.8237425415,56772932.66482228
3090534.437769162,8079604.129731459,3552962.4926026454,3152573.578464837,10813104.185834661,1938539.094714538,8618780.308944095,702078.0190577778,1777910.6103755506,8030078.786982656,49756165.64447738
10695248.908113282,8454969.383005526,3464200.9501136155,7271803.147615873,4183739.94679518,2622420.3265960286,4454513.314666548,980281.8300482632,3435314.6857247963,7553776.491762476,53116268.984441586
2148236.3834749544,9760554.81474984,4906129.839179104,2029977.2324536694,8169510.006529017,9858073.489492359,8356704.895714454,1115693.4055643366,8089138.146694345,4432279.536655983,58866297.75050807
4806214.616864527,6466979.929930675,14283136.951121544,8351899.347397646,7833907.632821515,2860115.2191537144,2811012.769749231,2311305.6372039113,8389869.683941513,7208059.070922814,65322500.85910709
4893436.920818532,7491364.702253667,3369254.277002818,2773998.1286780047,2762703.281691593,7243628.8966074865,7126710.271668717,3842528.0808548564,2512156.678503915,7666569.009374177,49682350.24745377
1412744.8092590324,10579946.90853318,8545844.854390817,7223469.043812075,5537676.472179751,7705900.874297777,3524842.955047686,5270862.236298024,4272245.995975107,2806110.493758936,56879644.64355239
1775764.4272565497,4797034.305833089,5934214.47886479,9036369.611721333,2440436.968932835,5228156.005674578,4922608.019137089,8520340.652546592,5460196.249380216,3725522.94570327,51840643.66505034
190155.70285405059,6258041.716033998,10293985.059867295,5953146.816825131,4551675.347850831,6773783.625690138,5560920.552198709,5537385.124504794,5078476.06201225,4847626.125774116,55045196.133611314
74397.55804469071,5023074.173517422,13083467.906784948,7093000.155994355,5057269.3299621735,3102844.007769722,6165939.485040573,4556945.4704865385,3729987.9608385437,5968219.898210957,53855145.94664992
252113.95159254334,6317503.415070623,8060864.758933835,5732114.602634667,6278922.761483324,6419533.145111573,2958134.9406879004,722704.6021381024,5220241.333420406,9041076.819382496,51003210.33045547
241463.22194349745,1693407.1765975934,3897159.079961982,5912956.420821113,3467810.880067367,8310315.836237961,5036393.974409504,6172419.137103936,7335230.627640866,7320007.764339877,49387164.119123705
253711.10525130204,8495529.637278747,9107366.991709424,2297711.587985528,8720789.865241703,3164109.7505505467,7400849.213831457,1768415.860004542,1729916.8850176558,9005095.016361086,51943495.91323199
462894.63979322993,10331606.237985369,8567555.248677285,3656253.8489911123,1739937.931395783,5617898.251758051,1974611.9939983105,3251491.138036302,4240756.955999724,4598381.873461492,44441388.12009666
91302.93004853028,6735670.48061606,6892931.215201126,8434286.104596468,1997325.952435407,8050521.173231397,2760520.2108872547,5872779.549781992,4877024.825124952,6922615.841437392,52634978.28336058
235294.39241881712,7154937.842022888,11240278.489639608,2794331.8048614245,7130582.090412088,2770755.4811484134,3468762.7406789153,1290533.0460230699,6699251.881257479,4205535.679564782,46990263.44802749
4013551.8437793604,4025002.8061868553,4254844.848112288,5615195.741412729,9122348.669049874,3918405.8588821907,7294587.359549678,5132903.966192542,4677204.762228091,4888914.901208449,52942960.756602064
1709799.0891580828,8149825.487019751,5016494.264884138,5301395.731788322,3667512.206448599,4170416.2220389005,8449026.472118175,7535595.5537799625,7017919.153140599,7683600.528766544,58701584.70914307
1746704.57539823,8532307.63829072,3422026.2899334547,6834822.762634599,6627966.601062817,5346696.523715947,9909740.606687734,3521001.256055037,3964082.7882217737,8794429.674363516,58699778.716363825
1999298.6191392527,5718556.153566804,1362737.4206460894,11383168.818053022,6138559.460126137,2199188.1093810955,7614207.611520213,6803485.787006778,5336448.36888385,2988155.493236779,51543805.84156003
2053154.774543747,5667265.501184376,2554236.8408135637,5463305.157075145,7979362.603084178,7953293.2348028915,2617923.4912943398,7413665.065710173,4521115.797684596,10032359.023049314,56255681.489242315
708302.9119459916,8838543.525873588,3752493.6393560315,7597906.88049392,9530799.57455761,1557429.6098811992,4647647.32845214,3740680.3793017343,10091142.141589953,1923464.108481398,52388410.09993357
6519141.1578992475,5074250.313611784,6627533.743940902,3213626.844899206,1193453.116541999,2983959.382319191,10223454.019295035,3733579.327976363,1359526.9402598303,8319430.772734834,49247955.61947839
7544230.553804346,8441181.791810783,6573951.162971936,7851548.887620026,2426825.335412529,4379147.252214907,3505264.0887000747,5709803.645987434,4731098.8187988885,3444409.39199795,54607460.929318875
2078085.9480542953,3344073.259569349,2765273.993909332,3816670.440221134,6527522.179831138,7439520.097713272,6071013.704448013,7888265.241195399,8108817.305603955,6534646.601572438,54573888.772118315
4325112.013868998,8437561.954613369,6661060.819304662,7958621.448750491,6466852.7307242695,6682994.271003816,3722213.653363787,9407924.192748282,10789637.906469958,6408007.195818872,70859986.1866665
6499727.534745434,4115025.774636392,5632999.836380435,7213701.03130035,4395296.107165759,5041956.757717432,5497332.325524067,8193129.486905833,8464991.15060254,3054508.5980631956,58108668.60304144
2812857.4964898936,4835398.371504115,7721190.757359561,5479647.542513876,6253636.0599174965,8072159.141616272,4250287.061257082,6892486.90045064,6442454.300612951,1967511.5641946862,54727629.19591656
8016506.881158652,7460122.620246142,3043348.850963891,3514845.64395711,5778794.584393468,4512548.9902933305,5821218.0397741245,6079457.815083877,4638954.763881871,6586681.260958604,55452479.45071107
3945529.7610274353,2296917.4672591225,2881998.1696468857,7624857.103212508,7313927.573683399,6570432.709617756,7325702.655084174,8256763.77475382,6995077.137453844,3217968.3362020706,56429174.68794102
8776483.91708548,6487437.038938274,10785480.575681195,1196080.4903438175,8469733.908817029,9957612.352832269,12461090.60378644,2493310.536976955,8156967.327667799,7620788.963323815,76404985.71545307
3365998.464945985,9293392.919270337,2553267.8084740695,7670657.585251777,5124928.452808215,5542358.768895381,8847621.969734669,8881635.12770014,9713899.927610023,8318342.194110382,69312103.21880099
5972010.860338641,2699671.779315031,6734275.343467261,8184026.497575867,7851455.831560321,7533735.057169837,7181232.956535552,4084132.106957874,3528774.3014707635,7187680.640613274,60956995.375004426
11041485.066537928,5349254.580649781,2502000.4702436267,3106061.4412747193,3561000.514671277,3661107.785558615,3874424.6955810394,9928372.727162812,5835572.432198625,6973080.729569876,55832360.4434483
5017272.322498045,3058923.299067003,5503599.3425077135,6087602.893750753,6296259.871248461,5863085.939958699,5666858.747814449,4288918.933391436,9690677.230803879,6893433.625049774,58366632.20609021
7927894.38802838,9052872.34402816,7385203.927524755,4401738.411182487,4623549.0017549135,4319189.874079418,3699999.3186991056,8057112.952200365,4913312.283627731,5234505.409129328,59615377.91025465
6581490.468806401,4146791.101422361,7162342.462172529,7766808.219053262,7298047.972836639,10449877.58056349,6169629.429605003,7785021.868601076,2867734.1355897435,7726286.445085997,67954029.6837365
7566447.404030656,4422398.449187699,5863297.080988748,8975888.42828716,10074753.184980832,7538734.318616998,7778853.117243915,5851820.082600513,2851549.1990224198,7876816.49731352,68800557.76227246
9132596.846644402,8095071.85447771,2822099.764436181,4077162.962362319,2774648.478807914,8542207.282017298,5868768.756851806,7561449.99690129,7866878.941360152,7816075.411973714,64556960.29583279
5189927.209252041,8233832.601304055,7196490.799857932,6203018.156372432,8577945.826454137,3679889.048298878,3939469.371907335,7847700.930007068,5096234.748940477,1395344.073310871,57359852.76570523
7300882.283558178,5411124.037079696,2086750.8808715958,6491867.734563905,1035007.5316996124,5439865.626256344,6482916.026418225,6143542.607456136,11326850.594104119,7265302.586736021,58984109.90874383
10793096.915726926,7698571.626359185,8319127.114618785,8174776.567804808,3391106.484806566,5935326.4649714,9374753.43454111,937500.7582146841,3944283.3022708967,1816507.9704494274,60385050.63976379
5122800.019272365,7977174.38677382,1977245.0785127967,10818822.2907831,9532480.952824248,7954820.919721176,5029137.740399735,2294558.621684014,8758346.737117281,3982211.7953150976,63447598.54240364
10272821.294176443,7427963.659471049,3953280.010353289,5292184.153662733,3424249.244302599,7482262.932783036,8117672.001470171,5976587.101868974,3455193.52903389,6057441.611821923,61459655.53894411
4386268.065450977,10564001.316171553,8730586.811190486,7040294.797238193,7507455.537179471,4115205.7562931795,1349950.6622647352,3460209.6430545878,7807853.774314946,3669947.722201981,58631774.08536011
7490291.204966347,6387557.805679125,5667656.529131011,5511399.159331487,5934106.211085256,6995940.939454429,3859414.21993831,6748775.276497119,8175865.49799054,7263159.036296125,64034165.880369745
2792375.628304447,6520052.795353588,6143491.776503544,9746514.208768759,6452113.700907249,5200466.781904399,4725524.821260045,6785017.089677082,9620449.199354526,9275284.205497619,67261290.20753126
3120022.0242476515,6764908.15039115,7655388.802594202,9375495.187194271,5515962.385360415,8032359.310476759,2591177.4928896707,5756341.552771246,5362973.730691065,6976279.777002841,61150908.41361928
5842612.119541947,9296963.402422003,8118330.596560629,6840251.600387454,5761278.7866373295,4130443.422691257,5061025.098750144,10802520.706348782,7771300.77990159,5157189.333311828,68781915.84655297
7660118.372358913,1662936.9649603514,6736551.451751855,7885179.383883706,2106824.4795194957,5172335.4986593425,6406646.376245019,7905839.026125696,7691380.63567377,5567407.514220602,58795219.70339875
4952798.49032696,1213075.242168646,9819989.83232041,7763783.778841712,3276279.369553692,7522401.5420529265,7933830.624348304,8556879.058214085,5214185.652709291,9534151.917637223,65787375.50817325
9982451.588595238,8580031.15067024,4382167.595375901,8386131.728099851,8051041.84922979,3926529.8555722144,1519506.6458586946,4365647.491547064,7428879.002617265,6617997.525302252,63240384.43286852
2910133.804546517,2314458.037973467,6617006.895660895,12051930.190715583,8927092.296026928,5925757.120074709,5686424.95752624,7671498.063147115,7970570.318068726,7882039.794053797,67956911.47779398
4366228.102883169,7168802.293844346,9471490.311248126,8751666.839995254,7019525.788706517,3122034.6004897826,8430059.152145417,6959318.965188895,5024803.043017187,10514902.963065632,70828832.06058432
8714413.44791639,7389082.251079801,5328757.152995676,10067062.996711021,8616035.842984961,5643746.445699113,4114279.8519638833,3603630.5655427533,6327011.6005503,4522834.8631375255,64326855.01858142
6299667.23540566,3026969.081608937,5973165.682336037,7337725.917945881,4302035.924265022,6324600.960159209,5358061.66645309,6674708.667618504,5101855.197685111,5778761.88781437,56177552.221291825
3987849.8208940886,4382024.838069214,6756913.401485963,4687524.525642152,9576034.014898852,6470318.183762087,5504384.999342909,6588699.693617402,3810543.0021878653,4901303.970485612,56665596.450386144
6495444.238759107,7533204.229816842,9527661.530783828,7212092.793567165,6111326.983801969,3811405.4312353185,6080137.096431332,7837901.816083178,5990592.6535593355,4134428.2213992034,64734194.99543728
4280025.22625968,8138019.793627706,3295190.9698192244,5408809.408430155,3987022.7374615516,7378677.556305794,4596032.302312443,5761608.394963023,3109119.4682699014,4139407.4409864834,50093913.29843596
5396381.953295583,8450931.782850865,3996622.316204904,7575242.140373351,8354726.660692897,4895275.052905236,15858272.22333335,8092625.711350141,4005884.53562763,6779095.684003254,73405058.06063722
8888743.204635756,1836805.1810112982,6329274.517347401,11246460.462028276,1617371.193214432,5194262.295993235,3670526.95361778,15871143.101719396,10280078.302690186,13055582.05960839,77990247.27186614
7797483.300731891,3271826.690129976,10193905.831434805,9600477.038894957,3496045.3711551297,7663358.221626512,4587766.805358208,6295338.15712065,4873750.073862283,9686150.560673727,67466102.05098814
11202929.017349308,8375893.843984231,11187118.333743243,10410051.843477452,7728216.498179454,8347540.8584053395,7857081.811023821,6314841.217405171,9757173.013934627,9572097.961005943,90752944.3985086
2105321.604280355,3634115.6335312445,6645580.076257994,8298066.812258725,5863186.449061147,7168647.023380862,3949443.1882858863,6371796.392146536,11553222.929995218,6849563.588951031,62438943.698148996
5030512.660953333,3752210.8460602057,9244919.338724816,10012670.196105488,4464343.049233544,7631219.267882464,6491932.353229186,3992910.460169888,4988569.924503639,4958046.204237644,60567334.30110021
8878363.71232748,5639835.385276685,11726413.43423899,8242021.759397136,9820337.661375646,3853748.3643780225,6499647.079525218,4246897.187931255,7073744.982484366,3418034.55026802,69399044.1172028
4115072.5656133546,4733644.053475227,9034193.410355074,7477228.204787342,7630526.5633955,10851285.693434708,4352830.201846423,5126131.725239547,7093750.403003759,5251070.399945525,65665733.22109646
5251025.0624564765,5959747.957375653,9885120.050012715,10088581.814900141,4158596.0738156913,10532750.102015635,6402515.384665626,2744670.595220526,5600921.467403423,2783928.6515171346,63407857.15938303
6836066.076747578,7275160.8614078425,8333977.0036181165,6655605.715166225,4197957.799956003,6463260.204371303,7704700.037549562,2331630.0894330014,1948893.682457306,4565979.525055527,56313230.99576247
9177769.893710649,1899564.6120668908,5377138.493608836,4780821.188937738,9292754.117790336,8231775.340502684,1380509.8816858279,8585644.37002809,1634561.8609707132,7830520.284548901,58191060.043850675
10735166.81626879,8396185.421348091,12124114.990712347,7281566.829755537,1455046.2819590806,7206321.016039248,3813672.1899751504,1430600.93619598,4839249.173431548,2309821.760237623,59591745.41592339
2351476.10608675,1320861.65353124,3407550.745509423,4050839.418967284,8365080.02929679,5006969.97542319,9615128.77598332,6550257.851860435,7140335.241383587,8964258.492617955,56772758.29065998
4650671.5279196,5316334.59125915,4475157.992667828,7539735.2901285095,2170647.2010271796,7964413.586159807,1955407.7434429184,7591306.993069899,6637256.7064449,9227001.794133712,57527933.4262535
7930700.317122261,8034452.106342732,9877513.06628063,2883738.0082249264,3617468.806387556,3758829.5771728586,3408009.5253946637,6480033.041176718,1784973.5695137822,4572034.098443482,52347752.1160596
10398702.3696995,7747699.072738393,4621127.738152599,6533284.38901948,5365322.601518946,6070545.465549707,5478126.674744769,6473129.574326358,5147816.67555784,4364483.671941702,62200238.2332493
6788797.967488421,4828210.774372697,7663970.74274904,9373712.459217185,4481911.727393458,4773455.105060695,8657287.482378613,4749399.746470331,3985026.109373244,5394696.559434833,60696468.67393851
8627962.254197069,8463872.93877207,6225095.9922331,6869911.800495556,2781170.6513868226,2799982.7442316283,6476360.569545414,3606949.1660668454,1886462.9886986944,5293172.018446281,53030941.12407348
8842286.987814762,9051444.02360997,7373585.132179153,3403018.8101220285,6559181.373963221,6084357.567865857,7734623.696909918,3542167.3649130547,5854324.382628884,2222235.873060106,60667225.21306695
9489145.835808232,8173538.465092823,7254353.75724907,7472439.531178231,8415394.378641438,4984296.06145418,7623604.632122937,7934313.019398602,7861362.2975984765,2893206.462862541,72101654.44140652
9663723.301424457,7938488.297449741,9742202.00555994,1274755.1272225527,10244998.867934862,7353974.765994332,1130558.0111810009,5429649.367399725,3703390.4297223003,6399490.62471117,62881230.798600085
11127550.13260756,7467330.167822355,10661354.111128982,9103664.149801504,9047830.996961411,2252480.175623876,700554.9293594263,10905523.396930562,6060033.9370579645,1642428.9246495224,68968750.92194317
6931784.051284163,4922531.580433288,3507088.9120357865,9980537.666145964,12632761.646818498,8175235.311617687,6688825.038358411,1662066.5335879764,9553679.786144184,8874950.917539535,72929461.4439655
10901360.891589997,8830672.8970598,9914057.243847027,1503737.8243397514,5728452.484598554,3342571.070321302,7638180.755729516,9291249.374310156,1018006.1138793858,8845933.882107021,67014222.537782505
3494040.7321037557,3994409.6985940244,2730383.8486226886,6498950.953015663,6832766.449845041,6583390.990759199,9182369.024523374,7504328.123756427,2403967.6079214686,5725845.208709215,54950452.63785086
5112190.391651654,7734377.743232198,7119500.12101655,3565646.132481848,11142441.023561956,8603466.407270301,8092366.938743631,3258171.6493171486,5538188.543491637,6764145.959740102,66930494.91050702
10727420.62617511,5688268.408897428,10573559.052763917,9465706.500397349,9522783.459007377,5501069.270848426,5572608.576653439,5697058.80009834,5367810.468575558,4527313.623221612,72643598.78663853
5540089.160445136,5290735.377825138,4910307.854175252,6781353.377390455,5952133.836607101,5707895.303425467,2397138.894245635,2330216.153896665,4084644.090366107,6749798.37227186,49744312.42064882
7027201.496588787,4526715.734248163,8738266.212601017,3912306.0932372687,8355249.642489167,5889371.414002419,2178505.7282080506,6311520.9547055615,6222854.82777787,4565474.197260193,57727466.30111849
6842684.54670943,9119757.377414025,12409931.591982577,8472022.390422031,1576501.4798776607,6179961.596686158,9607133.27899864,7970996.411268662,7215979.408319706,7371817.458202041,76766785.53988092
10274111.492663413,4622129.091883501,10315445.422086468,1687672.8679308628,8552385.409079423,2212825.2047353643,1601691.7898522436,5193743.988230029,5863869.573614841,1942664.550908388,52266539.390984535
2878032.5169072477,9498234.059821974,2282911.094807529,8343404.098016695,10621035.771783203,4563963.691390404,7352007.124753577,6185908.40065861,9132888.352878315,7303356.440420403,68161741.55143796
8944346.72776505,1386119.356023933,8877586.387884842,1990083.0673453903,5913383.353096328,9356201.424266577,7370881.24223568,9453924.476273036,4713012.670678993,6468349.860061026,64473888.56563087
4074327.72372761,7965070.293254949,10723184.863573615,2468890.7558685723,8335985.021434637,2615419.5324710417,8389689.538514983,8778223.332220178,6368126.408692101,2153513.5154682864,61872430.98522597
3588410.9257388017,8646424.807968229,5095867.318951825,3058891.5391607936,3178486.229683538,6316097.6146298535,4175757.502113464,10381880.18355117,8661576.29973508,8235933.670828492,61339326.09236124
6394691.569873713,9795137.178121483,9241384.318277145,8483180.87419728,6579833.626959816,7932550.730169691,7315261.43459579,6587172.148350957,5479208.9644832285,8521731.981383163,76330152.82641226
8548715.072036838,6961191.333932745,5171403.186653965,4683573.252097235,8478800.75730574,4392998.530553772,6097099.643538986,6644190.9717127355,9322967.139776753,7972107.746718399,68273047.63432717
8259167.631711763,8768667.67039781,5729488.232158374,7660844.023327953,7342312.5115775075,4315275.228522865,5877287.696654321,7876107.318436184,7282749.536502636,8982056.134863578,72093955.984153
10587972.853515722,3499016.2949009077,2037210.2227514253,7751593.669325607,9960800.992339427,7997549.017644756,3196225.161171161,1542734.313734757,2888670.299737422,8164569.640061759,57626342.46518294
6568519.6044191,5504666.196861162,1578732.9377235393,2800047.20245483,3442126.121276279,7810800.126245206,8233292.297502364,3302074.0388572426,7747630.5069955755,3640628.986223373,50628518.018558666
7665092.684285296,6746673.039876248,7805008.844850369,10026544.411103133,2795389.11931237,7723195.355023575,10362118.98791467,6171849.390871948,1839686.8398509026,5870191.530056967,67005750.20314548
2157655.9756674413,3860525.678381183,1390713.8863505346,1500342.4129536736,8642866.888053352,5706036.48994629,8091304.908045711,6018891.029191094,3739277.048027817,8587910.363628823,49695524.68024592
4125552.884920478,5649809.974377984,6464191.575421272,5887765.932152899,3091928.663057739,2944655.716908033,10667394.09603207,10386720.648616068,8216161.294111774,8004572.944564473,65438753.730162784
6041025.46042543,1342389.6746585423,12022328.872581339,9806824.335810406,6395239.699333338,5009399.147928127,4942054.997594199,10753622.07932782,4315818.101158441,5563845.93321631,66192548.30203395
9640137.575644867,3662176.521959725,6378630.106403823,3572570.6745658973,2971132.1125683193,5787069.686480312,8235720.771187395,7452901.575987064,8775601.107192691,4263064.849226767,60739004.981216855
10225575.306034464,5890456.315520976,6294477.299143873,4225677.598658508,4084089.657366411,5302607.0949605955,10429880.688092021,7891440.480656921,9216232.955825083,8807869.879174087,72368307.27543294
6647580.31177371,6930605.969749249,4901848.060296989,6115032.610006878,3075393.5700470894,4639406.219759598,5645153.755615295,5497558.44657178,6533361.369735825,5919624.627339445,55905564.940895855
7791429.739531804,4539369.957031089,5873455.393844364,6737502.832661279,4664325.984005611,5292617.246923334,5055201.798255374,7670962.0745504415,8734555.162182223,6744184.88999214,63103605.07897767
6807903.78819228,6681493.039868196,8062721.487864155,1668394.2211558614,5758423.878691175,6780269.500940636,3645276.9105854193,3275106.247412454,6762939.036911009,1879809.9211738668,51322338.03279504
4499218.248989758,2707618.4617398176,8183372.995612738,5652751.735717918,4743740.4024557825,5718188.155971523,5996079.112132171,5797580.402454774,8791295.424416304,4259152.864549969,56348997.80404076
8230788.012020099,9269167.86271524,9696633.494441904,8424996.103060907,5061891.639415963,8764589.297563493,8004115.980444515,1735683.5888294415,2065795.5697742887,5344026.128629586,66597687.67689545
4640522.514871274,2717516.831133554,6878529.91192853,5250278.578097972,7769952.42685023,3792715.14909199,7695925.329354644,6079312.253035579,6278593.939858418,5241230.297453876,56344577.231676064
4904289.930652033,4569562.5598654505,6980388.294832086,10788659.097441325,2269993.39437323,7469715.653726349,4276531.810241483,8306406.529538172,10022270.540790286,8965807.244243901,68553625.05570431
9286808.126412302,5641976.190072164,8359309.633747314,4141063.483708105,8680538.697425509,4009962.130590252,6955023.5175336925,6064333.384406139,4302980.053310153,6883240.794817038,64325236.012022674
9092505.517520197,6682900.429166867,3977932.0986252697,9293067.78449741,8632936.065341484,6516419.610755206,5439635.980625664,2857244.28724396,5678796.2427565055,6745677.88291664,64917115.89944921
6961101.648685814,7177671.047735891,4198644.374615257,4900401.375241233,6244890.729559237,3930772.9762975317,5344940.993384809,4018842.9556268137,9841625.605583353,7184745.762772961,59803637.4695029
8370355.446304383,6464309.779270242,7601386.037474737,7095754.890223385,6750685.589803141,4961868.67470893,5026263.41737439,5924139.189724559,8103870.429146279,9561012.358403133,69859645.81243317
7458888.292512085,6454327.760059416,10837404.305684151,7360176.146426183,7484749.376774693,5618217.073512789,5879314.559213494,1929357.2698133735,7765775.002002439,2049248.3269096331,62837458.11290826
4686355.456950582,5630697.422437053,7591811.678051235,3886890.8582514348,3766037.694781153,10025958.541244155,6929197.027930682,3256922.9608018664,6142463.987447325,8608441.417046953,60524777.04494244
10048197.63461453,8450672.862043355,7202364.10150546,9020912.76954413,6316850.6298646545,3439609.4697098886,4651960.690888167,4000693.4768974297,8226206.960892084,17383568.027739156,78741036.62369885
1327732.2556314084,6717377.5596000925,13798989.142259745,4656513.071052289,7659919.149646109,4617670.5216141455,7555626.852846246,5595792.402499039,8093690.04567246,4548230.908050967,64571541.9088725
5217673.513148507,7978718.16089888,6268836.045149196,8577191.318725502,3187390.403254707,8022434.443251059,9622489.459066857,6158318.754911569,8698561.135661518,5612846.222260411,69344459.45632821
5982790.569907089,2208837.9577432894,5666163.52532553,7519274.382917894,4700847.660078227,2295017.585372713,2929603.1033851784,9476956.608950838,3003682.4531561076,6267175.963886856,50050349.81072372
7422515.213235241,6816287.01434188,8305771.544726402,3233591.4179276456,6406442.8582607405,9146352.970429527,4780963.0762546435,8149360.593661557,10557596.329123648,7971909.100551428,72790790.1185127
5271514.002037052,5328396.403870178,11044276.645783138,5283170.199967741,6480465.886620701,9706463.324930124,5693066.842613157,5287794.435594046,4402231.732183199,4295108.478305611,62792487.95190494
5170712.797289999,4763306.134785364,4935971.188466764,7570137.343960317,7393979.7382794265,5820796.023600237,7255762.020787249,3972362.2396280076,1334096.3439747547,6640873.480178818,54857997.310950935
1396363.291065564,2895293.1017894098,3029258.850191632,2833510.296413753,3248326.9029676984,5623310.542089705,11059119.842872925,6725222.006538687,6780623.935960408,2811116.4590975163,46402145.22898731
7835184.012496544,5840818.905163406,9509908.148884526,2870259.0603481615,2250030.413615629,6058260.864534075,9054594.585351191,6656584.525721226,9725241.877069654,3552500.7581421295,63353383.15132654
8999216.545269107,7435894.697929164,10212272.957740698,8574680.609673964,8062562.847029812,5795774.873684867,10561747.06059395,1845312.7159647588,6288683.710298096,4138478.178968575,71914624.19715299
4710300.764493434,9750748.96009862,3815592.1590936817,3241097.6680762838,12480050.988377871,10227038.723652216,7449903.252876511,6000657.10829962,9722950.214256154,11533310.766938033,78931650.60616243
9431504.709947355,8437019.238921441,4855066.659938722,9545628.217396779,2647794.5175734856,2191651.3790576197,6410508.984442194,10510299.281239059,4871432.086594328,5236525.710343363,64137430.78545435
3422316.2684870297,9878432.882570148,5480269.193831808,9593066.207004422,9592543.507556159,7809729.724865138,8721457.419223178,7565617.813484441,7649849.9051191285,7076747.109055688,76790030.03119713
8981293.900181595,3743562.0869381865,6990710.789003389,3513010.3475568397,10450029.519146517,8821333.056481523,3579581.354961403,9153419.51904189,1750352.7329338414,3351899.969736959,60335193.27598214
9202322.34928467,4816299.230666288,7427786.633853236,4006405.5721755098,6692569.976843911,6207344.036537201,3813900.0430976236,5832310.866401951,6025882.581563757,4506676.821409558,58531498.11183371
7741877.095384762,4382086.629809528,5402391.2652672175,6151501.952615879,9088924.449273972,5657168.300702741,6462664.824991152,3997212.4034129693,4359438.229371884,6014731.061912251,59257996.21274236
6972777.951746522,6828331.942152141,2212551.9100762606,7696136.5386143755,8157397.708018315,4689621.809671256,3831777.0552517157,5970381.581926986,5534069.172521064,5358714.778711595,57251760.44869023
5676345.637341123,9615430.409272052,6853501.041081102,7841339.276147959,8989845.62142495,6373852.597323907,9861969.729433687,1948649.5341770432,8026403.359226007,7439858.678760106,72627195.88418794
8046247.457155074,6853793.413060063,8648532.66502763,3605098.6252940055,1926023.0717272246,3489520.4596565496,1170060.1723772883,3316117.1979511674,2438716.127134506,2163715.5863602366,41657824.77574375
2990854.242931707,10913920.536659077,3371984.1773085943,7741560.831555133,7959931.8379659215,4502327.031492849,7500471.657089434,6767159.642304716,7173091.28007779,7076457.837593435,65997759.074978665
8786721.311172664,7895987.715336152,6583374.535116044,3774000.72069632,2210389.5518116574,7176071.43909734,3628488.4742056923,3721294.0329672243,8558974.278571071,8926034.59647613,61261336.65545029
2877616.4320330876,8143350.1775595145,3053886.463839888,6201233.121224672,6199792.34369838,6879399.921164591,5448602.813762499,3670830.891628582,7770254.3888385175,7334217.050831723,57579183.604581445
10785627.254042739,5294322.304801476,7346209.884681875,5859523.835441823,1670429.838434166,3157509.358728292,10247159.467665818,4180761.5067974073,6421238.770744039,3412853.8426287877,58375636.06396642
6447172.022025432,8563969.457119396,5177861.583179858,2602051.217990673,5693674.072630729,6244040.582661523,5768237.218453657,4565982.051206025,2588175.2373382756,6171420.736041304,53822584.17864688
5808222.955534008,5621497.747068041,1379850.2938957557,6287051.680311111,5053211.066831676,6067119.4693568405,2286954.0668307343,6806298.589038484,4877755.3309288,6201541.871111376,50389503.07090683
7691061.783068698,2544363.182638547,5128109.8406548165,7964353.4515747605,8330382.335669852,8658400.02452005,5161426.780018707,7157411.938483402,8500979.406814184,1689985.1159101343,62826473.85935315
3168714.516995699,1505810.2563619027,8350791.880482032,4594110.202519053,2235949.645450609,1261823.3312988142,6081254.551933774,876172.050250283,4855119.989250198,4331820.717533496,37261567.14207586
7855239.45094388,5705489.452981989,9145925.402747476,8614020.485418381,3219483.483041948,7806099.6055701785,7068935.025222842,8667317.140681205,9301165.817190023,7143409.525501658,74527085.38929957
1555281.3095150946,8938298.497153796,8470328.700098699,2315976.284831204,8836792.469820347,8724456.907138668,7371851.5831171395,2048841.5736678818,5881859.8009647,2996607.0210785493,57140294.14738608
9339978.89348348,4242384.570048252,2041277.1915390762,7909600.772348164,10163272.372122755,2534359.8116012053,9729072.553298332,2768937.6943527306,10066973.632735735,8339224.017385935,67135081.50891566
8198324.748933135,7817174.345347641,5662098.101877515,10442698.81580251,8596781.951950723,10374899.884791384,4701008.899965229,4982375.125360558,5194337.294861186,2858049.818266377,68827748.98715626
4050137.9366442026,3211888.513954561,6759354.749146988,5309961.306603969,9100860.890302263,5422471.406186504,5904398.517009644,4710210.288914018,6203318.584225469,3906099.318881514,54578701.51186913
8015371.696354709,3894519.321057427,6067321.727315126,6575117.411375759,4385952.449550069,3382328.988467121,2867711.241231389,6201106.5310175195,2588344.373409153,4368437.796771117,48346211.53654939
3947415.192692933,8020776.237641516,8765570.850354047,5296720.892207178,4705651.934516189,9065195.051423952,4715210.9798387475,4902904.277293055,5295049.498954446,7969771.639804028,62684266.55472609
6445677.46752755,4455969.80688036,9694386.650230208,2679578.66944216,7262686.50572954,4094172.8678074847,7286370.404678273,7124088.67642983,7154103.254801401,6444850.105607672,62641884.40913448
9038406.42480671,2851496.767313305,7386098.1079072775,9286478.734117975,9296783.786931425,8033830.219388721,5130441.061897964,2231756.5248919115,3682102.516861302,3476186.895670966,60413581.03978756
8360549.159128818,5468893.465164538,4058014.540806467,1642963.8998942927,3268164.67182726,2047987.8872767314,6059045.083776414,6662464.7808375945,3439926.622489454,4023340.505559831,45031350.6167614
7595031.946186855,7482839.756603421,7617900.354241246,7497781.298812983,5313970.312997877,7110191.988385248,7134884.953089481,8356963.791777366,8056728.283728429,8503985.520535173,74670278.20635808
11489439.448130257,8349277.7981168935,2075906.5626519292,10354988.5945761,7944629.204227332,8292126.356969557,10366655.565964838,7061153.093789361,2244757.6331112203,9177832.92485052,77356767.18238801
4794660.298030517,5794810.088855314,9741550.36422765,6659216.617703108,8281498.508595129,8616999.39478487,7485778.558104485,7815304.595171955,6972853.8230200345,7483939.329547528,73646611.5780406
9849281.774221221,6314752.824466057,8626302.828781087,8068522.868003366,5164835.765027724,5647184.275200521,8325718.106143373,3569617.108138911,8011027.925944787,5289400.395616242,68866643.8715433
5045964.871219319,4137280.939737478,4339323.925118243,2250772.501106587,8443095.233131018,7330038.434888047,5038285.847734429,7603395.374991398,5460351.328585077,5972376.863407977,55620885.319919564
8074718.466168687,4743512.544384342,3956582.7237890325,4925737.365366274,9003983.473719718,8196618.243963905,6624096.245426543,7355992.96023176,7320644.488156857,7092520.951681936,67294407.46288905
6734129.644520912,6300787.353806429,3845137.084774518,4448328.515538319,7047865.076121823,7118041.411883647,5594005.693614905,9308326.657466464,8374620.251021987,6579011.401206877,65350253.08995588
3215313.2408385216,6259064.942764075,7780065.135774679,5171624.7088502925,6812997.38073601,6218034.788741888,5061108.033463914,8006917.963653409,7288698.030230717,4702516.746262542,60516340.97131604
8240185.365859435,6382700.416519323,4624425.469531491,7418561.303161649,3840130.298658322,6938280.373451249,7924212.225328292,5821824.923197996,1132671.6055035226,7397524.955424995,59720516.93663628
1295861.1814936819,3862047.280737378,4599868.435180161,3247581.6586821694,8198887.195525088,9556864.409719607,4110150.8028642396,8390088.052204316,4300830.189850861,7932433.988657043,55494613.19491454
6282535.845221796,8887369.7590023,8471612.396931607,5139140.775906732,9786817.043492483,2903503.712698476,7901396.053255815,5938459.678035001,9678384.12225476,1526988.4367459458,66516207.82354492
9129015.7804186,1728833.9075930507,2759646.086619661,9781842.486528004,3932715.922715838,5144102.302568055,2520616.440059183,7177573.881079587,3326856.6033641957,4061201.8744655843,49562405.28541176
7861524.317308413,6397053.152954524,7396053.634476314,3126870.5868168296,6074472.406430806,7903849.53264949,5175466.417334774,5210105.592463108,7325964.395084327,8095699.897666918,64567059.9331855
4410716.050032363,8992988.204115374,3195369.53503301,8923688.10815256,7815339.506821176,4630400.066380093,5343095.636606994,8737416.527122753,7357141.481599105,5755039.5258748345,65161194.641738266
6319591.420250018,5172453.670543395,8040649.505044023,5767848.831353401,5967138.621909997,5635963.853395055,4881204.504888498,8265016.902098779,4765488.216136763,7406918.18962499,62222273.71524492
6308376.565803846,5955901.787855979,9882857.413312055,3787124.858776477,7845287.738999636,4598672.977107638,6258227.246316727,6680903.537665991,7936623.212128631,8147598.446852043,67401573.78481904
3501103.9702262282,6227175.2028724365,5973814.470171105,1398820.8303612997,4190613.2698204312,5781048.936279417,3079210.4392644903,3975847.0776812765,4884395.176366409,6721371.753951675,45733401.12699477
5732236.544822976,8150876.897636166,5675958.095257805,7692048.313053648,7445993.303555349,5006519.373733406,7675101.687794699,6194075.856074742,8246719.064857477,8718332.222401673,70537861.35918795
2726608.395921941,8615680.699800815,7357191.145304021,7967320.309004437,6027981.878493772,5642891.880691405,2224565.481781981,6828049.93291524,1755513.3269038305,7953652.742853681,57099455.79367112
1514464.0702868013,4746375.931474542,9568370.061544977,2948619.1832182505,8025532.180597877,7515046.797448029,6900454.8528659865,8830213.398124576,7775625.478178359,489071.6115616144,58313773.565301016
6296676.256263795,8392934.721177477,8313760.833410466,8196996.132599456,1272483.730646095,5392861.298175428,2160304.3046628055,10141466.902560294,9994665.604695396,1490517.0097245816,61652666.7939158
10333197.47999907,2227373.543252143,1798857.5954272225,2024724.0377271748,2343640.383326306,4821825.020676223,2815867.1501693386,4032022.3673457936,14349677.31668061,5283619.036638957,50030803.93124284
6317563.857074276,8411119.40746799,7016251.65840639,7281761.882755555,8819292.928233402,8717527.678502453,4973029.7664349405,7017812.0450033,7336658.803207147,7095028.2451921655,72986046.27227762
10405806.46166915,7335427.94173072,9482961.697014546,8179804.033128844,9276635.20218713,5821182.41656666,8014704.257009164,7729898.67155754,11012634.131592965,3396825.7489388483,80655880.56139556
5334166.172981406,12128679.390316168,8427811.162652342,5582715.78741036,5486197.258507064,7539537.815979134,9102855.28314805,9314157.681061067,5221096.960745635,5321775.796656135,73458993.30945736
7807283.054597192,7650906.944189631,5908300.344553128,6440269.393885355,3136155.356080138,7898428.180915511,5052246.336566302,7141946.526554522,4198962.390619794,7866981.788264122,63101480.31622569
4114022.8961108564,7035321.979787626,3909166.4034902495,7904798.59785883,6322873.503510184,5356060.479013452,1934139.3936008196,9268359.101957457,3208251.851225827,6067977.200893328,55120971.407448635
2168979.959616228,4288271.791280055,3433816.477667967,7045675.566156478,10917464.892296936,2921645.9480550555,7463409.744628238,6445220.788088128,7050136.233119928,3867458.1370317787,55602079.53794079
3271161.605354093,3293931.9777896614,8574735.58735638,4243300.901686924,1183977.738141561,2916800.3628289923,980889.389003267,9494120.127807466,4829035.966528351,7919315.024125522,46707268.68062221
