328142426425.90283,310896104540.4078,329648245789.98224,317625442247.6213,319256981276.6319,308299391813.4404,308275343544.6054,303645114108.7246,320131241925.065,299546803489.3946,3145467095161.776
3372737.0782256965,5970710.018958726,7401189.548830257,955598.3545801712,6178201.155797209,3338922.1186412415,2177586.237564668,542874.7068576952,4440220.931900832,4837302.490393172,39215342.641749665
5655368.394941526,6642734.405962503,3391002.376594584,3213366.1165122995,7556850.065064595,235261.89705770672,8647926.112869801,7239981.4274080545,7661890.232984125,7409132.237475428,57653513.26687062
7889556.569848696,6385849.067149072,1418786.0742224616,4102673.5541149317,6410121.555477012,4564016.041272204,2405945.933512411,6927179.631580913,1901116.5182057573,2469360.0034222403,44474604.9488057
2776912.1530005164,4001856.049487787,907472.6663000267,5384002.905263549,1703631.8664753737,1782017.3776775028,8787906.135630319,1906480.5540347968,8421018.301379142,7326685.833983279,42997983.84323229
3142096.2649620143,2271300.508127263,808113.6992996054,3147392.9334543957,3046084.87400001,5717961.856214315,5934791.722986801,7514503.301713111,3777198.0789128356,9142172.782361748,44501616.0220321
6607669.812594977,4558112.874626429,3006091.406241543,4751001.049013206,2640147.582843541,8521539.760459151,396835.5171037793,3442527.8496675845,3534919.071818995,4199314.082015705,41658159.00638492
8619525.357243966,703548.6311492674,3952621.7874487448,7534039.56122238,4927049.547677723,4652195.146140785,3748844.2499952996,6370582.728670025,5082692.914946325,4308035.491785482,49899135.416279994
4239239.703958997,3665961.302888539,5877263.543537396,4444248.466650473,5602242.7242992,6549185.738599542,8401580.55795895,2451693.437433744,4835164.632318516,6130928.425780949,52197508.53342631
6299959.98044403,5195508.41730103,3841148.9626230896,5147402.169768248,5000654.735387128,6814441.711717979,3124601.499017229,6473671.978333951,2832957.319260274,4159652.065143517,48889998.83899648
5764933.805756956,1194779.8774350395,2442302.499482098,2025706.5154334037,5696750.967200828,324064.818250865,4780863.1665463,3762483.2645785445,6598835.182661104,6112121.5170305,38702841.614375636
3116218.9474712834,17022.085491286365,3515214.8466014257,6411850.77057135,2118565.084088185,1805032.0601363021,3709154.1943968367,6460656.713682649,8099491.619911711,1744645.8170951388,36997852.13944617
2870824.710264332,4494825.604399246,7820361.166358627,4221780.175173886,5272455.871004134,5211861.965182877,2495391.91062891,7567058.995960872,3080086.697215614,3399114.5830781506,46433761.679266654
5061848.34203108,7824495.679183537,3975757.0106284176,5812353.872676549,6736967.806130757,7675365.610242571,8505165.593562618,6561406.575388504,9010560.973775554,11034409.86363003,72198331.32724962
8267049.750920165,2348560.591079385,8464267.413665948,9902941.84290912,7104761.189989408,5029712.625274968,6417173.304393033,6159102.0967666395,9281541.03742798,4844823.8200575495,67819933.6724842
4614208.1456741365,7188106.112569202,2683697.6612798357,5619813.474201913,3634023.6438483847,7700328.680945888,4161957.646873529,9360350.799041238,5777244.7165138805,7259162.684761582,57998893.56570958
9086908.665543959,8878664.35849303,8689985.512118379,7034495.6645192085,7795133.031011241,8715302.533300983,2593879.6009957655,3252653.38389922,6782116.688654945,3961231.7827014993,66790371.22123822
4111675.2076121354,4333198.589416231,4153475.7767237625,3410741.900952678,4816706.490590782,7232002.865038743,3154332.6925076805,4437414.758406659,8907743.762902752,4407851.531248149,48965143.57539958
4299546.683616257,8534898.799334468,7745373.747681364,3825011.5754729398,1425199.4104713434,6222098.684634625,4204209.691448567,8099997.712048331,6189714.449998342,6274633.561634222,56820684.316340454
6204506.142881463,5940003.449539397,7859555.002841016,5654682.34280021,7675970.813302862,4504665.85882876,3125600.283567849,5399571.9384743,4954377.477662855,4377741.472782475,55696674.78268119
3304152.6472681873,2186083.612783517,3893866.242524837,6680524.8108413685,5501147.378527987,5811035.978750157,5094389.435267244,6486308.699013093,3268761.5598896365,7100821.099446119,49327091.46431214
7589040.734169774,7018424.085458913,7694141.260225205,8010508.417779387,2902424.228962229,3464608.135857789,7504929.2966113435,7463662.906032824,8513919.538283266,3651532.691583944,63813191.29496468
1713453.026705505,2530748.351225741,4828568.203858948,4920238.63611996,4136644.0666162074,2769561.7861164967,4222970.046155213,4697047.608271244,4771827.07414045,7500343.591940568,42091402.39115033
7401335.884383613,6463890.423791036,9651066.407035148,9719967.631104637,12021566.949459715,6721239.708294737,11188661.58183131,1964281.4571325567,10199482.404282074,2607589.435527726,77939081.88284254
8893051.628335685,10382704.8232583,2640959.5755809634,11661836.414691387,4967458.614708022,10425475.132341376,3092135.3528851597,5759015.779526336,1879525.7073464994,3706949.2515122863,63409112.28018601
4703945.096105674,3316188.5410235394,4710551.039942283,5665964.125680246,8210435.802645766,4163872.9920445103,6084376.475833721,2668410.8879499473,4747314.705949586,6401207.1694704555,50672266.83664574
7249809.15401728,8993296.761911424,6037783.356988838,9829039.018753914,4191356.047807748,8568006.672812669,8238476.139727681,3849430.5837455825,9013530.77450212,5279358.610467237,71250087.1207345
3833950.713793362,9977091.387795685,6872218.284070254,5001439.268726299,8032465.705191098,7912333.202816859,6377070.984650782,4232620.422419061,8232004.813921579,6767507.763574633,67238702.54695961
6578412.889162563,10623479.03008911,4666036.933983004,7716926.088811471,3550967.7319903304,5835205.69850185,8647709.301731521,2511208.5012630695,540948.3200721269,6576819.027931292,57247713.52353634
8463972.206137102,6575677.056223926,2793049.0701281857,6706621.179975242,2614825.2325310986,4264700.250119308,4903441.718456059,4652075.015272004,3882309.3992278045,5841344.752724892,50698015.88079563
6300718.6673936695,6670708.7523888685,6179317.5179175865,3629501.9960935256,7669002.636638674,3056640.347966272,6054139.234731944,6345258.880547194,6916666.805687387,6511814.5247092955,59333769.364074424
2856014.7028723527,2396288.0345138274,7417291.082676524,7660166.770474795,2172968.62333754,6458997.62029176,3344288.2806477086,2517047.095943042,2921109.709986778,3501578.5432282453,41245750.463972576
9260776.332635038,2581667.466948025,8004717.366471154,2617598.2193575124,5355200.698727336,9434822.236973612,7504659.433079305,6206534.293763052,9251641.375005675,8141248.543074552,68358865.96603526
12521744.782940974,7056922.335154355,9703721.90298208,9723853.45688032,9796767.285501374,3823284.025874917,8728438.002909807,8329090.073304532,4555942.992012815,10077193.62535156,84316958.48291273
7221297.123648933,1983968.197075057,1704609.5208813094,2014384.1111652534,2929412.218009913,7635646.949680266,2343197.113488239,3696779.1221536817,4441406.636439557,4689898.630148005,38660599.622690216
8380053.27913167,7676478.898752986,6264233.6402047705,7403379.562698947,4963613.565410638,4515342.572174111,4375126.831053268,4609596.508773128,11039288.092603922,7535356.086675772,66762469.03747921
3416323.4117602543,8706564.72406572,9251569.093913166,4725671.809576388,6627716.143519228,8489477.16902645,7033886.703310456,5062107.323416738,5002717.180136997,3988848.2659274577,62304881.82465284
7473417.024555343,5560309.157231579,4828400.874297102,10459294.446843175,5015991.634718572,11638434.492245935,4641540.508095621,5689941.366249233,6281626.347066695,6403928.8272167165,67992884.67851998
8949752.962633254,6142422.859374872,5797253.247260509,3622715.87424218,5375191.689786121,7851725.115610094,3722365.1596797835,6824802.8956063,4929743.838498208,6819350.883280141,60035324.525971465
4032871.3864782196,5342660.500121228,6585192.471703291,6368099.342142802,4917766.135682643,5021057.374698128,3338273.455009679,7773965.182519058,3330606.335703043,6141980.773769239,52852472.95782733
7828138.022947992,7043108.069070446,8854214.7976215,7549406.020560037,8567019.92285878,8380542.883914822,3670493.057497302,964734.2752369022,3807697.730482485,1050659.7552612594,57716014.53545152
1285142.2326551464,8146641.954871545,2489001.1020405097,2553155.847234154,2265831.333766848,931034.6944763564,9096984.80072194,4476706.240561647,7380772.998796709,6690003.190225084,45315274.39534994
6327155.127048508,6207621.93225794,5986562.05535812,7816697.606860139,4372298.702898149,2211066.712340371,4346914.3322120225,7846377.1798542,1517069.229323544,6623706.828741437,53255469.70689443
9104721.401615568,7089807.977609683,10491194.791774683,4142163.690329577,6813552.39024116,3663958.427422888,7310610.692117524,7115979.969795365,6394428.899019703,7495330.069708633,69621748.30963479
2925504.4012980247,8043673.976407065,5527045.664533819,2575291.0566238277,8437882.097414074,7619312.362071522,7130557.518687166,3876566.1444064165,7728262.160706041,2848638.4299027277,56712733.812050685
8855811.651695184,3455727.382034208,8343846.315455147,6519006.647634661,5402269.884603398,3465020.5945604024,3586818.6781702745,8466506.067777758,4000409.0435996545,5508032.055451068,57603448.32098175
11035601.329570236,7146188.500296431,8756592.555013463,4979252.239474937,5096604.733715085,6126876.391341909,4590499.459703376,6134078.985567093,6404183.719254792,4760412.987951766,65030290.901889086
6484957.443333563,5035101.399687335,7997849.543405872,3724057.302505408,5718037.746748076,3839982.9526119092,4215583.049920675,5128450.756380519,6659868.7246850915,6814598.815171138,55618487.73444958
11067605.054971337,1330121.9578029537,6951485.009972123,4062098.269943847,5419272.211916075,5920630.371532614,5117047.004068534,3401852.9145708,5720545.628545364,7981033.387415429,56971691.81073908
6592429.795591297,3125636.4534755573,5579215.059459946,6674223.187014455,3271324.0408590073,2805508.0289813993,1971918.8377338753,8114785.834886272,1863376.4167703346,7699442.078083576,47697859.732855715
8998970.901109397,5986206.239203421,7881616.764958725,1957354.6731455966,2790534.9117708895,2583236.2172067477,7304597.856576721,2854173.503556311,5614881.686449487,5443593.031354808,51415165.785332106
2898843.215828538,8195867.636143113,4214787.635875581,5746258.397900655,6140351.38432626,8085766.614840589,2310156.7963775215,2871333.047928737,7679216.685997749,9268272.8270079,57410854.242226645
10095021.548184581,8883616.745744241,8239246.47355145,9379772.713127572,7077820.071330367,3375872.499629959,8549828.672882192,7639639.214622979,9811999.435690971,2943507.623130013,75996324.99789433
2721013.617962175,5766669.437635708,2463279.522662479,3734297.90302435,755046.470808729,3156107.7505264175,2294340.067824076,7426317.171757698,6675138.9909500135,8541486.325831078,43533697.258982725
8138905.090729513,10121538.054633634,8634505.038469788,5201006.374607355,2593821.7344877045,3883915.487738284,5144811.720754666,7674700.829630921,10451399.475538375,9130813.858693928,70975417.66528416
3124285.774156809,4095720.590985017,9628257.717369676,3096466.259721867,5407340.745978939,4923431.01166452,5630238.805273259,7909408.591755905,5083786.982305441,5944828.0068005705,54843764.486012004
6324402.749659571,7827373.953766759,5217307.652118704,6561409.53515873,4091292.301880154,3869273.2195058074,2967906.9737537205,10811085.750116121,8080599.819813126,8097139.701005212,63847791.6567779
8388706.780108117,6082841.125752813,4164817.5262397854,6747416.308669458,7095302.3326651845,4485723.664775527,3555615.0290037063,5440127.316136509,3763954.9797208603,6792032.717969004,56516537.78104097
5458595.742148379,4324657.290382662,7950719.608661966,5693328.419555132,5377854.463568602,4605836.961620004,4653671.322658742,6831099.163941626,6207535.601709026,6663550.8250248665,57766849.399271004
6468881.250534946,4120068.587691638,9101530.473406944,2842585.769792449,4184100.887029229,1813482.2820206897,5827120.274630252,8430884.59967774,2816170.588286578,6037973.052472525,51642797.76554299
7107442.536674082,5658766.09614123,4197285.5604453385,7064127.069228903,9246676.652521454,6826126.763714808,5923862.901480269,3075046.802251589,6666762.592690865,2381207.9232130493,58147304.898361586
7360300.85997624,10572577.174678298,6881029.36692519,7745038.735987485,5009465.3805441335,9546818.466117853,9076192.002731923,7140751.14162264,2246731.488319416,7710780.701521635,73289685.31842482
2189138.9387862487,4436475.773184387,8656835.392684376,1714951.3253328553,8355236.979353194,2969748.96706351,6061965.724756494,1776568.3105701127,7242925.885934224,5940236.619349422,49344083.91701482
8612726.926090248,8090841.678548106,9753198.206263058,3860754.6831327016,2027804.9814093888,7151238.738546011,10140288.223257048,7365539.266892229,8136678.252027224,6841521.229146262,71980592.18531227
1915943.878868328,8519946.946045214,9542823.295003222,5969266.614978274,8114004.933058797,2122385.273300735,2483236.9546322585,11600089.34243384,6595755.943434361,7466609.345323764,64330062.5270788
8630337.830868784,7828459.948320533,4997953.727175641,2886076.889349001,2827212.375372473,4273123.060341224,2633203.3816533936,4203291.951056749,6564257.1534416005,3288172.990683599,48132089.308263004
3363696.91968789,9281226.996737238,8968518.778370002,7298583.362414571,7708503.145629651,4417223.448232181,4326451.481767536,4986670.041106893,3848053.255951046,4181930.6764941947,58380858.10639121
5865117.275058612,6260247.199441536,4761326.505569485,8145871.688323387,5117886.176529034,7983826.957417227,9217014.391408019,7151972.126586362,8635021.173687575,3876013.4316686722,67014296.92568991
7906564.131029498,7965854.175637509,6199073.384931919,5338574.013882024,4667404.41136077,5013993.292422305,7937329.381793457,6129761.344331683,4674030.904204231,4757930.431420216,60590515.4710136
7235312.833515075,6161523.189294804,6269445.657009951,4178774.123435083,8309624.084842663,5139820.227819014,8780243.552703047,6388864.950888636,8211184.282382338,2608628.236160227,63283421.13805084
4056951.689905049,2702117.8851771047,2794844.912976685,8371604.185188291,11749861.564801563,1978298.9101320745,10964584.869009243,6801347.304596662,7792775.891264867,5400469.970551812,62612857.183603354
6471996.083110213,5316630.649987432,2335675.8569091097,10446874.186999062,8165349.801712216,7068868.28191895,8496392.473124202,9218104.402954187,9403302.090091461,7150429.287973082,74073623.11477992
10049710.397785118,6726936.061651534,5771571.955512774,9133031.901023753,7431990.368073975,1567075.600721733,4401286.978563439,6397382.460863214,8789072.475751948,4521724.082132224,64789782.28207971
6346383.0989398835,7818973.284000005,10721609.783871703,11531757.132718224,11034026.819312943,2114810.379533402,12068484.608093759,11582940.159962038,1703929.0286234906,7708405.073619311,82631319.36867477
8353655.736660049,4977662.3861487685,5832685.170571262,3126936.4465133804,10569186.459577177,7542839.054494004,4312154.135877205,5713512.082378523,13537815.711255202,2728786.7755223243,66695233.95899789
2891650.1952695884,10574484.748390887,8370423.140065619,10153201.495703943,3610044.547299712,2673160.871181898,7135920.028402971,7696216.00317703,8456803.254596988,6088165.1032219315,67650069.38731056
7280796.662764331,5672454.038093033,7171429.510123693,10699179.161493065,11465552.201177854,4699499.030602725,3895263.5893567298,10487912.752526592,3807131.973178539,9158703.96061841,74337922.87993495
2078647.9506487858,5354312.524475134,5829216.032045367,7955957.725423933,7316954.540475018,7636047.7318121055,6330505.707969517,10253850.440717272,4599575.707731706,7731662.870647541,65086731.23194639
5817333.698957025,4757475.913398185,7264615.389473111,3698671.4296461907,5491252.172741552,6398676.593776697,7431196.062874724,7458677.932754866,2013550.6329076127,6620724.148129498,56952173.974659465
7960861.158912441,6867445.84014629,4493643.558578519,825944.8084014514,10144784.528426228,2629710.913693806,6730026.942294426,8242645.900154116,5841804.081842056,2516246.880446713,56253114.61289605
10993875.207573382,6634835.4712066995,7249005.38405875,9354666.862732433,6253034.869463269,4663214.068586953,4524760.661617244,3003945.9774491535,9354386.688533813,5882734.013230227,67914459.20445192
10733043.921565374,5749556.434760157,7784253.032385082,1304294.9254473343,10229501.734126825,8002570.636854823,4317380.327377698,4012854.9585668277,773520.6692540249,7024775.359906041,59931752.000244185
6343438.409805993,9747180.532940252,7753975.496814731,4164031.9278859557,5260749.212185766,4702007.377119646,5623243.277293643,5506688.240721533,3970326.3456611484,3238375.4180237283,56310016.2384524
7924657.875739721,5473029.316356541,10267898.548085937,8064494.892859091,10751013.798595726,9102441.425050126,6535871.849866684,9317129.867415555,7851766.524485502,4763478.750408757,80051782.84886363
11550919.8489499,6917930.026284248,2044302.6557651425,3551587.8346317667,3376773.2216689466,8675119.58251126,8973233.484030392,4104678.8182464805,1991822.9094906347,6737300.1702386355,57923668.55181742
3619733.5553370886,7790566.039802707,4003560.9459497496,5427303.823922442,7247572.56955264,3264127.7452704078,2867855.8984232754,6015657.181446195,6741776.141077944,2765906.003375755,49744059.904158205
5191512.8726049075,6736746.278555543,5410448.165263747,8396524.430963311,3333450.66315139,5547946.081535134,8434240.325825926,6492208.208091756,6110983.016974915,5545468.294482924,61199528.33744956
6856718.864999356,7971552.3499190835,3878732.3317310875,4904648.190038022,5167167.485306727,4762927.114397177,7702234.575991156,4317120.783988464,4970522.535230289,881143.3132429534,51412767.54484431
4929420.916062685,7770642.06630101,6262935.489286193,6648590.409175206,6638501.636146755,8406141.618634058,7230407.689539667,6249589.3282879,4665032.351413367,5211911.854344882,64013173.35919172
7217343.417331852,5308863.159514408,9528400.547648741,5100060.622625568,8718031.530797578,7760465.462225577,7489929.741125816,3869610.738216789,4939473.025537624,6127110.521176284,66059288.76620024
3732570.8765551797,4850618.812066713,7225465.288772893,6308523.052010197,6044998.414517518,4889440.61434208,6462940.454264559,2645890.9754440687,6578042.531549735,6938896.108260078,55677387.12778303
2833723.3885203996,6668118.652730673,7324109.713635626,2194150.1414011028,8213825.548400443,4693843.009152282,7808584.856761152,6956954.409771425,7149510.431519221,1920700.8036861299,55763520.95557845
5085173.752605295,8360684.710598697,1341172.0789484605,7855106.569181785,2343092.474006895,8772935.855204497,3471087.87426247,4650970.390521111,5268522.280990601,4915121.171965433,52063867.158285245
8339881.701435312,2958634.1209079213,7526770.894752947,2286995.3252043747,5898641.767649619,6675204.962609139,5747577.591665518,7267079.408590809,8976492.182611406,8140484.428182573,63817762.38360962
4411898.339286608,5659709.167281265,6537707.436077796,10380171.741539128,7667762.970425517,8018198.789420198,8527635.432815624,8342081.602699184,8867993.99018673,3048250.408489534,71461409.87822159
10063311.000992078,5994349.3352098055,7089021.122766349,5931850.259080694,8470724.899396101,3839022.148258986,5450596.897971654,3188226.7768101385,2993363.8631206676,8072738.373555549,61093204.67716202
4706819.896259965,8218843.457863313,9277636.945461567,4362118.894341223,10974377.579055952,4175030.859950193,7258411.42299963,3654397.182520761,5830566.901355339,2979084.895438816,61437288.03524676
8156247.171780301,3565499.206667344,7974124.525879998,5862273.058672815,3892367.9016700503,5382187.588307268,7269776.222728047,8500533.563804248,4230641.303654486,4761115.248442565,59594765.79160712
10738213.412097314,4655256.391725112,9318387.613911342,6215913.280153344,7321793.962969095,4848739.886967344,6573190.977135339,3991165.746989532,5884388.156832478,5780192.589066307,65327242.01784721
6790547.534658383,4134756.0175413922,5069758.800720695,6314309.868106832,9418682.01280883,3240288.8924224945,5825423.214655949,3115963.2042076844,8888317.173748042,7853673.879159495,60651720.59802979
3763841.8394239955,5404550.965379845,6882466.681913321,5867122.892848958,6533834.175387301,6862361.232465495,8143660.96560971,4426018.953534527,8365827.559669524,8797272.696544537,65046957.96277721
5316824.933931952,8431431.660812402,9566505.060494136,6999827.040268391,2710404.669981404,2185093.1325316844,2951790.4159404193,6625200.196277779,8652430.500947135,1700947.497017661,55140455.10820296
11249103.779070796,9041856.248828588,1608612.3053354463,9670999.988838034,3740783.949944361,5929434.156836904,9427812.902988343,6810049.106688619,4540889.798971168,4086200.725170067,66105742.96267233
1942217.1098914929,3809716.102011586,5778300.937405655,4228680.221089142,6571136.169912547,8911415.915812714,8635633.1930116,5829831.79258896,8880492.795523912,9404174.152212344,63991598.38945996
7634851.715599095,7830940.6813604245,9045073.430843167,6904458.156931457,638493.884461064,2310373.2965024677,7035986.684219648,5975268.526174802,5562204.760140467,2845697.815605631,55783348.95183823
7827682.339219095,2179218.8656409425,2761276.4285729076,7824651.26649929,2220907.6207185443,8061827.259715057,8674511.140333595,3440767.0498399786,2833079.8476336924,6733531.114199216,52557452.93237232
3658668.6060966277,8195208.003690056,8195857.825477053,5504151.5014112005,3515789.6016704533,6167251.313968924,4161924.862185637,6190389.233611629,8231331.57672647,3923174.3969636667,57743746.92180171
5934191.785186508,4623687.739546794,9187038.223748034,9682960.800999207,8862217.68143852,4534799.502813428,4992324.486374783,6129182.606845633,7353857.63195982,6856805.177951829,68157065.63686456
3651535.0686118715,5846985.729412787,5382805.860163559,6849281.427782684,8230575.420084674,6235433.457525419,4973509.029602372,5632940.637109953,5824212.846821233,7983163.030590362,60610442.50770491
4869007.23481733,10221373.976430854,8107802.51261761,4681690.854969934,4927667.121290362,6540584.843881241,9967033.529630648,7081667.298767234,9263849.733108502,7760072.491460991,73420749.5969747
6457402.597523987,3169063.0259375917,2955894.8205203824,5976902.754305803,2023301.6218595295,5922930.857557624,10851317.988661239,2502243.3958002245,9043144.518958407,5496184.873055497,54398386.45418028
2238451.1573677594,6772585.373115893,4675626.316389034,2952255.0213947124,6330823.754206018,1412722.5004658743,9929376.682116644,6769463.632178268,13525245.582947623,6908136.36676232,61514686.38694414
2439597.807416275,9730315.194645226,7632419.644367503,4496818.22914929,8036934.961632817,5767244.202382194,2742285.4032595414,6948632.567842715,5835856.912729098,1472110.1710419557,55102215.09446661
8030385.01610243,5126490.167605912,2706776.8914036406,7733951.274077919,7046652.050436886,8350325.824929581,9709040.43929173,1054273.7937534351,11237127.001750985,2977429.877368717,63972452.33672124
8361908.829466253,15298574.689903496,7027740.132818543,4158608.5126176327,9163458.84525417,2899919.7456670767,7369727.1770239705,4444964.506366148,3790963.305097326,7766466.5620841235,70282332.30629873
7222767.992782678,5776781.09801105,8211586.088911845,10194522.454968344,3835764.3310708506,8575856.337539472,8428354.934600838,7992416.447407739,9209124.981999986,3070446.362358371,72517621.02965118
8148628.046378727,6467649.915760825,10848193.779528957,10133689.587080717,7080272.725612208,3501984.015272776,980979.6738781037,5886349.972551603,9716565.646955555,8057802.128542778,70822115.49156225
8535169.144435307,3187703.0145834046,3712652.933116232,8268859.4812414,6819853.267520595,6551025.760174792,3548015.7392589636,5934282.559542835,5881245.014340573,5110113.394687653,57548920.30890175
4813030.677400756,5497403.08488024,5856320.775692645,9073211.730479915,1824298.4862394196,7524941.610298991,8352853.95423473,3833721.370756499,9965670.609912705,4080912.0059736986,60822364.305869594
4718044.235229046,8204863.7449244335,6704868.234042296,6696078.807799544,6156097.476442775,5378778.042257321,3330982.801686675,2972790.7386060175,8668092.547048757,6807422.592945968,59638019.220982835
8949065.077267066,8469535.936960952,5337712.99505413,7589282.928450989,7184590.379763169,5736280.027898107,5553840.397498446,2685667.138688102,7614966.13154928,12243089.744962808,71364030.75809306
4941906.829232209,7608444.727590676,6156928.22877683,2815202.1244280357,8768070.322880145,5922018.227282019,3100601.397323379,5974117.476617422,9013779.431883289,5330646.312167278,59631715.07818129
4190016.2169986116,1828869.290949377,10222022.860784397,7510076.3672877485,8705530.942526631,2226068.630436651,5572323.536749951,2747210.310511318,6081728.612799239,9026007.288807763,58109854.057851695
9896934.049712146,5439093.391048586,749540.3498574347,1700086.8667630656,9841069.774933796,7402542.081379198,10626385.438529743,6000598.94764251,8341806.229004611,1495615.9239780386,61493673.05284914
3259232.8583091195,7977820.625881299,3875327.5548341633,4386653.487954316,8012977.005437336,2457161.933365802,6893485.974700047,9767207.776165925,2783566.383858095,3452057.3777188323,52865490.97822493
6051252.323535791,10068995.787512254,6250345.6006154865,4750286.337375124,9687564.551323099,2810632.242526281,2010368.3860660149,6707664.042510002,7926945.014983049,7493628.452982243,63757682.73942934
8549373.005743874,3755350.8184137233,8002907.924463564,9697508.502930699,7731644.151210288,7389987.1377821835,5139843.142057418,7799428.734750777,9352787.72430089,3062966.4504644,70481797.59211782
7074127.523129428,5124848.456073108,7816628.659330466,5963176.646429735,9817870.51171561,2200910.7726376513,8229285.445201181,5219941.642757276,227816.2624771487,4722446.811460161,56397052.73121177
7093768.668938023,7669216.281585919,5502775.2641457645,6200985.59443239,8012892.293686296,4617608.4521063445,9896183.397802277,6789494.473709358,3252972.7167362063,3907168.770064003,62943065.913206585
5349784.338430509,9426918.789570611,7270180.795421983,4854823.980718367,5477022.055199074,7271450.9642954795,5987999.261051252,4400298.229585312,3771209.6171294227,5609234.477046687,59418922.50844869
8072713.497778141,6055774.599692088,8187429.458354937,6912107.329703842,7282324.583306595,4150968.401961111,4333750.3355212575,5490802.5745802475,7864263.917943633,1543381.1480265989,59893515.84686845
3199120.7570923944,3424200.1295464286,5724474.654265152,4246608.05894537,6308304.310599641,7844794.471097056,5138032.1848667,6524026.531233678,3421220.309852297,3827638.708594587,49658420.1160933
8866632.400471222,9069694.986253943,8104329.36371525,5153507.920011934,7261590.360433427,8529487.382777905,7364113.181735044,8052165.384371232,6688611.628315031,8973154.70030144,78063287.30838643
1843909.5023040192,3166020.593465605,2185201.105188154,6398885.57614475,6895852.023049434,5237940.864287273,4636720.208826952,5185190.207339353,8664875.257030237,3202738.395218707,47417333.73285448
8209275.311272429,5330302.491848006,8703565.729167344,8259465.722580423,7987846.133822248,7477923.095226124,8397214.794221498,5989097.532037517,3136889.686158208,7453880.986955401,70945461.4832892
11475946.120714149,10751456.629478414,8776881.408145197,2278964.2636240087,6372351.065102248,4137164.5754869087,8113538.16658795,2579714.751696887,7798943.254691063,2651883.548654546,64936843.784181364
4997953.368702386,4269120.043963999,2536863.481475735,6199461.722384419,8395901.865721254,5752911.184455936,6857996.194267442,4216342.162754707,3613950.8171240026,4524904.559333837,51365405.400183715
5796636.891259482,8489878.289516333,4209647.975567044,4744232.982552909,9083655.79550742,3758166.6747956737,6905314.881789399,4872735.216534705,5150038.025519614,4046039.5435880083,57056346.27663059
2241545.985991879,8620471.604533061,5074571.178248477,5691527.586555396,4811448.991052246,6291047.499040918,7702815.382491314,4270699.7271418935,5163111.338366458,3118461.9375499957,52985701.230971634
5997384.45623058,6638126.427088015,6840277.506013385,7883615.5254166955,3956747.2931977003,2922954.8985959506,5540777.777801897,5822345.120924296,6074271.9827793585,1651937.516400705,53328438.50444858
11671023.635822862,5838463.585463907,6119444.053866683,7337671.3165583685,11954746.852733262,3293107.842923368,4370479.405468853,7522364.123922233,3146797.1817944613,5475721.441294351,66729819.43984834
8957188.121447079,5873121.620030057,1477155.1749678405,8768814.371199936,8466457.240473952,7102027.67617338,6993348.421010773,7178826.657889958,8517354.68120461,8723487.79458655,72057781.75898413
4318643.33726573,6463573.866466711,3298133.606204468,4002598.1963121984,7922631.445797019,6261929.08649295,7433679.032613648,7309228.391408967,7578615.244562528,6490321.544289098,61079353.751413316
5332146.464393438,7711574.687957872,8883352.876525393,8062774.29693719,8292957.70578879,7728093.193292467,8622958.845749568,6079499.055671948,8714590.576352278,8846840.56536742,78274788.26803637
7745880.0647408785,8313481.011744312,11225551.112656137,3054635.776968668,5443656.5295843445,4915479.016718118,6661333.049287408,7235543.397477247,9737569.16081478,7454045.503470976,71787174.62346287
9500219.691948669,4594315.507281388,6443918.182327423,6483003.173400462,10481042.352134572,8744795.854137389,2508156.7668956565,4775755.236756861,9648524.24528785,3602930.13186967,66782661.14203994
10274319.272147493,6128186.264730191,7033000.986611057,8836803.15849413,4537781.523428913,3350880.521131597,4599298.379735147,8866712.226491658,9761112.94568778,7096826.465325709,70484921.74378368
4732077.910299988,4569807.837601238,8114774.4603525475,4841060.752026015,9386364.267383296,4043770.528408671,6061152.928010025,4778946.88787478,6047353.317906635,3740619.832172876,56315928.72203607
6530694.088880644,3981360.115577191,4874512.6477564415,6280295.019143607,8744949.102988629,5167545.376784234,4747909.490764419,5211855.149036361,12174710.550071508,4804854.021390367,62518685.5623934
5191460.168345488,6784268.418735131,3188185.133622435,6853514.249464242,5935359.858021615,4882254.111717639,4989175.097293571,5038720.547400501,9355553.79994309,4840976.976789287,57059468.361333005
6496521.12215535,3218004.5380618926,8292152.346822496,3894377.505886935,6695377.345989369,6897540.349214539,6983459.228373057,5736401.42543018,9298679.652146874,4531693.236060497,62044206.750141196
8971680.383001503,6208435.7994279815,8069231.407277677,6277848.976044744,5055075.944791063,2253562.347961619,3932075.039143974,2518255.3898671907,9496059.528997106,6794135.705727651,59576360.52224051
7074933.791033273,8137844.962099074,5484392.218582542,2495213.9581803996,8341838.804330227,5806774.468063656,6948263.576427343,2316048.1010295,3649670.831979263,4305923.98650496,54560904.69823023
8166418.621587234,904295.608120496,7019318.262903227,2949057.6968821213,833301.7633534605,11887097.053815126,1606050.6432786456,6081157.274534069,6831885.708564226,8457922.810608067,54736505.44364666
7056998.856214493,2251388.482736011,12158116.577853307,7491320.977174511,6854790.603331324,3383049.782240886,5849472.295511875,7664630.0567266615,8234848.229417116,2300959.777498273,63245575.63870445
10169625.2319556,6813991.477386325,4883421.637321091,8087131.18073748,7722713.652528179,9031606.255204268,8632267.563003015,5042400.91582625,6746959.082394218,6649553.984961818,73779670.98131824
2221534.417032821,8194014.407879722,8371368.111111377,5691388.298954607,8047604.387012435,2956644.930048473,4173721.4368131757,7791714.798374743,9417823.70861012,7417975.696520303,64283790.19235778
6314966.361893449,4176190.219405779,4596417.697999767,7908252.061648925,7633050.150976892,3774889.7963174693,5594877.804469502,3832009.6731096604,4822309.601969363,2426521.7654399322,51079485.13323074
4530521.445835649,5253075.111698831,4598150.837597548,4567619.015706806,8251820.499774114,3148614.229710568,3345974.1990252337,12926595.526388625,6525014.3353264965,4678181.485427778,57825566.68649165
936266.244555291,7590956.670634564,2147821.452320981,7719619.3275871435,5680499.387346643,3310197.228892849,5822648.70307046,8559262.503298525,7792160.408983568,6839129.756414611,56398561.683104634
6337274.587520081,7473782.246526455,6691970.0993159665,3508163.059792559,8212882.318662435,5979880.920316742,5370527.388334201,6868472.541363453,6608527.246916268,6450422.859610813,63501903.268358976
2367241.352293967,7194398.051649354,8893843.711361151,6881527.6903914735,10102093.992206838,2647326.6942554745,4438778.649592952,7875536.051174675,8209886.056325347,6535940.085336347,65146572.334587574
5492396.072197933,7557573.466920674,8663042.548275711,7740175.396264447,8462405.090941178,5389108.380523567,6255475.455297178,4118395.2220106814,3593244.259475588,3860149.913471609,61131965.80537857
7521882.449443546,3457682.7308181766,7890180.516486705,2479940.9114943095,7290848.80596203,7531462.782164017,3553148.858553263,10531532.383963272,6798786.47687734,6948781.900457752,64004247.81622041
1174527.165204682,5111126.745058369,10746628.598351019,10099529.36968389,8091742.212619245,2937560.5271706996,5729683.387790719,8751812.492169831,8148772.8403035235,2856433.9161894065,63647817.25454139
6756475.703973735,8879593.108735666,7136749.234862593,1813970.1606761953,2778687.185548535,7317307.418478219,7493302.802511056,5126301.77055291,5464049.114977856,5624835.332557921,58391271.8328747
10975920.385450827,2672835.2505078963,8179783.763009385,8898410.73717585,4890736.793643314,9930505.556947734,7385585.674598936,6946533.922966834,9908312.533270342,6867116.486342363,76655741.10391349
6563466.9137181975,5650579.154359597,11205361.345464237,9853802.791027874,7988075.188077639,4717862.109420796,6533454.682945747,7578040.840221921,7678694.0901292,5393577.5051543685,73162914.62051958
10375089.788505953,3259657.4104385707,6372432.771206734,5702282.598854335,4219831.1776742805,8848784.24709183,6109004.121062872,5080585.104288885,6581555.478654679,6123778.027997927,62673000.72577606
6572476.252525704,4817680.406009852,9024210.368624615,7409704.427158579,9197105.888881672,5856501.249628739,4118833.984358612,4522451.114312405,2395306.395372991,7284274.693584431,61198544.780457586
5249958.814393614,3001353.1480139825,7865325.376159227,5376762.469597737,4122742.8773000147,2398002.4433355387,10864630.29024199,8957042.62724146,5397746.931987883,3694677.0479180114,56928242.02618947
4067340.5571206696,7051034.431752025,4293256.676796329,2715402.9092363836,4687101.266613853,4692200.675657675,7927161.463584618,8746700.401995985,8118986.477459006,5644597.995682311,57943782.85589886
7374114.206029046,8640092.533887843,8391741.03140839,7110140.248052034,10440127.182024356,8142937.466340224,4394603.993938048,7219048.58732899,8004105.369620572,8185968.103470581,77902878.72210008
2191290.324703951,1597355.7654983697,1298832.0711218785,9555405.685497086,5938562.140582187,4929672.044317731,8230805.316023442,8695407.331178272,11580945.385072757,5522322.898494758,59540598.96249043
8282539.945374091,8329301.926227251,4712941.125576899,3834271.485914779,6385374.687429442,4366481.4597541485,4098637.0231780256,7952941.141742882,3085943.3738072333,5400137.593734354,56448569.762739114
2366340.7606763775,7716118.220180567,8829064.907976015,8069804.563720901,3063709.8484719037,7561839.1188964145,6038256.591468733,6972418.267828546,8845512.944364779,9701619.569974655,69164684.7935589
6759108.723471365,1636309.9600394089,7258192.320081838,8378643.833166488,4978555.231512834,2829383.2065451075,8060609.850103184,1169935.035113762,7061695.623051098,3844122.9182260805,51976556.701311156
10274145.603942838,4653370.179717005,6854367.561985445,9221049.226474345,10691076.72771229,5863727.758186006,7925496.42850292,4823680.463667902,4117724.8851662492,7204029.2155575035,71628668.0509125
6836812.079061026,7648299.897761738,9569506.829069655,9295631.398927562,4016001.553751368,6043292.720913967,7483088.305981814,6546144.079795021,5112851.282887177,5606522.643725884,68158150.79187521
9512841.728046162,5587924.663061812,6930300.752842345,5871125.606516886,6729960.788608476,4588735.51584232,5368766.454949156,5172736.316760191,4146299.4191252864,7843680.928806218,61752372.17455885
10289525.835900636,8361155.558419273,6496474.08911418,6243606.1808511,5859148.524012993,6213521.996851047,6295354.728577436,8865227.021589717,6229194.574604093,3926953.0585796325,68780161.56850012
3998350.13521977,1473954.4130269086,1472018.100510683,8590953.611470006,7316036.594634562,1379632.1223599566,8044734.224844931,8417582.534340553,1922775.5640617835,7924983.165403587,50541020.46587274
6965440.590918131,4341927.556383433,4066104.1884934357,2926450.4042127873,4915491.629118638,8784415.636553885,9914050.41661871,10241568.57558192,7092405.018866876,7473845.566262954,66721699.58301076
9028886.005653858,8280798.883987634,6539906.90517828,8031602.8168422,9547280.630311634,6953362.9031377435,6879982.259107024,9397698.228973292,8096899.665878217,4280517.420777259,77036935.71984714
9634130.65515836,9718968.158381484,8560804.357379226,11607676.14997861,7809081.194721989,6882884.643491209,12249324.931294424,10111458.712967575,6784717.301715487,6720906.870061971,90079952.97515035
5679270.293943627,7701028.755152449,4743365.061965638,4234244.547888246,1543003.588814964,10202286.880182138,2218385.9194722762,7002629.380134346,5709999.044911128,2748382.7807165505,51782596.25318137
2823257.8478977135,8834592.99033884,7150113.202791495,5629686.001721074,5086553.144119484,6864807.638600838,4469498.484949776,5747155.516331161,4929358.349501525,5612043.572360844,57147066.748612754
5651135.827034143,6166174.995531867,11470142.641221343,2354610.7217190117,3915618.779105026,6681737.49595575,6543031.858518644,5799701.676705806,6213800.828427714,6433662.651845712,61229617.476065025
6725025.3162843045,6484985.776637883,5427838.034369017,5813349.310340752,7842482.899472086,7536988.178816054,6473141.747202471,9762087.33574923,8985745.539362473,4697169.449336713,69748813.587571
10660666.365920097,8064795.685113839,8273725.209560469,8595521.315764485,3922453.8505905857,4368041.383030159,11062266.772976639,5948615.096542043,5471633.273396645,8728975.538291663,75096694.49118663
10373617.587698163,4662105.89800885,8737447.226337655,3143610.514128582,3828973.1289459425,5670371.375260416,6018575.58456002,5762756.887384237,15272334.51926955,6236787.583322723,69706580.30491614
8177480.7677812055,9002882.53414659,10628063.772375321,8920926.49159637,9066537.040166263,10993606.609301424,8778556.220556429,9176562.784752695,3894731.6324298833,8885772.989110587,87525120.84221677
5715655.157583506,3346555.9097842737,4888741.225728749,2470935.772032127,7574197.734660356,3267395.9380553137,5120847.145850747,4803634.059158252,5991432.561785073,6268856.532353812,49448252.03699221
7646952.224082091,8187699.699821717,8238747.573625732,9070456.503796313,7609555.791239586,3626762.1618581032,8919207.541194677,7914038.249963508,7138113.795853887,9824986.664107434,78176520.20554304
8310687.8583571045,2895956.923400503,5723894.729585539,10653810.696667006,8789020.316657849,10122235.00113225,5226275.960424673,3848248.036812183,3133792.207840333,2788675.2845948627,61492597.0154723
3591765.2597167906,6572527.951076752,3949238.9810106703,6698983.213009315,5355657.295232591,11301691.28230267,8876711.649110569,4852193.789024952,8653645.777622847,8366911.379512589,68219326.57761975
6172026.877552646,5536916.750739069,5612389.828223048,4203615.35266466,8075919.199634042,5011816.396778021,4973965.377584203,5017248.6494261455,3920738.7011095257,7257287.041652028,55781924.1753634
6689485.447191388,5147090.106400451,4421203.614331696,6514960.702915738,10244646.980966166,3629132.5396290882,7890075.195274527,4723299.360955616,7096490.760184852,6643455.087415353,62999839.79526488
6534451.171205482,3453390.819803973,7125225.526663943,8296006.754410077,5629980.731680125,6509427.597933458,7430914.625814222,4966741.530206353,6700839.405122783,9031108.994760133,65678087.157600544
8413682.460252391,4027934.446084123,2270436.3652704493,7303358.282569576,10063755.77336228,11755997.351008084,7464990.519935524,8789331.649508856,2686872.403556465,1724918.6398867678,64501277.89143452
3961013.742365015,6253973.77478206,2658994.6882538046,9520152.092968468,10834289.499495426,5123487.420776286,1678538.9688505211,3071410.2976786424,8068345.6565619,3190760.5352533185,54360966.67698544
