336054805052.45575,318098919955.5733,338765287630.2169,326429673207.6846,328168039839.6242,316662004987.89905,316467116419.31445,307043261137.6257,322529914910.23663,301850324821.42834,3212069347962.059
5754784.462244365,7325659.948892571,5968917.641441532,4731788.252237813,7529015.014954425,3743884.0552005665,6544042.716877286,2286062.990200338,8104822.055716825,6883073.191778972,58872050.3295447
6148003.448858238,3416009.265153711,3665205.5918300874,5954525.988001832,8986934.735322272,6545196.383085916,1528558.6196940148,7213524.4252801845,3886327.99742588,4242742.878209151,51587029.33286128
5830856.278069186,1611885.3427318865,6964895.964298216,6073032.9094179915,4793338.5511401035,5768657.110603023,4458670.412763338,3054934.835714901,3425753.9637574633,5377340.4889084045,47359365.85740451
6526967.1477742735,1652300.3613362531,2568813.2737146732,4486317.891417879,1644095.5211817406,8498796.698591784,4326985.948741438,6318552.809949748,5029344.861095624,7002791.269167045,48054965.78297045
5735605.726003517,1700687.352902188,2990585.0464783674,2658365.5981213385,5201131.757292214,6347966.101632643,4450214.56345409,7062525.862512083,7416635.186619526,5450750.57852291,49014467.77353888
5533569.465246027,1678993.0963535164,6961588.418672939,4601096.673050104,7200947.005142008,7504512.320885843,6414084.898645408,5159827.9875864405,7347419.864478186,1545671.3668200872,53947711.096880555
5261154.6988283275,1610933.484818392,7751685.479944694,9083040.137084395,3692590.614952466,1450020.683743492,3392978.866463748,7248933.210644125,1583531.2595920167,3477882.9693672373,44552751.40543889
5635638.732140474,1959110.002198307,7688892.989518862,2914403.9806842613,8610718.70886393,2646369.8559528687,7883056.054412667,4599455.5939877555,5542266.781523294,8093647.849434809,55573560.54871723
1497059.7416527437,2967964.173049429,10420898.61921113,8825989.25958898,5444261.980682205,7760565.491097936,2059312.1526145688,7182910.6702524545,9507706.505328536,1148235.6189790417,56814904.21245703
4814143.968384704,1693602.3670234494,1819894.5373994969,1953254.7249851692,2445240.3922946174,3651378.039883049,7800119.010504887,11264286.826607073,4634809.517233934,5344147.181636167,45420876.565952554
4190289.3589402614,1612752.35373738,7405273.902836675,9304401.514417024,7405125.897771984,5028596.860582535,7950832.526143579,4361515.705903223,7196808.287916916,6351894.666672279,60807491.07492186
2177896.4433766655,4225824.908569212,7788814.676760569,4415333.304629474,6508362.969696983,2657707.9374294276,4522052.718622353,6537501.745249031,2756270.4375537294,3339093.930859722,44928859.07274716
5398234.8741595745,5885471.111051392,5233842.245881452,8779889.43106868,3496861.7144806003,5560232.407003226,4876836.327628226,5272856.448329531,6505555.541501894,4793655.952299175,55803436.05340375
6842476.832101597,4955282.380444294,3597986.6594064627,4754752.352653891,6526249.937548131,3082112.112024076,2848904.0205481495,5203764.907198931,6707641.104036866,4123765.2020819695,48642935.50804437
1683617.330476134,4571873.811929607,5498444.666995683,814428.9369726056,2420795.705021196,2139446.586845593,5119454.944710162,4312979.110372439,5527734.767378108,5666002.02123985,37754777.88194137
8112307.923934054,7653721.212758329,9757115.986383764,4262277.06935477,2190607.907683051,7816809.1308732275,6279745.675706464,5516566.817036881,2214094.5612939224,2145222.3406190993,55948468.625643566
1983664.6385439245,5575232.940120882,4995615.146550297,6231876.761717701,3242144.7845946364,6637994.445424387,1458249.7176661703,7085317.718249963,4551665.36460667,7457212.1227220185,49218973.64019665
6533898.050045314,8327071.56019689,3338334.9621762494,12362807.130605971,7896471.123888906,3726844.663386089,7957206.221633158,2043930.7872217908,7986830.99283813,1787198.4215602789,61960593.913552776
7301003.44541607,7524564.418792203,6446593.259205163,1560430.286501507,2839068.5686858227,9549388.737968499,3264858.6671874174,5849946.089133722,3757929.507831841,6395335.026902682,54489118.00762493
5464200.838206502,9920513.734589811,1816672.0211294717,3985738.2301369593,8013831.999734605,3629821.199290038,4379491.006950438,9641275.807124117,5292879.194896357,8967974.810504742,61112398.84256304
8869818.024930295,5601768.250151241,3856101.114735121,6130890.5003910195,7802725.080643104,6756418.303692659,6820114.911938338,6826388.222305329,1734174.6075321932,3729564.2448045877,58127963.261123896
4188551.858951211,10561680.868821276,4731438.740929605,10920189.845405407,2518795.2844199743,3130013.3324082536,5241455.298935706,3247770.2416803148,4556445.121930436,5007131.991244984,54103472.584727176
7710039.621355016,5928738.617481783,3994771.7175273676,4756648.116783592,6054622.522104021,6589420.560393007,5119049.150624043,5947556.574191787,8805861.797413608,6814743.256720688,61721451.934594914
8363808.976107931,4455722.2654926805,6100015.697090694,7103933.796158042,4565086.823294049,4219861.029172838,7126575.986499295,7976127.514113306,6813723.542619086,5592394.4628886795,62317250.0934366
9525146.449051445,7237771.664095904,5566627.838008232,6955048.118301599,4958439.559123086,7424733.163775545,5179263.030064637,3254651.1656093462,6702195.330446762,3119676.223193996,59923552.541670546
6145220.272646113,1118349.3577452016,1734644.1599156351,10362153.684647774,9521474.438135296,7853907.284406314,10775585.812254108,9472363.584965935,8819366.514769502,4130717.273671464,69933782.38315734
10186201.373040391,6674758.410275275,5020003.858297595,10016531.538297178,1730828.1252987145,1269024.436798797,9408768.872080775,2751731.3258353486,7071747.982366438,5910106.795001582,60039702.717292085
2429003.4154495955,6542488.156536403,13879617.188977452,10516635.023625107,4199945.591580606,7744918.480978588,3595488.3294137544,6483199.610499941,7779738.004661747,7586538.8351703165,70757572.63689351
4276255.863936049,9575915.480407432,2369651.0964071103,7774130.057317231,13181673.59400226,10208906.80056638,8019701.186581515,8104686.467372597,6338296.904010371,3015148.3226645575,72864365.77326551
6338796.872579947,5318034.496168429,3204979.6631647395,10298063.764151845,3790943.5107203517,6853217.041928168,3607994.375877667,4820066.70785211,9771033.12539343,9391399.821700873,63394529.37953756
7942437.949668217,10378780.412698997,4331014.539200724,5955345.925042805,9787400.193842592,5435516.402519287,4395379.465301779,5495277.148355805,11670891.327323386,5021596.644364062,70413640.00831765
7390096.018397226,7023034.751478639,4475079.759105881,5171051.50384753,4707959.710786387,3811586.0391360405,4527859.663858474,5138132.988786695,10907501.733970711,1422846.153043143,54575148.32241073
7039034.490322102,7044472.474024763,8503376.26258283,3960211.4240527265,7278495.836006701,5125297.555971655,3089525.3737049154,3551395.652036426,5973526.451104335,6355480.4030600805,57920815.92286654
2778310.7892552307,8132634.820959164,8434063.231702175,6724731.7070593685,7023475.3178584725,1571600.746295076,6526727.768201933,7684683.547620451,4577846.7395737,8689490.843892826,62143565.512418404
7666190.005516687,1704419.9123436778,7162337.459106059,7758949.864794442,11179731.264094017,1732711.6505380087,7495253.858000802,2192548.862063446,7618368.0283750985,4908464.685699747,59418975.590531975
8108383.310198502,6223455.836108286,5133815.535101311,1959355.938140358,760165.5056328297,4626469.575736888,5931484.219297087,7580675.944234576,1399333.9366809803,7862413.137289893,49585552.93842071
3785487.2698188247,9208412.057348328,10713316.05762212,7448968.0725135,6368059.179573111,9190866.082029242,8575641.420294853,8717608.549592247,3250104.253524808,8747922.16555135,76006385.10786837
5091932.651446611,8081495.967416476,2880414.1601780728,2171993.5735552595,6989751.13172036,8164641.95583669,2121221.0949218674,8208924.065844222,4905924.59155636,8770253.964005163,57386553.15648109
7997782.49002512,5960926.254515406,7142894.048161245,8499500.1828383,3233933.8527962742,5208472.243775779,5924995.19683688,5578530.460407254,6200734.806292412,2915188.6192971775,58662958.15494586
2787300.641540683,6654225.957576942,3609457.589569244,10510683.854574556,8041113.7141892295,7171209.878559757,1871194.0716464922,6337897.366954781,4794143.188605505,6315352.851652663,58092579.11486985
4551907.699146549,6118082.847000568,5413404.598069787,5276784.258136165,10518697.123567086,5060721.743358767,2124828.4316432755,4361205.294146844,4931117.12515083,8066030.183676797,56422779.303896666
2837597.744114122,4894370.171542321,5898214.395502003,9428799.276334813,7869380.158358559,4894484.8263653815,4575585.767352461,5525747.123640647,3050916.3975027115,6541626.675808808,55516722.53652183
5537182.868968912,1661318.8013566763,5617206.49417517,9753627.667484706,6352818.273509128,7842543.900188089,7243672.628772775,6091620.095157718,6695503.055291765,6323940.616626983,63119434.40153193
5948036.194220205,4596263.708000544,4971172.402156705,7501094.316755636,8900419.934971051,2343442.8522783364,3206836.2584295115,7354434.103060934,8956424.490769843,6313833.750906594,60091958.01154935
5752740.40363233,7307838.528383133,10191296.143009203,4054630.0234392644,2957592.080360732,2415097.8918717713,5003054.3104683515,2783841.612790614,7703795.561105385,7561899.804612344,55731786.359673135
8725575.037910469,4163363.955232235,3489966.641731431,6975495.466276529,3176277.9295682223,4910503.136531018,7976304.1760302065,3933408.519805284,8175319.352011384,5730361.413888333,57256575.628985114
1218680.8074219576,5482478.395381226,5466919.814818096,1669413.6352833852,9938004.713578064,8843905.575640889,1930251.9224963894,5546468.450164437,9646712.676021611,6005573.030327281,55748409.02113333
7923701.062588434,9517843.556535592,9685978.567580478,2396628.354795932,3964806.0191963296,3832093.5140949697,6866953.196572613,7707792.63865453,5615611.268174665,10517138.192629853,68028546.3708234
12589618.345781451,3224650.2873745426,7862586.600243505,3253748.404595556,4676599.160740655,7762247.504818504,7345465.433141441,10897631.736853689,7466467.444804147,4487732.797554737,69566747.71590823
3578181.0455644135,6986795.750500996,5341231.504989317,8974713.116375651,9245198.659215566,4790097.9301927285,5236906.933481441,8770232.66373429,4185440.181090196,7520236.061638732,64629033.84678334
5491337.394099393,5399978.722629204,8463078.129551828,6559768.521227647,6816303.310657219,7231300.049479918,4841450.153982308,7598596.880738197,5763576.872102941,5135287.78649905,63300677.82096771
5974980.9585486185,4728038.996111644,5779177.847129759,5963790.198500734,4408603.624412173,9223068.121061431,4955089.813283849,5143810.4333888395,5276970.148213341,8996649.88184052,60450180.022490904
9227859.7836806,2748352.1618131227,4775380.201450674,4990829.152161758,6615793.233910297,11224821.970544554,5779597.0493533565,6875078.012150547,3325369.183042174,5453414.781507022,61016495.529614106
6946973.083103876,7450857.35816266,6507868.022372508,6315564.618581839,2331224.0811952897,9508734.46328043,1887411.3323049312,7025939.659922461,5471826.595193837,7256575.022620746,60702974.23673857
11212710.14871981,7566110.210906377,1710017.2035918504,1361130.4373900313,7385802.352200882,4814099.95108348,3111841.2129492564,7393372.601950513,9010420.620032135,2886434.732382157,56451939.47120649
7544338.925969466,5967742.7614502385,1874420.1983092984,4922653.140422895,1029548.2845833079,7322940.447067756,6947324.068636891,5925527.247523467,2777881.150971863,5778458.597230389,50090834.82216557
4902564.338779482,9244907.702722767,3400061.8017339744,12589147.732618455,1761159.718007667,1151689.747256874,8005071.001641205,6574600.0910485955,8899652.266516406,6263518.684260907,62792373.08458634
8793916.36556722,3816158.378357749,9266776.926203463,10371128.200633459,6690122.4301408185,3443679.642939916,4018019.4536794215,8075054.641336186,10178546.941750111,7859993.284926503,72513396.26553485
3600597.822377828,7367529.530029637,3139326.713712839,7610979.243178893,2263708.1513506486,6862594.756684385,5989714.60411059,5297541.198587058,7700127.063335673,2976787.773183274,52808906.85655082
7927989.813679193,9174561.881098734,5819352.982237644,10184349.498250235,5547290.858265101,7416992.185082176,7258475.364465362,5371565.528595371,8080939.349570054,5025195.32281851,71806712.78406239
10488717.665057622,5212089.340538254,7656464.586669193,10758306.346910635,1066207.0132634528,5837376.074570673,7820514.901572314,5125979.256537285,3760767.2502369094,6844056.471345538,64570478.90670188
5590313.00172061,8073988.73601418,6110469.490986719,8618279.552658033,3279405.012976572,5647353.488751969,5411014.893740298,6444429.888573471,4680130.019990637,7154760.81436707,61010144.89977956
7422498.691308797,6290757.11073566,3894710.9243247183,7690600.580730922,4192069.58013993,4889508.57453268,7428134.6934103975,8594596.96172808,5099679.499008108,3851158.3499390753,59353714.96585837
8124360.338689916,5011564.839315615,3935781.948377661,7359516.931252198,5978656.666680435,6822305.396624216,6034164.729868356,9043111.229514556,1998022.9894417673,2386349.3884109254,56693834.458175644
9615662.936728524,6018469.57290003,8208874.934124036,5108575.628382137,7900643.704426021,2130007.496680448,3425707.3259768407,6185400.873452373,6119441.469894784,2160240.057911391,56873024.00047658
9924104.944924843,6044854.100652953,3166990.5690244683,5604897.936817878,1979069.2924946414,2321415.346571211,6484031.0766467955,2747314.329104835,7619956.834475942,3115115.133137673,49007749.56385124
4675605.085024263,8466113.462762974,5421514.828055408,7624141.967472598,9272066.653558044,3728019.8426119788,1602710.3929936227,12959218.954971386,8995032.736764243,9494138.557469742,72238562.48168427
9911643.821287671,11810649.211342324,8149077.147708886,5551569.6166773895,1383577.405649488,9730988.430640271,2567346.8847968504,1979767.3054961725,7227258.696660527,3352744.8152524494,61664623.33551203
6363290.588763149,9993108.85797627,11494391.00874316,6677308.054850287,3832969.5227666516,2134202.067546609,4807048.527544612,3331719.5362782534,7984738.250190167,7117979.867709443,63736756.2823686
7140361.768640101,9170359.127916494,6470846.266163476,3664206.2627284904,5463131.991584604,3884225.589301839,9240840.491935559,5488002.280229622,7059890.879791818,2638663.8618694087,60220528.520161405
3600203.056821209,6751982.2831651615,9833755.349515744,9487759.52075556,3256883.723167744,7996569.982052968,9337666.606175655,8894584.289949957,6572356.593032924,3221356.700218785,68953118.1048557
7338974.638764052,4577230.121180548,5842799.009932402,10264418.7320934,4316078.681731426,3823285.7511670846,3224887.0286979293,3995296.936370539,4160054.3088848293,4016560.401842231,51559585.610664435
10315421.023667902,3983052.7419863897,10122780.047555087,8285821.435915638,4077234.3072156953,3541774.24701597,5424715.877484605,3514616.7794631035,5386382.581192889,4648468.634648223,59300267.6761455
6244196.519873285,6055207.467015901,8495239.407904573,8357470.871264996,6263961.205373227,5970833.136261568,4353619.5631320765,3794759.8127761073,7105723.494361341,6265064.927490019,62906076.40545309
6839552.933189029,7412156.774135298,6116747.574319733,7571351.288723616,6038677.935386973,3455957.677652175,5223502.350991558,6617487.736419439,6153451.9524010755,7273509.750867537,62702395.974086426
7229043.3156893235,3316146.065566744,6848733.425077109,5583096.108201769,3165776.1383260367,4614431.866177776,8751074.351536809,2107522.4885538337,5847528.25459063,7844105.651538102,55307457.66525814
5084110.1103809895,4716882.1126773255,5722289.565679409,8308773.767568437,8329631.9013522,8263683.509397673,7006971.298824911,4490548.708644538,9990716.812257122,8145382.122169358,70058989.90895197
11251246.137581233,7388473.057369353,10370274.378044473,2685367.262154639,9153582.698406788,6546020.616240621,8986289.855806513,8034371.122463369,4204839.488688841,6348935.786897177,74969400.40365301
4172786.9494108795,8552283.545069214,3772400.8826543507,7975176.144185264,5232669.999619798,10865062.193065569,4275829.258912883,4508097.206739695,10330772.637918565,8568022.706625424,68253101.52420163
9238826.095988838,1965033.2585061528,9004942.70761817,3413041.1889297334,7352725.721170846,2778015.162917531,10386937.514995188,5869232.836378041,9340183.026762992,3554233.142397164,62903170.65566465
11767460.080715647,7419510.910664503,7470243.34357143,7273362.325057635,3358543.079442458,2661108.2119717053,3302282.597913831,3346628.562087584,4920231.062228167,6174703.727322827,57694073.90097578
3408512.970173878,5393120.818935975,4163615.761258927,10930768.550791956,5251990.6162899025,5261165.824992547,10013424.258689515,9459647.821701782,5250481.257382152,2021271.258039023,61153999.138255656
8194047.803488098,2299715.092326024,5702713.041165817,5099671.445167896,8592135.770064559,4532328.804784747,7720480.0996381575,9966241.397774363,4224812.855535858,4949640.161135098,61281786.471080616
4415177.663250381,4985978.375780181,7247307.531234892,6297814.13938378,6060452.412216267,2550153.200111012,5049131.764159167,5572128.312504983,7157146.0083213225,6128645.13854925,55463934.545511246
6890313.1143202055,6283035.370855675,8836809.127559843,3515735.89009295,6299470.198289471,5837088.329752355,2438645.6051430125,2463204.358981464,2854567.538255211,1666681.0311275776,47085550.56437778
7406199.235498579,2340251.3382971343,7291285.18879267,1610927.6488904592,10657521.597981099,3985487.382025119,2805905.374575826,1334455.6950091932,3053859.4463519333,6991166.684285065,47477059.59170707
8317662.92073978,7148146.0915195085,4720461.064626465,6551502.357084056,2414126.1260488643,3733296.015097854,7578259.453486829,7039556.582004781,8699049.964613218,10059023.586182648,66261084.16140399
8720071.746890044,1541261.7142064339,8082225.064106864,8256646.527702327,8924087.823023431,8295073.547602706,3799557.8694913266,2211809.4862828045,7006942.864854577,9349621.273031535,66187297.91719204
3256801.0697781458,5973974.622478882,9510167.397682412,5682612.672812363,8942405.41848725,9277845.752693037,4993563.6378537,6838467.026439654,8738132.419744631,9645961.678914325,72859931.6968844
4789418.83985387,936242.5667256697,2845253.1174814072,9148007.191795807,9100858.77522039,3673030.5521183754,6713483.962653737,2285128.7524910774,2031138.8596125355,4924479.980604795,46447042.598557666
8516275.991312511,2559260.3740891465,5821141.474017075,8553369.421260864,4984393.27944751,7344298.974110124,4127449.469544437,3392841.681464479,4471386.900368801,7513765.475355847,57284183.040970795
3310629.023980834,3474536.8681615693,4409238.578320229,4147383.210651868,6993649.929940601,5995308.961286907,6122455.99472881,4909623.523589704,4972373.729487879,3752570.532393649,48087770.35254206
5798415.588910268,5485804.3234307235,5382503.330941127,10509210.26956117,5162417.667772548,4747484.2626422085,8344774.048364079,4204048.007539911,6148836.772706869,8003480.846051089,63786975.11792
7895213.281892205,7394028.856827584,10098165.235482635,7989736.390397402,5985340.475176353,6077243.093913196,7266799.566825258,4540087.478044188,10021920.41419132,6105779.183667683,73374313.97641784
5406095.329153599,7627010.711800324,10757976.994301442,8710701.330992322,7473022.672591288,4239462.201347207,6636785.498944341,6042996.531580287,8420647.720532067,7733633.926041396,73048332.91728428
5786212.127888499,11417561.97718341,7752961.77035206,8766971.890309999,2522537.2295465725,6489693.7946019685,10129247.143010905,3395665.9613916124,10470520.630097112,5899863.181890638,72631235.70627278
8622658.857898565,5951106.224932851,4162244.1598125785,7799726.445957823,7209952.814348268,2508004.9332767976,7893633.521344679,6327176.49582945,11029978.985343263,9825311.129226916,71329793.56797117
2031214.1260743202,10501945.160957815,5504408.688813228,12135956.774702571,8365545.112662805,6440110.598700412,2379289.524608955,7734967.494291606,6083553.113261329,4882073.929768592,66059064.52384163
5012797.229266988,7247005.239042904,12009934.291680913,9963894.364877725,7836787.766295957,7712986.866716882,4389762.605659854,6201997.894437635,8606237.913937017,10686517.508713553,79667921.68062942
11193695.868968975,8456419.930069061,3692697.9057451095,9610160.17876006,7247123.634573573,5591239.81015028,5319733.611953918,7986505.946529526,8306253.20333232,4951661.67664954,72355491.76673236
8389050.756800175,11570052.252111513,3985726.861917009,2679406.2577866535,2889285.840696043,7508602.736432609,8209304.101332061,3842368.521219174,4030775.523100297,10165989.540638931,63270562.39203446
3716368.3702484895,4566450.691651857,7426663.534454312,6231574.874401523,4907849.361796377,3592724.396564858,5643834.468471205,5143594.69813691,8245142.8429744085,3747750.7964720144,53221954.035171956
5531659.931408871,7373664.734523089,5990258.39498886,4399765.822779823,6162465.345532477,6535397.335431844,8478238.20133612,4046344.3099377956,7187625.712316234,7271570.3087955415,62976990.09705065
2208519.7676026467,3511365.3063295214,9527114.765470374,7141146.672198146,4777548.335775434,4420036.596423914,6576659.033113859,3726077.05995823,6318767.95082894,14394243.605479639,62601479.0931807
6136067.310335384,5307263.799781899,6175808.66651098,6895784.279772965,4955259.965622481,6629217.026180412,6959561.098934567,7812993.809530906,6461165.939346855,4637368.293689956,61970490.189706415
7199339.1807896355,2411204.5495266793,5078689.79964701,6708638.89718313,7446609.3910358865,5546927.8059151815,2587620.601618266,8656824.25670031,4660054.740839273,918509.8929957099,51214419.11625109
2742564.913509286,4552300.149731118,6552695.365342431,8054916.66222191,2060001.747223108,3458641.50824305,1380918.7349383906,3537918.9334314857,6855975.071232664,3892274.0235014544,43088207.1093749
8969565.504451357,5815213.371109143,9229652.47688035,8950405.45922061,4535285.4936723225,9042740.096947877,6020237.418707805,11514939.662888024,2474522.7771551334,7497699.859667566,74050262.12070018
1494959.5372828285,8165823.881031097,2986790.695686345,6042679.744999152,5132257.23064432,5162395.91887135,7913558.173109359,2488061.143230154,10751383.634357959,863973.4674149138,51001883.42662748
8924454.043047018,8639254.379230224,9855305.84909025,9349011.165182926,10074263.199832773,8239328.692907786,4666289.423747767,8870434.02825968,1089115.4044857388,7680658.753591651,77388114.93937582
1785889.8018395945,2270284.897661179,2664920.522639099,1877846.9491405883,2818378.9358744393,2361128.7185029476,7587317.161047715,2876573.325142286,5806369.591677854,8716474.749459757,38765184.65298546
2716025.5458618714,3681033.804434738,8245086.917155959,2625907.143886696,7100770.9773656465,4905601.560948387,3582487.9859444303,4776856.355677046,7291138.154556503,4149522.0103089605,49074430.456140235
5722683.935036527,9044561.698829688,3686722.5902381735,7629541.450802239,3868880.0348980664,7410212.3230064185,6510895.295266256,7157575.628718643,8826832.990136595,8621948.879156346,68479854.82608895
8088356.884464816,9055649.01134125,6479111.743240972,9795967.071350992,4726523.165008531,4075993.0811440493,3358392.467135483,5864624.425084264,7316611.622006069,4713027.323183578,63474256.793960005
2994470.7686315314,6656484.029778756,5356986.272716873,4031232.593146089,4346639.222359,5539317.68654507,6793269.873960278,3279553.069389018,5427289.161045869,4597607.849196764,49022850.52676924
6790611.776134729,2771430.635532869,5789992.954814463,2676478.577289534,6534044.835085515,7814052.779470348,4363777.384725478,5777395.200139734,4018849.9992013113,2003316.1408281277,48539950.2832221
10360077.762255704,4586956.230308903,9629016.187097503,3101394.208273301,4063308.683204946,4763947.902991262,6629025.551205712,1882626.146169716,7138249.299468032,7726732.424904096,59881334.395879164
8233011.518805936,7390327.292020945,6147992.188680973,9055984.554961665,4301946.8552857125,6228301.366310498,1930179.498766564,8170945.944774226,7493442.730292929,946082.9734575507,59898214.923357
9465796.750164151,6735673.318168448,8789531.882399904,3262112.0201610527,8645349.690889586,9347767.52685408,5838325.676008241,9038187.214004448,7801427.483806323,8040786.545999536,76964958.10845578
6527986.43166965,9470780.066087108,2536300.0249599353,8716422.287059698,4429122.972641704,4679517.344558445,6372669.099898076,2086547.3061628034,10853957.649634141,7515739.91013365,63189043.092805214
8323796.0853709355,1670587.0650527987,4028051.974977618,3938383.348479665,8160351.61827361,5790988.70483936,2371689.5385614093,2570757.1573262047,2507665.8540649484,3591407.425275784,42953678.77222234
9209502.381008178,8684363.43205153,6817007.010427506,6089848.169179923,6759106.588783052,2773395.754459376,5934712.89868197,3943959.003490295,6605275.88850768,6104696.12134899,62921867.2479385
3541096.8213569587,10270713.795554807,3509067.8363037882,5685529.008244639,3288899.03187386,6525620.763375575,3656791.304911487,8229938.349113167,7112248.544691315,4667269.758008005,56487175.2134336
10380590.066357136,6165240.107324989,4707446.3013991555,1759507.2992295427,9593634.961761134,5457649.197669206,4140822.5734484163,8401039.936340626,5338979.011417099,10153247.66839315,66098157.123340465
5146117.1025822405,8191977.238815903,5786353.0887449505,3886183.9042843534,9507315.270171057,2747108.408096392,4742009.664204386,3075975.963133834,11214187.942623988,3668237.667815146,57965466.250472255
2200627.11068942,9398115.949974446,9148460.340682453,6714816.665554862,5650537.130771078,3315271.8422344625,6690503.315759128,5622929.227821407,9602981.597862571,3470473.07011118,61814716.251461014
6366545.726088253,7682120.645745152,7723866.437368439,7215147.330248123,6401602.891045956,5923488.218125425,8947360.218107758,8979512.263816178,11932018.069433894,6275383.315348097,77447045.11532728
8177008.506621432,9065723.536204115,8237046.429660866,7136192.422208391,7901333.3716476355,2397547.988309047,5913554.582915233,3657030.7373038507,3321509.749745383,4716949.135447504,60523896.46006346
4112325.0149481734,6470149.789292397,4937846.207309585,3879317.4195764908,4239392.930955541,7505214.945923918,7646652.174342904,7301041.65101323,7289056.27464264,8176241.258324285,61557237.66632917
8021290.024046265,10384454.46562231,8971601.796307612,8148993.012538215,9623880.243550688,2058429.6928809437,4508737.418441256,1573068.9401066708,8709838.08567055,2148213.6825409145,64148507.36170543
1593178.1713140265,10732244.054758737,4504006.163016471,3141609.4340799954,2735635.280153705,5709984.329544255,8634549.311013103,7671240.519248501,7263145.120281254,6488198.611537066,58473790.99494712
3505616.086930485,9023432.018231342,6583083.219710992,7440154.7611996,7297870.248935423,8467783.650493532,2856310.6453739824,8527870.323495131,9464932.989205893,7215904.31108903,70382958.2546654
7650977.022244935,7722509.796875696,7600756.976427306,7636252.513542348,3807330.848356353,4014425.993214416,5390611.874270357,2972806.9060698478,5140548.693669274,4375807.769825729,56312028.394496255
4819160.838166493,12284231.407913407,7636447.018258773,4325809.108205974,5287331.129283185,6485587.403209595,7432866.544581882,3212932.021455561,6844131.137783134,5968216.205423339,64296712.814281344
8552917.406221993,7532454.676964821,6443568.675362836,6022961.643100567,6431764.845897378,9822273.793440694,4682577.116928581,4646299.93690465,6857965.156007291,8226850.609440638,69219633.86026946
6435949.77865944,3839183.400954114,6896475.327044615,4904485.344796985,4809431.5464530755,10127972.90348639,6323047.89431033,7435274.837726387,3775888.610116137,6326848.871007531,60874558.514555
5051052.139701442,4089344.857051947,4486110.636308506,4625141.947555468,6078750.713166179,7065648.857872698,7175571.584061767,3230374.909756959,7061305.743538209,5292621.678268092,54155923.06728127
8844631.763588337,7107437.157164746,2452403.516592049,6363128.689709851,7680768.266031714,2414423.2075000857,7359533.954200506,5424591.716092806,7593564.140160215,6855214.675675357,62095697.08671566
2270933.420673098,8462231.022067368,3614219.035757488,1030948.475052818,3014883.802594448,3849286.858388213,4174212.5311824577,8584823.811009794,3086556.432548084,8806162.787866462,46894258.177140236
3448974.1064346596,9545814.748461664,5329492.699335917,4803401.734183691,8407464.851748368,8610686.505914187,5334826.12488329,8147562.165441615,12381179.737021802,6626423.822797009,72635826.49622221
7158442.946825949,3901123.287072685,8799007.727023639,5905228.459639788,10113116.640702493,8904489.523911143,8238029.239474183,7526703.695626285,3105187.3268850185,8622792.537928663,72274121.38508984
11384690.3247312,10803210.328982577,3809825.434922051,8026052.801620869,4586818.395366409,8056239.777856648,4482893.0289480705,9099748.71651643,10086491.775665104,3054025.7353799413,73389996.3199893
3865967.8572000586,4190859.6416712976,7833747.829257757,9811014.37446317,7972020.682455239,9972318.81902591,8619971.99985115,4877760.585745095,6032399.755269554,5469274.718132256,68645336.26307149
7507873.809243543,5896436.8501479225,4888477.93057326,4946259.135144404,6067012.100232308,6277594.9807084715,4621303.873367725,5904342.927178724,5041319.995024258,4037707.0268544555,55188328.62847507
4732000.353620731,4737159.347272835,5351782.54124432,5202018.025901571,5460590.555684386,5033069.7079064995,5497507.289648838,7088028.741508377,5551038.964005917,2494970.351399745,51148165.87819322
7135202.171210478,6125361.840394736,7911701.375399585,3670763.8220449397,7284128.539430844,6645233.969402662,7904529.447332054,6962732.581890007,5441885.544205024,5976670.189414572,65058209.4807249
7799661.19394313,3348119.2960654935,2756068.270324097,2321506.640975928,8535034.686176717,2322230.742175003,2901119.7889907006,2785127.4666131334,4682656.975631065,1493450.7171540663,38944975.77804933
2879584.812734571,3304788.740206297,6958595.3097556215,3600095.300962619,1213272.568976302,1223203.6332242175,3710214.3059890596,4198537.558776659,8443915.983233687,5348522.338241464,40880730.5521005
7684119.31253144,8105940.657281845,8730060.420679495,8644267.043148702,4728564.398506808,6572718.589476308,5250044.574443524,8384325.835285961,2614984.2806504797,7152178.372847204,67867203.48485176
1800815.605107078,8418168.118272558,4377088.594695769,1390968.1352100759,8513390.326873288,7174826.949622412,9583635.02215104,3424818.6747350856,3000711.6845398396,9158421.36919187,56842844.48039901
3130615.169118047,1989524.0274693496,7651537.117059459,8890280.28924563,8558322.427840156,1627577.3966009961,1696981.5711722416,8616379.40993526,5707107.788874211,8063315.3234800715,55931640.52079542
8562153.447532589,8847653.48944358,2873834.435656522,9913498.841453051,4059460.7781653055,2781606.0251920535,5290847.316449332,2439148.801353977,6792891.093535442,9831936.894439502,61393031.12322135
3971262.471846951,8232225.214252566,3274589.7268681987,5428267.178521989,8402210.989916775,6999474.951697247,7958069.040451076,5210228.939440451,9216726.90057442,4916424.477929569,63609479.89149924
7436601.642955653,4442294.00792302,8304170.614421538,8421895.94600229,4306483.502392484,7057543.572608769,5793260.756190834,4782697.162768384,4297468.2175647365,6162849.910857451,61005265.33368517
4564488.813549497,5285324.28184332,5354160.577234878,7751703.1114661945,6321126.963726405,5048872.35273147,8482451.368497057,5210892.937075848,8607262.073647536,9819503.195117002,66445785.674889214
4290730.544339116,5063544.466216831,5540359.597230176,6736688.876823852,4214524.008028253,3604840.0271973335,7451185.399927558,6587518.8547830535,4494687.414937836,9619652.130962946,57603731.32044696
4908516.715338817,8635078.660200601,7999530.411690777,5396314.676936465,7057027.794889823,4687338.693095368,6565554.34658125,4351029.571019932,6016787.708771436,8857127.76303123,64474306.3415557
6840110.322070961,8368578.249865773,7370036.53159907,9607894.232214507,9604307.109837368,7467678.037606297,7769405.263108661,7262502.932761309,8866374.970622428,2920346.051909858,76077233.70159625
7615482.490760234,3235503.1010915595,8678115.134820282,3279415.239453648,7414584.056629236,8334594.050999296,2533978.09404866,1411743.9476628895,6075784.9479937,4385797.353917805,52964998.417377315
9502781.851086784,4424778.306724578,6509925.841259227,9465996.424635293,6943797.261404552,9234854.11650508,4033702.480803063,3629933.987341188,9798505.467571199,7537664.006649532,71081939.7439805
3363975.8514720146,5233142.888019698,8326160.764120568,3153198.3225794425,8796377.853283966,4903702.543557951,6458831.747918553,5669018.348183538,4994026.784412703,9235313.305127712,60133748.40867614
5091940.0888308,8458929.703621177,2201040.832348545,5665136.842737119,5555674.107744083,7949132.865930956,9761294.610583989,7634559.954251326,8216498.7462073555,6450896.109953423,66985103.86220878
8160300.419110086,3980092.7932116482,8269355.9785331525,6050112.449567594,9650557.060601842,5825279.214872987,6147956.801161957,8023945.501304014,4354314.724946148,8082015.84913186,68543930.7924413
4767155.512568643,6791294.997255653,5750486.395286384,3809735.623306298,4787483.987430107,8868293.485824103,5432727.004932696,8687448.269531762,5842192.707205324,5342611.279971115,60079429.26331209
9694044.19791555,4706727.1604484245,5198301.823295233,6406652.400891185,5190267.65539997,4314242.647093639,3975026.941626966,4317382.618474378,1848132.258001605,2548844.1398370126,48199621.84298396
11555374.14957896,7569654.548225746,9950072.722314041,3360394.887040515,6736590.168691586,4919468.725624106,5649699.913937541,4825763.318605434,4458789.886456451,5580444.7114221025,64606253.03189648
6384939.444386595,7061216.957021423,8456493.917166192,1958527.6268038137,6460238.058829565,5659555.10151786,5252646.0149065675,4662592.978438424,6689171.215784781,4297092.085112083,56882473.399967305
8030620.25854425,8215916.398722474,8462923.007885123,7629080.4273869395,3854715.182641294,3159190.3968740683,8248113.35922099,9742425.733435716,3828157.354144144,6655446.502332405,67826588.6211874
8918135.060528412,8050082.045973057,6697277.04279116,2498395.1895939144,7127897.744440835,7217864.620715287,2393014.970303678,2314056.2719085375,7891033.460275696,2600441.2688244977,55708197.67535506
5989403.545306493,8276745.760082963,10348083.332213884,8479164.320257626,10171059.602932066,1880618.4259229582,6441279.370159512,7947158.172080105,9490501.229783192,6604735.290687371,75628749.04942618
6855274.224351204,11009606.495032063,5364459.513155957,2753623.4338998166,5728282.161460391,6034759.007734195,7725604.48573197,8104071.502756295,3635189.496618116,7620772.291104807,64831642.611844815
9987209.075153418,5103918.184388552,6828666.35817267,7554709.068829818,5823201.580795823,9965991.515325401,9756750.230827149,4404514.16625447,7960786.980163837,7579044.165848256,74964791.3257594
7860922.929633576,5993326.961346824,8289293.225099812,3031609.085539126,941724.9868002612,5208830.3396509625,4931547.796111612,6588580.560477723,7625420.5728190085,9353330.862000663,59824587.31947957
8888014.249515979,6496442.029532395,4471243.025718309,4140287.589810088,3575192.444248382,6928361.907550106,7540374.088639993,6125424.83881104,4187106.4669417464,7344895.233755882,59697341.874523915
5977687.430467298,5536233.499236129,2977823.9503648146,6778439.711295157,5175855.21061182,6855550.929610624,7613316.361208363,5490696.84854244,6011512.316477946,9663409.813551946,62080526.07136654
6655307.14685573,4854199.850031388,3112181.1336918413,3392874.7870474868,6467031.165988732,6206398.28781349,9291337.350987328,2698366.146474156,8517843.323097987,3336428.0207580463,54531967.21274619
8016425.746044975,5336481.44894903,6015495.995352281,9186046.238677412,6991505.569170168,3908927.7678750753,8061616.439345473,750656.9725948072,8564151.148563975,6499709.1265683975,63331016.45314159
2011674.2037237878,6191171.281251266,3851001.8851965605,11461423.545561293,3198111.1134136296,8911562.844638888,1658180.8042932544,3614844.7794911982,7342317.755626145,7431942.082009434,55672230.29520545
1726131.89601598,8653669.198595656,11514888.655142238,5951596.9374620365,9298121.195099648,2550577.463126512,5358946.236211619,8658228.418453079,6251722.08126648,2140361.3727409136,62104243.45411416
8538723.83925071,3673296.4740907727,2692613.6095618648,7529482.47565299,2533456.5139930625,9607151.210440591,10267908.7573121,7848088.864974713,10460013.334070433,9850800.618694047,73001535.69804129
2012199.296184858,7606355.0924410755,3904281.9880912923,4737049.279643798,7502593.41135978,10732049.624267036,6780920.759071145,6634515.283142974,4661811.14919892,9414171.404277079,63985947.28767796
2492400.1342044137,8762383.28542581,9272343.435372168,9281655.873076936,3357607.7341772015,3868390.29552352,10291456.08924963,7269470.314709385,6605688.126970186,4691486.923644919,65892882.21235417
3693717.4263964104,8365835.189082546,10633572.80865957,3673169.4740845547,5512894.486983663,5406425.2083653845,8709781.873278132,5375650.313625164,4242192.475968412,8397128.501928678,64010367.75837252
10671280.817952683,4993422.637767618,8753586.036027173,4868808.837366184,3450102.2042934643,5634136.897745093,10331154.052264536,3847761.6367674903,5907291.868552263,5875096.775488258,64332641.76422476
10450649.098952685,9089639.966941942,6022563.493322724,8533403.738666873,6800923.877398814,10544779.933687035,7446504.205305381,4373655.741182664,8691572.46411153,3047480.469987376,75001172.98955703
9336214.275274629,6348135.978385342,5564721.618774094,9459376.978316579,8742606.006109348,4583449.216884843,9639412.694570433,8772064.230842456,7075977.905869058,6468993.4091062965,75990952.31413308
10899880.377829883,6319338.654158307,8791525.5149491,8635549.149997836,5841750.897761221,6723762.755854539,3940211.517715145,3737856.4474196937,7415909.314350869,1655589.031988818,63961373.66202541
8458609.200246295,2749721.5630134707,9607246.078721361,3802086.9484690432,10132433.622736195,2636034.5577074187,7746625.382331899,7136669.301890414,5690578.04315346,4161333.8658352983,62121338.564104855
10528549.046237815,6982272.946372975,7710974.676051065,9301021.033986399,1133865.856855959,8357665.862663626,4449784.497406317,8639559.909426438,7452996.71106871,6895310.749804198,71452001.2898735
10386670.059956148,7371884.991283154,9472697.78519987,3117714.5894319764,7041727.803872568,10787431.367202738,9920184.652695213,1786235.0716651226,11125108.887520816,2371708.4409598745,73381363.64978749
3433981.3590412773,4272888.357017099,9154677.996097907,3586720.078248804,6053672.8809981225,6317231.684716182,4018985.956804589,5130936.178496511,6663091.894374337,4454835.7685258165,53087022.15432065
8655457.209700955,6573775.866120079,8913561.905940834,6794756.291526265,644983.8003385023,9166395.142032837,7993598.052651967,5191123.176818055,5299574.620254279,7993627.641656024,67226853.7070398
7131356.975250245,2268048.10527202,8894691.934272917,3724757.6385517907,2645250.426828213,10197415.41285131,6179316.305610088,1793891.5744687824,1170384.076139831,4847597.692305567,48852710.141550764
5920588.337038491,5112009.53455591,4797044.945916596,6860609.16900333,5025101.3316227915,5930875.136824141,4275119.306840047,3049488.692071874,6982780.868468684,2770249.8771880786,50723867.199529946
4918915.967394915,7675333.830677592,4241792.785375378,5945731.704687794,7224094.320592505,7987150.451442722,5363420.243435812,5075660.439774735,3016800.130562879,1652166.00472685,53101065.878671184
8304382.502712732,7305025.956706898,6063876.017202171,10818756.731666174,2404784.1631203652,4546166.695648931,11995536.909614086,2721254.4433959974,1218492.827387112,7907461.659421405,63285737.90687586
8171305.338236849,8021327.54752469,9755515.615776226,1685561.110379649,8181731.467574315,6850733.327031885,4903598.413810192,3694266.9484246015,9223376.129215349,2317827.4393520514,62805243.33732581
7349126.030144961,5144462.352221508,9913963.746501518,4321806.174881696,1113439.4500996885,8607970.084742025,8169291.423550467,10035025.746138547,2689875.399547744,4145856.3564504217,61490816.764278576
9419169.209246714,8747497.8317977,9732033.642639194,6277533.435076351,7222504.979229522,3036968.3907059934,8911421.22394074,8345198.292214929,6180233.743013067,7227510.284811173,75100071.03267539
3150691.751527294,4385361.23052464,7025877.747752042,9301019.791899655,2529495.351683852,3523627.48256845,5935846.616750276,7647371.705213295,7526915.934289279,5772167.839864894,56798375.45207367
