338823323122.8705,320405020815.2324,340728678808.9167,325907364908.8426,329294078611.5732,319274153306.41907,319314056517.37476,314367864363.8654,332629462004.5004,309636417100.13245,3250380419559.7275
4552802.0707761375,4541666.653547932,5124901.824570687,5709572.504517834,6621172.087418632,5423838.970176282,6998065.214082272,4901581.084927864,7210230.353582485,6176791.784492753,57260622.54809288
5609734.160581571,3942866.514989909,3134875.22755915,8719206.781801883,3776876.1629589745,7853138.749862294,5338292.536646936,5276203.344645551,3307475.7023905576,3429738.5804368914,50388407.76187372
7729885.031133642,3906410.252924821,4912121.516457628,5935572.879158352,2595235.0385613223,2336337.848067708,6867280.48031491,4404981.314545529,4748541.389549547,4080652.4180981563,47517018.16881162
5883918.14790506,3907599.3057086514,3317172.8075108184,3380669.287791401,3449438.524450188,1493798.9655384743,7589334.942233687,3154370.18708934,6258278.765782679,3757125.461329782,42191706.39534008
4793965.592208314,2810318.976459462,640149.0047859611,6555992.065711507,4844245.1801251285,1514248.1471384028,8442202.30080015,4449508.306795413,6333265.219913041,4001455.193501855,44385349.98743923
2341347.1131596514,1889553.273904998,9307975.672531081,3019583.271666826,341498.05080818647,1456747.486910538,9002365.655268406,7794649.104651197,4554720.128294213,1458918.4073516515,41167358.16454675
5858513.237448885,6003359.163674723,1949371.4969901016,1755206.1145497204,2985919.667298404,3352370.8489194363,8015168.502086184,1521751.1662823767,5945755.603753424,1617119.8307250089,39004535.63172826
6100696.151914174,23698.10520014598,8059497.739301066,9530012.024377646,9765597.854668455,2866719.014606683,1071292.2249792255,11530254.32413482,2884993.629722559,5140203.503835633,56972964.572740406
8955687.396884594,23433.598242575303,3579769.9804476267,3157242.239076071,5912921.913448514,4706070.651817736,3265521.2926729373,9590855.217525212,7756035.776021523,16632689.693135118,63580227.75927191
4128887.5796265057,23728.694876228306,8279793.280193094,3272300.5859859185,4005955.7041856213,6008456.468675768,6085718.115902079,4495335.839007087,6434774.14336518,4970767.567023679,47705717.97884116
7223154.57393151,23498.908909365855,3355614.289189175,7969819.682917096,8502754.530303253,9706586.802187763,10043110.160858316,6053094.0132769905,1804489.0313760636,8254536.021110835,62936658.01406036
7225886.149424499,22647.92211236389,6681840.317522172,4968701.835908366,9678897.148489201,5667641.741217483,2514241.3944893433,8645592.500230748,936894.7924823997,3754760.7253510924,50097104.52722768
3488980.958623732,22702.10128913641,7309283.832128062,7056078.7231315095,3534042.1344571603,4762252.842946183,5267207.373689279,6030340.545949602,1948459.2242165525,4683198.966607972,44102546.703039184
6720052.408718309,22230.102872193755,4048612.9887779905,5543050.048764174,7092400.96862087,2461835.6062112814,3816562.890497151,3355040.8448666115,3055584.815496303,3562288.0007275552,39677658.67555244
8135200.591500052,22750.779751494334,390099.86178179726,4751459.382491586,7211758.577451016,3022373.959947932,2088383.900027635,4513631.31948329,1411886.6036860666,5190332.323707776,36737877.29982865
8260606.790116946,22971.16244278008,9393631.489688458,8444500.320539966,6315532.763515779,3215383.6987243085,3552205.0893352027,7223963.978297153,1219235.5509356996,7629522.985344234,55277553.828940526
7763159.875526015,2839600.7355317418,7530771.0813315315,7086812.327332494,3968863.398929143,3612379.721254968,11699698.086229185,6483043.061067454,1574310.4982305504,1867860.4134884444,54426499.19892153
4208689.139089527,1418313.9363217354,2561828.1054320284,7316568.988836528,7289476.336654897,8004260.2235885635,4122531.2946939124,6500106.908623739,4660823.794312302,1682791.0285713288,47765389.75612456
5060332.388875287,3350677.1855663965,5173507.376167645,5052312.083237623,1140519.317078618,3916178.9562113173,7765252.502295597,930900.201767983,5960064.81518164,4880560.432514064,43230305.25889617
9334732.358491603,3814417.2136965916,12524429.467872072,8858761.821006088,3999344.804022846,4200116.429928241,8989698.590673232,6566442.630210353,8278601.953765374,7830076.046041475,74396621.31570788
3748498.3559334613,3668687.038272337,4019065.609007675,6224933.344820019,7419820.03544648,8430896.866675166,4489735.244838438,7595812.240230139,6960655.678665896,2542920.108732323,55101024.52262193
6789788.337914471,1274585.6658460288,11103178.484021362,9500120.480352983,2473868.2941451925,4384078.566540484,7084161.794043814,6711754.239657723,7497344.328552118,5810434.553068467,62629314.744142644
3247363.1472680336,2756786.8078192007,3649892.2280555456,1757734.8231381278,4034908.9197207224,7552361.756111883,4619988.839646554,8251225.825902806,2739988.2750657815,2871078.331137333,41481328.95386599
7691489.973901619,5672095.598304552,8686257.671293477,3641480.190732064,7415463.860351995,4379745.549084919,6814316.333627556,3898278.3733057315,7872155.288027833,3798902.7442649095,59870185.58289465
8050397.416449045,3180585.2327811895,6096206.2856237795,6238349.38626638,3278318.524746236,4416312.733576652,5211907.914568211,6035777.791675612,7645741.870577892,5613270.3112345245,55766867.467499524
6054504.197926775,4535535.191982171,4731026.459363224,6291058.410803152,4493501.204179345,3313818.9564976725,7320741.312135344,7898347.446568215,8887586.997386113,5182464.304421071,58708584.481263086
7526059.464038544,737305.0316352316,5646333.875954124,6822415.989283529,5660867.802315665,4351448.410239899,2798252.7910640137,8356575.367680202,1719214.4026993595,3929781.8328786446,47548254.96778921
8181924.2720880825,5507054.659022924,3630268.1355749383,2265731.893386563,7270466.429043022,7075687.863203239,8552882.731835704,5913267.902351509,7442523.461279133,5914814.696096056,61754622.04388117
8136790.374203024,3097465.4358142493,7144609.957609104,6140606.432797254,7737407.213093818,856437.8521285754,7591368.479462833,5228585.382511712,8106423.777182751,3361276.2204087763,57400971.125212096
8077932.572097007,5366990.862125994,8493790.831492824,8671271.491453411,3877583.193076911,6734296.835617939,3404376.8193504335,5478023.665003622,5667821.818118684,8218555.05799951,63990643.14633633
6750508.057894611,6461260.657657123,1811228.7678817827,7314945.072478471,5439783.500964441,3270553.3046734333,6638132.108176189,10361218.531372676,9649479.827835241,2318151.594967098,60015261.42390106
7712597.4532707,1797906.501478196,8118759.899044968,9458930.570534043,10457276.307787776,4178807.6432553874,7757480.796424662,4090059.244767353,1684072.724951604,8955743.38625219,64211634.52776688
8838103.117778067,7203706.2915139,3769670.461089276,4552983.896204101,4923037.084979782,7387222.103442438,5874419.251865909,8897937.458514627,3090272.103218703,7705522.241077898,62242874.0096847
3581213.454957908,5478813.09013447,4681066.319838777,7417752.602715104,9048935.14094262,5187564.399782735,8323702.110304041,4087810.1553404843,6244296.4076894345,6280736.802750435,60331890.48445602
6798149.414641274,3554654.927282907,6287287.073340642,10097653.57636245,7691270.0398850925,5413977.035437435,4903004.901271937,7420335.117836662,10475754.196411252,6820059.24841572,69462145.53088537
4528742.296696515,4743634.969038153,4206168.705947095,6263375.296985878,3931021.0246486505,12775070.098812917,8312926.140340652,4441988.762197983,7213857.501068533,4115758.5712891044,60532543.36702548
3685014.9202553467,2314862.0089097815,6676046.285324467,6111279.726314454,5051772.083216922,8986363.283440433,5530738.735045626,10982619.322566317,7637895.679287545,8547770.657996574,65524362.70235746
8580408.481940622,5226905.046651951,3286567.8815550604,7200706.50055522,4923071.824980838,8443137.00036296,8016412.69307541,4893136.896251254,7084695.306650565,6510733.159552048,64165774.79157593
8716448.444841461,6647469.3400411,5373313.185235554,9391797.9759786,2446527.2465581344,4954028.199403512,9701083.829673888,4077271.899315026,4786972.274538384,6403662.058801952,62498574.454387605
3463309.495095881,6369539.075364665,7335680.1665397985,5472794.3837443665,2426072.444912701,7091294.278787809,1265994.0551558386,12201540.131567353,7555035.763648952,3187611.687219109,56368871.48203647
3000886.0762768704,6459805.425246094,8935587.134011695,9069098.761904888,5836770.254554721,1692134.6122778312,1822599.4968190277,2523196.8445968763,1802561.7358069895,6295541.919323965,47438182.26081895
8840976.669756021,4289234.572239028,4409270.265872787,3707525.3258450017,7453710.033837466,8025982.912361176,9246833.264922336,11136012.516338022,8000547.38927412,7962563.556739331,73072656.5071853
2870363.1609348883,7808737.466482381,7993362.561024497,4028493.8946983838,7039541.580629823,6564806.302467064,2306418.492863671,3138411.489021209,3623883.7824019557,2842258.5015902347,48216277.232114114
4945093.864066616,6535482.335938974,4845120.844200543,10378262.244120643,7756732.356016366,7165110.849092509,3128454.1499952995,4972887.638380719,7891469.566202494,4795004.839891888,62413618.68790605
6695249.710947403,4828270.592010433,5315529.615636333,4467914.104299559,5167049.966571696,8521221.479355253,5271750.911987651,9249169.61513393,5157643.6343832845,1117219.5047186518,55791019.13504419
7789813.905133629,9882066.500199068,7295195.384303977,5530845.673779409,8406762.83884745,6295720.900905118,4645369.296510607,5305077.641798694,3176419.4067900437,2313398.2612137794,60640669.80948178
10082824.855405884,5409078.822880398,7440394.420730434,8385490.145096731,7483717.772049282,2550723.0731900577,5582576.248685827,6413177.029991142,7127728.555881603,4417806.89314247,64893517.817053825
8314878.6346795475,3517349.832553503,5126581.882491032,9055212.221804576,8731497.355683101,4606960.65846786,6172630.160448668,5408748.421936648,1143384.1017432683,7262305.848388299,59339549.1181965
4376669.897889185,7231189.128720629,6754005.852033724,9051652.12044632,5703553.450437425,5914854.203208883,4189342.669978362,8103742.929554537,4009190.627583874,4835841.453676708,60170042.33352966
9811322.975955773,4382054.671952695,5236452.969477445,4950350.432002605,8592642.728333876,7693542.487342034,9623134.484936053,3697612.1295361784,6489000.643301144,8718016.944218164,69194130.46705596
3430796.225130116,8829430.614079742,8919752.90091808,5385431.367854198,7977582.2070807265,5724917.144212798,1652568.1713719165,8224690.2252355255,6816961.05684844,2554266.7376279216,59516396.65035947
4471455.632612731,3231322.4784115423,4155902.525460418,7166032.023122907,6515226.446984753,8058885.627401771,6212653.847219819,7979674.939877219,5400883.429122938,6813257.673575575,60005294.62378967
6340733.827718343,7723469.434575676,7060066.178046297,3389102.9843063736,8324693.404503209,4579209.594724055,9557060.014406763,2969040.051565404,4101800.679934664,2101462.7831762023,56146638.95295699
1702096.7630678266,6195279.080474929,3798920.938715775,6127571.544505116,4909575.955872809,7802139.477237427,3962119.715095566,6293011.293584272,6955313.497438366,3649267.5362403286,51395295.802232414
4734280.041004891,5168636.156013391,6325124.732938568,7931445.726221924,6927402.970723138,8326179.221337758,5127088.417826996,9092905.30822025,7167404.803487939,7097239.206859088,67897706.58463395
6028531.856160064,9282798.182104064,5598045.914412991,5193917.445826354,2197366.9851543806,6501978.7938536415,3106335.872680872,7916996.288729137,6341678.277550801,7956218.942741732,60123868.55921404
6599577.605562811,10345128.851159144,5800215.521171248,7163671.415453912,7047656.303737475,5103644.074586125,2715156.3731567957,4331891.137783864,8007389.162474799,7253874.902714063,64368205.34780023
6345116.133624846,6074477.872318169,6792572.606100527,5328269.613566579,3621008.1831141105,7024671.415151297,3711704.802290056,8043519.505479173,7386670.660043053,2579871.9761722474,56907882.767860055
1638560.2814054913,1401722.4039464167,8603596.855473103,7480241.325664661,7222780.973371086,1493013.133972488,6204360.724214167,2019285.8592936874,7363668.167177405,5661341.244153558,49088570.96867207
6545233.3572470425,7026072.887929263,6431082.589371446,7362156.785696953,12048085.589662714,4832836.221930974,7689512.585613659,4169623.167380916,2832238.307826576,8367916.433357075,67304757.92601663
9283662.803482622,8846818.353304708,8607837.025861515,7974251.719595959,8965641.449280549,4688627.693157891,1458613.246337177,7010281.799717965,4667508.717322866,4309072.991783805,65812315.79984505
5984337.769488158,5453219.858115141,3410985.7522992445,6631663.446723001,8453432.730023565,6410399.867638009,5983965.07496084,4461466.536486569,11200817.828036962,10455103.070607806,68445391.9343793
12349658.963787613,9131810.002144037,5631817.503239086,7777562.516647885,3142973.234583563,3674712.5373751665,4091434.107266728,9065225.378254475,5381909.006193088,3134129.037060104,63381232.28655174
7129759.613976694,3448236.841518418,5378220.903813956,4137293.7233994496,6647480.091449478,7174222.195299243,4565331.331083421,3418804.3466485944,6063056.954456642,3400635.4760863855,51363041.477732286
7929718.039375843,4944411.1186445365,2462279.5905692033,4036684.2357457504,3868344.651990402,4752879.135918847,4323292.210875317,7348851.90223175,7068482.789413236,5419058.542086884,52154002.21685177
3804936.4070550776,5161033.356311551,5390716.63162545,5154081.81321082,5127064.715500207,4311159.688111686,5142110.301967063,8413178.272865145,3819163.8854097268,5068530.24468382,51391975.31674054
4928214.08903477,7975956.632693006,3232603.528713114,6862785.564162091,6713313.734128354,5782103.863458548,7571883.1449609725,4903733.556771808,2031448.5471675822,9637449.254873872,59639491.91596412
8374658.108014355,5623412.199841748,1933421.0694035892,2879367.394778966,3181988.0659452816,7068561.055338368,3526963.424894109,7437615.948478648,6996413.336480911,9051064.69971882,56073465.30289479
3184603.7057933467,5666964.923973468,4105758.5006902316,3509616.970449571,7450243.473891903,1184220.9414922749,3054093.962457927,7871151.236229416,1953293.7334447256,7087584.28759968,45067531.73602254
2502003.9585616346,6105281.925546092,8251027.257747576,4626112.3752769185,2302647.9414380756,4759054.952324813,8319890.798413087,8915553.982691891,10419257.999777677,5859680.615382873,62060511.80716063
8820129.319225002,8481095.994682785,2327765.254647156,6702181.320461094,2561239.452864008,6810123.018197391,1847082.979457781,7979247.058468815,2694815.8780902484,10662328.667829968,58886008.943924256
8312516.484531611,6262246.641524603,6520788.964066076,1957964.658623058,8421100.865322871,2731269.9696792015,4394927.21560664,2263230.2127121477,9894589.897396386,6339321.77035831,57097956.679820895
7028890.81246379,2717945.8900485216,9505040.548473088,7740728.283200472,2686551.121552252,4667349.868831703,6025995.201993789,3889586.7040229416,2804193.113005743,8603328.265873648,55669609.809465945
3849012.768176401,4639336.120924402,9635103.034519909,4676239.22695346,5769493.096139931,6844282.0206416,8481634.434008474,7042543.199012828,7659090.610852955,6120616.027175008,64717350.53840497
4818272.274662516,8178291.419819456,7418397.30374446,5457818.896759437,4923209.798655864,4052798.611884478,6902918.01190159,5251820.369274064,11390998.9136159,6959564.096760118,65354089.69707788
8461064.970585173,5917622.860647126,9700639.758818867,5829141.725171217,4526362.865641186,7535744.031918426,3422656.055711417,4910975.365289256,9388359.722608432,3692246.6968249856,63384814.053216085
4409282.828989774,6744973.4185735285,6185090.128584786,3566469.913068556,6299463.149731796,7348523.908523218,5041059.945031369,3860690.839933185,7577594.31340493,4949346.845477797,55982495.291318946
6914962.242555869,8841628.800089633,7961547.806409893,6177295.419499087,6591236.93615171,5379171.2946198685,2904244.5792715126,4442984.602310275,6069644.2505700905,7640039.926611374,62922755.858089305
2446551.5802400606,2665204.3635444697,6001783.180178092,5724219.393183131,4768957.3083405625,3572536.3067286178,2499153.813750984,7216771.534409275,3559676.1778480057,2783005.57126466,41237859.22948786
1128071.772687856,2963242.6686759912,6249580.489235543,6881391.500723955,4635792.2195526855,5731695.24439952,8168366.977984654,3066701.609990597,3519936.804536988,2578609.2634989447,44923388.551286735
8234972.865728365,9101779.543456582,9771200.722443072,4847760.430963194,7443605.404384431,8690300.331148896,2915139.9448216376,5882099.204930485,7929148.312439054,7990055.008966011,72806061.76928174
2344095.020316648,945928.014096754,7875463.9573426405,7973231.118815228,1844860.0165899105,2132654.4121433496,5829770.29809597,10561011.28625895,1133279.7833284503,7870723.539826948,48511017.44681485
7266838.291437078,4567119.697727059,9453879.535490507,4455713.391823136,5089656.057958125,9136734.15374115,8210703.854074342,3222065.3717575828,3509205.627054902,2016462.843740771,56928378.82480465
8620503.146187086,6762008.445503866,2723651.853836721,6579914.765335495,5861550.961153387,8820425.839453407,2365918.94248205,9051807.793050915,10527554.502424017,7005834.193576485,68319170.44300342
6303716.584378118,2855796.5139491702,7936494.22058698,1610452.2377953308,1112906.1289365715,5061658.909397143,5893102.587524759,3173166.19343578,577910.3809617542,3289010.489219081,37814214.24618469
7415726.279520114,5180576.759575245,10495947.31273382,3479769.7916902374,3447841.9112791247,7667822.053999093,4046882.9447837034,6126126.09454452,4500569.297166261,7995895.04600978,60357157.491301894
9955825.615070874,2273865.0781687694,6282147.536076548,8318101.323583064,6872582.451783452,5890284.985281305,6934306.13209922,6628483.132210277,3998813.756838907,7342346.731152333,64496756.74226475
6981998.5408067275,5223379.18453317,6546097.591592436,7428064.887908879,5894081.012183438,5348545.550716234,8082466.075067565,4162048.85191495,6128260.944038306,4203638.7879271675,59998581.42668887
4324203.839437788,5593560.865229522,6934362.769980247,6200887.479235084,5784302.471446214,5038217.13357012,4757285.84274419,4393349.346377547,2851054.476967808,7004641.365586526,52881865.59057505
5566994.81644617,6928770.057138528,9818724.30735741,5785634.93876077,6469644.178614294,5142936.650350676,4740492.584034156,5220993.53116393,2703532.519137388,6394119.6667923,58771843.249795616
7444303.293415872,8716715.37100883,6739563.502917229,9442697.27120828,9587509.865281604,4788137.063873682,6630085.498869253,7033994.5862267595,4620846.323005288,1501968.7701575202,66505821.54596432
6609727.251895858,9121635.357582137,9989609.689336838,1707889.9001305818,10415428.323532285,7164000.266377226,8570554.861121437,6482849.947320718,8956861.677415784,2707316.9928858513,71725874.26759873
7991367.910873616,8662972.253601147,982007.9006934031,10997956.522291645,5506452.531673914,818025.9829089959,1271836.3829850042,9120628.514460618,5908341.694458528,6849802.03311429,58109391.72706116
2584155.3842320405,3804223.9322566823,4486911.732056603,2781073.5316965412,9224573.810526852,3431971.0466497377,9716438.353885284,6200045.883583792,1766527.3087150808,2262755.455898954,46258676.43950157
9617692.870351713,6659592.709180522,6817541.09891461,4248456.6303819865,2578641.0736667,4120746.1957621775,2096425.839493021,6941814.184666068,7293447.478470472,2965939.5729532456,53340297.65384052
3847459.8678376307,9533626.123363623,9519857.139759736,6582789.946000573,6522207.944197882,10031511.51661649,2940685.2968532434,5070284.302363133,6622762.587703782,5999828.828775858,66671013.55347195
8370322.521658181,3046850.206964043,9078683.442933165,8310180.245821129,9208153.181871243,10736254.581209706,4181092.3250378924,7442037.603957263,1947908.8997921322,6829472.041557539,69150955.05080229
2693294.3241619538,5243315.473299094,8436931.364285681,4852888.615400364,5310860.33677271,8542225.01640003,9414504.401307227,8595822.259718021,5351785.293986226,5788912.935900615,64230540.02123192
7613121.294362299,7829126.457345008,7432401.802815808,6743871.98172121,4337367.133493307,9163311.093658177,9027309.37698852,5454623.549368699,8792732.59164459,3912747.5025588307,70306612.78395647
8869612.069974424,7652779.5030431785,6814049.174653858,8539608.932705546,4241942.235613395,3792661.2262353217,8609283.008173192,3181347.7384375473,7550717.3748541875,6207590.995143826,65459592.258834474
7121507.732139092,8868985.924934026,11765982.863644984,8146400.178200362,7064078.908394026,2250817.9147824175,4853952.478143913,4148144.076323742,7869814.719236164,10120418.091231415,72210102.88703014
1268319.2500107717,4054048.984709594,5702483.3547282405,2934155.575892844,2373913.7763166446,9253958.023561742,6717134.637349215,4193091.596743532,8544121.863670452,6622331.914012551,51663558.97699559
4730681.488807896,7857264.486453419,8180583.078199556,7446243.518572125,2966827.6078384956,9751822.778357415,12706468.046121325,8137015.064627033,3918452.6434204727,5818576.463831832,71513935.17622957
9100062.24227369,6740409.124052509,3044115.8519864436,11565972.877577404,5173593.351145469,3692077.3567880397,6285510.04631771,3031527.0100956406,5542716.113267712,7292348.258922409,61468332.23242703
11118969.36061452,3264470.6187739116,8417915.276154406,3782884.796055979,8295477.498795778,7460217.172829075,8122392.498778907,6287446.987271658,5664444.094136151,9135228.64939463,71549446.95280501
6563012.692756938,3992819.622474172,9526964.258164754,6676862.956155934,4229453.839041153,9861014.366026603,9636096.595983488,5826490.374876994,5724720.188806704,4601755.82585462,66639190.72014136
9278579.40080751,5285494.639937355,5011322.37392607,4367738.835845405,12908465.231447194,6973303.054807247,4678936.781954984,5175914.073601782,6909079.366693538,3343514.319858539,63932348.07887961
4108186.399755354,7527946.141347876,4025220.0090591856,5871779.025035092,8206765.415107427,5201635.115109411,7273819.759522624,5700616.022113805,2341466.420184808,8412121.193285435,58669555.50052102
3291949.6640284513,5199622.124410298,7208212.946253609,6566457.957693405,7124090.498846805,6477414.634406893,6122781.305105994,5623723.932814974,1765145.5497463478,1732858.1916163564,51112256.80492313
9024785.851611525,7310149.835013513,4689693.503174882,8236716.144889448,6034635.00503204,2982195.264199267,7799430.763464555,7645526.337383185,6396564.14055203,8799339.076851727,68919035.92217217
10755590.187769147,1411458.8551522675,6602965.158941817,5789733.962254663,8000090.59820184,3340033.987701292,4290500.137960912,5126174.139783777,9640389.899066765,1647252.3766543986,56604189.30348688
5926204.520448912,3735247.8280329364,8716506.484606901,8498531.107044118,3873346.2015855866,5818100.423845406,6867763.037286535,6080342.0793344965,2903466.2705066004,7167795.815298293,59587303.767989784
8179961.672862687,8051742.344976574,10544748.179431165,5580150.751934347,7172616.989977141,11927046.965013992,8320133.619577054,9404700.82103918,2966794.163635477,9552097.94028272,81699993.44873033
3686894.4601612147,8548555.359333364,4777011.906484337,9543229.224809427,9628394.836440556,7486292.237759026,3055937.409973305,4402855.658057127,7888399.5406949725,5934407.10331664,64951977.73702997
7096252.811790015,4295610.017913563,5504964.553776261,10302071.547225926,5763420.351982885,6641238.556428239,9292220.811874727,8984894.64136151,4851698.742714274,7643120.28377301,70375492.3188404
10371149.592207355,5699387.689384829,5702748.710073266,5058650.342995868,4255289.183697413,7636745.066803565,7968072.044001457,6390288.130221604,4312660.386279802,5087926.520322261,62482917.665987425
7620712.741380751,5972066.287291486,9027084.399388527,3443647.1721237316,7449549.545553909,7777569.399528261,4773784.958007179,6888909.397027174,1559871.3162860759,4232189.464309387,58745384.68089647
2580862.8384671193,6589919.207760151,2979570.351679997,2051640.976045124,3669312.415746617,8174794.800941153,7348303.702509707,6108159.602533805,5751087.275968029,6051190.976388191,51304842.14803989
3674111.4246535785,3571982.6635123943,5767740.039766724,2704918.328987844,1859542.67750963,8929391.657929394,3055697.664240555,7540496.692202964,1998714.2310599752,2439241.18187837,41541836.561741434
7625809.10812324,5939243.6065866165,8341763.445450269,7164704.173189568,2342420.2376969904,4952710.748712866,6348895.489971315,7242342.357618818,4707237.836618429,2522597.465039169,57187724.46900728
9890066.659898374,7377820.475406586,5672039.013656618,8670593.22740807,4547631.89686404,8595705.222741267,2193115.143455132,6134481.672212805,8817951.787722662,3686649.0247067874,65586054.12407234
4562496.950438361,8670519.374880062,8085592.394622624,5019238.052161534,8288516.772045488,1405162.2026537075,5068053.811084656,7546553.275719848,2086632.5352324396,7097718.187690695,57830483.55652942
6968423.625216128,5396151.153268765,6002387.675849316,9184176.70669634,4347164.379467907,8367904.932094449,8023235.6005724985,7566901.548539659,3403078.081583429,8462120.575388154,67721544.27867664
5500660.240431158,8663257.234626526,6633209.560942325,2778076.781347946,8717360.753293265,9111018.906287935,4314272.706738441,3049387.5851597786,10465175.052134821,4066726.8837447953,63299145.704707
9779355.438848222,2486429.7384441197,8180453.01937972,7011365.459447163,2994969.0336007993,5155569.102852144,10312681.165579585,4296647.713751599,3448550.87220698,6320625.122586489,59986646.666696824
6162185.690410611,3654423.0760598774,8947236.126844041,8280754.57391999,5203612.422470207,9565270.912622498,9435055.004125476,7771656.251067226,6003364.855720984,3572872.2250321694,68596431.13827308
11926051.648305926,5622296.458042843,7912753.082323001,7844858.321954404,4684731.256657453,4618491.937422622,7875613.004080106,4177018.6620583935,6414038.160376182,4899194.401965602,65975046.93318653
5912192.537005583,4728371.453637744,5998662.016105693,5328884.400881313,3977248.7860344322,6815683.785227298,3639324.5203313557,5953534.1148234615,4281049.714041766,5670699.906440361,52305651.234529
7212338.9422236,3976886.4041153733,3849429.236312771,7488350.5448787715,6889162.48829108,7184786.106916098,6906416.780915463,2578100.0472772415,4045570.025109089,4251567.001631985,54382607.57767147
8254859.589580821,6243269.092404258,7446832.422678009,10353006.165692804,5833899.901168176,7651849.80398293,1698581.0411129836,1854922.153258653,7232731.737787502,7314082.481353261,63884034.38901939
5848170.879843975,1508514.6351740875,8497531.61553708,8132059.175604708,2313695.3592468235,8351940.403515216,4237708.584473378,7285856.343583686,1314434.5310264777,677988.6083233289,48167900.136328764
9052926.972578825,5336438.352112905,10233754.823450707,2086980.1339287623,5487625.676973986,6290947.577352052,9613053.062025381,1929973.9016511096,6761137.663689212,1621839.5159010906,58414677.67966403
2326155.688371628,7509862.924286169,6053090.599204053,9285124.436150212,9131972.172300978,7761319.461169505,4376011.708276624,6343628.295291417,3345266.175960063,2573555.3504255153,58705986.81143616
9806798.28252942,6007952.862044951,9856126.060212653,2472676.2048063604,5481785.192004255,8872902.007213896,5290190.604348648,10270761.378670072,5368926.043303212,4103418.008345165,67531536.64347865
2666444.927698911,11276171.706866844,2776196.739640065,5071790.031641087,9619052.168622391,9800159.606794858,7766339.525898086,5704747.105639177,7095461.323651362,8031689.3814100325,69808052.51786281
6063026.413045364,4996220.892911681,13775589.843338607,7355978.216633489,8217479.814589892,2822280.5221154597,9872514.701888239,7533253.322443282,4681242.932669284,6159206.495417146,71476793.15505244
10286686.855655573,6996293.900045747,10939361.334128536,8728634.852677401,1490696.3601508858,8122567.896774259,4864230.008552895,5644102.918088411,6424420.984815276,3526093.865270786,67023088.976159774
4982706.723761107,3967875.628646138,5973482.023552668,6046053.46065558,1863597.3038644902,7379673.889783997,8228163.582560916,9761638.407190997,3266606.3611885533,5887587.127816168,57357384.50902062
5010881.333644187,6152818.078644825,6475657.197120877,7263222.680373917,5631975.637899781,8074157.9482422685,3980566.7490894464,10288602.245870251,5441835.454619152,6990833.3819856355,65310550.707490355
1809039.7386897043,4435954.561780721,6974161.421452509,6937876.757838725,7185675.047747525,7482572.99250901,5936815.063029564,6107324.214394123,5914751.819409337,8400984.706018293,61185156.32286952
8050184.541837697,4756429.8128835065,9014854.274588278,5387594.730691765,2434101.2982160663,6851862.382375423,2402623.0850887285,6228314.57538616,616362.2227129814,2663584.8298830027,48405911.75366361
9048135.916419193,8587215.837618452,1533501.2181075325,7460320.594885417,5664117.286078347,2885105.80545036,2975603.338679945,7737187.259340358,2249105.634511254,7522227.309192555,55662520.200283416
1611856.4216035015,8885356.545513736,10265604.48798008,1625501.7723625693,8902903.932871586,8201870.487030963,7619512.441952974,2299116.006455831,5577503.578463457,2060743.5506327346,57049969.22486743
3407555.1720608477,3128033.1237720037,9585679.810963294,2172477.975748161,3486407.86089397,13716389.28543875,3413952.367314628,3459235.5187436733,5591556.873776399,7801256.256276707,55762544.24498843
12553486.837595573,9315880.138870593,8560911.09597917,8954269.093873456,7559106.119021929,6366571.067183571,7229888.283364105,5545782.180632461,7767073.394633415,10470381.501526805,84323349.71268107
2582187.321308634,8913050.756785829,10386603.147108428,3020133.4998513632,9949843.032562291,8872660.57476255,11216624.473506713,8481200.805568608,5258963.041235122,3203077.9486931455,71884344.60138267
5827805.470787091,4406410.707835048,7441079.602329062,8511228.254518619,6341701.952054084,6472822.625138374,6448596.738931737,4809838.051888225,5012898.443342648,3883200.0380775244,59155581.88490242
15130226.538851349,6418120.897788925,10214245.650020782,9073508.021583175,8525638.259398239,11205745.040932715,7208458.793452663,6216057.621560074,6749010.826495247,4820897.186542487,85561908.83662565
5681653.04580409,1086262.9737825359,5129775.266098415,6712778.634642259,3596826.2189229834,5793954.827395915,7367445.871129095,5128894.011887888,6614494.357050596,5393512.74711399,52505597.95382776
6107124.165945417,4561942.0098016495,9023575.929496268,7625628.279999054,6376654.874677329,7899933.584004783,5897344.997861045,4426480.9438205995,3958162.498791225,2997688.922897087,58874536.20729446
6569782.100883744,4063221.400012733,9079045.642179806,4689622.511755965,8604981.960948836,8806238.861857686,7401563.757309317,2721393.8346833694,3069561.1257382277,8094666.435101642,63100077.63047132
7624920.706278174,6392615.371915536,6791856.993423814,8514938.206895845,3802605.78590346,7295689.730853991,3683020.8252951885,3915020.3118673745,6351472.501711806,8316115.747547774,62688256.18169296
3330759.9806553586,1428180.4638867292,8417318.79390931,4643093.651088441,3464233.7384747257,2601313.1966321305,7990187.305997385,6962235.692180234,7915555.955541521,7960388.194988772,54713266.97335461
11642525.663606767,8701322.891922614,4995340.030988183,7389094.786321217,9448979.930351706,9038744.414468732,7947051.891434038,11562481.410559695,8342792.042228498,7938674.801724425,87007007.86360587
2605312.5227757804,9556309.304737682,6792379.554141944,9652626.02176325,2120353.5978965615,9249870.01961508,2451396.489106556,1598592.3620798918,3154933.816044476,3060691.9395323726,50242465.62769359
7711552.376645029,3034441.867598079,6650342.465938513,2116025.6910369936,6854022.980678718,7391764.464203412,7980571.182435047,6971535.395706725,7939924.6748353895,8892995.309055239,65543176.40813316
5881797.410044171,6271875.136203922,4300399.995915903,7827123.9320509415,11404794.352961633,5277968.032734642,2873761.735335431,6865636.41209454,3011346.048339572,8514548.863853851,62229251.9195346
2594886.52634504,10003525.38832497,7995156.47270145,9861454.565838898,6506665.126201358,4751676.297919427,6749701.010866861,4594489.441141196,4802633.378929659,6105994.038637215,63966182.24690607
5062942.79152726,4758646.05043606,9728173.509472193,9514757.462772544,3227273.583385661,5480023.760674703,8043379.551551544,5613782.507568388,5172203.225377106,7657877.717184504,64259060.159949966
5303914.6089012,3880437.521463126,7464421.140752431,9521130.578901717,5818275.699404903,7289313.131809912,6376992.5055338675,5545987.321846935,3282718.2612400996,5635205.495016408,60118396.2648706
7440181.959066635,5047730.019801251,7981220.740723269,5761872.907436181,5162603.23754108,7222240.366922243,8476900.60458187,3480792.099397137,4004725.7069108374,2703529.0329425894,57281796.6753231
9113432.02255286,6343364.585772629,3131610.056869245,7142485.541170237,5324021.551281115,6380978.397019884,6580205.559620371,7630622.790829046,6575252.300300721,1475281.5368763704,59697254.34229248
4092864.634851059,3235191.3952248623,8121423.903181093,4123494.068410819,7154762.788381943,3612556.458991689,3865372.2695180555,10547931.693030536,5207365.17107204,1906108.2920231917,51867070.67468528
8064189.649011599,6163259.233233237,8694831.91751721,4262152.204559454,1362338.9300033518,10033240.316685028,6777353.862442578,8092738.893785287,7983120.327936963,9755797.278884146,71189022.61405885
8422560.570483964,8701925.098403301,7641284.476377152,9911914.025702465,3312793.742153005,3333385.3792402535,9906607.35228893,8400714.956912883,3064393.402478336,8809160.738887645,71504739.74292794
4196084.605454102,1938617.355059009,1795547.082350805,2736237.3802063344,4316794.121178953,6086420.086902374,2933701.5042420784,2977927.4338348703,9270926.26687598,8860362.26757862,45112618.10368313
7104536.528089631,6357152.935415455,6768918.224561391,5885721.75352223,7942413.130970074,9234994.209497703,3897684.586900843,6611342.425279854,2678775.7665227135,7378819.400415638,63860358.96117554
740554.3819674575,7266330.157464859,8520716.894417495,3357538.9714390296,9589625.098375678,4531133.083864557,6477104.096069492,8501197.564182453,5031694.040516353,2154002.9157836903,56169897.204081066
5657313.223143596,3254524.6898293747,5196266.7336309785,7425024.84812894,6828890.556668244,5014144.315675891,4770491.745794051,4666200.056270138,8354937.953896821,4519376.923446259,55687171.0464843
8134427.6602151785,7282698.395941381,1550205.5064436852,7369534.084621248,3985373.17418755,4400786.217726562,5686182.449527787,6601330.5050675515,6811402.430166931,8917075.097274544,60739015.52117241
5977473.158640504,6537944.946062028,4059797.306659943,5775018.319369249,2171112.596523494,6347756.003479751,3244006.325272371,6674549.856672074,6171885.211281175,7974979.266606893,54934522.990567476
5674064.78783055,8422936.5959808,6882428.3262499375,5688013.1511622565,2791686.0343503417,8706374.30983017,3670962.521245644,4674543.425986181,6176905.272807894,7064938.0398069555,59752852.46525073
2696199.1585764186,8468699.189564409,9335161.310401607,6277654.560635486,6153254.3453826755,6962153.115312185,4424107.372096359,7209704.219278104,7565616.63149336,8555065.238836968,67647615.14157757
2983085.190957363,5019249.715600948,6386182.938646653,7490301.122558166,10313101.14348849,7669722.978702842,5201749.034971936,4187216.707918465,4294361.98298106,1151014.4207997187,54695985.23662564
5375552.05110123,9547260.602700327,9750013.689269377,6025837.765989657,6909129.867982529,2150750.9082289203,10001236.212194916,5105706.64018507,6847432.198788051,4068701.8069004854,65781621.74334057
8882433.126520758,2891340.866919222,1714543.9140071871,7737301.794375889,7940882.355520111,7319671.017204687,4914430.48740093,5282737.5154467,10560819.808306128,7659107.892597436,64903268.778299056
4525829.295250249,6037490.221280787,8813520.680653647,3123097.9826058466,3232432.336213143,7136408.700757832,7097065.391141994,8186516.045363644,3266191.5233448963,7405280.51192817,58823832.688540205
9295859.081875226,2686233.1836023456,8611610.799699808,6142286.836740886,9425034.115349565,3339449.6671115346,8053109.581015246,4415464.756849796,7585649.304122802,6054739.844785211,65609437.17115243
4164171.857667669,3445399.39798241,7312921.66237776,2290693.813105824,8582664.285444768,5312072.920735488,4624306.188488245,6717395.563148632,9591287.177921766,8033718.842514071,60074631.709386624
10913468.289159404,6257957.4371965155,9529869.076100161,4559916.784951879,4248144.858181659,6963145.075483436,5278988.470527308,3355957.6068157507,5229909.385643073,6117171.137471905,62454528.121531084
10173329.682897443,7272636.888062911,5041119.016650004,2962104.102060094,5254907.3967285585,4737317.811298074,6179735.213785528,5248625.378888627,5505057.560397463,9913358.8442622,62288191.8950309
6046825.996688388,8316871.804939719,6473948.510751104,5436985.466090399,5894241.214125451,3006560.478209263,3014257.0316263265,1741917.6404155218,9554743.80928306,2037816.7895592458,51524168.741688475
9303680.13084915,3529774.6028708876,6985913.43192505,6856192.678293752,4706031.96089029,6980414.319923753,7116818.922728955,1844113.0370869548,5775923.115696434,1481208.323302769,54580070.523568
4336213.037141246,9238815.888629185,1875861.065103074,2759490.30195489,7852360.890504455,7787449.037949903,8549446.807438418,7732159.5462945,6469304.6163110705,4131046.4530989914,60732147.64442574
8942304.639518728,664940.6577924135,4168367.322902779,10963408.652087092,1251037.8551530358,7603948.222517955,8335204.27042741,2060182.9743589743,8733729.974096267,7532395.817925016,60255520.38677967
2573882.753478907,7914355.393860879,8212372.160951582,9461344.55614091,8206887.791825673,1090440.576454891,9021184.65746676,7976095.3349092975,8588465.318076486,1531665.0325703367,64576693.575735725
7729760.549410438,9766473.17801099,6419376.1992444685,9380972.043776497,8537474.513072617,4211923.772358295,8783738.028436767,1980745.167298791,8913362.819086703,5867048.279154247,71590874.54984981
11758777.024603086,6361039.619630579,2165747.3608110105,10025161.624750638,3001176.803875171,6330476.352832061,10044331.404641772,6829430.923035698,6218001.118564919,7837733.0972032435,70571875.32994817
3791144.891705836,6322503.538864577,4400562.738910411,6620642.106426626,3708697.017631011,7726974.526415933,3010627.3480182094,4574846.473935502,6676093.542068642,3279243.277216094,50111335.46119283
6555237.865214573,2941038.242782614,6352329.100625236,2154332.088994589,6961920.938062892,8159071.0963824,5604141.792589387,2973868.063477373,5168616.175207021,8499467.20060897,55370022.563945055
8691729.782124644,7809658.939438318,7660424.943226755,4989519.513103099,4129281.274910236,7208849.942052354,7833115.967226367,5708683.0551348645,6464527.3964709,2955158.8547697947,63450949.66845734
6809307.960268169,5668641.077634579,2788232.1811816483,6534158.847311262,5629007.714358626,6301103.034928542,3320975.6710290844,4950578.0059106285,8487480.72248439,6171396.271257679,56660881.4863646
3781119.659382836,6566470.672751129,5731676.378881073,4045931.5468072495,6780589.4831996225,7564154.438313418,2496042.261216884,5581618.515065704,3760089.3975800504,7022749.416166625,53330441.769364595
7965886.034659774,8138955.305781368,1887945.4460288603,8076381.51214419,7363507.894952277,3549509.651737237,5223882.715867457,6420881.28774027,4629885.058442498,9248759.973851604,62505594.88120554
1782429.7026547715,4780776.573620486,2320006.4154155054,2146955.622828225,2175412.9964338555,9138080.963437904,8191124.094559946,5139649.130078076,8713757.850322979,9656639.546377271,54044832.89572902
8917561.67423064,5785706.344790603,4298067.959795661,3866486.8799198596,10749998.783201816,2021131.3279444631,1631182.6145691106,8448031.78907119,5299349.9880772,2581793.514806184,53599310.87640673
19214441.818831682,7194053.284054848,8984531.386887684,6683839.955994864,1746704.337153225,3605695.7531016776,6191428.888278839,2558222.1124789394,5308524.634230926,6298449.589112367,67785891.76012506
2445662.344862282,2411585.9527713023,10896652.172248906,7937924.730868512,5915115.722640837,8160571.70977966,1744762.6457151892,6130669.554039124,8387347.197904246,8839255.459697844,62869547.4905279
3441180.037023122,6319277.300246039,9189345.575480213,5702769.271707689,7795601.531016685,1773952.4933282053,2613395.4083882445,2123888.252620784,5119679.605249817,11061370.477354659,55140459.95241546
8198784.25989233,8213341.24838418,4808843.517461077,8165088.760539255,2282911.6583724474,4661708.058230311,3951516.707266264,6409366.211625557,7125821.546186217,8061096.6744118035,61878478.64236944
