14049982303.241728,13019011638.928926,13938522877.939228,13964071879.680096,13914683458.435562,12970485222.654215,13954740806.404264,13808363989.197819,14367655599.977821,14018665081.675556,138006182858.13522
1663286.2759185217,2303427.349666836,7389020.18860846,597328.5505461069,7632915.103772379,6724841.792239188,9715478.904384233,4812167.377780108,4823282.840127202,3327020.413851335,48988768.79689437
7066738.87238378,7101031.230414648,1645781.2048038666,3442042.7783981063,3658779.9366460005,9756530.331878312,9438290.883124815,6620694.67874154,4476771.114561342,4843211.573351682,58049872.60430409
6196092.249849766,7518170.13677193,4833807.34656727,4660221.108410934,5351835.484984003,4180839.719010204,1667363.059970526,5071830.665500885,1292582.044678817,2004836.1498877378,42777577.96563207
5893087.294319993,1924436.027699706,6602234.01766796,2751036.7654343117,9255321.406127509,461014.45258112863,2608082.217922158,4836517.293356053,6170986.2788224295,3297945.9534366396,43800661.70736789
7036960.68282547,6740889.082583042,2659858.1280399254,3711456.5539421313,2812458.3194539417,463924.910207321,5922932.643555221,9219435.21550827,4346853.713637924,3253405.419168296,46168174.66892154
4942711.970002145,3745607.2475101748,6446931.161137603,4257541.541976097,9753595.634326492,2090054.3859990737,2471466.488434553,7749269.572859749,3411703.294460502,4471674.5778058665,49340555.87451226
4318952.097177952,7292407.642081366,4412415.527915807,4275537.198089612,6559179.318885663,764436.7511065333,3118082.138432825,8673540.251242843,6253251.445687552,6129286.508425435,51797088.87904559
5957277.7505916925,2113869.435832884,6812557.709285011,4750770.871833327,1939744.9522616533,3070192.38001387,4258666.233485911,9691212.393267848,2406042.334686632,5417755.486245879,46418089.54750471
2040666.041425589,5762374.023166164,4064281.5485109435,5174016.038719903,5927556.616410841,4920341.626847255,4785321.491504564,5798753.986056472,4966713.155941808,7608438.29515903,51048462.82374257
4973667.655075172,3983889.930897741,4755073.544269628,2861554.748896312,3231155.3358023576,4699274.416063725,7878542.9811392175,2373964.3671111725,4266005.544272459,6825699.829746606,45848828.35327439
8441547.904249359,2029893.2617313452,7844095.590591941,2402970.553663982,2880408.712343803,7008636.42030316,3320474.15346568,6569285.906527539,2690889.10123873,5456441.060858511,48644642.66497405
5277666.765335541,4083714.059643041,1780616.6375680994,6959579.219915886,7406812.840850913,2950874.3778235065,2440064.3031264474,7767955.781179577,6505906.134844416,6760871.5280058505,51934061.64829328
3879990.6673695114,8108625.886382783,3282133.781889176,1136329.0392129556,1623989.5588720343,2714125.5490326523,3736539.4369758004,3676707.5014300733,8297775.575102598,3339658.4105025693,39795875.40677015
7281867.785065694,2921910.7528776685,10968003.524707224,7725898.44588988,1885078.441031542,4666844.725095777,3859602.917482079,6185734.358508923,6153840.553418261,6200813.640148213,57849595.14422526
9246944.40917817,6886342.945058416,2893053.4037745013,2237986.2110046656,5065473.161489942,7324304.703175049,3878211.3157258327,8291646.654641435,6384284.623765174,7636020.162126571,59844267.58993976
2850132.276304781,3171958.4060852597,7815676.919880782,5160548.491822719,10076265.26499358,4063116.0905683474,3938258.7142077405,2633671.922183832,6954618.836429573,3699463.1395981684,50363710.06207479
5371695.094101339,3257914.5923232455,6016088.384554834,6007075.6553790625,3255704.984730664,5815059.993036685,3430310.1954683946,6570643.498496602,7060524.6325235525,5482751.828242027,52267768.8588564
8840703.091200162,5712134.048515673,3287988.2706423523,1238969.187617903,5864118.403461717,3938809.896119758,3129477.8375072023,7142819.792179374,4247178.700860098,5404315.508000443,48806514.73610468
8327430.730786158,3128260.080717032,4162428.201338225,1921897.1120938335,7063280.87981906,4684363.127195112,3115859.5287998533,5245037.500970113,3550756.52747338,2849843.423841303,44049157.11303407
6432622.43412352,5076060.893221263,6168267.612663024,7784857.8770620795,5945834.395519096,4918875.666887261,1281333.0271745122,6337965.566913993,5534372.963005531,4673198.661871273,54153389.09844154
7780535.922042471,3234336.367858284,6978882.128063691,5941737.904432621,5731183.161641642,2561117.3456360684,1032867.0005118707,902644.1505375971,2181335.827342996,5971079.643863409,42315719.45193065
6922107.299630108,1520206.2736299776,4102761.1515549035,5345106.587688198,7465506.010811858,3831879.920916306,3647236.6139170364,1646663.3814796007,6612930.029309516,2723323.109993936,43817720.37893144
7343301.471249816,6266726.522206437,4037158.8378636613,7288458.96421342,4713933.306809918,3168127.6490960354,237287.40813517233,7307583.426335782,1513860.6416326715,4124492.302509158,46000930.530052066
8868542.949210865,498472.0735839229,5663145.947018884,10365883.283311363,7659930.897710532,1293541.0233590147,2257340.991523176,2078794.627829891,6079363.974065488,7517049.179657692,52282064.94727083
1282515.963661003,1422253.001599781,11623118.584160484,4574041.332375391,4584511.644424142,7763191.000662882,6422320.519743554,6376284.993124825,7561955.504224354,7365473.033061508,58975665.57703793
5582217.118584132,5065252.791248001,7493945.5854112925,5504623.486000657,8200182.510622136,4398576.31813863,2271383.8174421703,2131956.9639431206,6851469.32312364,3383299.791083196,50882907.70559698
9470086.341645017,3918174.8118988527,9237276.111132696,9344844.712513294,7804252.78615892,7773293.574823126,4352700.661345114,5463762.421962431,3482398.655992033,6550991.238599011,67397781.3160705
4659097.652066381,4053314.073258794,4286193.487005973,4806849.664944429,4537926.492459977,8194394.879045431,4648714.849371488,5041469.001919392,6245954.751705427,4824022.397034529,51297937.24881181
5557208.353622243,1627405.527476397,6330840.7050281605,8333059.07094731,5759987.909245602,4930394.969610583,4004748.5009354483,6706022.353499698,5585244.905366114,3774159.9346874193,52609072.23041897
4570201.536385007,4403610.947551126,7784622.857094396,6057389.874162398,6323781.852288513,2735670.550517964,5427161.966115152,10093687.611983558,4985414.526656982,664438.3485110609,53045980.07126617
6394936.265245963,5479306.098847907,5475641.7848745035,7974906.862164804,4955688.146827214,4633209.342911308,3053951.5225104042,7045111.962379326,6831766.36003941,6614024.843905105,58458543.189705946
7960859.422025562,6191322.926635006,6032670.36171535,2272585.409616656,7485984.67470855,5868312.990015596,1945780.9161477843,6067630.022874242,1970782.5537210458,8553413.497342793,54349342.774802595
7493567.627102735,7075655.180156143,1886669.069987854,5414747.033282475,9318437.226110434,8267263.858819723,4317466.420152152,8522195.531817328,1966810.5232817258,8779641.794024602,63042454.26473516
8728719.199020488,5698749.342946006,7431369.1515875235,7682190.4190224605,4686284.16987219,5618703.561979511,7067978.51434823,8693877.9615618,8930241.787246142,9430722.733150871,73968836.84073521
4289441.053796906,9320476.20571656,1723510.6272955053,2350517.6716038375,10225245.502415633,8191986.971503328,3873469.803872619,2997082.0003714347,2509584.034392679,6535669.476490159,52016983.347458646
8609927.879433552,5461881.092162679,7722638.831822678,8208843.99553038,3035381.6941807736,7699168.018681636,9995787.758207891,4125498.791690837,10050495.942989804,6831639.728468236,71741263.73316847
8355946.95054709,7477073.083861206,2923678.130265545,2697087.600563239,7658887.140488925,3621426.5607202356,4033483.6628279635,6460658.524922676,7396701.110827772,2569667.545522191,53194610.310546845
3451547.52414578,3764773.2574361437,4780411.896749424,6565317.240485479,1913795.1869205844,5767453.433016794,7120580.519495436,7335116.664773765,5242568.549423924,5571813.31890508,51513377.5913524
6403230.40399822,4343588.06241707,6737100.302561229,8826581.517536936,4763136.01289474,4936491.982252227,4922721.216204483,4842796.4614130985,3786674.2648259983,7175095.830152866,56737416.05425687
5187688.570282123,7101782.205315522,5836416.503506409,6799905.854996662,3708479.858284844,5408078.48332216,5039302.255656918,7214221.180047496,4447744.261960474,6070040.034400305,56813659.20777292
7424198.864829556,6177682.0842164,4244065.173607902,8302292.044838827,7768234.784590514,9916859.363429569,5078217.878393996,6870864.8514111275,6583564.325460666,5566135.416126072,67932114.78690463
3800225.3195089158,7491832.561930346,7155839.544041275,6895242.332570776,6553839.051287804,6575312.823484716,5660505.913427837,2432061.88099395,2259411.1861023153,8391442.93970624,57215713.55305417
7938773.450550876,2412686.468502403,1279961.7974170202,2374795.652152723,1371320.1326009617,3837263.5679008667,8728813.221287852,6532332.919763405,8776531.174327811,6525392.378930267,49777870.76343419
3231062.520390553,8093511.355806427,3055685.160475053,7172042.257923568,10855925.098326504,8705868.534370178,1350394.4006946208,6941177.581542777,1300066.906907253,7930443.553930001,58636177.37036693
5142755.373502299,1444948.2173006637,8944393.46660789,6538122.239425559,1581829.6846662532,3396752.537196919,5353368.526531491,4115960.4307308667,7032689.006479205,10507209.480457045,54058028.96289819
6355047.567755191,5454570.244736528,4518106.526540111,7571777.173357333,8188174.457428111,5252636.513803033,7808135.49606214,5380954.528894508,7523546.608124089,5100765.398733838,63153714.51543488
2483087.7928812867,8156100.719156445,10038475.379701903,6690204.8715204345,9337338.092015842,8159964.229026485,9404203.729292339,8162374.975650961,4223578.934463877,7113595.907630618,73768924.63134019
6069299.907306116,5688115.218566363,6753702.565598038,3670168.476692834,5141559.167732551,3426735.3827851024,9134515.455097089,4716865.137844046,5750186.809815227,8028625.942592635,58379774.06403
7093186.26047686,7538617.396084003,7389317.576216751,5538599.501065876,5335297.61808666,5189349.836344033,5476409.82731881,6926776.456141771,4182311.674378088,7844048.553035369,62513914.69914822
8474917.471369646,4561847.983247413,7919552.343555511,4167194.707977878,3778632.419462579,8032402.445840696,4173257.334485092,7119854.894921414,6163746.271580506,7406988.77122838,61798394.64366912
6875569.089046434,3730366.8421897567,6671330.328290649,5405814.8840707205,5090181.635757134,7648710.675552721,6471066.864937168,6316178.892929519,5247837.861265627,7685427.562995404,61142484.63703514
9536538.220102567,6136947.197462351,5099596.856431642,3181494.3293844,5867825.482064106,7100891.038625116,4830870.851943278,4864938.909849777,6403713.968107417,6476376.71162691,59499193.565597564
7096397.696661192,3774377.9626150113,7724516.7890102435,5778398.522940269,4497331.274183818,3250790.307402747,8975663.503880683,6280664.918464132,3565336.64881451,5411006.110670733,56354483.73464333
5184017.279488389,3163064.783697575,9279252.55497617,9708934.127045544,4647110.856360944,4242617.061096794,2076783.2467982098,8030213.8494456215,3807495.602070125,6786389.333631035,56925878.6946104
10150886.835396867,9012563.918154178,3762185.1855072672,2700721.1737726317,6929435.367088152,6688915.547074564,8641007.415342659,3871580.195940255,4510211.215110029,1073019.0992494551,57340525.952636056
3183594.774087918,8447876.105063383,7169142.574355924,9572508.072782561,7874857.1525227,7137132.711205872,9394642.256900687,7483713.814994764,7159231.296810138,6358634.990604097,73781333.74932805
4068361.6220495338,5773431.372146544,9286469.361144463,2541327.0075700413,802134.620413512,2384141.8564637527,3242041.1070830016,8896440.893614737,2802323.4412467773,6171133.745084217,45967805.026816584
10479976.743384654,8141507.424268042,3477379.4409018746,8760989.877881207,4483736.229765307,5346617.145030073,6823488.646864444,3270661.3739688303,5857514.301363238,3146401.143399332,59788272.326827005
9503597.91505663,5991121.478405799,7415536.416645368,6855261.332595718,8262120.488568165,8843252.850836208,4065581.5408641086,7169279.6018455215,8204256.8040938,4263996.6631709635,70574005.09208229
5193483.760877275,4546490.23678681,8701734.223415945,4987223.210044906,7840013.488887119,5149101.084534766,7174788.017575191,6842502.383012623,8809080.788349854,6422875.845117615,65667293.0386021
8524837.603097027,3955285.7121512913,6390843.59202827,5322961.7641558265,5827892.157874415,7801257.801532763,5437243.131500355,5452800.869451911,5731581.844655064,6863802.124072534,61308506.600519456
7448443.131088069,5047531.786818364,6896581.157833599,1555208.6362771045,6797315.029054868,7499752.627985935,6288912.013258599,3695418.45710024,5157276.668507514,10284399.309170086,60670838.817094386
8523292.905151328,4942218.591179506,6566404.344689543,6718944.22163182,2712392.370206851,3171038.686422882,2027473.6368155037,7282896.80335722,3838527.5803596405,5434616.409186897,51217805.549001195
9554120.003446758,807523.7995378985,6100140.67145696,1526374.802687959,5473641.175276553,4269141.581612431,8933559.581223993,2774805.8892861046,8905334.3152033,6136489.184034408,54481131.003766365
3952813.2821984496,2102959.7287125634,4145906.6791116465,4122609.873732615,8219252.0079738535,9615572.285275033,9417795.099014873,8039640.041809337,4770591.087472885,9209092.925728643,63596233.01102989
9766840.916119346,3120728.359407532,9130978.807440924,7778770.503712277,9785689.070688006,4144196.965514554,6935087.644764274,1667053.77772262,8680355.24795336,4300148.492317519,65309849.78564042
3751007.068118033,8290682.478674101,3381860.170451838,3318152.5365472008,4030716.977194146,9981880.281549186,11309395.71067092,2654996.8907485423,3452452.7798225936,8488945.053140005,58660089.94691657
8401675.789393393,9704473.27749541,5827936.424143997,6974938.429617037,6520654.473359341,3376550.9727874394,4942885.998942856,5282498.263662737,6789327.620775004,7586044.554651633,65406985.804828845
3558032.531225996,4893434.846008528,8544726.99700662,4846159.669198022,6332053.542619179,8180088.300834233,9236322.621416572,1553229.1955578178,6333576.684288383,2286633.5486264233,55764257.93678178
5076558.845061497,4688761.737018586,5849783.666000592,9463586.283497628,3736382.672737335,9345206.334106542,4161191.040284683,7027890.39342805,12486478.97013344,3169177.41904042,65005017.361308776
6092927.725563737,3306878.342306498,4427680.038894199,4288454.443647573,6453943.042082177,9665128.419197006,6198619.239100016,7889638.745674838,10373824.784593888,4557966.667216342,63255061.44827628
5106617.251525454,8867889.822657285,2702439.0225355723,5698013.745894101,2050186.6494554114,5422969.134339975,8869651.199315086,7838535.583106968,8568357.84984148,5168478.818003221,60293139.07667455
7873755.837420883,4124406.8414890906,6950080.078002821,7352868.09173175,5083203.037903003,5768656.820073006,4118975.1840457413,7715945.92023263,1906048.2246550713,7705958.137895765,58599898.173449755
3959988.0820761146,11503657.001000565,9149083.694745582,2952874.1210799194,9746262.59824083,8983279.341467682,8635567.93139514,10248447.233016329,10828548.725006448,6054283.278999737,82061992.00702834
6325445.062781625,4128984.487432804,3931470.1504780366,7571570.740507256,8554144.207610901,8335254.088807205,2251975.0487003163,1765201.6287432744,1483303.5353041126,8464890.371156782,52812239.32152232
9231164.426203297,7956756.139546994,5102477.74197703,8239806.539104562,3032916.3238187935,8046007.318839153,6543489.966261155,4023503.1283076857,5684668.356978546,2975951.6362169553,60836741.57725417
3639856.6641941876,9202005.859439978,6246309.51487208,3689358.10102137,6055781.717046645,8987229.84291487,7191480.2256918745,6635638.845940186,8601172.76927875,7851067.839269697,68099901.37966964
8910405.42923949,5502143.6309446255,6744515.793808893,7326575.334214752,8237515.146156791,6619949.410573565,8307400.030511524,3069088.3927827347,7888364.231900535,3525117.182036327,66131074.58216923
5219114.622797553,6333397.243957295,9734753.624664381,1900301.024985056,4891907.912822637,5326014.334404134,6209839.550895771,5361541.553207496,4922139.204978162,7285033.185000132,57184042.25771261
4939382.146312631,3637278.5911963643,5900127.000707792,3270756.798861393,8162572.2618692,1524207.8844449925,7946075.976640263,4972821.261096428,4240488.505376575,5882243.258513812,50475953.68501945
6775035.87934466,5017833.020903801,6790019.497784322,7430820.160337164,4029419.0792953046,6316828.240402879,5833134.312159255,7117053.085538495,3663741.928133122,5376306.765029234,58350191.96892824
7108470.651285302,5761642.469975949,7372039.283624262,3805148.7232349752,8616413.597970515,6305909.868212954,6596400.56125895,4362046.08349794,9792702.178881928,7837634.866642783,67558408.28458557
8085292.187221273,2647074.3458688343,4003559.8779769833,8236019.484164548,3126121.7304274747,2760507.471991211,1111333.2434212682,6415034.072780965,3760777.829905905,3216370.3269511815,43362090.570709646
7432079.696368909,6802113.972813317,5097779.746454703,2758541.6553850896,5496009.910516135,6167869.83417929,3946420.2998727304,6792658.761190054,9794724.715593511,5815980.197716029,60104178.79008977
1137906.3749853934,8888460.44686144,9666987.015913267,7423831.679021121,7260997.222109824,8460168.104842326,5448985.190181719,2535925.5658198837,2044417.2357626564,6887689.000446716,59755367.83594434
2638557.2299774587,7494563.338271685,4213396.610441377,9471573.602519538,5640471.043782134,10863132.986095529,6030355.067061044,7649492.396058226,6439947.546865056,8095005.535656009,68536495.35672805
6448444.502684405,9866350.422080848,6735850.437977295,7722694.743054532,7132904.554887423,5088965.859369909,4398151.1682976335,8301593.06701444,8245722.85237954,3560004.770837334,67500682.37858336
7745441.760958292,4799819.08212935,8900323.66609228,8074353.980723413,7862286.1607474,9722867.313647155,720875.2072318333,7182029.581725428,3303170.4982171003,8924055.16640135,67235222.4178736
4118858.764692606,5637069.213978135,5079078.060021847,5167267.997095403,3877343.0042972765,6511365.704651988,1588689.446549807,9994649.801515644,6617635.375617449,3820772.595528139,52412729.963948295
5052632.948741901,4611425.890669301,5662386.703865965,2690074.6221057656,6883977.995156952,5123512.81674971,3148860.7896071374,7537161.761581687,8327728.972328743,5783248.258320453,54821010.75912762
3950247.1089999927,2715790.565606289,6699170.79698922,3416983.424537292,6577927.245666032,2225133.963375127,5705918.208944001,3985978.742524048,7545918.834357262,7013860.474340623,49836929.36533989
8038687.167191657,3009114.1244934066,7809702.817329484,7389215.100248306,5014411.778244559,3587847.9404206565,7948043.585513783,3461252.552665351,6482914.71845483,4653360.429830005,57394550.21439204
5972962.952162244,4225325.827222215,9503504.41840706,4082926.8566959305,4999157.514107856,8029698.205871163,4428948.0015020715,7738142.925382075,5676707.527439621,7729183.410129494,62386557.63891974
8587143.593517855,9694533.83316874,5846850.141731437,8850121.736899966,7500688.465688011,3967292.949285589,6914258.528946578,3181401.3666835013,7816395.230236461,3017110.5574802128,65375796.403638355
9266903.410625035,5359787.257694064,9100705.821414622,10991676.903056677,2379313.15933122,6045643.670520797,6797427.94206585,5536840.327659327,6874748.528979706,6410558.9743809,68763605.99572818
9791202.18377812,8896787.2684261,3802516.2657027594,4731539.288590133,8267551.037611445,7383976.651860581,2471489.23174922,7141950.059756302,8301524.96349303,2384911.490045971,63173448.44101366
4003616.007869456,11384247.229303403,7737102.280407281,8184932.19070144,3484015.1592993634,8243611.004732601,5046937.579317169,2590185.598023778,3537849.538824263,6324041.584486119,60536538.17296487
8113665.70345052,6862006.776583247,8391554.343819583,3306700.835432619,9682483.481806522,9381521.996609563,9003173.045262747,4061085.2416014713,4804117.728913091,3780545.67785667,67386854.83133604
5776914.5626953505,8158660.59456691,4286501.151094631,4521122.7740628375,8535666.380352154,4261607.0366462255,8908206.133177878,794591.5693387783,3331040.0429601083,4645903.531876417,53220213.776771285
4719074.75801976,7585868.979937936,5374135.443784067,5102034.145072541,7440143.536500491,2561762.540015782,4646510.999921308,3910619.159720203,3977528.240531179,5209455.669168468,50527133.47267174
6971517.406726673,7182521.004328857,5977525.151226526,7062672.65433723,8432151.1413921,6311894.258472414,5539709.159884121,5492180.704281323,6671908.739836763,7119064.011683233,66761144.23216923
3129093.5833369703,4769608.763030869,2245855.6479595453,8035355.494343056,8560200.070572948,2902490.4789464227,7724184.900269268,3475767.348951454,4818954.473087962,7625145.694292611,53286656.4547911
10574824.23804116,6570793.80130966,1621151.1014601274,5494091.045692922,7873089.716984486,7615699.407573442,3211419.3308920832,6178286.287789941,6664824.287273471,7969300.965529385,63773480.18254668
6028403.617443846,1610295.0076790038,8394115.161765717,9672119.286126021,2215457.1396439327,1243133.4262530429,5773233.766392704,7158930.669506568,9044184.586787755,478270.30370192387,51618142.96530051
10344370.714800736,2941745.1085692677,2450705.4293095465,4143578.035775554,3089442.4151436845,3609948.7790889004,10272643.451415744,3847273.57508802,5645331.087423604,1893261.8496250936,48238300.44624014
2089823.1998697112,7821437.934256764,2839823.527938071,6729248.233920375,8018931.8033573795,8149367.540217746,10822008.348684782,8688028.04461745,6826948.8066676315,6942611.979673039,68928229.41920295
6729510.365417854,2567200.30888792,7308368.170515241,6275785.138572154,2765478.9098840384,10212971.890238531,6404218.142721824,1867313.6824046692,3181521.321077668,7665256.594035661,54977624.52375556
11416128.864056017,5816706.217545913,10875339.60438226,4230446.819644367,7779278.335930284,11497171.486462045,6637186.154934348,4713038.735786521,5538962.079008349,6889483.067608032,75393741.36535813
9142166.60308796,7264211.272705655,8216405.70822154,6355117.151900344,4507455.916121869,5481733.745947321,7379151.76042338,4770887.04001526,4500134.894138995,7897593.1913421415,65514857.28390446
7579110.57879507,13895346.339923654,8454960.75348159,8055222.9653923735,4870157.928631973,5991083.13700742,8940731.193493368,6034361.376997998,3242727.502864924,6156577.769803314,73220279.5463917
6445830.481941139,8351396.563492599,4200436.194549187,5336487.871162136,7797540.359816252,4690894.757426459,5865371.340151147,5893419.649437773,7700762.710946512,6879029.331791432,63161169.260714635
7408929.973739861,9381208.360665595,5255007.224561042,6469638.258714707,4720740.494472506,3641934.993606646,6024636.580959602,6682598.014758929,1496230.2730562636,6762808.380152319,57843732.55468747
9574945.156885535,7827974.500073988,8533788.33275636,2274899.026816197,3415065.83012371,8259308.662936728,8247332.526698417,3075552.687335802,5026651.930724419,7351595.768106045,63587114.4224572
1067778.5993450563,3887689.6354005532,5405794.612510845,3897480.761980911,7700517.543600882,575974.6123768842,4660189.637807798,4488507.649480907,9442694.466332063,5898952.123159197,47025579.6419951
7344778.729072055,7734754.502372725,8910088.900135944,8797345.323183618,5798565.302727246,4857966.523711887,10422768.867487742,5773375.426263203,8601641.361714361,11519822.785110146,79761107.72177893
11916282.764197694,1785317.109833591,4270170.958054443,1201567.2245218628,6369532.656665508,6330559.565192186,3898790.181127296,7579676.233417447,8444811.22880571,5728457.509890667,57525165.431706406
4710796.996288342,8041123.176783632,8078419.745751963,2972093.713601974,9185175.122777034,5858501.46445238,9453407.528937342,4009675.353902492,11058464.624535093,5860188.292972917,69227846.02000315
9066604.265322799,10552899.867859514,4495558.440292141,8660610.674336571,7058009.550338744,2965462.3606375707,6900585.093455059,8535322.820134362,7959823.555881085,8539448.912969714,74734325.54122756
5588199.0958571555,4046497.3639213797,7469430.139356377,6506513.184422685,7920698.401906261,6629351.345228558,8375805.589775116,3797630.7068298184,8510171.848202422,5062951.25069132,63907248.92619109
6969217.822355127,5554187.48886701,10801729.019436179,4909399.453945509,6244828.073884233,5275207.403856379,4348990.64850508,5211567.355928938,6500596.358027702,5582947.718129554,61398671.34293571
5263269.549824057,8139455.651437406,7544186.004526397,6626947.378149026,11051449.019717751,7894722.101530441,4592787.859618352,6003943.505211593,2950973.9099435806,3495998.766073608,63563733.74603221
7663074.953200019,4808425.46897697,4613845.537687714,5177747.361611172,9126858.790203115,4602487.282564584,4818016.819174286,6751932.642728341,5380276.864560301,5848683.988899805,58791349.709606305
8457444.3166641,8146968.412210207,559409.536597926,6433555.183225413,7311661.987587203,5789353.782762271,8405079.810013408,4912268.470654507,7710663.853859509,6187371.836231405,63913777.18980595
6324091.620831202,1307792.089682511,8411022.96217127,7318804.8174967365,4981615.170385085,2968925.460005478,5683016.053966141,6760244.150475638,9427404.164368061,3918289.0553246518,57101205.54470677
10602696.3660824,7572526.841172099,8734922.77053454,8873576.104950417,8489572.931032598,7170470.873345177,7337115.555045551,7586001.848578872,6175120.891844421,9922461.79564066,82464465.97822674
4805582.274348657,9729459.705666479,7360700.248472483,9434121.482667265,6238656.03390383,7828227.070988124,7231334.876039288,5146146.437036731,9072575.040290823,4901563.463560353,71748366.63297404
10265586.535424419,2017888.497466315,10466122.756956872,6039097.816483258,6867098.85980029,1984290.7017878608,6813140.99793132,7129671.897940921,4541205.956736931,5787227.424538622,61911331.445066795
2903310.0091198934,8174167.744480657,3652764.9783068215,8382459.1683344925,2398528.3388736383,6509550.980492737,10243759.03077853,7865694.7828278635,5880513.954946369,8950554.378324414,64961303.36648541
9241441.509312239,6313442.479470882,6425557.45261105,4170329.5578049878,6921827.36293351,6857884.953079166,5629076.5689099375,3781814.855359226,6609605.344401396,8511781.50937498,64462761.59325737
6969684.985123054,3679260.650511836,8559006.10149151,6524341.923279322,5480259.963169512,3829961.6779067535,5713177.089611372,7745712.675648138,7641771.910538912,6906944.814938712,63050121.792219125
5009009.151325827,6386123.426897551,4767388.838793602,3987427.328163983,9883199.4466412,3868935.7980710063,6485060.785988747,5368934.174097502,6307690.926991886,6432318.257379437,58496088.13435074
4448287.33389435,4281043.573100967,3615803.669478309,7399356.875528607,11888210.378713382,4487084.293755484,7470009.020546399,5768647.636082041,5600569.791831605,6192901.268946018,61151913.84187716
6479717.365890872,6058746.125884497,6721949.276319237,9211979.808428735,8428446.55592116,6807821.583074013,4987915.612680146,1938402.7276434447,5472598.364272817,6885194.8393741995,62992772.25948912
2551556.787846428,7752451.6818130165,8239139.868055545,7434973.953188688,8271650.816061787,2333678.9310361645,5632237.448024444,7350248.966577235,7211089.06225628,3705751.5848745485,60482779.099734135
3408859.273673288,7320911.589718099,6371706.851969025,4870764.799600658,8450014.368162757,7034738.775234386,6371528.155498944,1402515.9438643896,9358593.498299947,6984601.466372268,61574234.72239376
9196990.503954709,10870465.469030447,8962914.582685044,7534525.066186597,3020380.1624588477,5512804.935585436,7638738.423287013,4736656.52114123,8089565.950311924,992389.0680870179,66555430.68272827
4930876.469844676,4101762.264904677,10551926.116481025,1650726.0726745874,5896411.5661350945,9778481.740595026,6792535.308551824,7385862.4667315455,7602429.790928437,3033604.919699545,61724616.71654644
9430570.982767502,8970002.160207508,7039785.5323547,5624607.301937463,8693322.783033272,7312246.88225339,8041238.277788398,8533952.736800786,3346161.7284063837,5853673.228602326,72845561.61415173
4424256.453129315,9930355.703587161,8393402.424170535,8927507.346228812,5992529.620384539,8551169.853420522,5057529.360766895,2327465.7028973205,5561463.396694888,5074363.381788387,64240043.243068375
9298954.980922466,7319364.204786444,3743288.0659670904,3960868.9253905076,4515741.297940244,5559481.830479844,4002697.2925557774,5311287.508493159,5863640.081554936,1631884.3451618701,51207208.53325234
5561561.463663516,7976918.820360964,5270679.661626803,4523815.779196158,6474346.604440392,5827040.274609471,1535354.851044049,5254570.304496114,1090138.73174559,6127251.373029357,49641677.86421242
6986916.607484875,6004209.664734388,4037139.830592279,5774194.492885784,8846204.308861177,6144811.798881824,5379303.962423305,5541063.6206196295,2473792.610309588,4006235.7924490473,55193872.68924189
9569102.002199817,8037229.857426776,7403345.777265414,6258121.983764025,6892926.265614958,7824849.655662268,6560237.552118589,3015945.0086231483,7050467.954674828,2546524.2446804377,65158750.30203026
4688210.985907853,7955616.585741252,9713424.158782149,3174332.432548659,3916983.6622453816,8846635.547046386,7756108.596052113,3315778.529384851,3948899.1199459694,6093928.249387862,59409917.86704247
3969924.840688524,7734584.34750912,5820050.626859082,5164090.148398308,7928960.799041293,8951418.982889798,6736249.384302606,8027750.922362862,9705287.819502793,5559921.110850273,69598238.98240466
7559887.451671957,1817411.4175677502,7807883.845502444,6039827.908365283,10736674.978174873,5298696.420039656,7205931.303136755,2718449.563661383,2559288.8268879005,8256906.947825428,60000958.66283342
8515431.419951975,7836237.126838524,10576905.400930649,7505152.846518714,6409728.447120776,8794881.494419089,1532096.4205372445,5353559.515215615,7989259.6715760715,1541633.0765825836,66054885.41969125
4958596.719876781,6955633.636359795,4758043.4221127415,2890523.840923681,8356043.855188682,2695063.6515147174,5449163.180649243,9368420.063430713,1995581.6787133121,3669407.2821198083,51096477.33088948
10777468.643122045,3567165.6360147097,12702053.773570823,9008317.91602111,9250498.803633556,5050992.940253876,7760552.632269033,10538546.211141655,6165728.457568546,7239627.495505712,82060952.50910105
3554543.870451455,6252193.726812202,3529162.6062644785,3004172.683471579,4135123.204802204,9324113.035961032,9489568.254995165,5175099.548727905,4435477.603759551,5045530.524536741,53944985.05978232
7437619.939718479,3550231.2441635937,9232741.536355142,5552471.743360649,5226503.953975656,5161964.428833571,5955401.601873917,7458052.664664321,6624640.569525194,5273227.222606873,61472854.905077405
10316724.95299133,4121357.3664558507,5633963.806557839,10014697.051003233,4392338.843270533,9016881.960400786,9936603.600771222,9559104.79217414,8118814.022476179,7773592.367749266,78884078.76385036
5012142.138525043,6454289.557885206,7877677.73641794,5177050.155172079,3564517.4284337414,3297492.569046176,7873909.741948162,5995519.509835174,6459344.37770274,5327163.683967728,57039106.89893399
7495679.984313255,5337215.7238838365,7673365.223000577,3916175.0611807127,5319282.167535206,6339094.356415485,8087112.845185063,4314335.760103852,7989673.619975845,7753372.01958699,64225306.76118082
2457654.3814157345,6658524.700461855,7082329.854542484,8186188.728431822,8575144.492475016,7880493.407855124,2442918.893612403,8700666.63272687,4567332.381702461,4342053.417564459,60893306.89078822
4323329.2128008315,2816631.596304587,8953814.442753524,3311041.540109129,6428332.327821403,6011499.320796015,5430874.263507404,6353494.368739053,7465300.579405226,4880096.902473142,55974414.55471031
11746236.859801123,5114268.47662337,1060646.034596485,4327503.070230916,7854965.939261757,7165399.222335172,9695159.411268586,5178422.60520207,1179211.4096622714,8931466.086782644,62253279.11576439
3774058.0140167014,7944284.0309009375,7558777.994819603,8824269.961349137,10391058.147235667,3609820.803652619,5405002.476329589,6924901.023673413,2487084.3302333853,5644689.917770188,62563946.69998124
7513138.641495226,4373216.3535442455,3755150.38856777,4453634.795311627,5002712.044801693,5760042.569578077,7600121.198556217,7897934.931624313,3542649.037209976,8400277.743213328,58298877.70390247
7851616.2104396345,8053032.506420709,9431064.282238496,5888783.488178837,6613174.702233302,3455288.49366143,3645177.0395562425,5025887.190904658,7979794.829467565,9987404.765669653,67931223.50877054
9561588.97439695,5183519.590297761,8564733.503513936,6862576.127967362,2360108.8447115803,5309416.885484242,5037725.982835747,7633767.041377898,4041148.617944375,7604638.447147249,62159224.015677094
7753180.671976072,5282910.917391187,5623142.027082766,7684928.724331985,4446534.492740578,5591054.836995895,922200.5139108711,3752652.839409324,6694907.708847591,6666215.728442675,54417728.46112895
5563637.083887876,4569513.0922211325,7486875.758011688,7355907.124291832,5282503.131788216,5940964.439921571,7154942.115697601,5377364.960326144,7292336.995870109,5583335.841787692,61607380.543803856
4129085.860647241,5737470.4840125255,9486047.124676451,8514366.991977295,6426295.485714471,3738796.9054852705,4382443.884497774,6477724.048218836,5891428.752427476,8550342.183823915,63334001.72148126
7027022.998084021,8334905.109176501,5398573.788829509,2839142.4000445474,8645313.538208583,3595300.4080645335,3225862.9558576555,1635799.280959489,3336359.505664206,2988404.0925433924,47026684.07743244
8553571.765243918,2621255.3630460543,5795920.974858646,3728323.315276314,8260607.459910664,8845917.710772112,8399681.427216789,917795.1986722407,9522993.512235064,2932708.5559368003,59578775.2831686
1210394.3155859471,13690403.352027502,7497322.81625835,9683966.944517143,8469864.088957775,1683532.8440290422,8908361.74580587,6527314.504767991,2014934.0032365075,9747908.52135251,69434003.13653864
6822310.251787974,1325273.720676577,8895330.77364317,3677716.0332604833,5005955.289216746,3193698.5381792444,3879895.8084042077,7229861.727411731,6455881.186589537,3869073.676722429,50354997.0058921
6091461.734285361,2800774.658236094,8529939.21000266,8054039.718429228,11543003.917797543,4029154.459511786,8079034.751879984,3162465.2540218434,9723730.605080307,6941260.105762394,68954864.4150072
2691329.433634561,6332878.392883343,6526272.412681182,2065557.6440670625,6609847.339443676,6147909.330718951,9110107.360612972,5563550.611825757,3002787.554925663,3698594.021642733,51748834.1024359
4193072.4248312716,8628733.357267112,3173287.2138728322,5443894.866801265,7143347.675182613,1296369.5992499609,7265098.989564186,4961900.293581804,6982141.849963184,5837299.2285468755,54925145.498861104
8603643.03694178,4775011.749907225,4688270.963006378,8919767.017068746,9506061.04328929,5431162.652969049,4647905.406065933,4053391.853709554,8326168.819074931,4352437.3357454855,63303819.877778366
6661583.993928543,5685665.497320452,5405947.716120789,5339837.951647128,5271041.111022601,3688859.7799556465,5238194.026430991,5021639.00984016,7247180.734429967,6811114.464331776,56371064.285028055
5112159.157422907,4830289.5807961095,4275073.505915308,5649312.7565009985,5742690.960944182,6618932.9819824,9757056.495477254,4067421.888441782,8874503.040848408,7203304.262684834,62130744.63101418
3296656.868128374,4220000.959935128,6968862.816142848,7690238.546848471,6789052.713846854,2414726.6358563234,9569366.972853163,5508887.693696802,8089802.224816967,5978586.70687616,60526182.13900109
4252727.857301717,7417741.851174219,8647024.560503243,8734877.46649546,2149496.742977869,1514934.9449328044,8717357.175059993,5559510.16382012,4263569.961852823,4701647.293773818,55958888.01789206
7294979.22764224,9192410.321572762,1582798.0868187586,3241572.4784766766,8107517.988755651,4359410.143969556,6125240.1626644125,6304044.656253697,9828707.214401837,7144797.534605265,63181477.815160856
9890975.381277721,7440015.903489509,4129088.4354931815,7835799.780513734,9804650.822602507,10062786.160681883,9955691.349350045,1127512.83866596,1636966.8118621074,6521119.539163587,68404607.02310024
6756609.647362809,8022611.911895701,9797892.078358259,1647554.7776160135,5062907.844506387,2981803.8995648907,1814018.798544513,4742819.087949273,8035287.229903491,4235093.386289227,53096598.66199056
6329614.296397645,2618828.258110627,2802532.2074521207,4605476.27281592,8014574.502119218,7862266.1543155415,5448303.039762779,7274532.020754215,1389197.4612967886,5003716.058985082,51349040.27200995
10199789.545424923,7793729.472922959,7144046.449982027,5063132.955988357,10894665.028338216,8660273.838812202,6430019.260829547,7601464.933607862,3934568.986038223,5586971.637588916,73308662.10953322
5417483.669131873,8282806.328976872,3918111.4521870473,9804867.102797603,4346587.961936189,5250821.517096642,4070906.613738018,4519846.754247939,5967847.992934423,6694058.034931434,58273337.427978046
7296063.057812186,4320955.538218152,3999384.8351707147,6384176.443402593,8080296.542081501,4811469.917165364,3187990.231444536,8081003.122460857,3948302.7290575798,6569068.115778664,56678710.53259215
6574264.2874716045,6775761.829227888,5656946.2689469885,8193419.0524336565,6685631.723113831,4905123.27322651,6347035.52192404,10127762.143010367,2359124.819494629,8478640.766905114,66103709.68575462
8400621.624721505,3056496.388186532,7554688.092966018,6558670.139044693,8249815.746030112,6189859.627282247,7589879.718095525,8130095.550470053,8029287.869169416,6491401.979244848,70250816.73521096
6737785.599520569,6745845.671373853,3478757.13099118,7410528.173949068,3822081.6741313525,2811885.9211055483,2499352.041061299,1384986.6860243448,2007124.6129644911,7397399.348798633,44295746.85992034
7811133.827050494,1264387.084020064,2925147.4094053046,3774461.3457834306,7730308.817757894,7010230.778964448,2994935.0885276794,7119466.645086102,6516408.44469086,6771674.063993479,53918153.50527975
10843132.529203167,9387474.899865711,7631666.782223849,7644366.935049762,9952936.38500825,2591418.16231352,8703830.29751087,8864380.74609975,7782648.0673114825,8644454.733105015,82046309.53769138
3672250.920755869,10076212.677336367,9629727.48619546,1376979.4641609243,1721017.900694349,3031894.046322465,8798252.77097564,3932660.4162249123,6089341.886755088,2031592.2291424614,50359929.79856353
9628542.229629697,5029063.489500168,4928268.627698409,10248048.06856591,2806660.4018826745,9666093.055100413,2711079.345128641,5981262.551403004,8396730.585065752,5151029.184798296,64546777.53877296
9580054.824047204,6771965.0194368,9531316.398633743,6314005.94373686,8464666.268370474,3189721.779311013,7038005.151058206,9715475.930984542,2781620.8737223884,9545140.800362838,72931972.98966406
4090406.392105739,2463205.867972988,3809721.9899810445,2022947.8253622244,11109899.720643915,4931059.988325524,3769417.6244280953,6982233.349781721,5983117.150858436,5730022.944275708,50892032.8537354
7950897.032380265,5564641.659409948,5632683.102325387,4249595.954949386,6196418.532774934,9231411.996841725,7626974.98343521,8030789.313571151,1972406.6859224106,3742071.28886272,60197890.55047314
4959409.340842021,6238500.5615992835,3970031.0699694366,7544693.282929472,4484527.169144017,6353878.075560394,7889250.36629199,9560939.683342075,4937447.154909284,5542119.451432315,61480796.15602029
5898338.47918981,3175392.070112784,5051897.2871729545,9399724.92621658,6397278.706549006,7845200.7270102985,5947690.668127913,7136860.558117804,5930530.01101807,7419784.820192955,64202698.25370818
6618822.461200385,827825.9805034727,7447457.633558868,5958774.251843549,8038042.123540932,8295280.6175454175,2637750.2889908315,3833009.458496598,1564199.176423301,8154362.081738477,53375524.07384184
1951028.84677114,4197943.494533172,2534308.1036899765,1798916.1031655695,9317896.981345234,7180714.339787308,3354055.831941395,7828363.642279156,4666822.600714474,4208950.727503275,47039000.671730705
3904310.6317476677,7712755.359291644,9705376.903656062,5583463.632022951,8750978.39023868,3009639.924999879,9502308.978100179,9751046.840289095,8884370.772772327,6070989.61228776,72875241.04540625
6279267.584262256,6893445.950024504,1437260.9235393002,8024364.191918271,1810517.195311674,10513135.162815742,1437519.7423849266,6058632.990873938,2434509.960970303,8461702.318554875,53350356.020655796
10531720.56682366,1834085.1426270886,6873822.704274355,2790547.650255235,6362027.67187652,8009264.442413355,6107696.8679767335,6483474.453347513,6459907.146313243,2263596.4067869,57716143.052694604
