8763502886.648737,8177661896.260269,8697531000.704243,8457265147.202127,8464913554.949791,8174715150.878945,8419036719.098687,8436446234.442339,8731461678.820805,8536228424.140376,84858762693.14632
6335031.711445759,6218216.46183186,6534458.337937555,1715772.0416355175,7649300.056016392,7725623.570455114,8953188.726894595,4808547.2911597425,6891696.231270585,3417333.940240776,60249168.368887894
1610396.323953546,2187572.0734306616,1775709.340327005,2202949.7757175765,7560081.980027766,7867267.328040636,9277082.828897135,2315475.4679609276,4232832.4701184435,5164113.50723111,44193481.09570481
1384115.2630149547,6409043.64648378,2274497.924784717,3018355.498115663,8133865.1830333555,2629533.3514132146,9652506.519334748,2317274.2992132385,3834772.7793600266,7369941.689815604,47023906.1545693
1509408.0542035482,5043826.5720930835,3774703.464821159,3867926.258866594,9607934.499378705,5905082.698451401,9071357.235736834,2229127.54240974,3193218.318146692,3441579.201385559,47644163.84549331
1431816.6886558249,3529123.7255589594,4066664.3050820753,6355959.088157693,5952109.411372045,4579126.597827608,5124284.680881849,3219237.583111846,3011679.178831322,3831708.370571695,41101709.63005092
1554609.9592563238,4016369.1323775486,2657920.553490611,821326.3988063125,4659070.242189201,252260.5981080945,2634638.9440420717,5326833.763740773,3900854.1428134725,6311548.306999319,32135432.041823726
1541488.6048207432,5059208.010163408,1133091.4615404056,6395517.068516843,2893375.4698438486,4059847.185369215,469199.89002881915,1280528.6978134525,3733639.550267956,6019867.131021368,32585763.06938606
6692.111150818498,1072049.821193227,6878942.343429833,5753890.723479928,4066759.467355417,146648.35480381892,2597116.049569624,2217024.324352656,3834515.4222928593,1097376.5362917131,27671015.153919898
14770.782815080343,4726600.706260499,1087883.4089343213,3337252.338752311,8559090.164666936,321433.23223606223,2408351.7247325648,4044544.0249944665,3836174.955553828,5888973.211269384,34225074.55021545
336866.39243500645,7714502.984623757,6207692.051078561,1267462.8981541523,4118191.275548665,793820.9087540973,8450002.35962572,1612718.8703266946,2973080.7987064323,7338907.977208565,40813246.51646165
3026621.0974174226,1580971.3967623936,1358284.9364411489,7176542.084266323,5729518.299384204,3612573.9599949853,8367475.825111738,1996663.5993631603,4091956.896861646,1660112.5234766756,38600720.619079694
2808152.1456810916,5229028.061085024,6160010.553375303,1641602.9138479885,9883497.990324939,2097519.9080437645,4358397.084408798,3857885.1242473396,7394257.298801307,7311289.262064433,50741640.341879986
2028785.932348313,4075967.2266222164,2824680.69982209,2375435.970618347,3241586.323312973,6377924.245882178,5704598.809100099,5073267.021675963,10452989.64339068,3271905.025377047,45427140.89814991
6333608.205178555,3513151.91366205,4772421.541620348,5562339.058999822,6886296.335946463,3693481.305268727,8469832.95507133,1494341.8326444759,4859744.252550272,6100067.873883266,51685285.274825305
8536720.962176856,4023853.7769590453,740719.6960825734,3756648.471193482,5048972.492980819,5356419.474200201,3794018.7433040575,3580819.647035341,4842580.493355639,10105028.00120658,49785781.7584946
4409507.478156453,4141834.2454345995,841846.9081327224,4250622.9501691535,4711052.485170735,6692919.631634451,5470516.948722466,4345676.2951736655,4828238.554721088,5227409.333327313,44919624.83064265
4871662.308763205,5202841.906154183,2144090.223781357,2874939.070923212,9198905.50796607,5614673.268057792,3538308.5717547294,4565391.105731051,6684495.330842522,6473896.890927333,51169204.18490146
3644502.0592923076,6016304.413756324,4131241.2991981404,7192263.566999964,9704832.342577217,2978282.6465450074,11301598.785722349,4740936.732665813,6792100.563277322,6573508.164772031,63075570.574806474
8199333.82504095,4756222.539871515,4660338.382398088,3220300.7721575215,9619292.635957958,5607237.159333386,9904020.387349112,9907890.99592689,5161361.041625784,6985415.733427078,68021413.47308828
762613.7765392553,5109036.645444178,1167301.3969800603,2139221.0694790687,6597893.90451583,6429445.343533212,2212989.8898777375,1062154.9532857959,9046548.334849868,8587773.84105546,43114979.15556046
4142951.515503518,7702899.391735599,1010371.5907953678,7283036.691291998,9950371.8826902,7156176.703613509,3813981.6180183366,8658149.08655789,9943354.70802697,2321473.02097295,61982766.20920634
11694635.401291952,1680267.514820323,5140592.29478662,1445555.8247494677,4867389.095555096,8409292.349073745,4870879.843101565,11417073.243006514,3861186.464019765,5804054.768670431,59190926.799075484
4013604.3434002274,6152061.508547095,8514161.520278588,3060745.8176108673,7364209.980785067,4093363.2839471707,7220264.23270185,3771691.426123948,8055258.179234705,1262758.7125785067,53508119.00520802
9429174.07679872,1621092.2923183492,3397563.886571662,7095650.717485378,9940952.016065387,7969722.760538856,8230630.562256097,7140556.045885852,4544552.407641427,2059629.2621699537,61429524.02773169
11552807.094817735,4084429.5031813025,4183868.578837671,5714173.767514406,4342530.392737999,4776262.890133247,4183093.424146421,4688773.376772191,9585223.294828799,4837744.387118305,57948906.71008808
6161626.293842991,4444890.226128404,5842212.404650875,7792291.703257431,7436821.382850738,7264148.7090437515,5544469.081246529,5318652.123559162,7326434.058000706,3290883.4254439557,60422429.408024535
4710276.511195073,6586276.777847145,8368763.023237953,8999669.936445782,4894580.886221561,2731189.4974812134,4975474.47790092,6158324.914806922,6121376.476998372,5213272.039302863,58759204.541437805
4242708.673637,3980527.0283442275,3865834.7674430306,9151514.35083957,6245409.419428976,5206106.697167893,7185787.494385705,6515389.783385051,7603174.065067764,6775734.442353494,60772186.722052716
6952668.295273387,5616757.456802493,5779896.509167914,9848260.806869844,7263825.187331457,6581665.411881962,3578805.0463078716,6350318.732337821,9120349.726410992,5869563.465234512,66962110.63761824
5146193.634029196,8893255.152083285,10561694.640009537,2569660.9094948056,1695313.4194940596,9960723.266605696,7307191.416723144,3081330.689762523,8363156.772203135,6815273.395523683,64393793.29592907
7999710.341819476,5392962.105900676,3796682.2933725645,7664277.877585528,7273104.5572747905,5360225.123622002,1012025.6273827233,8139612.04793515,7644455.022189819,9714310.392235538,63997365.389318265
4025906.5368879805,11100098.045840822,8499812.591695962,1349508.591818285,7577353.76397291,7945057.5621176,4815203.012499564,9541716.42128478,3520627.2368107443,5473568.811534735,63848852.57446338
8443530.07930203,3306379.4759363323,10512980.339410633,5112276.966606915,4326586.653213563,5385150.585789586,6322414.7339573465,4557828.648276996,8943156.199155703,7074368.464530775,63984672.14617988
2746155.781729204,6810172.307898182,6179390.05760042,7833562.710568816,5705039.208141866,7219934.831357336,4483241.348242897,9674747.679896567,3375062.113996541,3839430.4558045245,57866736.49523636
8774874.667665875,4653421.963083098,8730557.66181901,4742780.975181892,7846019.2383085415,7847221.11509294,5138470.215872418,8838645.834527927,5978358.493371261,5047179.963185763,67597530.12810872
9111662.26043921,4300739.73096314,1490523.1973829686,4112394.156639356,5067668.303112957,6932703.40580893,7374465.289723617,5134158.546077752,5592365.46759718,7708261.967347015,56824942.32509212
6115180.250126224,5076919.606805804,6225729.6967496695,5064655.009176228,6720058.207068496,6865781.826236055,8462448.071709631,5691081.273611951,6724966.413818047,5988419.736834323,62935240.09213643
7175176.151189383,5425396.18613955,3755406.734053558,2190179.3059351393,4744704.59225067,5780072.054929967,7148272.071206924,2713583.253279842,8251208.54760067,2415801.3065434983,49599800.20312921
2902564.645711909,4375999.772164373,7135628.312613298,1089515.7396231727,8405026.651088936,1953161.8433913463,8593759.326814944,5445720.862430966,2608325.0015796633,3869288.5480775456,46378990.70349616
1616602.5834415085,6991760.276967267,1524293.6151842906,7969566.035228201,2522650.012088926,8874670.273861594,8274694.399539929,7732067.5044924095,7694914.338825675,7220532.558104675,60421751.597734466
8880190.37879819,6038997.041877716,4144727.3467804003,1723070.2747804802,4616215.655044542,1102555.4505980993,9865730.578152297,1465957.9254759657,9014599.62262887,2223491.8768052286,49075536.15094179
10559914.209064094,3269356.421829684,7973752.385232846,7422344.048127099,6480436.022258817,4405840.0952486815,8813340.831882516,6398466.486110725,7648619.793432268,7973547.963489722,70945618.25667645
4848616.889244541,9062727.085275102,2451566.360842637,8323767.833441357,7448143.899512368,8960875.304748617,7805020.612353224,8656908.541920155,8205239.247675435,2892779.2422174513,68655645.01723088
7504045.845859374,2235539.471936999,8939357.833150579,7408109.566931466,8705777.40282276,4239817.33704005,5350687.848139815,6797180.566163063,4566161.729292275,4493122.378234585,60239799.97957097
3462802.4649238004,4459933.033045751,7888104.2058424875,7315890.52106906,5822532.5956830615,4808037.133974872,6380508.1684930045,6848410.808917261,6180110.133568724,4181037.071690054,57347366.137208074
6697223.496501415,6018403.773308815,6135228.936975235,5405162.575014377,6393801.894594095,1106989.815128251,5872121.089210345,5868993.264730552,5137353.984908193,8357618.369133519,56992897.19950479
5556570.1104199495,7680078.669246372,7542759.7434574505,3213067.018415043,3365766.1090046614,3486733.217239411,7465200.476559294,4032928.9974094816,4620565.25900021,8755507.151220556,55719176.75197244
8475627.087106265,6959483.276848797,6845547.169141829,1845325.117563544,7223661.977317104,3995146.2057882734,9575179.554132612,5505050.714414983,6665529.402778683,6868471.394267862,63959021.899359964
4864010.385809199,3648089.517100311,5382974.267776889,4784569.353020009,8327115.277800349,5605116.78158769,5530209.802427153,4502102.916019457,6965964.917668537,1452209.8659219558,51062363.08513155
4435057.992814417,5477430.152932271,9178045.740869535,6855755.220879084,8416315.940415261,9110466.022644874,4507563.242895369,8378110.709294922,1017413.7713167506,3791723.979763143,61167882.77382564
10168935.875510614,8186714.281985571,1886951.34954355,9545805.495754013,9631305.427687848,5300010.050192218,7958163.440648981,2016438.809384661,9132695.479610864,6614376.450473967,70441396.66079228
2752360.5249524033,3961701.0085887583,8090329.57245614,7356559.075130206,2172862.925583074,6091545.022818265,9480844.697669858,8834931.184204336,2427428.5564489635,1293288.3828557853,52461850.95070779
10019042.115738498,10310010.194954805,2192260.4494925854,10357645.142738016,7587060.159927691,8253259.274747611,2565960.039473598,4778794.608082587,4386869.833927644,2397057.5263463976,62847959.345429435
8627645.040819524,2709408.567272743,4652032.18802713,5845829.776188411,7891886.117361968,3317072.4681142396,7037987.75112015,4717960.060317466,7624501.877412041,6273543.503265896,58697867.34989957
6277092.259680347,3494789.1217914503,9656275.367355898,9238175.86202019,2918264.102025141,3848964.210599206,4427916.022616925,5405613.464981711,5670059.218286099,5424745.680121513,56361895.30947848
7754606.456915899,5160927.217708265,4849743.854392132,5699197.818774912,4821374.193474154,5428228.122960052,6020953.251888235,9197123.148456134,4496953.754313648,3951035.6666043494,57380143.48548778
6648292.5685479315,8509094.814862296,8328681.643883282,5570741.2365638325,10541670.10822983,5430610.41287207,6207481.643886486,5498930.997970248,7139582.578309236,3839537.022290031,67714623.02741525
7324806.899748781,5880449.914510774,7009030.118705491,6685232.528969472,4588852.1229571225,3523761.8415366784,6918885.933917585,7133132.035286551,5472909.340252739,2518314.9674393795,57055375.70332457
5056027.251369887,5058372.278963615,5561433.391802543,2857281.835616504,6821953.680860078,2653918.861575656,2488473.020203249,6876913.696100619,7490951.344379768,3475509.4298554217,48340834.79072733
7770246.721269074,5857404.008460697,8530771.845064234,2794435.8951397603,9078310.269043839,9012811.020254474,8209172.33978003,5690320.355639211,9170039.489086537,9356353.042870805,75469864.98660865
8666874.42689752,7454325.678274822,11078039.57907874,6503389.007648739,8034353.353878092,4321308.651251422,1125900.6445704428,7848053.008525588,4389103.06688941,8635095.628062885,68056443.04507767
11135494.466702748,6066201.35869919,8571419.30833671,6559617.411233812,6897936.91904569,7388155.414596516,9757855.403998317,7694327.421672855,6999976.918804132,5202619.833558288,76273604.45664826
4768667.136452539,10979890.77834422,9977448.077482456,9271721.193311207,9080679.452760184,8157517.871177379,8187983.459684114,6378697.892452705,8518010.32244327,6249252.870227231,81569869.0543353
5744650.435202647,9051160.997394068,5883594.294205596,6896070.1691208705,3860428.8171542143,3908638.7434282745,5129451.7841075435,7458743.0914846845,8831697.621526156,8974065.970028918,65738501.92365298
7757819.267612597,7553247.278831553,7470073.877094509,8239433.506711392,7308932.0812273435,5135934.392157454,5002314.005458943,4011724.7402394186,4229318.426598074,5763648.691407361,62472446.26733864
5675089.796298603,6436003.410910109,6362683.696264595,6206876.024270002,5910271.355192678,4068995.964771023,4735451.3930728035,6596531.611568565,6002153.924713955,8168405.089394406,60162462.26645674
8678353.382516105,10343473.92971202,9377978.999970652,3394381.635725173,9564166.699315378,7820495.165731933,6291552.305783964,5867621.68258426,4764867.343030236,8009703.287385343,74112594.43175507
3540771.3681196026,4357342.312951147,5175383.181790836,3802596.7499914346,6909971.88777807,9186525.226264454,8580073.138574533,5437645.845638376,7715373.094054708,6554658.004356323,61260340.80951949
1717863.507248853,5833502.508714471,4879100.430668288,9088537.235969527,6526958.786279969,6066675.870117347,7124648.508473306,2928794.049820755,3366592.676481407,7013391.100089505,54546064.673863426
7518699.434465273,8050704.611439367,7605699.995102573,1602299.5849407434,7256026.472359085,2687410.5478389226,8396895.123427097,7272580.716122299,8898386.661969563,9004779.087254683,68293482.23491961
2310273.490972547,5450229.852492729,2774608.5618000706,4746283.995446743,3370582.762158018,8340040.171748726,993588.3243069109,684741.4965681587,1525218.0173107446,4036876.13628039,34232442.80908504
10505932.676147077,8841768.811935168,6366041.8925960595,5225568.845889202,4395164.07011735,2049279.4755363418,9744921.394112125,2045061.969911991,6262501.345499096,6083473.472097227,61519713.953841634
3179220.3351342026,4019595.181743042,9805640.922088007,9744310.903700845,4982436.357870648,3088726.3550338065,10188361.256256722,3715562.3709314493,8129934.729631253,7328274.690563416,64182063.10295339
9255919.831397595,7408025.79770071,5678358.8521294575,3536117.785738649,8670928.402849432,5034077.859211974,7928463.4568167785,7645159.25396245,1587450.822458266,5720421.127171954,62464923.18943726
9865667.191418987,4136819.9830624727,6836960.7068429515,6867102.491231973,3978577.392593726,6653660.909144796,11238404.988318358,3776132.077539922,3830210.6960936226,6338879.690981432,63522416.12722823
5620277.244754366,6388886.553587126,5693797.729081637,10413464.2418299,3904625.728214309,5442008.717027602,5303132.294445872,6278725.269323877,7106930.578815816,6714414.92486646,62866263.28194697
5913103.768006641,6582256.132815819,7603073.282274141,7553922.322564265,3472919.6855611163,4092787.2549447934,7417090.563338159,4681072.219426756,5610887.464798728,6035729.9100514185,58962842.60378184
7423566.772940908,4288026.26983238,8611025.794573218,3203110.4731615423,5910397.733636145,6656959.901354348,7769889.439400456,5561828.269467361,4210411.660229056,7206066.423519304,60841282.73811472
3781651.0688657197,5001608.415227615,6557844.560918481,6612857.13267114,2753628.310904465,2347362.900873552,8890411.694604106,6657577.426344528,7903488.253444576,6595961.9787080325,57102391.74256222
2479519.9180954164,8507644.192173868,1949509.5056220735,8264858.75198284,6784632.964341576,7056524.8224205095,8620023.98991452,2829116.7206089413,7256886.301289299,8601656.017887402,62350373.18433645
5969677.0367933195,1987158.9909227313,7785520.463817336,4722715.280765614,8362960.312120363,976507.6297336812,1099667.1921414365,3494213.930370007,7255628.229235341,4718505.743637642,46372554.80953748
8230384.252919371,8685501.071907304,7171996.525077058,8800335.832302108,4547057.656802156,1618741.7936988,4425268.140275,9581820.494133808,8906979.329996822,4412793.268614747,66380878.36572718
4941781.647283914,1503360.3144003523,1566520.7599702417,9370588.23995881,6350582.056294916,7199280.322524046,5594281.858658441,3436837.2241575015,2029389.3758576245,6764788.54445102,48757410.34355687
7347131.063391375,7353588.0101380665,6196435.75792001,3707045.9017786616,9459276.419605235,8244949.474420364,7645253.441703728,7877534.010803025,7650137.285090867,2365626.812796938,67846978.17764826
2706873.563975028,993160.5502743574,7544209.585811852,6269085.716590896,3379637.609495762,5325661.946588173,3394046.74402719,8761044.159186594,6719842.405248299,5974333.482629214,51067895.763827376
6059926.245358549,2557908.4399447143,3903698.7772203605,9925108.188202927,5560612.866037978,7492824.377159,5137364.406598338,7146455.7375988485,7749442.477846249,7546167.259911894,63079508.77587886
5363684.056371318,5064365.636734276,6800084.6722999355,4327097.740252379,6478143.870642634,7008649.627213453,6295314.4561632555,7261504.9301111335,9081728.782152407,5182434.714798052,62863008.486738846
8683190.482211767,3942064.834047822,5699123.14839735,4018711.3835291574,5137972.628354369,8264099.2029145155,6137190.958605449,8755958.836015752,6766045.518940465,6125580.728184376,63529937.72120102
9302845.437060304,2325087.671830157,5864588.247049306,2080046.108770358,3674553.0774234044,7284625.569951683,7199556.35096321,7220626.104431724,6749573.238963901,7812819.46338042,59514321.269824475
8677449.78795959,5912252.05695515,5663399.069651278,4633234.256009435,2699295.774598855,8312749.724750902,4984290.038807981,6638273.53615742,7152986.417462568,8600255.397842377,63274186.06019556
8033840.708483201,6996823.398578857,8003245.056463649,10864125.747944491,7548792.652965131,2066560.8429220538,6585886.8667177195,3197886.4761269945,3751363.637562839,4997776.159537431,62046301.547302365
4846300.424568839,3157648.270289116,6105830.278441206,3264854.7224365682,2080228.8250132736,10136090.940760039,8906403.393567402,4207165.198485851,4315359.960954712,7179879.746297511,54199761.76081452
8586058.272870839,7400898.286362266,10419671.17059971,7443142.400304184,4934114.328777623,2341929.5991759687,5230514.250646215,7061738.518270007,7241550.448600702,7457953.078031653,68117570.35363917
5216772.504492012,10585254.107618539,3968743.698945506,7681642.3679672,7124606.690129194,6788769.385452517,6691400.621813388,3884128.755411782,3729107.3589598564,4833714.104789685,60504139.595579684
7198313.528654998,3855622.4351594136,6769188.461239292,5799079.698490336,7760397.732808962,3106450.681610951,8269168.683275387,4850824.2370003415,6383316.273679992,7665509.703581224,61657871.4355009
11052020.809213748,6652913.572998916,8775990.658312589,3859641.4327016827,7991260.049466057,6893642.743849714,4126274.423799444,4792580.157902023,6126587.140013494,5182480.109211869,65453391.097469546
5789548.0805600835,4382092.932960912,8301171.87354633,8708444.201809527,5208810.404068405,5236026.746135742,11165556.12265657,4936498.421933325,4714085.196077066,6154825.369632316,64597059.34938027
4791773.857343063,2881772.402842936,5520501.991851571,5598380.213870097,3874095.2876390712,4749795.049065917,10778210.393499011,3854852.914293255,6380925.551283147,6372754.417096455,54803062.07878451
7516092.173491607,5710809.384270072,8432289.746812182,3901598.518233731,6513110.14212785,6134661.74763889,7841700.816918221,6008553.903717584,3382223.9394214647,7075556.725264981,62516597.09789659
8082785.994973159,7720538.941622932,3929011.1639707093,8578516.379530622,8711544.084991492,6415070.449357192,5293067.362799907,1069729.0208631807,5602427.824845321,6508925.841148595,61911617.064103104
8287905.282173293,3817993.886607831,10715091.416593792,1877583.0580964163,767594.4510730376,7214268.545258359,4618685.751006024,1068674.9326322954,5984811.198401347,1170767.94114932,45523376.462991714
8768921.249697894,8439923.592172515,2793315.8191630356,4347540.28281036,4210448.435385563,4768196.965207818,8825941.412559217,7185836.032336815,8524064.850199103,2994800.0901776855,60858988.729710005
7716037.669857262,1534410.072981197,8712115.650150495,8865707.23522713,6428732.7018111395,6304818.008115801,4681851.0014319755,1467187.5328833333,3194075.9576842445,6777609.055745658,55682544.88588823
8438805.679588659,7692613.114807223,2626152.5237045344,10204393.293049175,7980444.696217491,2086577.6574332013,6547833.983264882,6209569.865461447,7562179.903083059,1857982.4926385162,61206553.20924818
2871095.651901727,3066978.961030697,6714996.370147623,3260594.595648308,7395075.894951777,4494614.875528975,9777478.211868005,3191938.46175859,3957235.912486042,2975032.4921705485,47705041.42749229
5912341.709104323,3482148.527108705,2613541.9173335857,4198624.972422419,9230856.04026385,5512608.625208452,4602370.918166772,4789342.138205891,11821577.159782328,4717422.0171837285,56880834.02478006
3581663.574294538,5916698.582082188,7804859.783137201,6099493.485458823,2584589.2707298347,4238714.340494418,4479553.633760924,7999033.719604099,11046311.963602474,5757624.807745341,59508543.16090985
7716487.9144479735,5186349.563364267,7560964.428649689,3291059.965043112,5284400.064266219,6176497.2055847,6421806.849574973,9904826.033821987,7303247.017776838,7551149.789919818,66396788.83244958
8839724.37264899,7053203.6396855125,6819154.372139548,6067547.312108657,2974661.385738181,2610571.634963908,8133857.874266185,7994892.314484081,3151834.351821553,7107553.069546532,60753000.32740316
7618748.859538952,4361400.392311239,8142193.313838064,7788130.096942934,1153436.701362103,6739660.543205962,4980297.26080038,4697039.528684781,7761175.879442316,7833143.617008761,61075226.1931355
5558856.467814208,7358202.797424111,4057501.5408883565,8929971.52985014,8986626.403167084,1358447.3239065374,8641986.878244197,7967155.533017037,7648902.39864159,5933458.679399074,66441109.55235234
8258824.851236354,8583379.898544166,7560304.870766875,2398757.9919010494,1527287.3691947374,5982137.156937754,2082621.1475798173,984348.2202528274,6678614.826307223,7997240.461863614,52053516.79458442
3583501.864519239,3717180.6155576515,9121907.911837373,8782699.614046985,3273933.753363653,7853934.6475490155,3956777.699466312,3959565.519073199,8647098.505182007,10465819.540141512,63362419.67073694
4695366.160693934,7259323.529294955,4616557.078499764,7419045.227756911,8585493.454640562,4758503.53055296,7673311.39472375,6895551.047059787,3182188.8877228918,5106030.61047773,60191370.92142325
7745288.5660621645,1673701.865792749,7817256.619641679,1484888.8724620352,2753474.7646041466,7495913.88566842,3238457.686042115,3990611.5742426207,4965066.183047326,7786905.384959243,48951565.4025225
3129102.715126531,2887334.75287125,10662645.593497762,4246753.964771977,7240930.518473541,1693346.2125460482,6464704.165304768,5091140.605598295,4691277.39894299,5622761.741634615,51729997.66876778
5685906.750174091,6915487.270577438,8457849.181286465,4606092.845700202,10639529.831136417,3303670.3386600106,4413134.125537934,5439050.766378261,9777175.405250631,7911262.9274258865,67149159.44212733
7425678.81393451,5059488.754641106,4460740.738434946,4733463.383509732,6759163.715879386,5033418.797075463,4806164.811096966,8258833.399906193,8505220.443492616,6047307.42854386,61089480.28651478
5748435.385542164,7123800.686424885,7350276.77394249,7234136.6608664505,9515720.460340805,4835743.402332386,5743456.015712879,4278699.014153103,8894384.21463251,2642351.482802993,63367004.09675067
7788685.465174006,3573661.2350089126,8128447.086485185,7714137.967719549,6438160.307365336,6336104.7266456885,2794763.721830436,6430765.092521369,11043253.938281821,4143041.225116268,64391020.76614857
10465783.816184485,3855589.428105424,6211105.221556086,2310921.972201066,6103567.821207382,1226854.2885132623,3429126.7356901136,1403549.601996297,2838821.5704131345,5299132.779554106,43144453.23542135
9964216.238597643,8895048.910882639,8887594.090977049,6460999.84472449,8322491.124886355,2897050.3643980245,7052490.915848192,3473709.8811951536,7819530.270006033,8172949.2506566215,71946080.8921722
11348348.63504879,3824369.281903183,2731948.9642507075,8647331.971843064,9298902.794820152,8901385.702569872,1796281.2035404418,8046351.783640127,9143184.266531592,8766006.800125202,72504111.40427312
5810114.369562521,6407442.924293026,3934681.904103541,5999977.689712464,5763698.299635838,4784498.686882922,6657834.556419868,2608835.6847734656,6877582.608482074,4980576.990283928,53825243.71414965
9165287.262646085,9291174.423736397,9672710.301538462,7758894.85374134,6465198.861398238,6021411.710101313,2893336.1687145857,7207305.2311495,7043633.7859676955,6961184.047512504,72480136.64650612
4055223.48318511,5218376.360207273,3876901.0950032156,5532194.938668999,8525850.59672148,4681371.591868715,5942103.591483592,7563002.040971965,4269643.58691124,7445251.373100436,57109918.658122025
7056614.869875693,7690572.765061147,7986927.8920258,7174711.879811064,8178567.920956497,4700100.444615827,4316497.751853649,5409890.417438818,4727414.757419907,6159531.242203136,63400829.941261545
5269162.924643642,5102502.894961864,4768978.377541352,9197565.892705465,7022780.790136082,6516680.54700127,7704632.3513769265,5275545.777839011,6382173.937804199,5047582.225009123,62287605.71901894
3678608.792007306,6935317.156234064,3884155.2350460845,7010755.882986074,9203435.987990754,8292203.5909176,6949977.7202618215,6905777.437161002,9467684.282977516,6445656.484355858,68773572.56993808
6923365.205255667,1636688.2377000938,9107887.809691994,1931899.7950505111,4854073.940486925,5139418.162401736,1159729.1525649983,8313001.819393539,5163173.876563989,2002583.4340847402,46231821.4331942
8239000.885396933,6261199.324762838,10921046.531751782,2800671.505157847,7689593.877455713,10656876.750193711,7107216.625923004,1643676.077499349,7153944.236327572,7312870.052609265,69786095.86707804
1127232.5130031358,8242842.330354623,11616722.724964889,4995900.523023611,8841651.179161204,9881840.427171614,7480892.505691992,6127426.3301266,9559947.819328293,2479236.7928644004,70353693.14569035
6968832.698021477,7388517.726848154,2821569.0995214446,7535323.747560474,5788743.8162155105,6135045.506180468,7376328.780920097,8457265.446470605,5415366.6438498655,6060389.938044868,63947383.40363296
7678397.855268033,3379185.9391245223,6699961.258310985,8352096.013418936,5503322.208935664,7390371.619505495,9217764.711572222,8374073.55848167,6926348.816740415,5249918.216507973,68771440.19786592
4472257.984147993,8976147.567682644,3095003.621526633,9560866.50785339,5945588.3819033215,5533118.815259934,4422311.332815086,8402564.338604704,4699969.762211847,4811579.626273896,59919407.93827944
8670625.749561673,7226894.622120226,5149078.946564348,4800041.06105932,4555921.28011321,4529939.93658166,5212565.448704602,8949261.98837712,9750259.21971931,7586469.007611579,66431057.26041304
11679362.362086989,6607923.453275306,8060513.728491467,7193961.188959978,6190185.123715191,6678432.275554683,8081915.340911646,8927005.090433346,5270270.760632137,10413630.288048096,79103199.61210883
7538686.780545713,5234777.213130817,8453034.971631413,3995211.38126349,7095169.863814369,3299478.3147610603,4017819.0589589416,7706510.433088174,6190587.373767657,9193101.23393767,62724376.62489931
5936381.953522059,7894440.504687926,9749896.674502658,5037013.132819189,5297178.789869429,2807362.512995623,5154690.631459797,2265031.75553784,7219042.037601152,6874027.952716245,58235065.94571191
9576154.71762808,1574812.0223235658,2985375.340564382,7775796.132293355,11667746.530243961,7851638.37598426,7095357.387182864,6624832.130971766,2452482.079013926,9849161.774153998,67453356.49036016
4303277.064254286,4798899.5746310735,7816576.937306723,10672196.040222658,3024435.772001773,2576891.465728174,9811431.179109149,8094530.783821846,8655637.144635422,1270777.7482129205,61024653.70992402
8023194.507967628,8496856.650418868,8752448.89404721,2871574.89581243,11123472.747260613,6771230.002513422,5899488.855797617,1579882.1547014911,2241690.227354817,9316703.41242969,65076542.348303795
2540654.391329464,2793938.1418239195,9726677.335008161,10018078.864368774,2997399.8439327027,7876992.758051581,7585782.5817312505,3370821.3705597036,5800615.250020305,10126141.507313969,62837102.044139825
4855638.551504753,7234795.968872069,8392125.916128956,10715401.377400199,7058467.317070322,6808445.202469655,8021882.579076366,5412781.464994062,4412162.960235018,7295751.033151999,70207452.37090339
7357959.366950996,8643190.245855602,5373895.192044312,6308140.623791451,9999645.756630832,7086891.074976905,3876193.568622488,7317572.390273726,5388342.258530989,8723056.733696753,70074887.21137406
6131864.1884535365,6786420.352748304,8316912.868357956,7325012.6302812705,5271322.807199746,6141964.8835390145,5328807.92317068,7315433.397321962,5842775.886917767,10983777.919906877,69444292.85789712
6785421.105506056,4682068.970833984,7871995.021959489,2264564.5606547142,6781868.695817084,7243408.928755825,6995464.478130791,8815103.36597729,7604471.876379138,8362320.98681856,67406687.99083292
8158301.899796095,7590247.529917688,7086733.649365827,6274578.444470916,6535665.185754595,3039718.721700679,6746755.02513749,6577473.718025705,8754154.70956136,8125831.910047757,68889460.7937781
10228700.338395488,2264767.6614875025,1315785.3404112074,7619802.933169932,8582578.691830928,9601205.672569916,7854212.044707251,7775951.583872156,2029019.7628178434,9039382.678338986,66311406.707601205
8312337.510285843,6887820.536230735,8789322.350724522,8536628.566354044,5181808.563150628,9222390.79396421,3580581.8035255144,3285306.0225507654,6735970.59131652,10464560.651392268,70996727.38949506
5013964.640288223,7234305.617399357,9573225.762682712,8823237.378557099,9153899.249683995,1505373.2357905307,9652999.954833157,6827562.652666354,9837036.310781192,1210675.5921042692,68832280.39478688
9745922.560650898,9777276.450275864,9124445.564209837,2183025.8922304534,3298305.3521351,8193993.573295859,3666477.702429719,8563282.559781225,2150990.144315385,5672552.598740719,62376272.39806506
2811157.9212885713,3921556.1236367947,12264778.495542597,7310834.911364984,8960418.945839504,7821097.710199578,5575562.798779955,7426507.66574114,7125316.642255161,7581178.984710128,70798410.19935842
7429484.594510623,7487638.522053889,4491932.603532029,4269472.349993366,3656681.585390321,6049390.50351256,8472302.315770227,10090474.926685775,10071454.493315428,3740409.2000299296,65759241.094794154
3891919.550070436,4478639.934852951,8529567.991295917,11533516.288703386,5647584.812569967,7529294.930420138,5760300.42836872,5323365.255627366,6625792.109548316,4421418.575601526,63741399.877058715
6106819.633794879,4449265.355025556,9294677.403179746,4679492.986112037,2887910.302513448,4185504.425026969,3085324.1571434224,5177213.6227040095,2828818.5789272767,4350768.073442921,47045794.53787026
7610400.072987354,8595169.956343818,7686013.423929171,3206410.676035981,6098238.448892836,7759120.956473737,5458576.648585081,4075545.446497477,5282781.797578777,5055935.539524867,60828192.966849096
8169273.176047825,5279928.322121995,5915645.523269845,6295310.184640572,4639227.950331142,9142916.480391,2751650.8279908854,6683463.85790553,5972439.725316976,2476280.930290454,57326136.97830622
6262599.053289106,7650726.7870037835,8577141.302593168,6181614.910919711,7737162.755032532,5144066.147714721,3190671.7863915204,8292039.231611802,2983029.3114863727,6554665.059549194,62573716.3455919
5518170.083692921,2587600.9369661175,8045948.570418379,5894996.82124438,2508927.7091362947,7669401.287949258,7298121.209621518,4452335.103514367,2140334.6503084064,884537.2408319672,47000373.61368361
8004683.558413514,3853274.382178239,3625966.539644017,7674451.573500411,5099143.627804578,3117609.020730288,8757012.379744584,7699226.8648341885,5321753.576526425,7653729.074395303,60806850.59777154
5782438.119786994,9722176.024832966,9679472.394227447,3640024.487215845,8841326.822263172,7743825.699849801,2183079.4230197147,4639989.618596355,7677908.0291969525,7766154.878092447,67676395.4970817
9342898.243259687,4672448.987501246,2328581.641892712,7162834.754008231,3316717.6084992634,10031864.27265842,7914454.910839574,8000947.026543894,4856937.809863945,2256405.4849697333,59884090.7400367
4349627.182648957,5349692.216093945,2712994.1474238005,2495008.7115094904,5000649.111565731,5987229.439418908,2817097.9765402055,3719991.984993398,7986922.510820627,6196743.035878242,46615956.3168933
8981851.323222024,7093685.15834544,6475157.795677704,5231577.881324138,2508253.6459946744,10762849.61975499,5243485.521687911,6435130.304856925,4220615.424612444,5107312.031152678,62059918.70662893
3047551.965310359,3887224.443511898,6430670.237326414,9515308.602732839,2534978.811242465,6557751.425775793,1286591.7785669707,3301943.2171977805,9487631.530103443,4635275.8661359735,50684927.87790394
6183697.184184652,8288505.530102265,4260886.40966771,10020277.003158078,3647846.9764736868,4233876.996350167,6322230.428584082,4198759.521568735,6027366.409473607,5874560.852875416,59058007.3124384
5944888.543040186,10132740.745711206,11212150.661820134,5899675.123399343,3395772.9203161257,6135098.644662491,8019378.178273214,6497458.117434117,6817917.921447373,3917619.980057104,67972700.83616129
4231732.071259745,6352778.6381150475,7445150.152622829,3885818.9676353554,2039846.3456417546,6263919.265773298,5746627.035712863,3291592.1767693423,4167207.269375398,6937479.155268271,50362151.07817391
8385950.343266412,7388887.02966841,7813207.2223036,1520896.5280193484,6889672.962786551,8027349.327919027,6295772.70921396,8115854.324198156,4461708.633142095,8507645.322126321,67406944.40264389
9268501.319790002,7491671.01652731,9714035.941429432,7879959.939981015,1389590.5475287193,1467566.9024312848,7400108.460125003,2846851.2800487434,7758932.108054459,2413592.513852969,57630810.029768944
5262239.700069033,8958291.900254425,2785545.7127440874,1839134.4512833364,3112177.8755757343,3080270.627363484,2652496.386771479,8844762.918692704,1023998.8823705968,6366208.948761429,43925127.4038863
5272731.564682293,4899930.561337495,5605131.913597431,3550084.7483135043,8769926.062480748,7896816.110020148,7694900.528196976,7523111.248249906,6451884.740249462,7783619.256594929,65448136.73372289
7056300.6208484145,7804295.702959052,8500394.862210987,6729876.933545005,2731796.997516132,2278024.5919602737,1536713.9860268056,2850077.3949010344,7906069.208030441,8897133.920281373,56290684.218279526
4453137.64384845,8012997.231148986,5632011.7153039565,8191397.684044892,7353737.748708132,6950907.6223957725,3464191.827323941,8188261.688658126,5632115.755187009,6746537.28910367,64625296.20572294
8503464.615473192,4742364.751385273,5260815.3228883585,7804476.574679343,7006792.618694226,7078418.848096735,4875824.826931925,5593134.879414238,6731545.632919059,8124482.5770341335,65721320.647516474
8126158.443528493,6185849.381722143,2122634.9336407688,4512668.88301905,4860884.850265896,5604866.6308689285,7886318.08437778,1557348.6841456215,5505385.182666791,8792046.417482082,55154161.49171756
5870508.179137564,4165413.623293123,7382316.000178801,6269215.140160875,6274931.814084477,9984367.0617415,8465848.16707577,6534949.74364094,5589436.362702918,5636241.061141531,66173227.153157495
6050402.935113989,6023319.475647496,5079806.5466301795,6339020.759650951,5356764.723014046,8583878.526496403,6175601.385777411,3107396.4290234577,9512457.014860785,7516464.995563793,63745112.79177851
7835725.346802475,7578280.505026874,6900066.259029689,7472321.450180456,8992002.237493424,6781638.755448525,2165422.6932018287,6896720.8634199,10700384.133349441,4092279.591619353,69414841.83557197
4358581.564292287,9186890.905845469,9439352.27598578,5119579.7175705135,3340292.9095626627,5298641.775133668,2662727.2012523045,7128895.572182116,1880976.2811865758,8104869.20181537,56520807.404826745
11571384.779753046,6363033.114942273,2701861.9328487897,11318671.9306272,4200852.237374135,7011153.482136719,7185946.008949726,6900882.795352292,7949906.275772232,8152048.763148293,73355741.3209047
8377863.67832182,8148980.473862265,8641419.50622522,1969662.2734530994,4857479.701422823,6516240.112263419,9376718.134277511,7424604.864306219,9107507.696789524,5613994.257447895,70034470.6983698
6190095.900548218,3545765.35295217,9947669.44709116,3059544.787712757,7728606.278615201,1795270.8106633935,9209959.25249982,3511670.680212302,2994110.5750480867,6530050.86269331,54512743.948036425
8206586.539041359,5868686.45382955,7502135.825581678,7618982.127776287,3864682.9026053483,3551892.6531875324,5879656.283074158,6995880.042947779,4765397.777587351,5199933.11882139,59453833.72445243
9629592.84636697,9268391.310746431,8601847.157896768,5638457.537858086,6055633.621676686,5866169.349417274,4442794.7263072785,8981516.35108161,2391689.574452639,7685607.877581916,68561700.35338566
7896894.777630592,6369169.664407882,5599283.5728678275,5719228.979745557,4808085.101589797,4727969.744224141,6911142.790367025,5874647.671180389,5380663.913833484,10275817.072013836,63562903.28786053
8701301.197916482,4297288.425801405,6240453.447972445,6652830.072831253,5415634.660264391,7180821.8700184375,6253654.70302156,6202282.192031439,7359226.353241054,5576439.741309926,63879932.664408386
7116918.7706908425,5885863.588062246,7267797.33745759,4908619.04490923,7484067.986648789,3274228.0638382677,5507141.772980239,8249249.5516017405,7109227.095088882,4958360.173976351,61761473.385254174
1822766.4313119687,5803933.805791963,10081559.460548326,6823339.1335981535,5429083.165357682,10011050.771502338,6940313.68468738,1162933.3436142113,9195549.711742952,5908352.734426949,63178882.242581934
5089369.332878834,9351741.763374155,3788425.06754754,9293971.534642685,6601019.334772168,967470.1170559436,834035.1501607791,5944133.168191812,2478827.324581959,8538507.039295116,52887499.832500994
9311894.937930781,3644972.339748641,7518358.284812349,2022693.4228233763,8102100.80707543,6488397.062698909,8279536.09588161,8274489.754521167,5846548.6024948405,1826999.2860405694,61315990.594027676
2103805.8506170427,10257469.411677442,1703409.8594812874,7912958.4723860705,2604997.1502510523,1714027.7026335334,8041679.125426004,7071606.545110828,7462506.749437354,3135331.6294798898,52007792.496500514
7902970.037094922,2833688.470503383,2903873.8952094507,6273787.008753881,5745644.6632232545,4666174.624133597,6413071.830735592,3310737.182582565,5728782.847580145,4679123.211709216,50457853.77152601
7086644.015648615,3425408.7601601197,7337958.676186561,758499.5357470118,5017001.1659577405,5230307.807479387,5662802.644575087,5962690.290584474,1458241.546985448,3292077.5077678114,45231631.95109226
5322309.8443070315,6698604.749257148,5088376.104000784,4812848.503884104,5293676.974233375,3720951.1990752574,5117704.718531481,6715792.281011281,2333034.407263399,6585080.526960777,51688379.30852464
4935106.85762372,7970459.056328163,10371361.541833123,7570855.525640989,3868512.590912647,3020261.1673087813,6027271.011457198,3591900.707084249,5448146.703211963,9324525.308579348,62128400.46998017
7371695.215710954,4815268.207298657,6507703.852493838,6295587.46901967,8267805.336605704,5697275.35738315,3799094.069426452,5810789.934971565,6374093.019229656,8942721.608594345,63882034.070733994
6575289.884570147,6389480.437143559,4031155.3462833483,5504473.1893277,10379685.976466663,7395011.55408035,7174736.485556612,2837033.960420115,2797922.3442248036,9717771.792402195,62802560.970475495
4694427.970773458,3100938.386345767,5365948.095059314,6043282.639097349,8475651.566287652,5835772.303170205,2430453.1650618343,6099442.610063843,4078552.081494877,4436140.139414995,50560608.95676929
