26202737193.595207,14512828470.273743,28766774386.591408,15673615774.526659,29739112969.892246,13715984822.489927,30509449431.317307,14999503044.734514,32404565370.792484,13123861668.77227,219648433132.98578
6638501.205288196,438.2290570830599,3810048.6452799304,435.5955316787361,7821942.335553695,0.0,15316371.119843725,441.0692577870318,7756197.109705375,441.5434477948772,41344816.85296526
13555595.113912893,435.0745947403771,11701241.55871913,437.3307104197386,5830099.205628977,438.1421743518942,14067206.621098198,431.0854230791878,9630017.359225033,0.0,54785901.491486825
5741385.077161515,0.0,14713211.681324547,431.80762583502883,21856665.474577505,431.6731912966625,4381751.961014552,438.7292783366315,4884546.929679322,441.0733162886381,51579304.40716919
9004412.245497102,443.04643648900054,234546.05624871203,0.0,10330687.847205048,0.0,4479584.763727661,0.0,12544020.435755705,438.23201418177894,36594132.62688489
13673732.963341929,436.64475561967606,8186387.48982848,435.5464347347509,3856047.3662640424,435.40551920927135,4414299.66782838,432.65429835664656,8636027.972009819,0.0,38768235.71028057
14518451.048196133,0.0,8120999.530958512,432.67512646500177,9124834.334892642,428.2775433517896,4336226.388878804,434.29449086182154,7857857.430512284,432.27453730403676,43960096.255136356
11750877.27827482,432.57305071329677,8594683.229877224,0.0,15836334.966785884,0.0,4391599.560266587,0.0,8807739.177846864,439.7273919222722,49382106.51349401
16559782.660459578,435.90450253908443,6958781.091803047,437.47686763607254,8805829.078036986,433.24393145880197,4388860.455373941,433.04776748514,18857017.195081845,0.0,55572010.15382451
14368225.393348098,0.0,1691601.3030255556,438.9862305613986,8556416.597183954,443.6765859618378,4500134.667427476,444.37423684998157,7763641.5378597705,441.7103627185141,36881788.24626094
7710765.694212394,440.3576640547625,6346878.53506406,0.0,20366250.982207734,435.49979817802125,3687031.6526356544,0.0,1937610.812965246,434.01315146998496,40049847.54769879
11590575.628376883,431.75789752026134,6075271.208423512,432.23045467514754,5405927.9841032475,0.0,6899776.274672299,434.6256366327417,9986576.368276406,438.2834359233922,39959864.3612771
24627332.02416183,440.7811019429464,12229833.425024716,441.8606262003886,10363019.56982174,443.63532836356984,10863850.242306689,441.03650261530987,5099248.450494899,0.0,63185051.02536899
9753137.628207963,0.0,9199680.933213828,424.7692181101216,12930819.671057494,424.7379430335617,4436480.239579304,422.68729365748374,15654947.29218868,427.90915241181995,51976765.867854476
14832088.621712564,438.71675410787736,8439289.268620655,0.0,14000781.682237102,0.0,9433919.138365043,0.0,9292835.783385787,437.46536538091726,55999790.67644064
5139886.0991580915,436.1316055300162,7801578.163169913,443.4087439755142,6702345.284786648,444.0501108214151,134755.5083878866,440.8656555614437,12189686.998688186,0.0,31970016.51030661
4256215.294039535,0.0,2420377.9734477038,435.4530774225448,11621156.923244568,434.51354184494727,11837312.066354021,436.4877975172263,13255913.115004353,436.78344217126244,43392718.609949134
3783444.173363539,438.3588254057767,1167506.0120984297,0.0,11297244.653771393,0.0,6571129.475778288,0.0,12166205.59679931,438.64353514371356,34986406.91417151
12965832.452693714,440.32838515967836,3362466.2722426266,443.45767598076446,13441492.034984184,440.80271987304457,3872290.684476176,438.5430183719373,13037442.905866193,0.0,46681287.48206227
6786998.93761233,0.0,10135095.972008564,432.90427499401693,9591542.09999744,435.91309131984974,18409352.316221286,433.8925821280558,2171648.775680177,435.1505772278366,47096375.96204546
10464591.840105554,435.2441812426104,17358643.96210467,0.0,7408172.374551457,434.3024541858487,4430176.556957313,0.0,12849492.021139013,436.5229092219492,52512382.82440266
6747804.029504777,437.42183339623296,3847439.1873364225,433.0315604542338,3127436.455869307,0.0,6345364.1317378115,421.25707599578675,20443592.927244723,423.944793801158,40513352.386956684
15207964.00307763,422.7409903809206,15715037.900155395,428.30761061449874,8322877.239066395,437.9720374496034,14317386.404752944,443.6141159506576,18068579.1883432,0.0,71633577.37014996
11983960.479867581,0.0,2987353.7944596577,430.09046087943483,15146877.709021498,428.499685106037,15253440.842185697,428.26333120612634,6523097.4497881755,428.2254367620308,51896445.35423656
10304172.695243502,441.9209542300166,7941334.0753672905,0.0,5123434.340925135,0.0,11055425.578630567,0.0,5132840.001630039,9328038.501098257,48885687.113849014
17551471.757893898,428.83575076282426,13618079.263609916,427.1494352421541,7499070.951090008,425.60189345629976,11830707.580330178,431.7854920792948,7848437.955809934,14946900.339682497,73296381.22098798
5438352.080521353,0.0,9108335.696976598,426.6796878973764,4206270.238210662,426.9331270979359,10530307.175829215,430.9427666724247,4769430.0241265325,14531917.652556509,48585897.42380253
11911256.519389302,435.71271171639694,3731785.903539334,0.0,8792498.504963746,430.0915634358944,11173774.56042654,0.0,10968403.365893297,11488293.419937437,58066878.07842481
7530656.462791071,426.7419114155871,9245457.640465733,426.3664946036713,7759424.079422406,0.0,10635065.445298804,434.9163204501621,13675753.068627236,16625668.532304594,65473313.253636315
4894449.765982562,438.52553774361036,10530482.07188863,431.37610299206483,10518010.80864601,431.89849988190326,13718886.83940155,431.5140520397652,23143397.326477885,17067895.354032364,79874855.48062167
6660407.67533259,0.0,12013648.522520218,0.0,10191735.783070333,428.5090790208552,6323295.270916419,428.8549338962598,8344204.513894614,16785074.14400668,60319223.27375378
5492605.918268378,430.06648167492295,16503643.358892485,432.74394786607814,10433639.371217554,0.0,18024159.09165355,0.0,10414960.949262058,18197131.021380696,79067002.52110426
5219838.93389666,435.31448127876035,17942586.24258163,434.6338935980601,12648446.175444806,437.79232205429474,8513883.381300325,435.32332921059685,15436394.798351208,17019446.408039644,76782339.00364041
10453063.973469459,0.0,15334866.628498565,433.8783689017754,8499367.644842897,430.83643560220537,8462927.465186346,429.99290701526303,8135963.795181049,15429238.810398163,66316723.025288
7346185.912562659,425.69989520665604,13948259.752448415,0.0,12169528.160403833,0.0,14863874.39684704,0.0,13588228.449206272,13552715.747930797,75469218.11929423
7357831.576042619,433.75768751724945,10131558.732678356,436.0924003878175,9143765.439035444,435.35495880135556,11983216.19233109,435.33330709713636,12409085.87922774,12876127.844728528,63903326.202397585
144575.0949888574,0.0,11257451.284830164,428.211774544907,10353443.48846018,429.4261891913222,10661037.82400451,425.2947718889614,15725683.845659956,11538657.57647287,59682132.04715216
8830033.627483042,426.21458181127645,9027531.175744208,0.0,4696945.332013015,428.27471906825855,13845945.698715053,0.0,4520461.206208543,11886687.364427406,52808458.89389214
10143875.06697123,428.06373203560474,2848159.0838539563,426.2175594529893,12685699.431318214,0.0,17154275.897382926,421.5818728243134,11102063.117389858,11307592.657745322,65242941.11782581
9343801.544006785,427.39953138742567,13017988.092568986,428.8392218693174,2755910.726091898,430.31770693399693,10380890.925574843,431.8107747545245,14744080.855462408,10714975.141408967,60959365.65234883
8553580.168860964,0.0,4176204.7497555586,435.8527882450897,11183042.871929087,434.6201947134886,11368292.319556337,438.05513543646003,10063990.163433721,10042164.027054524,55388582.82870859
3496978.024657934,439.7184601009843,7723241.913911514,0.0,20214977.018713325,0.0,5590241.646607411,0.0,12005537.679851029,12113013.362458747,61144429.36466007
685956.0007777328,418.0872945662061,12478041.839918664,421.2908378939245,10845009.506228454,420.6342903919593,8461382.855220493,425.0382483896915,15454528.543062758,13171343.587023854,61097947.3829032
3547373.808608524,0.0,13146343.85233794,429.17993758207274,8662426.85901514,431.3693557375795,13741534.03347587,429.88869638151135,11584485.829646546,15133008.234984439,65816463.05605817
3485067.405219551,421.16974329611645,8249205.822943637,0.0,7805683.2044915715,420.39511921628485,13519200.555857912,0.0,9360850.446950912,9777359.148589639,52198208.14891574
3476616.9595975527,425.609091314599,13840350.141544973,433.399497856861,8977492.52170593,0.0,16556482.65935694,436.4926238587486,17166734.60146411,10299423.72074284,70318396.10562538
3696738.8499845765,434.3708571121584,4303400.688225773,428.76414889205836,5067097.093230641,423.0226555127826,7070492.373338673,424.3885848857938,4202702.565920309,10173247.087131532,34515389.20407791
4851874.024331976,0.0,4765131.922349374,431.8392097249442,8685920.227599602,437.8959237339563,19120390.664097816,428.62922975941814,13373368.903561061,12297575.199424606,63095559.30572766
5619964.412412142,425.264497322645,11050080.909746783,0.0,12405941.339562487,0.0,18795613.809081923,0.0,16794021.87985367,14359990.619343163,79026038.23449749
16640453.765824094,427.80776735091285,12425066.018784191,432.4524440324075,4213487.701925807,435.3267178754883,12503805.261281457,432.8568065321139,13278645.111449435,10473238.588993309,69536424.89199409
11403503.765014717,0.0,6892399.72957797,431.20480658103395,9510598.222158832,432.82014194539533,16003575.672088483,436.4130501698166,14988145.590500304,10519731.635791264,69319255.05313027
15275045.432044318,438.3586345135809,10895088.85597764,0.0,10612542.939919448,436.6899327525597,9310988.336181633,0.0,8383355.27569052,12676459.359608032,67154355.24798885
9360845.187164657,431.7679904230081,7160982.148795157,435.6990390350357,8060518.696913185,0.0,8555555.441199899,430.87073616302183,17163257.1517675,19176169.02824268,69478625.99184869
4847314.174025089,433.1231367999978,6409186.18612557,433.3537863079583,11072822.963740852,429.4911404886251,10656191.525590908,430.55725526812284,18932596.613395866,15177647.291709928,67097485.27990708
7864165.574848976,0.0,9350857.575751768,0.0,4329502.674115073,427.6904389079338,11037426.314573964,429.982805095296,7094785.394003904,15559388.932794064,55236984.13933176
2508559.8677834,432.7499940351584,26525752.86798614,433.58356106205974,10846159.046252083,0.0,12071940.450612308,0.0,9455084.460367505,12562713.130890269,73971076.1574468
7847053.573656254,428.4746062832088,2043000.0924175687,428.37322657120717,16789000.40108923,430.7816766726907,14898465.933924586,430.9736706229091,10743455.350052735,12472569.62350221,64795263.57782274
5191442.540176728,0.0,3757774.8134384057,434.6172861573573,6397122.641829705,433.6283871262334,14935516.081360094,433.34455188018285,13573478.72760346,11925689.87420832,55782326.26884188
5004955.088081503,429.5106571989108,10490976.761479884,0.0,12098700.837702213,0.0,9128323.906595109,0.0,8127666.20432607,12902645.148099849,57753697.45694183
249627.14634097292,422.6710541951017,6186350.958850948,425.1494573566799,11949014.496613793,428.274536857697,6953843.781542354,430.5836835685689,8769344.388073253,14892267.560298657,49002155.01045196
9227684.135427954,426.57843260230595,7300772.083740956,431.53042316332824,11280210.522352941,433.3612487593363,7862824.0897152675,431.68300255587764,11097628.053254332,15195060.328240436,61965902.365838975
1313458.9786598447,0.0,9495212.729298376,0.0,8686538.577683533,439.63482592170817,9523061.46932494,0.0,7487557.485342248,16140006.171528973,52646275.046663836
459306.378914651,434.6830665700544,11189648.901876833,426.69117255905223,8233308.69789353,0.0,9468159.654990846,423.5805183747176,11318287.299125167,18337421.626175936,59007417.513734475
4679918.840888644,428.732556690954,3597147.9452182036,431.5316256112021,22477196.62361191,433.1496014710942,11420681.134350844,434.909743845425,21208824.918678846,15953763.009812701,79339260.79608877
1166252.391278767,0.0,12947638.898384698,423.58746977893253,4249391.807390518,423.59798643950114,13190053.740501588,419.90865846579845,13116404.268057624,17774969.26057348,62445977.460301355
972233.4610243859,425.56941614853264,16695472.046951441,504.0905109796092,9179393.535643144,503.0428606154581,24114781.45954847,0.0,18808269.65439596,420.4960069643154,69772003.35635811
1537239.4986180326,419.2841746440929,13363743.729490997,421.2132729304433,24395186.58071609,421.8680944725606,12408196.917521274,420.43594262945544,21160592.942805003,0.0,72866642.47063607
4398541.586756772,0.0,11043752.412343126,435.8699620693836,9903025.963518295,433.17280731197235,19632678.443261042,433.8943588468167,13203673.327204473,437.5076700415284,58183412.17788198
13332327.583246546,436.3196992587446,7086925.1926040165,0.0,12452077.861196075,436.50341253750605,21509104.47232965,0.0,21402474.73360173,438.99273958740133,75784221.6588294
11037442.905706832,441.01302623779486,16373370.300111534,443.8893505541711,16161929.019132586,0.0,8232310.975743171,445.1312587900706,14244094.076922856,445.3030646871545,66050922.61431725
10982612.639117919,445.1528134010224,9589009.67123554,445.0441757977463,17157999.30196103,445.0161393748802,16382745.904790895,445.4261178154657,9164780.195533628,0.0,63278928.35188539
18665169.956211682,0.0,2487261.3735474134,0.0,6224121.112241332,438.33305646303455,7088996.983119668,0.0,14765715.449541971,437.9772777901537,49232141.18499632
7646210.207529778,436.1899066897884,10863723.688117392,437.01848194231985,5354127.169092767,0.0,20627338.108529683,441.77966510809773,2861147.001981668,442.46581562403503,47354303.629120655
10981285.05012081,441.14338553096195,15335551.559123198,439.85929857279814,11270658.55988473,440.07967166042664,3842492.8611476375,441.5449003694407,15525086.171519343,0.0,56956836.82905185
15876950.688154994,0.0,4715664.013329518,441.3071927516812,12538157.899369117,433.1687996999847,11120606.536987524,429.6971174183843,18103448.554278784,430.2209693160262,62356562.08619913
3211043.6578799617,433.0583865425038,11273882.84820734,0.0,19724214.194255438,0.0,19403507.363152206,0.0,21540255.248641986,432.30786045751586,75153768.67838393
12397020.658167908,432.5079073184722,16300774.647284102,438.9121561300604,4003451.947360803,439.8765973735866,5747475.410092032,438.164201729138,27166498.803824212,0.0,65616970.92759161
5485035.814595741,0.0,8220023.152957696,436.20654002386794,9255578.359160217,439.50919441816274,9023287.257216204,439.65210707051955,7688585.462155868,433.15109253471365,39674258.56501978
8146529.294216008,435.97482724099467,10778048.63906121,0.0,14494859.860589135,0.0,11035464.768556139,0.0,9264801.898831792,436.43480941395393,53720576.870890945
8644879.142346121,427.12487668477763,22255095.74922625,425.9622651090313,10758050.735455083,426.544721639529,8583232.114174457,428.8534722637895,16903215.16739522,0.0,67146181.39393282
7723460.740188114,0.0,21567822.50074822,441.3227675371392,281452.28217911813,441.25341498840464,9263006.474051544,441.5867386184701,12040852.069453884,441.97460375723193,50878360.204145774
19855856.353685863,445.1172838564484,15431365.180494815,0.0,3955939.1784764673,443.03405454210565,4437401.085156957,0.0,17068100.9959375,443.31354796886603,60749994.258637965
2894702.2592590144,443.3415655223153,15263184.668209286,444.58884938246086,9926970.241505135,0.0,8375567.401245553,441.39465796651587,18072733.63074302,441.14309554339985,54534928.66913043
20288996.18210527,441.4272727870707,22556126.48502928,439.49096510208466,18107865.86512918,438.3514761762511,13891330.289025404,437.96279570004754,10854203.583060987,0.0,85700279.6368599
5202030.788737226,0.0,7238125.993896699,0.0,14387110.051863909,431.5622440416157,10459880.489409203,431.746416259657,19615440.82137796,431.7857698948023,56903883.23971519
6637411.834697967,427.2545886663247,17583207.123511117,424.2554215547234,3219781.6759895734,0.0,16124313.705906626,0.0,7833708.599323635,429.40127655889614,51399703.850715704
11602133.200158551,432.61394960251187,18441814.865779575,431.07037787866875,11171843.920611689,429.7790313893649,4509060.646288433,429.0020616228115,13534228.756096564,0.0,59260803.8543553
15746499.822189627,0.0,4762157.003013831,437.17952437328506,11901359.447759913,439.8945703466318,8547279.241944183,440.1605882024996,18829337.542456914,436.1785665074706,59788386.470613904
8091740.480286834,437.0498839680538,14005514.624662392,0.0,3541942.363831083,0.0,18795618.327573843,0.0,10072692.92091478,438.6688626990935,54508384.436015606
17295668.934185605,439.75438167298654,8449979.686778145,439.4510577737421,7216039.264599205,440.9558432183028,20969430.47462898,444.7181879630489,13964192.423822118,0.0,67897075.66348468
12250807.28935661,0.0,18070953.041847453,444.9653876798661,7564882.431160816,443.00490607688124,19223034.757358488,442.8774388038741,9059307.152597744,443.16473358927686,66170758.68478726
16764531.94094952,444.3408909127185,19492134.056694686,0.0,12247472.49877395,441.5771499861162,10924095.990836272,0.0,12783674.510834837,441.2056450207874,72213236.12177518
14327364.08902433,439.1643411627178,21223569.152745564,439.5762721301131,9371438.772902602,0.0,10559928.361235498,438.27990565926837,13236541.808351003,432.5001025789971,68720591.70488054
17550708.86080875,432.5467493775308,19051878.964664184,427.67980891419364,4116841.484255039,429.4959049678625,22042391.320846483,428.16196037823846,6968966.270691154,0.0,69732504.78568923
20805559.891825017,0.0,5071025.8732910715,0.0,15355153.40354909,434.0518900538494,2192184.2780606598,435.6337991597468,12976612.91700149,432.837915119076,56401838.887331665
12312688.491276855,440.2392240917466,15984553.422629345,441.1579820641363,26341311.4660527,0.0,5841076.386982195,0.0,2875623.589808224,434.5957077631682,63356569.34966324
28186096.640862744,432.2931011011389,19483005.856232204,431.7324358716477,9233464.516488686,431.05662582268377,6952100.776437559,436.50142510924104,5907968.448226292,0.0,69764367.82183538
9858883.364803188,0.0,7237850.504851825,438.5743532590724,13899217.158144267,439.22297690140647,16365089.413790448,437.1462053316976,12200459.81617816,436.0818209307222,59563251.283124305
15796821.443457263,432.0780444923657,10713755.365977552,0.0,7633887.672855587,0.0,10385514.1966632,0.0,5066808.545425991,427.8029493467889,49597647.10537343
19575212.194543164,430.5819338595449,11220471.181984108,432.09928085254614,13279112.820795976,435.53041701342613,18182390.738711495,436.18830012810935,10979432.926667951,0.0,73238354.26263455
17965329.089912165,0.0,13557165.327308381,445.0746755672792,11327789.834138216,444.11368338016536,15948671.426316625,443.42007258089916,5013455.684960331,442.1909832628769,63814186.16205051
25691101.32161708,443.04175661669075,13680403.221281013,0.0,14765889.50328464,436.4396345837386,13465837.903384304,0.0,12058658.323586863,437.66032001721715,79663207.41486512
16965014.829227723,436.5151481971574,19325186.953802202,436.24160649183915,12119726.587124456,0.0,21395940.391668815,442.37705058516576,3208266.1623123884,441.1743197269595,73015891.23226057
9675284.428088369,442.17282215272166,5514442.059002852,442.44665958435286,4250205.449020263,442.1214546839249,7362270.972857139,443.113720580739,5744954.719823483,0.0,32548927.48344911
17315431.948755693,0.0,7668459.939056144,0.0,5257266.565665196,441.8720698017369,16388818.639619615,0.0,24191145.614240326,442.12553257231025,70822006.70493934
15401030.934417319,442.7228808678597,16671456.13743894,441.77976204974533,8814708.340145858,0.0,4468493.01220917,436.5845339810036,12787349.34826117,434.69085643947335,58144793.550505795
5450017.291808052,434.3705759601493,6621675.021604392,435.28784552760277,14013319.086801609,435.71686083769083,14791122.19095519,435.5686730540192,17487258.918858755,0.0,58365133.45398338
13795001.199995268,0.0,18575132.247921348,422.08142307140764,12607782.591285486,421.8190381826757,18028140.089331638,425.03941492913674,3064062.4012270453,428.26861509884617,66071815.73825206
10581616.81205265,435.6221108415549,14231782.113702847,0.0,6375213.939150546,0.0,8513771.354023384,0.0,8434804.84489612,436.5211109111527,48138061.207047306
1803375.5766313619,436.51372852735864,13459470.428017018,441.36243499916696,11840583.56579023,444.3271616872403,11076813.649922974,444.72457336489214,15873559.820339484,0.0,54055569.968599655
10781942.768839689,0.0,11999058.822669486,443.8851421964584,2171763.6188108814,444.5143444577509,21464980.383953966,444.46920210985706,18085456.42080734,444.16629878317156,64504979.05006891
12956129.419420632,446.0752161173849,1610731.9455329115,0.0,12214581.575864557,0.0,8579733.222549556,0.0,17857829.201358914,435.4549611300175,53219886.89490382
16899725.110053398,435.2875631872765,4908749.940473997,435.3624903337641,13692891.41088157,438.3775336475096,10231180.82221685,437.1702211098618,7579446.698818112,0.0,53313740.180252194
10006084.948150294,0.0,18919703.561825596,435.6156071296507,13553076.17725339,434.4877541568706,19494903.684509333,441.9542289850313,9522222.219642382,441.1773167076961,71497743.82628798
14862421.431658018,442.3401161577168,1790475.8539228563,0.0,16829217.993874624,435.74854764258276,16193066.19003403,0.0,17073511.563809887,438.10594365739894,66750009.227906875
16258965.662472581,439.05477646165974,8645536.486797208,437.386862008442,15623829.140377704,0.0,23110113.08818218,441.1740296987265,11599681.615488643,439.18810016354485,75239882.79708664
11909048.998564804,438.2272446874414,19927543.842860874,430.0722695139544,4736755.601412902,431.2602274217001,5391242.378550209,429.8897979037473,23665447.27775037,0.0,65631767.54867868
10559607.730570687,0.0,7815343.1202776395,431.5291282269582,14649712.615855,430.38909260608824,9101008.947132666,433.4968302712647,6656168.790444734,439.5553501317509,48783576.174681954
20199409.62724854,435.9585891878794,12668691.983947938,0.0,27675453.871832605,0.0,13042288.73275961,0.0,17225379.375294138,439.6861933184388,90812099.23586534
6373683.092405946,437.7555780915421,9033672.483445209,437.8080305524851,11064750.800583791,436.5401358971818,1823750.7551605965,436.3336946210608,7503612.046161146,0.0,35801217.615195855
8076684.888203184,0.0,19746822.190652214,433.2667744417989,12184709.558333764,432.9581782803702,11810895.772380548,427.705430822845,14931122.064884175,430.06721662997444,66751958.47205406
11179983.823878461,432.69995544617336,10528743.030969739,0.0,18469403.5955024,0.0,12102402.23103557,0.0,15251589.35137045,442.95383239767204,67532997.68654446
3979517.8138406896,442.09126123198274,14886325.21898827,440.62838922242315,13134229.664464952,440.70111474117977,13381306.016484039,439.44990670835466,9821438.50185215,0.0,55204580.086302
15719358.72970936,0.0,2812903.5311761377,435.7377962457912,19919448.847922858,435.10872715413586,11565298.435272617,435.1356231311146,12653950.440130673,439.2492339244124,62672705.21559211
2416556.7429717667,437.73387730111506,16723037.809934104,0.0,4933964.125537569,435.3901709540338,10730616.049752994,0.0,16601600.129353808,434.8854121372086,51407082.86701063
13141189.795401778,436.7953824264391,23818027.272639632,437.52383353254373,11206210.39842072,0.0,11736707.779605256,434.42297023635484,11631138.518253945,434.62591811503046,71535017.13242565
16435410.345625557,433.8808935515885,17778341.07341969,428.0175011161426,16511840.501254138,426.1916643856887,21172896.30226963,427.11572458684185,17785922.84073107,0.0,89686126.26908372
20455838.142947894,0.0,21272592.14621283,427.84640621423796,5954141.388245152,435.5937410007034,17015497.104979027,433.0793467367275,5845950.439215563,435.4575041609574,70545751.1985986
10342156.721585795,436.21069855560313,5411579.629533082,0.0,11855738.402372014,0.0,9785227.374968674,0.0,11784846.341564586,438.32685328113877,49180423.00757599
10398120.311282596,437.834404323745,10865678.241240317,429.31117558576284,20680285.663835622,434.57000412495574,14474808.64507512,434.4904734414201,18759081.031840436,0.0,75179710.09933157
12877372.933623882,0.0,15767403.190977246,444.2545089848702,10044543.022422517,441.5994272468366,18923206.535447665,441.4932914163813,8209409.016767656,440.6853908776821,65823702.731857486
18926018.03428866,439.68023984632225,20116206.480395667,0.0,19949866.77211987,0.0,13327796.900472062,0.0,6462065.241367903,440.81217838427,78782833.9210624
17469446.335753974,442.6806323889921,9916910.584687924,441.0597882403973,17467425.131577402,440.8591874152969,5621943.8388957,440.88090955317267,10940848.35214745,0.0,61418339.723580055
16861458.07616074,0.0,12320757.454223702,439.4329291942895,16680460.103222916,439.8322959424768,20097728.623219486,439.6768790864839,10825322.474883765,441.55845819292,76787487.23227303
14662314.468432326,443.58420696275726,18465469.637766544,0.0,11350214.10232597,438.12014918925837,8057226.535570835,0.0,17630397.50681548,435.68904437641504,70166939.64431168
12297466.094401471,433.03556552717856,12504738.333825285,426.6940664295892,26685900.646065824,0.0,12983558.50672033,425.6862136480698,14201973.246405847,426.0768436976469,78675348.32010806
15077753.167190772,426.8657793639247,20298450.09122371,437.77175990575125,3472822.0979562467,435.1586660355214,18052429.726408225,434.6060275973994,10739153.1264865,0.0,67642342.61149836
22702786.74285992,0.0,11635987.821551433,439.84228941208085,6891214.856559709,443.38481908192483,5864301.24782098,438.5099687398718,13887194.072337933,434.03775996247026,60983240.51596717
9101646.571306223,433.91745751489736,15665289.774600817,0.0,23533647.934094846,0.0,9867255.705083847,0.0,7098879.876749788,434.5730058529015,65267588.35229889
18903596.90683309,434.473970720797,15878410.192372832,422.03921784011123,12036479.214835906,422.51573311697564,17198850.14148944,425.01195808369204,12552565.018302679,0.0,76571605.5147137
20402203.91241146,0.0,11426022.657283599,439.2795196448524,12619816.208153434,438.6146748536401,7820953.444983696,439.1710470719144,4384437.50834955,438.9584736466744,56655189.754896946
12523114.298795953,443.84707486532574,13066120.148479644,0.0,5802903.9844149025,0.0,7846418.682849047,0.0,1849517.1472379207,432.63728402421157,41088950.74613635
18277259.180828433,428.4950339026123,8963259.28488584,425.3349350124203,14333628.263814291,427.6352958768913,14773632.231071733,428.7258918790918,16808448.58867701,0.0,73157937.74043398
17298212.685174365,0.0,21426465.849903975,440.1259472771214,10332651.819547655,439.82268726533056,4163351.9818077013,439.62119397398914,1495943.5077082722,439.45220884515953,54718384.86617933
4528433.699620595,440.45323280162137,5915829.378233509,0.0,16026021.32335606,430.5685812853373,12740138.70460118,0.0,14333942.962008314,431.98524105905443,53545669.0748748
22020678.16149636,427.5019938964261,20484536.714902766,429.23127009024176,6233706.800933827,0.0,12194073.143066667,438.0254948077011,3095543.177451458,436.4180640641261,64030269.17467394
5658516.050569536,439.72556711208574,6016132.129648602,441.9825601306673,14725254.713882701,440.8904679719943,5377161.129451244,441.11342216515794,8626959.581390116,0.0,40405787.31695958
10277654.889620038,0.0,9696135.711561562,439.4085682738282,20456009.8809766,439.8894762532572,8978693.118091956,439.8282602469398,6946260.549522107,437.7884189053517,56356511.06449595
13789100.411225976,437.10586855989055,21090240.28532407,0.0,20931706.29640699,0.0,5278407.843548612,0.0,12568126.65930082,436.1435101730631,73658454.74518521
14699089.669010017,433.34305948435326,12289172.719257854,434.0263442691513,12717764.209782492,433.77049095558243,8522585.941235289,434.44846898182226,14397172.783112532,0.0,62627520.910761885
19382027.419550367,0.0,12852939.158168944,442.9132937396656,9812926.378690474,441.866929805771,14536765.000815894,442.0688372534222,10145113.374874167,439.2020885194911,66731537.383249156
18296562.31490057,435.2964100248949,6146997.224213078,0.0,4677838.390030029,0.0,14319175.421659216,0.0,2996382.0838706708,431.276394517151,46437822.00747811
18236138.888618395,436.0294979500874,8260815.827620578,436.0929671589339,8553678.744573018,435.24643952527435,15974829.473640172,435.87392545180495,12174561.772012105,0.0,63201767.94929436
21367909.514483336,0.0,9345032.126382625,441.4961959150878,15492938.030256798,436.29388584436094,6386904.27596911,437.3235856144975,15793297.117656084,437.20411347563936,68387833.3825288
16257471.919966757,436.69334272689275,16962325.759419933,0.0,14764042.8919724,436.9886968799482,17235318.02979542,0.0,5789408.133347271,437.5271614583616,71009877.94370285
26831651.622950446,432.0023895395845,15124007.203070171,433.17206170412726,7287658.256151767,0.0,15413452.22013233,424.73176025424,15344771.894708289,424.1272559199333,80003255.23048042
7708613.044343972,430.36609205881706,19872309.0736078,433.57795845566704,26767657.577059943,434.91265631727106,10140136.387996089,444.94237619119076,7818102.690914231,0.0,72308562.57300505
21773240.99234206,0.0,9072564.649413312,0.0,8115522.550549126,439.84421128522195,18225817.020645794,440.14490288577116,15804571.177125234,440.6768059288483,72993037.05599563
7904549.563032009,439.34336335443777,12019455.531367898,441.5619446249621,19627851.069194946,0.0,13872423.128180092,0.0,17734773.745881572,439.11759708549926,71160373.06056158
17665751.07628269,440.40852612789195,11254106.77622771,441.3867227451198,10887227.999158999,442.44500660283376,6751376.771180498,442.6176640261147,16150925.40499764,0.0,62711154.885767035
10809985.956536714,0.0,3538513.3797397,436.70234152597004,12757546.623964759,439.08484384667776,11608302.42788157,435.8030672760321,17238690.367888823,439.53788466765565,55954789.88414888
14605540.967955975,438.7353016936476,6275112.103967521,0.0,15994350.365737919,0.0,7508705.968821599,0.0,19938206.68904159,437.8788756024933,64322792.7097019
11650676.175544934,437.2379161382897,16742695.129340706,437.53457816088934,10408144.438780054,438.09097640909897,10785901.803015813,432.16198202417854,12590225.812006488,0.0,62179388.38414073
17158973.945389524,0.0,14166613.106189905,431.61794187240844,14077177.950495217,431.7110504074552,5863094.182609377,438.0960289327145,8462479.736879349,438.2571034313415,59730078.60368801
20469797.43479237,442.12407617496575,12324394.240410255,0.0,15887452.155447727,0.0,19698984.493387345,0.0,6588544.152645122,439.1810105151744,74970053.78176951
2715274.253972212,435.8901571985123,21102954.909901537,436.3266022644375,11559355.927260749,433.02355053059347,4825743.879675354,436.9317940376345,18876155.12904843,436.98803292800613,59081663.259995244
15742497.832599118,441.72102320934084,10344586.691704879,442.00914813935,14321769.792442115,444.7964954754065,12636812.338629207,443.6496014512235,12052028.872462152,0.0,65099467.70410575
16774562.715765873,0.0,13643784.155880844,0.0,15188087.359696994,439.72844839825007,17920399.665020514,0.0,19642439.644642524,442.60608446921657,83170155.8755396
4154791.7156067155,439.8705426385382,20505000.491068166,440.4057322621199,9278973.741712362,0.0,18044663.129700523,438.08172963939734,10776138.377426077,432.6477899840116,62761318.461308375
3612124.195322102,436.0010750240765,14118131.502608264,436.2740314500544,22218867.619260386,435.04554409489094,11828891.905749584,427.8719571546979,14550566.541986346,0.0,66330316.9575344
11119206.424790451,0.0,23985509.353163075,426.29093085788344,10264936.510087868,426.848493252105,10900539.285885472,432.0962204623012,13357586.333040599,432.4570886529484,69629495.59970069
9281405.13378022,432.5732365998433,11667899.52309296,0.0,12185880.473196067,0.0,15280728.578759585,0.0,16126603.31934532,436.004285401503,64543385.60569616
7960703.7170038875,437.59667913858965,8747599.650613194,442.4432564005699,4584807.917196821,437.96860747641796,17138553.38295276,438.7724971967383,15511771.684526598,0.0,53945193.13333348
11153393.199797433,0.0,18632789.854552362,439.6074668809461,15332208.093526175,445.35300679753846,5602394.039177774,441.39610956227534,4690812.464103577,440.76662683579247,55413364.77436739
6602734.113599905,440.97438743759164,21835394.972819984,0.0,14404276.920056218,0.0,21422445.513190627,0.0,13767546.890219226,437.6979995734476,78033277.08227296
25289538.79014557,438.1397905694216,9353693.397716356,438.4332860404773,10065444.634948874,429.5473130915897,3322752.095226574,432.3280981944472,16273830.181912877,0.0,64306997.54843814
10682823.617979633,0.0,13649392.163853925,434.42147040336306,15021994.914298475,444.4481061130365,4461784.083452029,444.7294853372418,11877764.21850459,436.8632457971842,55695519.46039631
14720534.434908021,437.7725214323643,13164332.640569394,0.0,12894350.050760275,437.16974646418083,5334716.514005864,0.0,19643856.167601895,444.236962164748,65759108.987075515
16152740.86665914,442.1354363287182,18890177.2405987,442.08194189970436,12023150.360491589,0.0,13355164.315103231,442.58273258409776,7605020.392203109,441.32760465075495,68028021.30277124
5539617.303998545,438.0785839201353,12114761.714016363,437.3974098543722,15373602.45300673,436.30494836223045,23264275.72992411,436.8879889466531,6549639.544934807,0.0,62843645.41481163
10065604.194923395,0.0,18805706.67289551,441.48961243954716,2782385.6646855813,438.8961769409598,10415560.352223095,435.0824926739452,10010660.551650975,436.4969771210832,52081669.40163773
9087140.798644522,437.23326321440624,10045376.750152614,0.0,15022964.04254144,0.0,10120894.828709483,0.0,5933395.862757467,439.0398400562106,50210648.5559088
15915772.95532971,437.2258567235282,12538621.267785914,433.98807800578965,12173865.727831893,435.41371166572947,12662918.769693576,435.5765889359986,14934079.03404265,0.0,68226999.95891908
19623872.12964984,0.0,11998525.609541053,440.0088820660945,21213391.230657432,439.33703567194306,11073151.581572996,436.392333601608,4452000.652927197,432.8323317659119,68362689.77493161
18193837.44579741,938.0948147402618,2566837.125370235,508.1621326100939,6146795.811286885,0.0,14395822.359175544,507.58384616265647,15800141.234212454,949.8483927330245,57106337.66502877
8051472.913248901,438.21293682731334,13654906.673169307,439.6964682382556,13232820.650017282,438.3635023165093,17956672.71526303,434.324846744353,25461961.074499924,0.0,78359584.62395257
9538644.720933529,0.0,19044240.666087978,434.1998901811321,17261864.831424117,438.1585754784613,1829218.3167043487,442.64131155787624,18846657.849209603,441.0772782312968,66522382.461415015
22086759.71215269,438.5693852343847,5738894.217495331,0.0,5865993.8032173235,439.64500243377864,13329250.811620262,0.0,17093241.117259927,441.3425036269485,64115459.218636826
10098449.28773945,443.45699222565963,8638502.114245733,443.78827416276613,3573971.122890954,0.0,15795778.455635358,441.10105138203267,9760323.780664088,441.94297515436324,47868795.050468504
20172971.15119442,441.65522712076194,12716765.43572901,438.68186212740665,11297338.368680056,440.5990743170358,13396121.178571835,440.7971221698454,23328653.180724245,0.0,80913611.0481853
18257369.332782388,0.0,5403773.419855791,0.0,15664409.577188628,438.40407154558505,7060118.419437418,434.389976302658,12602765.670463292,432.46740006714924,58989741.68117543
16449632.187164566,431.9116570924235,13281759.822159944,432.38520110665684,6698397.744305037,0.0,11407856.094317174,0.0,15547299.31043811,444.6703524005383,63386254.12559543
10441460.278372016,444.2928423350519,23712044.090911582,444.92575826285736,9528860.685534908,444.08125812138957,17304516.243667018,444.25695976839023,18111216.2805651,0.0,79099875.1358691
6420598.7602120275,0.0,10663439.754983865,443.95963213331584,4967208.465070013,444.5043338415866,9416510.652480898,443.93917182873486,14903946.040695794,443.0377593040495,46373479.1143397
18324012.342119902,440.45236555999304,11072979.318898818,0.0,8154338.263892105,0.0,10367648.007924004,0.0,20563119.72432439,434.3139781012135,68482972.42350289
13546015.825689081,434.4383441216474,22523604.08415319,434.9747670178413,8164108.946316663,431.9109158198176,15916853.497971823,424.8402090115002,10181141.746198276,0.0,70333450.264565
12281332.930568038,0.0,9598136.335105913,415.2228088701162,5962506.020415409,421.967125704024,2111996.719447159,428.4809897050448,12348041.24576855,436.37426733269433,42303715.29649668
14365274.06253495,444.2897048302234,26302513.288695138,0.0,16117854.948630156,436.6470284596399,13469014.839913012,0.0,2607615.5433946517,435.21454345474496,72863588.83444466
7212883.247446284,430.2433107391044,6709862.902772981,430.0954224280198,5374597.125259706,0.0,6501115.339313585,433.9946267654167,14062577.852391047,433.9151194811638,39862764.715663016
9011796.772833355,437.0841372440937,15800469.289870463,437.34895097907173,18906012.943355706,436.83660975377427,16995333.025008157,442.67946434284414,14986601.14194478,0.0,75701967.12217477
11624827.946932187,0.0,19143527.012046214,0.0,6736309.164280243,443.172147546927,12728312.889575867,0.0,14060807.638452329,442.66311234396426,64294670.48654673
