20580947812.583385,10778256757.39814,22041184270.07955,11369787588.206259,23225563073.085327,9914594512.506645,23131863588.962326,12057615804.82948,24957808031.09561,9444305717.330809,167501927156.07755
9165487.61807032,3391646.632270919,4868938.738554553,425.01204780616774,12316660.511128133,5250156.727993847,12586626.436195424,410.44339972681496,3910701.798885779,7359290.637889587,58850344.55643609
9552184.530419176,6795632.88367553,7353063.291225361,416.78934485145794,4762970.518146321,10420923.325593432,14400923.644099128,431.43323204313333,7209240.409039831,10897281.234127367,71393068.05890305
1505154.296202311,4469363.831961152,9994226.144726874,425.6080116203334,3339906.296147325,5990448.822530948,13999435.494323807,427.6243053084892,4444256.569132308,6614305.1811676975,50357949.86850935
5394383.741362038,7283304.08414203,6435720.716200764,0.0,1392035.2023673644,6643190.920478298,7986589.484797899,0.0,6349837.746543416,10246113.321610656,51731175.21750246
1114873.7473677045,3095732.0882747695,8656500.502480054,428.40276031126916,834123.5717924429,6453833.4244044125,5331891.295127308,434.010625280787,3394265.9045575093,8911870.675655957,37793953.62304576
5919244.849878314,5711660.869510855,8307284.835095574,421.8800288089446,3624305.7856920804,8717462.81403933,6037727.070107363,406.86176206681915,4286324.948008348,11394591.025389835,53999430.93951258
4125129.3931326717,3595349.51811559,4595208.080806233,0.0,4345024.384513862,1540115.9814106342,1108889.5164796393,421.09935711871384,6535958.8210204,7536873.724475528,33382970.519311678
2587371.0944559528,8824681.050309742,5615568.245312587,424.5824425766409,1198074.3549757893,3915900.4623380327,13424941.676483203,0.0,3352469.826531109,8480105.69626071,47399536.98910971
6823684.973365525,6606289.911665615,7856661.22445838,424.31989114565783,4604815.996545012,6121939.550565691,9060200.557776768,423.63988001611847,784054.5494703721,10022519.674897052,51881014.39851558
426710.7688066322,7514292.5629742155,3536893.692377,416.70014591892703,9083624.746918881,7706798.717699692,3741075.3775429325,419.5152644420361,6861709.020241268,6969919.767621661,45841860.86959264
440887.9739564938,5167975.278617949,4957619.252659884,0.0,5166500.4788280865,718242.5646721545,5507857.376147148,0.0,8127617.58134296,10276953.258538675,40363653.764763355
434325.88015588943,7782138.770166223,6896099.499205505,413.40162628336753,4033406.2001559925,6099478.309981114,287780.0060059908,431.9062829236772,5834753.772757388,7489116.069449302,38857943.815786615
439885.2361015482,7679219.929681306,1013669.5018223221,429.84252931798574,6435839.3509757705,429.8765800094718,4161411.860827837,430.54915246697954,1275163.0776646696,2447770.044597037,23454249.269932285
457642.0419350568,9202776.72662036,5436964.800420379,0.0,692019.7249829697,438.7205782240287,8607912.25621926,430.20359425770084,2760403.034565432,9945432.770211479,37104020.27912742
625400.5248249294,2280550.317796592,9362914.975956,420.4685192545178,5087928.6948663555,0.0,7483008.634307576,0.0,6493717.401676324,11489363.609421302,42823304.62736833
1143963.5105298515,3033428.734275063,6504155.079012911,427.6868955179745,4807409.479215776,439.5937406451283,8895071.421152215,436.6847231723807,8499349.359581556,1841077.646601834,34725759.19572854
2878707.491050316,10012772.79764994,6450044.544055752,425.8243297378174,5400278.65006712,424.5142231435333,6335928.996048184,427.9146094726888,5143980.1247243965,6897016.0090345135,43120006.86579258
8168992.630853647,4667984.2308685025,8102708.043858642,0.0,3643385.2813296076,0.0,9988194.178614616,0.0,5198577.538622501,9590331.491605856,49360173.39575337
3792790.960062395,8998034.282618312,13866087.584223928,417.9054803150587,5887217.385086687,416.13762435197657,5538205.268922287,1280501.3188274363,8686107.533822004,14378038.21134685,62427816.58801456
3512644.6864597513,8599882.797165588,7109956.820197439,423.63488800619314,4764691.677838864,422.9980359347463,6818626.786898295,11123435.285034895,6981870.408707312,6634793.857923614,55546748.9531497
4919281.219750284,6107970.171614606,2729352.646231564,0.0,3869281.9830742204,429.0006904017115,10060162.049888732,9019788.488748621,6601129.376884914,7964091.158802399,51271486.095685735
7948407.380281797,4468801.238928722,2261721.039457124,417.23651823256836,9113419.958497474,0.0,686977.3664200202,8329438.45069131,12597614.813849077,2873447.4675137848,48280244.95215754
7320170.389751643,10884435.353795767,15502876.504458494,424.9342726383751,2782657.206678593,426.5939793990587,2395539.7024375834,9114079.124938725,2050237.369890851,419.602524452218,50051266.78272814
3855657.1893342286,2203834.560082808,2391840.1275936617,424.6600889959856,4109403.6494795564,424.09482459896947,1701008.3936459213,9752234.565604243,10325427.10405473,416.22933626081914,34340670.574045
12742072.182568258,9237765.619338617,8793592.65374331,0.0,7639584.087802346,412.6343128670792,1291237.6111799648,8400832.801532647,11463833.328881685,427.37612346545427,59569758.295483164
5780445.643920215,427.05284849898976,13393416.383277372,425.06328552689166,11614102.085919725,0.0,4103591.4935871344,9419209.176766843,10338250.31966374,0.0,54649867.21926906
10657474.890198257,432.1925044147367,1474036.7505898487,428.51938544005554,9452528.004575849,427.9333464410022,7334817.006610594,10945735.799101098,13220880.857274909,431.8192029709012,53087193.77278982
40161.17126806037,0.0,8539647.059085302,0.0,1131483.6221789413,433.30323496805323,6944436.990661476,8102027.775280918,2385101.949896961,426.3767885128553,27143718.24839514
8019414.986256186,428.76743620930205,6303307.593333349,3831345.4985145805,9375884.44530004,0.0,18091869.532149594,7984501.186804441,8103112.718364281,427.1181711488704,61710291.84632983
14137128.575128227,420.43190383091724,9412373.981876422,14622497.224108404,12508122.989341564,423.1089799901981,1948951.2978348965,8612343.107183848,11810186.925346697,0.0,73052447.64170389
7050939.685630368,0.0,17633134.991345447,15502208.12754083,4035913.95746316,432.7997650764469,11894659.928158747,9193989.073034009,5488164.958029438,431.6170165418473,70799875.1379836
9437934.214181012,428.9174280028403,14752179.519967915,12237655.812691888,5498444.395387278,0.0,3297058.270955584,8827859.643718997,8373345.5689491695,420.1086128418566,62425326.45189269
13905425.708593147,423.9572030354106,15670972.818290778,12334614.245096378,14695978.974423388,425.69107410106045,5007191.655034197,10657262.023671834,6885702.402243908,0.0,79157997.47563078
10672508.0446176,418.96255847636803,7089530.366994222,12941347.210260581,5877135.338460987,418.18959661770225,7553238.146208773,10648467.302399129,15630704.683055002,429.83197561660893,70414198.07612701
13853309.32533012,0.0,10569560.791641386,13757071.281005545,12011.714561939156,424.0118480178327,8119534.978733886,7820032.928876374,5126626.74343344,419.5846847851345,59258991.36011548
8999068.199798413,420.78638412283584,1048928.7757903414,13698334.674286602,1064959.928062298,0.0,10121831.484680252,8200270.029906043,16774268.279635305,425.2119537841083,59908507.37049715
10462594.87622183,427.04061971042285,10097491.299575469,13759541.686573982,104820.38292329613,429.61450125527745,4240447.548693685,8025121.1888660705,13851869.670660611,0.0,60542743.308635905
10612703.201128865,0.0,9704252.804846646,14209713.119255371,1558232.904041812,419.6201907154257,12556695.153746683,9742137.608040564,4344402.793661201,424.1930272130343,62728981.39793907
11573435.318280563,423.82680846253294,6204503.904607513,13745103.574293835,4072855.46162113,433.4385002296081,2531797.2571357787,10397355.014009248,6292275.759895952,434.8843788044657,54818618.43953152
10831182.026720248,432.95464017469016,11522944.05363979,13801190.944465062,6255694.047730381,0.0,6900527.528397561,10490989.735275066,9964791.870128479,423.3940741912201,69768176.55507095
8466047.381952422,425.05269598347644,3449164.131301321,15707839.580728136,5156961.685726634,431.98199690507437,8519507.506449277,5928800.288623784,11494189.714598598,0.0,58723367.32407306
8293681.062885564,0.0,5168126.544435795,15844998.312736291,8028196.835197526,431.99766198469945,5296802.911424393,8160703.100621536,15787637.62684075,434.14530280384594,66581012.53710664
7595314.510211633,437.1531345146417,7965922.849135563,15652664.007953908,3423894.330180374,0.0,9648290.774189865,10424690.119794535,7567986.4564048955,423.9785414748082,62279624.179546766
9315841.681462338,422.87995513401506,11288344.83335,15452015.525140697,12813084.809129063,411.2337404887949,10552936.979316538,7595853.450776177,8216588.915450978,0.0,75235500.3083214
4566571.761024139,0.0,3997627.0704453057,13077301.403157193,10679329.044740008,422.6661737262329,11556240.576108262,9042254.140487088,4535675.870078481,429.73169543155007,57455852.26390963
2195954.134661533,430.5637929777114,6285374.966418958,13132568.303421978,6502030.478772076,430.2776088786626,8467078.453060422,9057225.066566892,13790983.04707218,428.6046832448561,59432503.89605913
10794834.23742083,426.0325735380474,17500646.031080928,17425253.687822074,17552520.46988051,0.0,8720557.621280726,9620457.508784762,3314051.798030931,0.0,84928747.38687429
7383528.838691704,431.6730987397368,11593043.341335574,13065648.325830596,3924092.769300904,439.8487277532139,12515255.724498766,10160356.675954387,4626902.113221646,428.9428328603086,63270128.25349293
6676861.658403893,0.0,6157167.147391618,12770244.115401462,4745830.911874871,424.04953626103,7693172.243190955,8501743.92814657,11037215.259040533,436.1575887245733,57583095.47057489
379657.20705413376,436.22308010818983,13859240.781901814,12029818.667809494,8621013.845980315,0.0,8029061.668899423,9415344.399524806,9136582.63737325,434.0789363042575,61471589.510559656
5742168.46740644,431.16288094408986,10499191.593298472,11944792.763292212,12556765.777429117,435.27184682011375,4647068.578929853,9304385.356171204,2886911.9546107887,0.0,57582150.92586585
8511909.61020465,0.0,8626131.26660592,16732997.808208188,10644005.616297977,425.8825201807382,7478672.479110963,8990999.678619256,8110447.508574353,434.02344365587027,69096023.87358515
6666981.686258698,431.1284415319934,5492207.071092597,17266721.417671014,5682828.474993421,0.0,9257657.181497999,7980107.80516484,14401972.814242633,423.8489368649553,66749331.4282996
2483175.924774055,424.2768794374069,1416124.6881414412,9354470.013434395,6586339.363028904,429.9389131734206,1540211.4399301573,8545284.50350131,3972987.143786196,0.0,33899447.29238907
1269435.8522119077,433.22463334627315,10082789.230693152,17959388.718001023,9786217.115496924,425.2771636048854,7079596.763195212,9269199.157554692,5038020.893090409,420.9583032414735,60485927.190343514
8701633.281919537,0.0,5498924.621909014,20650527.833383072,12773709.891256105,425.9323459975581,11430831.897505248,9349116.03167856,11586409.999876373,425.3992836994073,79992004.88915761
2556894.1969553637,421.82425263369623,8762437.984393137,15249209.973358825,3971482.083188281,0.0,3851727.940568173,8519076.484855039,13467028.867471492,424.60769469740734,56378703.96273765
5498685.450998183,428.80661395292566,10181402.3630421,19240177.796112716,6308147.978705497,425.76516474385664,7899617.712909391,4042411.718438263,14852736.729277868,0.0,68024034.32126272
6855311.939545298,0.0,10551996.497307723,16519763.696313776,7649912.454331563,420.58701428929555,3587343.3927921127,421.83397483578307,19133371.235815126,420.8276354220252,64298962.46473014
1779829.222889748,424.041051356531,8953497.415697232,12125429.099671556,8597693.995602166,434.82351477599934,9753305.813469954,0.0,14066335.74038631,430.1019461198093,55277380.25422922
9804609.931063766,429.0815159985985,6316287.314590602,12359341.532130921,8067441.0905482415,0.0,15228981.451260757,426.7659736292192,6214955.493900643,0.0,57992472.66098456
6505332.573204674,427.2902256634858,11322574.684504626,16311223.258687781,10741546.719228582,430.26280391711833,9109830.807385398,431.5379154477456,7576369.388769262,431.88552876893704,61568598.40825412
7302746.411259128,0.0,4940768.103672829,22047173.080242194,5439722.1017804835,431.8215184725704,15419672.02786503,432.71185948888285,12405049.246273259,433.28756831233216,67556428.7920392
3770137.952905249,431.706421798016,17533476.402284324,16303040.521013925,11649699.938498266,0.0,4470820.710814517,0.0,20564952.6355776,433.0929486593424,74292992.96046434
4417493.141836834,429.97123438837144,7762218.700873224,16818584.214232467,5375963.166900392,431.6830951170504,12757919.71694678,429.70170304170693,12294812.02593538,0.0,59428282.32275763
12041812.36137377,0.0,13797624.753465777,14539111.728408946,12060759.821661249,24659.47621409545,11890714.948075408,434.0488955205732,16798789.292768907,433.69405536333073,81154340.12491904
9330267.094331838,434.1821922549799,12651760.90454826,13124665.479503838,11156072.986039786,11954833.661591424,8613866.809397647,0.0,16725313.934985323,430.36802401020947,83557645.42061438
9605099.58557472,429.7104159956663,17127621.968369447,8426591.304219898,9030234.17058546,11946163.007433353,7746710.02261173,438.9668003525225,19114942.872014232,0.0,82998231.6080252
9039171.562449649,0.0,17240501.820963174,425.9327965554141,15999501.875623459,12321905.020168906,9766678.899425576,429.9110951099107,13015374.798521472,435.9129025517998,77384425.73394646
16083880.049283005,441.4275631483639,10090658.40430269,0.0,10634345.275576243,11524456.22558878,4662532.726810183,439.13445445786925,13999175.623953925,439.8238402844212,66996368.691372715
2102680.8642221405,439.22546830893043,11640818.5445649,440.671018511648,4857217.354173096,10823981.407327298,6421616.623240149,0.0,16722762.328328315,441.49784181465196,52570398.51618453
15699423.80030336,439.2936096786314,7549727.979323461,439.69810074636155,11095218.26848288,12015222.227968916,18341309.72413578,436.9843338041201,17272412.009011652,0.0,81974629.98527028
1429552.5635117178,0.0,11315337.345561022,434.99027396878466,11379507.361625152,12348441.12681028,6637550.70761124,432.2248869826465,3077109.7590406854,433.2309726332316,46188799.31029368
3810206.7098805304,431.81225661488463,18378894.18304353,0.0,20170847.637115847,11094031.025716769,11727442.858018093,0.0,5524014.547753243,429.53374968210596,70706298.3075343
270199.635318452,431.8193882101209,3737726.4937423323,431.62941630100215,16428077.896292293,12910832.583215646,769485.5324583285,426.64894460187656,7758202.750107475,0.0,41875814.988883644
3276833.7657902455,0.0,13849097.445328096,426.6302295298045,15073729.308043597,9896253.789454991,6003445.359735673,433.2653758225951,6929831.171108495,3660943.866953959,58690994.602020405
3427510.411233739,432.16021946460427,12090292.115509259,0.0,8932364.995578853,11649319.577322273,9054214.764389807,0.0,9644991.16833788,15073085.317947907,69872210.51053919
3363299.007755466,426.8544663052134,6761060.225099239,428.1231734601244,9519540.474489316,12879110.938809862,6367431.978214265,435.86665930575805,9816576.672065286,12666128.304196902,61374438.444929406
9318853.015835496,428.40740951168647,9982390.001272587,424.4164086002011,11945493.245300692,11068708.80543099,7672574.576640175,415.7248194995235,3906037.398031054,12119038.904808309,66014364.49595691
2685569.115814695,8720741.060237214,6333128.134649777,0.0,3876267.6574338884,11148111.091639593,7012749.72567035,438.4295624079648,10139489.559884086,11913179.848162815,61829674.623054825
5278943.439583744,14424407.916919475,7129600.163151134,435.73657024301497,4427087.832972462,11915629.809708413,10364619.431080163,0.0,10193877.783365278,11352419.050878117,75087021.16422904
10640536.597972484,10239766.192142615,9666364.658199327,417.1865447860953,7273230.208638438,10932824.388566542,8057087.73737944,422.13965714122764,1918408.8963081,11970573.164660232,70699631.17006911
3636326.399936092,10713616.932325436,11549455.712296495,422.8611251661133,8749487.993138582,11352620.711740384,12100787.96405147,425.5864188853392,4608603.25733061,11942682.600900127,74654430.01926324
7920409.284573243,10805201.544406176,5042703.860067421,0.0,11699517.029633677,11155604.697317,4869835.296006523,0.0,5922535.425606608,11941185.240602838,69356992.3782135
8107538.786783828,11394272.00880746,8272470.58733183,426.60609222374177,9012546.984153202,12176830.268437067,6872192.238403566,423.72538644838744,6850010.477276782,12071400.227055423,74758111.90972783
8401009.113821853,11165330.867404372,9119464.258235212,424.20053501625785,8603792.708788536,11264210.68327101,4911974.730299273,414.8696856865372,9627815.810119638,11733780.339077918,74828217.58123851
4809944.056317169,10746408.41324229,9799997.84869268,0.0,10889742.0277468,12120559.284562817,5801260.13365813,424.38992678185446,11052760.76573929,11713635.12206772,76934732.04195368
5498469.0504255295,11194560.586612454,10864187.146562692,428.21450691859,3801470.593006881,9902471.780921523,11031727.736302363,0.0,9043948.404393718,11289502.751382915,72626766.26411499
13394543.630019264,11193059.109846719,3242221.211465522,420.91667431520176,8835336.072806995,11551798.755527198,7606065.568378438,416.36129679102913,11390672.285864888,11562773.043075591,78777306.95495571
7105255.323411031,12065763.96873877,5863050.715022202,425.71168725552036,11941263.127981123,11422864.550756654,7815113.411566895,430.9711796925289,5787312.914770589,12319426.09399699,74320906.78911121
8632872.715574991,11255628.664201565,7775445.924729976,0.0,7486732.6865703575,10609769.959518416,10938415.987708842,0.0,10127681.925759984,12263803.48663677,79090351.3507009
9581677.856992707,11234079.212863725,11676492.212095825,430.22850813768144,9568260.701202922,11527811.947622716,11597361.816944003,423.06790257064387,12182672.165470915,12373425.851326259,89742635.06092978
9933407.78132368,11556761.34695677,8622350.851712525,403.2286719606222,7672800.913964174,10644656.542668462,6256282.072471854,409.0822386461146,6127854.246051016,12464836.007996975,73279762.07405606
9959708.23454676,10854722.072618961,3492559.0586487115,428.82077084250557,3543747.7530382904,12899265.308420857,7988870.317607332,419.07619330911353,7083969.867177027,12636383.481806794,68460073.99082889
11484981.652502062,15224464.405552035,8810267.703644043,0.0,4029687.4059291333,10059391.306549715,10197430.47809054,0.0,10885482.771684304,12541151.689398097,83232857.41334993
6760778.674169344,12574612.323304752,5744324.317136981,426.3813938436795,8801076.346731083,10793641.34512737,6748499.352003925,418.6708612791627,6546947.245328026,12741998.23978307,70712722.89583966
10720572.487310085,11566667.347638298,4219115.986640225,412.031347084726,9987097.190289652,11204057.89233264,10099327.67423439,420.0674147316316,8691186.591687975,12671914.541004863,79160771.80989996
5278904.912393236,15946643.886441242,6236384.164247212,0.0,6902443.600500655,11758681.492355939,6102338.191363432,421.42796857102667,14052101.369816197,9938523.90007885,76216442.94516534
7344234.089083375,16941919.693807647,5872525.019129601,434.1057987192444,6207481.8476603385,11783564.52356019,10439684.79959374,0.0,12754831.853043694,9766780.579844309,81111456.51152161
2764791.452535217,13398360.056652451,10483944.338162946,429.0636842048058,13848638.511907056,11364882.037044527,10874410.489558471,421.79791655580135,13528619.267499521,14660373.436416984,90924870.45137793
2794935.7129227375,13633217.204507042,7191583.397967736,407.1740373365477,8229054.369304873,11711453.590699006,11892537.543553988,415.3156600975832,14219241.246211618,9671947.243653253,79344792.79851769
4007782.231031031,13532709.72114252,55140.48375226204,0.0,10686956.83804756,11411586.780692851,8539576.337039644,0.0,7722381.897906785,12342807.018965108,68298941.30857776
5003624.148585263,13246241.883509725,7331359.272661054,417.8164100261033,2242406.5307260286,11707457.3870657,12311963.11053955,426.8328374062253,13285592.40698809,10509117.736635173,75638607.12595801
6448296.324654154,12678363.263515458,5938268.232198585,420.8823564459141,9984969.556858588,11771993.566860499,10664669.929681368,416.23596242007693,6430221.125926146,11603487.011864036,75521106.1298777
6830235.974627375,13527241.984284494,8992345.128985057,421.3000947119906,1186441.0552098956,11790006.840584505,8802074.468780704,421.43829005317207,7798543.569152213,11033101.633220302,69960833.39322932
6310900.130357504,13191361.041122366,9160765.778090738,0.0,5603543.422541713,11500571.474856967,11643231.287433796,0.0,4038600.2545470074,11003910.626123732,72452884.01507382
9491255.901368577,13537238.51239503,8272057.150466978,424.0204210579523,13787789.656832179,1011396.3341578192,9471264.78694374,417.4711556824876,6114299.116782053,17347423.424362153,79033566.37488526
9179874.79719937,11928346.136473484,7483539.9455787195,420.30243999999163,5789137.794726467,427.07567744496106,4029010.7862552633,432.4238353698744,7877381.20318225,13407944.372863885,59696514.83823225
4271702.260560339,12838809.881807884,7550715.007880858,0.0,9756575.813219016,421.02556059269557,2099909.03535665,0.0,11290610.803919666,12726699.447979618,60535443.27628462
11033903.114490375,11767646.17081573,5854453.669901605,422.64780642642114,6164160.70290103,0.0,5123166.255169808,428.26579093306856,7772316.848288525,10805246.858595168,58521744.5337596
13640941.77680265,12633084.422076456,1460971.2620821744,422.2412954908573,2921145.114137353,427.1333948312866,8357756.3610350825,426.50143843132605,13322368.782563044,10978904.424570039,63316448.01939555
13977313.539696291,12561877.648892138,134223.69894625948,433.6366062434131,10460630.366716795,435.606181804885,3891950.7723415205,5454477.284715323,11622928.166931665,11565452.020080926,69669722.74110897
5370398.400743225,11081948.0373147,1483484.0149249372,0.0,49274.882307478554,0.0,3654996.9720805744,9403986.356562542,4689548.453943447,11001463.536035927,46735100.65391283
3346283.859643582,12273854.245854177,4527513.875697762,427.85022502204316,1122429.2313928572,421.528117111132,5270244.384269196,9492439.832658269,6423386.154039912,11045491.749185665,53502492.711083554
6447056.55322473,11347386.510250354,3772297.197258808,421.27303068316525,1105648.719619857,422.5088168440599,1421472.6706072004,8502180.32423032,4406196.672887929,11028641.4773394,48031723.907266125
4639256.193171482,10837498.317864755,4307596.02795508,0.0,1112901.95558494,428.86187678655534,4584391.473581338,9404178.688004378,10294098.90692561,7372875.451444437,52553225.876408815
8019992.3421686115,11687692.113568785,6180962.535901941,434.95531440652644,1139768.634399372,0.0,550663.0500521288,8781776.781357314,6863088.617421476,853.8365596076687,43225232.86674365
9758507.172276163,11760028.554697778,9453793.534051657,430.7690490633134,1970908.5232771712,429.2208378912925,631633.2392758505,8794948.498798605,7911791.143994678,0.0,50282470.65625885
6120156.994926014,13188468.678796249,6417369.425680414,421.1103671710329,230703.60570279582,426.03771237174533,80837.7363548427,10015932.651897429,10054963.36035775,422.79274740556514,46109702.39454244
6230034.3571368195,9738419.166149804,7009945.279380672,0.0,1126419.4086488672,0.0,641484.392116789,11908327.669484163,4160863.559153743,430.261148767346,40815924.09321962
3947015.116608596,435.2491683147597,5339905.362325804,434.37329377814933,1139438.8341344448,439.6201380133192,672917.2889376696,8926223.384109693,8288553.226105168,0.0,28315362.454821482
5511454.081740186,0.0,6811908.495522879,5344069.416362967,1095682.0636854528,414.23025691228736,634121.5221052055,7769192.6746092625,9970610.805265972,418.35548786835824,37137871.645036705
1544859.6736374279,416.4164127062003,8214204.743589642,20121783.435392503,1075679.5178129913,415.1946362206069,3840889.5376572595,7872345.184639094,4699898.548077739,418.91870825281535,47370911.17056383
4972358.601950008,419.74100834617616,5499487.613872481,18101597.379205696,1519161.822564425,0.0,1189813.1495205897,7865509.264199559,4150067.2976072785,425.28120619421696,43298840.15113457
13789087.898431685,427.738689367604,5733485.103643659,12703144.787315197,1425206.7662792583,431.32896905211,3034204.153673329,8708099.366702517,11641856.981773295,0.0,57035944.125477366
4167368.488817582,0.0,4501768.307379303,10599716.81166965,6751443.54255357,419.5956157737109,640497.8324656475,10869019.352883779,5810457.720534274,420.5416813930812,43341112.193600975
1762912.8592734986,420.8442613664156,4482154.397528507,18844265.41154593,3802143.681942918,0.0,492492.7118693206,7684948.033732356,9104404.561083049,438.4882885947773,46174180.98952554
8488186.981386922,436.297195085771,8926400.107253423,18637440.760341644,3940171.109400459,433.4053757556683,194498.57196023664,9965078.27370037,4776438.321771858,0.0,54929083.828385755
4916448.062184221,0.0,6957643.540365712,17310975.016979862,1075338.95651622,427.6082292136149,654505.0610928652,8209954.381440625,7488186.758744109,426.2193641045791,46613905.60491693
6171167.288689836,431.3559542827367,9566713.04185247,15199036.732662207,326740.6698188996,427.54838590478676,518527.3662973589,10286940.018151319,10570416.394660348,428.6869114451527,52640829.10338407
7962051.39434614,421.47216923986133,9234011.86579359,16928612.429806046,6772821.48460173,0.0,643868.1640961993,8642339.622922907,7610405.164708866,424.9515834479475,57794956.55002816
4753564.507737875,423.3777803760772,11531150.79271894,12273438.02602525,7141489.685184969,427.23319118865703,599052.3602066512,7969740.60044413,9499610.98108415,0.0,53768897.56437354
4001414.703208684,0.0,16016919.0285037,16186114.547841134,7168537.362164043,430.03754481636105,394483.2525672689,8564730.047516584,1609381.836239729,435.8777945375034,53942446.69338049
3756387.8360033627,435.71073148181813,9735945.979550181,20855970.465449214,3458592.6003423105,0.0,498233.14601617435,11082125.665492177,9567815.913377466,432.25894494654483,58955939.575907305
5317754.615830785,427.48011779311804,8819317.41108552,11791730.826373927,2881471.004550387,423.4446553325526,650278.3739564283,10058878.238435792,10423131.687862976,0.0,49943413.08286894
8397487.694798326,0.0,16248904.661595294,12933470.176885368,4583373.522126652,424.1823022408532,338350.48271388223,7577499.811049709,5792272.152731755,418.00031641745676,55872200.68451965
10411033.051517261,417.8115543151763,5807751.856418928,12004675.125545206,2993260.4285485093,420.715510586713,144607.75763298618,8819837.39947766,8009195.577955782,425.590737257059,48191625.31489849
8919820.773050776,429.4706177864386,9417994.476446481,15334376.891922047,2816834.525383666,0.0,82132.33962197862,9567045.603776231,10697847.384477545,430.35036110026886,56836911.81565761
7605035.6549027655,429.9701324487612,12515516.796880167,14151642.272360064,3238065.4204319846,431.7911410648841,46010.324643400614,8931962.555046868,8816337.652112715,0.0,55305432.43765148
9968252.350804716,0.0,7989302.334914168,12440800.93337894,2813320.8157694647,425.0850944691762,647133.5445533681,8061600.989085473,7879684.5204371335,430.532211231878,49800951.10624897
5598668.8208065955,434.65078382250454,10110727.567743648,12427132.643128907,1625530.3057385809,0.0,10304919.225680476,8165649.969942541,10197714.61026699,431.3419991699959,58431209.13609073
3586795.8971079886,428.8587707288976,6341664.239921919,13722265.640326006,4012492.2082002517,436.48155182192346,3386219.7494000243,10531953.357764706,11765796.730801245,0.0,53348053.1638447
6740907.78263356,0.0,13303285.891901532,15159283.990272144,6111775.140621183,430.55034945249486,5162759.540949849,9042824.877054887,4996789.283916777,428.98048876008625,60518486.03818815
12299595.17093427,428.29895445462495,11057836.65683652,17461149.791106492,4482564.682996163,0.0,3766106.012721847,8759733.622408763,13762945.25343727,439.54700108289376,71590799.03639685
4296893.371274398,435.81089734015126,5995831.01430506,13826371.610905275,4696703.698334528,430.6222728719418,6572893.4263618775,12348419.64069304,16465925.522335825,0.0,64203904.71738021
8786668.510216542,429.8295896342127,8841923.897254549,12676775.343556227,3923445.7830603737,424.09160853994626,6558113.873055752,8042892.049096511,14561482.095772011,429.1809439838293,63392584.65415412
2677602.965921684,0.0,9355216.649763016,10628211.806950778,4025879.136426498,437.97908811875953,5751732.106174752,8236179.7775464095,16388397.778183876,434.19745546020147,57064092.397510596
4589993.772982648,435.9489602160878,11157505.961373696,11807540.120892603,3963590.509324403,0.0,5424965.831217052,8058480.6287984755,9354544.746900123,428.3246506040963,54357485.84509982
4539539.32828041,428.0625488363786,6680308.086159026,9856359.340057798,2556122.9916107357,434.70493522499646,1305533.563927678,8173467.418802138,4946788.792946753,0.0,38058982.2892686
9156192.582411485,0.0,7677279.549309091,12259372.539117828,2884438.196708467,433.19918484102095,2948281.518909976,8252479.676381414,11796300.756084178,434.4237201567344,54975212.44182744
8977223.74115154,431.5369904602839,12129011.736723902,17474673.215396058,3383202.1178027107,0.0,5876552.957639418,2979776.944261683,2689919.5759041226,431.740212929394,53511223.56608283
8616237.481983332,434.4871915505238,12209206.070898388,11485577.774247358,2713988.498214462,431.006332151737,4477358.543369549,431.5547509124045,14683674.342169456,0.0,54187339.75915715
12540523.10179352,0.0,18580367.786990486,12717428.718831122,9867372.590663362,435.4141825059286,7594507.628345989,435.3970445787252,11448368.729208287,434.85253577555847,72749874.21959561
15265798.486238036,437.5090011074274,6363922.234665106,12813258.513658317,4574720.484535413,430.77504017254404,2199181.331374181,0.0,13259351.58036657,435.2391942847433,54477536.154073186
3948902.584346526,432.60130730189564,11866594.295972738,13879702.419918992,9635053.343836008,0.0,5119704.0293007465,423.53168673565835,17325330.367660336,423.61402980897805,61776566.7880592
5929459.678850577,419.92310978214437,13957246.45954599,15929848.267677756,6412158.020338318,427.12696088072005,13114761.588629307,427.9670953141561,11005183.948821852,0.0,66349932.98102978
9981940.630982794,0.0,11633321.432213686,20465223.036983978,9511625.758500714,438.7644647290208,4842996.3381114565,438.9510085927537,14401449.200302733,438.86948376539084,70837872.98205245
9885937.52921067,438.59346209532407,11199219.717698695,21548017.56038737,113310.97272596318,0.0,12081904.167348567,0.0,4754330.255052395,427.0779423544266,59583585.87382812
11026832.6462167,427.12170512128296,4599995.705248971,19193626.43149995,276108.61299866333,428.3170872328159,6732960.392436057,426.8806230064838,18367719.796492282,0.0,60198525.90430799
14970207.492220094,0.0,14815348.32509808,14788827.085494818,398333.99799692177,427.4962750308689,11769833.49603349,429.4519291747485,3488737.3192656743,429.3698651171867,60232574.0341784
3213877.2926405543,431.2342702211556,3327146.9803176057,8056646.66530112,275607.803691291,7632528.86820774,15712725.63167914,0.0,10416668.34338972,421.03119569195377,48636053.850693084
6346626.3581912145,420.8865798816865,13952379.958109757,426.88496768252435,275304.646310923,14843796.70409564,6920834.550296989,443.45835973797784,4385817.892478395,0.0,46726051.33939022
12262766.1235938,433.71554431112753,8784879.96426598,430.8411377754114,276035.69573670055,8779578.413580824,8510320.555287626,430.8016795836605,7561663.8730648635,425.55835160512385,46176965.54224306
4398999.839603175,0.0,8625386.000765553,0.0,3223877.9994089277,15554881.709755331,9575412.050449077,418.9718876404635,8776687.24230282,424.2746441400195,50156088.088816665
8257891.224258201,430.0291860043882,7444542.014443328,430.72250842932203,4097565.6420896836,10448436.689512104,9211050.23716904,0.0,10573055.465988569,431.5348630041705,50033833.56001836
7004381.865634026,432.6728947860454,15811893.833639147,432.4516080113054,3123095.690876891,10891600.660164915,6826465.123992589,438.1838470594304,5992478.656872048,0.0,49651219.139529474
1151075.6548670323,0.0,20114912.988958895,434.9194209185244,1899173.3837737849,10482873.0343665,2086956.6933385038,435.2140730462107,916209.8417092332,431.0150058188974,36652502.74551374
6635752.909917347,429.8389501785742,5419709.872444377,0.0,4892289.402111822,11186008.064806666,19224426.486040987,0.0,16253586.668451855,420.6327963748039,63612623.87551961
13249657.399892125,422.4739729131955,11395144.019358424,423.51654052252894,1828418.4241600782,11943821.10844338,2981638.5984327206,432.1777529338804,2856008.367368381,0.0,44255966.08592148
7038580.05026508,439.662380397273,3524880.302058603,440.22632472472543,2687989.5458901515,13407729.946071666,6584187.976968665,440.0610102361327,5350722.971187687,439.0503720313222,38595849.79252925
12379723.322815625,0.0,8917108.383751756,0.0,2115110.313798813,9825243.850213876,10030746.426036803,426.6540983158396,10238822.492357353,12235054.87248846,65742236.315561004
7060568.383958468,425.4225654642653,12076626.828424156,425.8046062462128,5900571.6405978035,10528729.38138413,11178100.57551933,0.0,11464737.506042259,11439239.840273319,69649425.38337117
10272432.086464105,431.319635905477,7304984.446404875,429.93120087435557,7578925.749130102,12437323.679194404,7649157.200563766,427.2321032385773,12122856.168950649,10625201.609593531,67992169.42324145
6457479.752404436,0.0,9935938.498221124,429.5789338247767,12070498.851593817,11552867.459836343,5074024.849475236,437.21180407159164,18369449.539267506,12417085.333450386,75878211.07498674
7242154.587922524,10566014.623283528,9912939.122381542,0.0,7548191.3879127,12050778.60281067,1357040.624430855,0.0,13172153.023262497,8710332.14871088,70559604.12071519
7721676.910625925,12110912.10242492,9992360.468784375,401.7808374457378,9997931.267365165,11116033.158530997,6782339.158155358,404.78697807623104,10415134.50358509,9746868.52428233,77884062.66156968
11081682.571388483,10942669.76656082,5166833.852396568,425.2735702566661,4535865.710415101,9918215.679975253,10070163.893657362,428.43968321357545,5968985.687911867,10569436.940568475,68254707.8161274
6366656.114643508,10185985.677611437,11771183.799268406,0.0,10387151.715517018,10302315.155833341,2871769.8244309174,424.8621743865794,8764782.132205606,10421963.97423848,71072233.25592309
7219794.462140948,11529519.643685997,5113715.3146191,434.43131324639813,6524710.9759499645,10109782.662609065,7399804.412732825,0.0,4857137.929018253,10084524.045523398,62839423.877592795
8270394.18448718,10978875.813401349,8099664.631422814,409.287405411801,9924405.030254792,10612414.783983184,5804736.282435679,427.47140428421375,10278909.772337094,11231081.265348697,75201318.52248049
9668727.71284991,15100360.546945611,8810898.74123501,438.2082631287855,8915616.2771158,11072960.76496381,8541198.225199727,425.663802995068,12106977.696997236,11036590.842451783,85254194.67982502
7225214.0468353825,14395332.701077746,8039799.16460027,0.0,9573233.046620458,13268262.74526769,8933937.881605808,0.0,10345293.975793177,8549762.329996182,80330835.89179672
8076069.039788733,11372216.344571581,4275798.969202962,423.0594569037525,12003950.995407261,9097944.959997714,9136704.10053665,423.2317262882792,10405518.586489815,11986695.42549154,76355744.71266945
10012252.30455519,11596776.378690159,12094147.273682328,434.498912817104,7696263.534796841,10543578.18593806,2693179.714270557,431.9300044002555,11668493.603260342,10436720.303037303,76742277.727148
8079214.1530358605,11573161.91282795,2762567.337480846,0.0,4810976.986445355,10860646.400126256,9895482.088153556,411.57539778833507,5871209.392799838,10053003.024971487,63906672.87123894
4573163.80300747,10941640.393186785,12188079.024223138,413.8553375045044,6440346.266967727,10406512.595277453,7019370.341788869,0.0,11446112.69274307,10357778.428132333,73373417.40066434
10416425.056855181,10872447.130798016,10972147.505478794,424.557641112502,1942382.7073143132,10592289.426328473,8707546.777838139,420.2523435419107,4330808.858205921,9882687.296110626,67717579.56891412
7189445.265086523,11911219.063231,6911480.380742536,414.12783813915985,1903618.2703753365,12042724.387098953,6044245.431981011,410.3760509019233,5220277.8534538895,9897185.183336684,61121020.339194976
1855810.2468257006,11580450.603942621,4916715.223850186,0.0,1900563.35240702,12177867.033426758,5060570.862756203,0.0,9021022.78183792,9880921.133571751,56393921.23861816
6353660.386710403,11729811.072035834,8740433.24795886,432.96916539818227,1989144.109709754,11114363.039351894,9504381.725360844,425.9900251518857,3588597.7042697053,11478804.819421237,64500055.064009085
10747888.745252062,11420154.402069561,11588964.645504484,421.7547077676202,2145296.8043118273,11666972.289200082,3760204.3141937335,425.03232605743705,4102878.572724858,9397148.3762251,64830354.93651553
9259291.076703364,12552055.499316363,5020588.534502143,414.98393360639363,3585242.24982008,11237272.508459097,10509862.973953562,414.8430995751562,9832223.150238419,10010405.453256588,72007771.27328278
12437170.507327737,10272391.640426593,12528957.235056661,0.0,1955131.7181791922,11176972.040000835,3690754.2043314897,0.0,3487889.2751743956,10030218.346126664,65579484.96662356
3908944.2304235674,11029993.516442483,4929826.8958169995,422.3722225299209,1933726.860009065,11834937.130499115,5006158.083970208,415.6975228484713,10390352.657314392,10304089.242542898,59338866.68676411
7992026.555986406,10808363.557788225,7631396.4316871725,417.74193929909546,1918974.0968885466,11878373.243390607,5059879.215426541,419.3597204137886,10331001.585761927,10603936.615500104,66224788.40408924
6621268.109925572,11949918.428220639,10389923.592350163,0.0,2420036.2264819164,12705451.367043674,4849040.211617562,432.44891418752013,8820189.846497428,10070807.505254908,67827067.73630604
4221298.662890225,12562569.504859354,6177936.797101871,413.5151519010455,1390887.77763953,9453944.075530902,6211369.803119701,0.0,11092986.763931748,10096173.139633795,61207580.039859034
7599551.771360418,11511803.43979759,3537176.3142370014,423.189913393106,2873484.841903908,10582898.525583416,3140923.689267065,422.97839565505404,3867040.2348405276,10373487.262736859,53487212.248035826
10200607.052255599,10794607.524041165,7610017.897267756,422.4003142092181,4176494.72866844,11746608.102210037,5642807.557591517,421.71353953162674,7154942.046495729,9121320.797190934,66448249.819574915
8197371.869913683,10704297.367983134,12277256.59299929,0.0,4491288.573634048,11928045.945192192,7469763.309344368,0.0,10137176.731467033,10411895.738940205,75617096.12947395
