1743410026.4419196,1660792597.0488703,1812199023.989612,1815306517.8160381,1881257839.9745977,1833399663.5413783,1927912275.459714,1827650391.8552117,1944285123.9551466,1950627571.5441186,18396841031.626606
6222430.828407544,2424603.077457474,5957484.922783037,3429100.227648467,2016647.5108876587,7823630.498425668,9943897.525409702,6161327.591133153,8243916.57664315,2313730.5679575866,54536769.326753445
2506893.676524644,2495243.0192325483,7009437.4798655175,2987670.650709174,4139638.688376262,6326014.3754401775,8917129.769044306,3790450.651269733,1897052.2762574845,6330544.143460999,46400074.730180845
2533134.7639324726,5116061.70738507,2627629.3020424224,4421614.008080554,8463471.125990566,340948.9712529535,3396867.309543043,2029728.7230801468,6087567.336582702,2942058.8520497964,37959082.09993973
7051094.653031711,988311.0985093502,915265.5599322668,4110956.694261779,6098513.366114026,3295215.014546706,7965027.399745875,3249320.299377126,3210436.0834947997,2543859.3655393487,39427999.53455299
4752669.504660664,2555168.720002222,4264112.845477793,4574731.103127469,4034510.420456499,4571971.037778864,8800460.103696063,3381478.500520089,2231816.341236995,6030036.267111132,45196954.84406778
1402656.5243966135,4648083.878938338,5425318.33463995,2785206.4365441115,5716037.456090116,4483569.465588241,6647459.027980698,2092898.2647587236,4392624.889988112,6794555.729541329,44388410.00846624
2574606.3892840636,5878474.226202518,5392468.841407305,5313404.1158874715,5138058.425522576,5748922.98316148,4043810.433800568,2987179.3111805245,1023590.0079973551,5374882.041057696,43475396.775501564
2558404.231000595,5316225.222821965,8108960.421564006,6065095.635828128,7068074.835092064,2252255.8896735455,6758297.499277556,5334791.1812531715,2449278.410307234,6140301.159827655,52051684.48664593
6176277.98438613,7318512.384438542,3446797.1418385147,2582631.749612246,6986737.902238705,2724400.372575833,2151284.0836967006,2971759.029779476,7553833.73089021,1174108.5153893756,43086342.89484573
2504241.1612992412,3268252.074585857,6120666.383981755,7703259.055067344,7925502.9962238865,8152922.572834308,5114400.254717388,7720445.756427744,1802762.4450290322,6575682.778008313,56888135.478174865
3387637.5996298273,6556119.933675462,8280456.908333302,1087151.5396119826,3096439.9107152033,1102693.4589237436,9936954.375562416,1261423.9594779136,8868497.718753856,5501199.68635529,49078575.091039
6059568.860531108,9048988.436259883,2874526.780547923,8032597.94435008,4927889.107638434,7238165.980480856,1558867.4773520615,7256751.555867683,2444641.3311603074,7287747.650663108,56729745.124851435
11255058.839541554,8464648.07279757,7563342.460845844,5069135.881885004,7573687.108757324,6275599.75488178,3229870.5749712223,8287673.165637578,5363862.05014801,7547355.6710518645,70630233.58051774
7742484.180789393,6969930.940179432,7545845.551699656,5655452.791153475,7141818.779883703,10308200.969598688,4652647.951678739,5536245.916733714,7465538.166063323,4741785.723825878,67759950.971606
9417372.284450967,8329741.491872563,5648980.406758405,7360021.491350491,3640927.6994607216,3445179.866850137,6682035.264875239,9082393.086719317,2540699.9646506174,4929490.5811537,61076842.13814216
2527340.081588061,4288155.168722895,9238007.514431424,4093446.788479667,4779705.769548145,5545352.536553995,4069405.496662861,3512826.2313702744,4505809.62430098,4444447.98042586,47004497.192084156
5492276.527872911,5652701.348720947,5549705.557332739,6256432.467028616,7098861.473147578,4443011.22901072,6458292.623430683,5240494.326193633,5185619.941789031,5941656.122431425,57319051.61695829
6732480.304794064,2484013.838679078,3712257.0072051226,5593955.854143155,7761335.134031882,1539139.1776274722,2960626.8343218267,4839746.73636619,5641696.109631016,3437435.0764758815,44702686.073275685
5379895.166661404,5229896.180288346,6176986.595414111,6439164.322037646,1830402.528236448,9722903.913907047,3119027.3165710988,3881139.552207332,6840525.760401623,2587717.774715474,51207659.11044053
9339113.572473891,6230841.113199241,1467860.8716576295,7709278.346603943,4462526.90509354,8913513.870045144,7596967.877057912,10463644.98253029,1974604.2159814984,8464250.787389595,66622602.542032674
1662040.6783713908,8033918.688944964,8962574.530085143,1967976.5014291473,9906982.545535028,7492507.993427126,9118472.30127221,2480450.202489561,7472313.118830625,7112827.504321828,64210064.064707026
2861862.0732935886,7148039.757941536,1403664.827236241,5618508.381076862,1298470.8400367536,7223356.0433596345,8781663.763863752,5334550.89892526,3668285.546331829,4335987.710078217,47674389.84214367
3922999.829293444,9930265.836866738,4444653.713329123,9661843.47682937,5819909.011983199,2024219.856887226,10440419.161127543,8129253.112258944,8148152.076692654,8775980.60979773,71297696.68506597
5429638.082272301,3719026.725935173,8668807.34012713,4376534.504888459,8436352.170301871,5277975.635077991,3859103.5391398827,4041050.3244683924,6673010.043628225,3707347.3905915082,54188845.75643093
6682757.538536253,4896047.795164411,2754072.8234999315,8498762.45718874,8090438.111380534,7769447.345242544,5602226.585006603,3964717.1681681755,2550332.509878515,4655041.321499121,55463843.65556483
7839455.351001933,3771512.4737052172,6085853.1216281755,10867941.646802321,4386586.859905571,3827782.499271164,7366963.603084939,5931203.02094504,5549223.285317599,4610473.542253157,60236995.40391512
4148839.25716859,7889047.757751721,5687203.414104883,7220648.253548277,5504796.4093436925,6050283.618836806,4147623.7706437437,7472630.739521148,9804095.730101524,9733252.040104307,67658420.99112469
4834201.896596589,6429569.226582263,3949970.495188376,9546033.672967259,7024855.541670162,7202615.450758407,5995260.909441546,5305010.559942849,4767872.44872647,8034287.712451347,63089677.91432527
2255770.9684109483,7517351.194784514,6927288.540148224,8025780.238513763,4350189.338347799,4201903.414797285,6712966.232263534,5850988.115036165,1703725.296512792,7280673.79534406,54826637.13415909
6340199.165146839,6515709.153989349,5698049.432844266,8510133.223674795,5382509.197333934,6431030.867629098,5329669.227351325,6363505.0484152455,6220154.34348747,6673772.05465663,63464731.71452895
2536335.027926407,10512821.744730879,7721944.589188701,3348100.4957397305,5068808.015607455,8206767.709900176,7338982.2814476155,7137934.831603321,9646513.452314712,4877434.032044312,66395642.18050331
6625877.514738294,2621163.8820824516,4376815.493575876,10091666.139326507,7598198.475639608,3458824.4488281854,6833176.962247722,5226741.351549125,8458613.253983729,6561388.966850577,61852466.48882208
8971115.640580118,8851140.336427154,8101669.381964195,1258995.5290320115,2539262.6266821427,7596187.701350151,8959006.280712683,7893274.259769447,9662339.82835578,7186850.984044682,71019842.56891836
6238406.818242078,7078831.252962193,8325372.782878523,8415565.845989246,7914988.964063452,9141144.459885012,6505859.390804078,4651295.17822097,2000677.716173386,9814219.929502048,70086362.33872099
8101419.930058579,2537239.1329713427,6988075.62351109,10196648.111615881,2762549.9293438,3079827.0987959416,9194913.95747969,5587160.74901974,9219180.760874627,5280361.989782564,62947377.28345326
8669880.547820825,3251421.285631789,7961571.602401072,8598236.774323625,4410384.530342134,5589520.58172518,4321286.741069632,8099219.951079711,3470788.192139375,6662698.715726759,61035008.92226009
4863070.630598984,6752503.353095326,5624241.665072815,6521932.897814702,4019543.9333287245,873955.8896480693,4792547.6188400015,7180995.28765211,4481348.4910544865,8059111.893568808,53169251.66067403
6839045.433773287,4864141.908498374,7789946.545035052,2266004.054204093,4606537.037768901,4431281.91497811,4494729.753186424,9115016.433917446,4572480.385420653,3686954.508312297,52666137.97509464
7643377.052929721,8698881.711474603,5725532.087545936,7469379.433636618,6878431.502655376,2078456.3846433663,3121221.8076564223,6589348.523412116,5078449.141173727,6725731.7144960845,60008809.35962397
6118576.012527377,9162732.951989954,7857178.190147305,8862059.699987737,6711440.61186855,5635286.38269053,5055851.551088939,10954226.543257171,2306749.825583041,1950618.04691194,64614719.81605254
7407881.833855414,7891159.043627566,9749943.390752679,4273819.624838214,7628565.164261036,7806158.790917921,7652207.153475874,3124726.6735743987,6216658.953625924,2487659.1326148394,64238779.76154386
4530794.95872694,6182101.489105356,4968286.075639446,3911137.338572226,9144773.889636466,1079744.3091335755,4407269.826266293,10834021.328383524,7820111.825775565,7209404.374738695,60087645.41597809
10648094.497235132,6785103.679723917,8431311.335234871,7949708.384751173,6113818.498092077,6679587.558066749,5915809.312959214,10629695.404769644,4523177.951854046,2698357.9098997097,70374664.53258653
5767398.21719987,9358267.189948993,2922100.433156295,3520989.9783501225,7224906.761397752,8755283.677969854,7886968.636210371,8230452.16230216,5992072.108571251,4212907.773234873,63871346.93834154
7452764.14149075,2769529.319962927,8648280.556268437,3763629.2570931655,2689008.299500019,2695595.5822470104,3804371.224719391,7614298.33452602,7673764.280209136,7427483.541101929,54538724.53711879
3301495.611223446,3323517.774090277,10135635.602547081,4248970.556163151,5637017.873989233,7917509.920607832,5375018.9034416005,3094140.239245324,3983199.566332133,7731390.119047685,54747896.166687764
5921664.30428283,7014064.779420392,7246729.148161917,4276324.963228251,4343137.92079637,7020451.076228424,6803562.197926684,4118802.1237921068,7813019.064587136,5910516.8615797935,60468272.4400039
6329363.768115019,1515852.8645023806,7113061.669081176,5760256.62918001,4932736.328269833,6503661.475237489,3566764.709464946,9254712.69908958,7481772.957407397,6728477.753101236,59186660.85344907
6214217.055232442,5872901.557931564,9188486.378517987,6249506.09422164,7286024.485732948,2976863.495202347,6367963.133670527,4888299.338785613,6092956.005661368,5545506.480097061,60682724.02505349
7231885.8824427165,2072829.1944733525,8149152.040419465,4622036.022157829,5552408.830903236,9074915.470957767,5157557.727945585,6461431.287197959,7156958.344440361,7901617.066275998,63380791.86721427
6634687.879295901,9089435.983532725,9776603.445108024,6285470.209683757,9634088.417067789,1728520.0466210325,7735866.77902931,8618518.620980028,1708863.9972229777,1927235.5013962071,63139290.87993775
8069831.356753867,2514047.160235438,1391411.943045833,8889648.806405017,3783700.8507350627,9234803.183733001,4842958.8030330865,4724665.968312777,2341571.5679063383,3502852.942450603,49295492.58261102
3945182.658605673,3193586.4537553377,6111509.271584821,10684034.562255213,5539471.340613181,2077361.7411952722,7956835.025042723,10075052.450909555,3874902.3719785693,6122120.395573118,59580056.271513455
4167007.6053610817,6252242.271812725,6270864.16845776,2566048.8654496903,8083404.945010928,7217104.803569461,5080813.888280093,2745879.9647041485,9362898.55102113,7833928.17038928,59580193.234056294
5806394.324875097,7398377.8584264275,10879985.749690192,7751029.717565255,4043945.8531181333,2568188.037783344,7329630.443939182,3927994.8536280803,3922063.503931859,7136978.596552316,60764588.93950988
11300540.018385759,4593253.373254302,7230957.103092003,8383991.292275726,7312587.686475331,4461383.925608176,8872357.644216247,5185392.477395781,7398194.942856673,4735355.759136244,69474014.22269624
11234399.682057764,6227624.471919635,9997604.811440859,6313208.299462462,6675979.08980883,5979805.7554822415,5783123.193484079,6094462.901077394,10384829.692726197,7317698.9447084535,76008736.84216793
7094284.589794842,4946165.384093424,7055525.159146827,3333260.6142573007,7821876.730465143,6245166.224630581,4375898.699558919,9582572.852546493,7429668.943887312,8073203.589918058,65957622.788298905
8579253.319640985,1901940.6981621701,7695845.742620525,1533415.4538200954,8106008.691374419,3389323.4245596034,6714682.520784062,8229040.001737199,2786532.839639694,9618292.663511703,58554335.35585045
8772684.57354005,8152933.733166266,7007264.6319192285,8435574.926957624,10081532.452620162,5635158.454111965,5684931.242033439,8895126.632317524,9342276.056008728,5118721.35502821,77126204.0577032
9621754.296619188,8080121.246632707,8603441.01789889,9279898.863142198,3080795.502299399,9099925.091183877,7689016.675744653,4616077.561454322,2687277.3110899446,9992540.054360013,72750847.6204252
5055858.4457188025,6732212.590325762,10869116.608167889,3473981.8466452896,4804540.92385495,7354560.313034894,3124108.2217617137,4396243.9220225215,5032159.930188444,3873194.4124982506,54715977.21421852
10548110.249370243,8795790.31320836,4189493.1263443395,4834812.026826785,10273890.08291561,2258766.459852723,5844673.160443796,7047370.969453849,9106498.17672735,7246905.600535547,70146310.1656786
2688343.5415548924,9474323.825822672,7211518.867619226,10485163.819802517,2632531.6339337802,6048983.015549065,3171355.6856260994,4275404.022669807,11142672.186680932,4407328.196722493,61537624.79598148
10650411.63352964,5494404.025884056,8263961.188848129,5610854.953101753,4873716.23290087,9033538.86963235,8878870.26563025,6959616.4709353885,8700167.773845565,6620627.758996762,75086169.17330477
7436463.277652704,9264653.44217029,5903496.226244988,7178197.280777508,3210321.0958275376,6535759.442465924,5423586.292803691,8833180.51168144,4657204.6363788,9405798.232370855,67848660.43837374
5095477.439353329,4683109.389025851,6040134.954425138,6888485.617361475,821108.6069173426,3549913.39384512,2747988.6663092375,7902275.718025359,4698465.602626851,11129500.285628583,53556459.673518285
2937435.8354666024,7141840.983052328,3191340.669451954,2622632.3161937753,6191965.065068021,1096965.2200398617,3046677.2489207834,7152529.885571725,7540901.6356808115,8481052.515225818,49403341.37467168
4725153.845750563,9360187.451719074,1371333.580072547,4741102.528860469,1576287.912145237,8330358.610325162,5975588.738573734,8624645.522480879,6319866.162376881,1961413.3608007797,52985937.71310533
11910179.034936566,7696032.368847697,7168693.328978691,4960313.411406918,6364419.133310713,1458031.8059712916,9394043.152417878,2309695.173272388,7686198.158062639,5578537.5466269655,64526143.11383174
6716832.835514439,8148387.987200307,8587707.28893956,10322276.511491556,10329528.397925707,7931645.057617908,1156277.613664246,3250937.3747854736,5391996.9759888025,7762251.536468082,69597841.57959609
11372154.392707912,5638684.486746924,3186209.557156981,1970511.3127739958,8480520.782480365,7265370.030075465,4769414.405958978,8117133.85242642,7811513.326909793,4824889.722889454,63436401.87012629
3113139.6138698827,7140423.056376912,8707364.517914182,8559858.415092122,8189646.995605079,6044521.855127465,8033850.1686440995,1805838.5329614554,4540467.36658104,5716005.0896390695,61851115.61181131
4539608.72662583,2608682.7098686467,4182246.97612514,8733799.471106173,7433826.0188984545,7010738.080888331,8636361.488818105,3816837.8897730205,5258882.909745094,8234357.414314831,60455341.686163634
7888637.741737308,3946249.473530483,5849811.152175819,8271761.021776737,11986796.236517377,828636.5990912283,6583807.258945878,4960718.614288376,5734600.662599984,3854233.320870711,59905252.0815339
4865516.022721184,4028429.723938552,6250602.467332454,8603188.14082155,6881753.293897971,787065.8550708272,11212119.325561568,6342637.24067684,5089793.186498741,5067696.40249256,59128801.65901225
7761107.815716713,5989907.787450866,4517063.059304085,7441776.60774526,11612838.666500436,5030261.700725274,8745502.452688672,8205768.497669408,7100445.728589856,2940065.3599297884,69344737.67632036
7701910.517456001,7836691.180980676,3611557.139059779,8614381.310161505,6971238.665729572,2047592.578490661,4237712.040487481,6870525.696161117,10911888.785551557,2160464.416640374,60963962.33071872
6898608.337441851,9005899.175724424,7102868.355651826,3682425.2670078776,6704055.303765952,5758877.19391167,5773580.258977001,1067251.5947962988,9395864.14969279,8376468.796626373,63765898.43359607
8006569.185739836,2839517.6772069596,1387413.337070848,10257249.335543653,9373787.125824107,7376559.683137749,7521973.239629144,5127572.92983944,3172915.364719684,11687738.116357874,66751295.995069295
7400163.933699568,7370782.17461065,6258475.117203183,2741665.9654473844,2031528.9356222278,2953685.392984521,4359076.478700352,9235132.199590003,9801148.12264267,9388382.697867513,61540041.018368065
8903819.884717414,6476469.702437645,8054406.572349544,7029451.731067716,6362836.773070537,6249151.2933180565,7698649.879089545,11471630.244408721,2050030.8835897753,11685086.128466316,75981533.09251526
5010612.6257479405,2747925.327941502,8455895.6895886,1839206.3751933486,9075052.48664471,2019245.4623714874,7665725.046679085,4497660.858970981,3398235.282205221,5298131.086922622,50007690.2422655
10371934.991015317,8170117.069258203,7400320.064543451,3786567.5397724295,5227322.858831329,3448856.5369079327,6286514.804843837,6839353.4544341285,5873622.764081062,10316777.262194183,67721387.34588186
7905686.818009136,7977567.723815887,6015205.555915561,8467723.724702941,9229649.78892785,7047134.669672063,6092217.338793873,3709058.7899276074,6332021.402168657,9379476.966373324,72155742.7783069
8303238.708181576,6261797.194595798,4374446.616012773,3476978.245654747,6492368.406123171,6820587.0871812515,5932054.707289631,3479842.4129848415,6735804.252943614,7642587.257439003,59519704.8884064
6305485.523962149,5842057.19019635,4783867.992728803,6039548.374690242,7575195.863930894,6771472.903736446,10193558.69990754,2308146.186945745,8616875.644195495,6235083.187188745,64671291.56748242
9146929.721979534,7036205.719974694,3145221.137690146,8557607.305649666,6044338.005106325,5578841.867652903,9891113.166049136,6222940.22380125,5343497.3629802475,6847544.619019734,67814239.12990363
11981009.209263017,9701939.977486068,7097767.724261302,10817639.908552634,2011052.8060102523,6553896.854938496,11671754.928530565,762161.842394547,7156697.493260065,3893699.6200037757,71647620.36470072
10073393.618914677,4547340.9240640765,1514128.210319706,1459466.672704885,5308843.3959574625,14871757.054228164,5576813.284851723,2145733.87680266,6994869.56953422,4333962.284899306,56826308.89227688
3252345.315409664,5930090.987997809,4661338.049077188,7822795.521901301,7654348.415717006,2902312.4045035825,12722525.390375825,8307111.821692121,8267054.36932854,6504162.473476703,68024084.74947976
10099919.121276123,7837921.144768841,8200359.988327219,10236696.849867012,9542680.45794326,9657759.805587675,2855620.0327855092,2309174.4784462852,4404434.181333035,8476943.360822462,73621509.42115742
2977869.0983704478,5875824.101559796,9026109.347761743,2921695.8342220676,5021763.450799739,8739418.547368614,7791191.581247099,4637674.203835945,7525933.973231474,3957819.1699669827,58475299.3083639
6807360.565462466,7269817.451733216,3230233.4546754146,4072355.928014105,6582405.884162605,4076808.79170395,5608792.89493122,7588751.0712926425,9029890.384256123,5628611.4683758635,59895027.8946076
4952289.693349801,5262599.980366606,5811947.14416289,4764164.007673725,1536259.955548992,8848706.431888474,3644045.0025433535,7049403.251902318,8602371.885987679,6231355.361325625,56703142.714749455
4480595.096045173,7573457.440914064,6145757.381431713,5064434.6408492075,4408208.210130545,5637239.679530365,6038433.167366107,5202494.608796891,12348181.210216794,7828662.013942294,64727463.44922315
1651630.3936983463,4419640.568191915,8147401.995571025,4705162.043095962,6548491.812902784,3457617.9645446623,7105539.805716375,6693075.147913343,7445359.560769125,5639940.201252192,55813859.49365573
4935991.733949796,5460273.75441918,6975507.248141436,6620704.3765189815,3426445.1853968333,3444335.9779432267,5822679.361338899,7076724.237102667,6451333.205985705,2261494.3091404135,52475489.38993713
8033871.086702546,8011231.931129226,7960885.253435781,6397460.325050827,7876883.577942879,5177649.458819888,8120039.538103501,6067168.745292731,1714623.4549149903,8982969.711271305,68342783.08266367
2437684.2052186527,8845536.728085235,10000138.694838172,7880300.448200864,9496654.177819673,8688243.939419044,4822104.353089267,7419875.174116764,8502390.377786336,933355.9465588838,69026284.04513289
8932840.508029722,4881785.141439928,2721266.914197615,1460834.4458677394,8998054.425375609,1394006.165711315,8763189.56349221,2457022.3559143813,7732184.643146544,6747064.087560532,54088248.250735596
1843101.1442426287,7819287.851515053,7719243.445316461,5416650.412789043,2509917.504402696,7318312.720433158,10326421.287305571,6605392.997308187,2616908.8200722765,7740445.023821696,59915681.20720678
8744100.420490444,4489507.511133989,8635631.664921695,8280184.048993876,4108063.773796991,2916622.684168962,7922856.087001979,2316164.895776007,3438693.2650345135,4605242.763073402,55457067.114391856
10934831.623605246,7174076.051650566,6354737.741309013,5483926.224079048,7219495.952435601,7192146.33713281,7112692.642164643,2789567.430034723,4846102.735365438,4644302.578935988,63751879.31671307
9463345.447147371,4182966.2067724713,8121965.977678694,7846329.886840361,2549501.5897967587,7630526.778180981,2872951.4824013347,5506636.783950628,5738410.961533893,4881489.374353567,58794124.48865605
7350928.223078371,5027978.47267096,4840964.7620397955,6331874.954305202,6092120.978240157,3112405.785794305,6616495.205583851,3577669.146980339,6348731.451601718,6736956.995571495,56036125.9758662
10886405.577652637,5371893.408067939,5761557.365985559,5255024.148700477,3960682.11482215,5628402.749504765,6222240.314821732,6613199.9618268795,4105610.799206441,4968335.567918263,58773352.00850685
9353893.94489267,7013796.071926023,7018111.5106151365,3270523.615335987,6709686.990921508,2996723.190285418,6349037.458917417,5792267.706665316,5452620.605361042,6129182.3953628,60085843.49028332
8804647.024389567,2509494.981398732,1673522.4818957685,6686562.991376223,2398505.5458439155,9552705.26573925,8442138.531054804,8551787.393437019,6935976.553143848,1246503.9521135655,56801844.720392704
5206708.641045251,4696368.883386537,1800412.0697292965,1892490.0661299038,7398871.263506567,2674203.418035654,7076437.844777998,9243217.68914073,4215582.917769475,6446674.783095665,50650967.57661708
11429277.217120199,5704065.909543924,4759256.727092779,6363071.916651629,1431002.257327202,4746491.085131723,8417862.44931804,4263709.1668573385,7265106.020567158,6438816.996556469,60818659.74616646
9157300.966961378,8169587.820360182,8041343.082147698,8820923.123564545,2095556.6445463665,9221777.99460882,10446993.527552908,6374659.516694423,4712250.847339911,5183140.8113234695,72223534.3350997
3406393.661081037,2834237.057097824,3339347.5995657938,3489642.077035045,7788421.659549242,9082592.236918895,5269923.885174212,9436577.779257718,6637882.96430578,7194461.583347669,58479480.503333226
6362497.114056865,5626038.141400345,7966021.835550003,5122642.137729336,3605865.1447922005,5011949.235826079,5697630.13340646,5971282.57157643,3650629.174542214,4640641.512501094,53655197.00138102
4976396.517321174,7599553.7506044125,8762157.480325148,7531703.780129699,7430576.831837284,8795421.838012367,5854515.425545828,5903644.919733755,5773310.511694616,7171207.419837574,69798488.47504185
6500933.339731193,7011126.125773078,9179176.473035438,7270362.138733032,5463893.6779875485,9596336.013076216,5526669.018409506,4535545.374814332,7676745.577185173,4422880.6119992975,67183668.35074481
2947759.625323506,4867928.38278988,6800068.160957519,7449129.249435337,5279563.654929081,6406488.571092822,5643469.252578817,5952313.380494772,6033242.220191751,5384256.569030002,56764219.06682348
6363110.686625523,6359205.101432716,6406977.181860619,4249295.674511396,1348827.544193096,4434933.200389097,5430588.551585674,4835146.645779964,4926416.500746961,6690264.018117119,51044765.10524216
8773649.259225305,7993910.857789355,6187374.946679758,10111749.266319824,8040026.327692981,6275673.990859627,7147047.405837229,4460490.288714802,7130391.439299637,5460841.02636661,71581154.80878513
6486182.588195107,6062459.027506864,10113956.80239481,4170540.6560861454,7839455.100430074,8855434.506625645,5780965.847486193,8359167.671937362,7911375.150708858,8705519.283078639,74285056.63444969
9024548.773354422,10781190.00253518,6566622.203113742,9301886.287873462,1011784.7992066238,8024771.568790102,9037181.373283975,2809653.227731623,5390486.6031123465,3449730.882150862,65397855.72115233
1964496.170154205,5036895.938932448,11106925.953969281,11038210.724257559,2753137.3621034813,7354322.421121603,2106267.6625063876,2665348.785562664,3045694.2889310773,7239474.691690197,54310773.9992289
6148720.201747878,7016327.026328368,10475884.61539478,2234392.283920732,6970127.827922838,9776865.860687483,3780942.547020135,6440633.285578377,6309727.344119104,6541352.086362477,65694973.079082176
10709912.373486832,2521838.5876850025,7172589.400934319,5957011.126171528,9681213.626503775,8619903.783493685,7700314.163807661,6113239.974804162,8014027.825575825,3005104.757836116,69495155.6202989
6577483.329649647,7065282.167054001,10097676.626267105,3940432.5441232733,3957004.339429373,3666512.1646708273,3622740.8996613817,3520511.6276502297,6900830.9739175085,3639672.999638535,52988147.67206188
8462331.015569728,6200476.020572285,7071122.141365507,6180391.269225065,7788766.721071197,7283407.832900751,4836425.210485101,5345954.495684979,8524584.55811084,5050747.190049187,66744206.455034636
5173919.815006892,4293181.034250279,5105023.471760116,5065257.852521903,9291389.71025602,7696679.611255657,6789955.984977845,6433482.971754715,7481046.625038674,4218528.773040816,61548465.84986291
3449382.865225622,5933742.564705994,5933387.249206119,5758809.644139649,6630921.106680052,6680924.732889567,7080455.567880599,7408514.710700543,4157867.108956139,5698915.524674554,58732921.07505883
7339069.404337288,4564303.125159171,7764231.8667044975,7208900.4287780505,3123341.1334346537,8589722.286724992,7126006.154328606,4459434.630528391,8068255.896527102,6606656.90567193,64849921.832194686
8345050.868446684,4321903.036808299,10680173.409994889,7820546.993934122,2247568.3880404304,3533259.967414002,5205531.972506483,6849115.57508724,8452863.322596394,5493796.361023732,62949809.895852275
1535379.0056966285,7513851.299745895,10246529.444530884,6770894.438582882,7998220.17624542,7893416.622205155,9203635.659756033,2073133.36103486,7238753.779277586,7273254.848458529,67747068.63553388
6395736.94955901,4806775.028876211,9709858.69535728,9737949.199187795,1762633.3563515455,8930439.305333829,10859172.002285294,6860782.94530162,9559617.1106603,5138822.951516802,73761787.54442969
8617795.150862895,6968817.049465451,9169679.357240565,5213285.282188297,6702100.272653016,2232000.8235447635,6373348.059208194,7297980.150155746,10158568.983539095,7150235.175590264,69883810.30444829
3915826.1448378586,9298161.79657443,10185179.551893225,6989652.801321725,2307143.183080819,6215072.470056038,6251598.383170503,2391875.8757939325,4370388.166393116,2405059.5632401872,54329957.936361834
5611154.092322347,2212903.474674953,9740807.565201545,3059733.505329677,5043272.1482717795,8695208.742141206,1911900.6743120449,6473773.957738896,5705523.343685823,6005337.907689125,54459615.4113674
8486020.160519486,2970577.48159545,8396114.401295973,4334683.76995123,5488812.741219501,4530829.89834572,3748397.210213756,6463318.730234569,6091611.437759421,7188398.004138199,57698763.83527332
5125519.930994491,5932722.53635108,6126907.854261802,6443538.804193235,4073842.75192615,4542030.790785361,4854111.624328885,4564401.896097418,5823607.499953724,5044577.785025819,52531261.47391797
3825927.7872457504,6784555.276348169,8598345.32045651,7340497.71176074,7412167.071532292,5371346.573849672,6735619.604180966,5380776.5645981785,7781265.504263912,7566438.379739062,66796939.79397525
3009563.375661985,2331016.8121540123,2773877.2215609937,5819349.360063484,6117991.1585441865,3703748.2512894357,6516684.038053545,4982562.651738991,4423370.15183749,6716011.097351954,46394174.11825608
8581158.922281547,2465673.6454375647,1444029.623060423,5866473.362808842,7438543.003527253,6259743.222003542,4489323.367141748,6995612.341972273,7977045.490756146,4826805.5397176035,56344408.51870695
11216298.764125133,9395239.840042455,8703406.786878413,7832417.702886828,10639418.342473624,8838732.10354213,8809002.435985047,8640962.025025748,1150579.557237745,6707395.616047601,81933453.17424472
5099166.315050671,2309155.9261863343,1425819.1342360885,7929360.130005256,2995096.175800732,4476343.177458838,2717424.8187099854,7908787.485957679,2390580.7006691312,6080216.684024804,43331950.54809952
9564285.469638484,6869149.5698965285,6836145.084064928,7711280.728625604,3252294.4763344787,10707410.80033422,7394408.851470867,9002367.701334227,2625690.261082629,12575315.20941731,76538348.15219927
3458514.2991010263,9605069.555511791,4027687.6597146406,6601182.990678409,2924716.0574196237,15837671.560003083,7933988.781643729,5581458.412553848,4399164.932866191,6600232.811991524,66969687.06148386
6608793.235648447,7693279.777113084,6861814.129483429,4195135.891717559,6944715.551742927,7006277.524233734,5286198.625815275,8225824.009907876,4204289.992589362,4088494.6483856086,61114823.3866373
5758289.163480884,9374607.811472146,6804193.5846098345,5428387.368768408,8061133.709039118,6801307.161745662,4609823.650071379,5593243.335004577,6900451.574477294,5597172.634137053,64928609.992806345
7434111.277638708,6192275.043185405,3019816.7503832835,8430696.178219318,6183429.847503221,6076160.098679625,7435591.308895569,8312897.821176895,4018421.9318501335,6941408.148653454,64044808.40618561
8207772.903783709,2996859.139900945,6961508.013545226,5019089.622768172,3424954.961176074,3035995.999723463,8639997.096040215,6795107.934275068,6817482.759356167,2139858.803342515,54038627.23391155
7632182.462627897,5394135.900689805,8774405.123936076,9603142.908770064,6090058.990983292,4824302.087607903,7581676.326588227,7502161.936942858,1339442.1156356058,8192200.879218581,66933708.73300031
2702488.3783280174,7739150.404309687,3857304.2991061956,8980249.422643987,9651807.376094926,6168967.810803883,8400480.505494997,3599273.845057865,6708088.742316523,1118828.9084887023,58926639.69264479
7640932.684416978,1334394.9720620357,7640416.250406597,1722568.4826354638,1109736.7266479807,7605624.382055097,2413894.15049874,6151940.548953969,7562899.199705221,1775092.7921159463,44957500.18949803
2008046.6276873366,2486840.5235737395,3553247.513784649,10500594.437506638,5455104.959621833,7668954.710965445,6907077.933362016,9742114.896729385,5536107.568417265,7480433.394309677,61338522.565957986
4159946.0642980654,7163145.7678583665,11011015.752140455,10665683.788606223,9956344.926068947,6465378.252759095,3816443.1659456533,4257525.797205963,8216764.873240325,6672157.710319097,72384406.0984422
5119293.112659409,3212448.1886104667,4400846.930892257,8369543.611465863,3694726.14011659,7789175.492391649,6859080.016060051,7198667.779193262,5937572.936286435,5342360.629460822,57923714.837136805
5401272.223441765,6029973.390297664,7178172.322715093,7536089.9170556525,8703254.379160997,5407515.928281769,4000031.68422653,5391269.47280816,7949972.988548597,4427010.11314083,62024562.41967706
4658951.35123784,7144842.966458943,8664942.688627774,4678380.668354953,9229017.10777256,6817884.857971466,3279330.2301067472,9408144.277463954,5776055.253338744,5881217.558158187,65538766.95949117
6742118.976822349,5168281.475502225,6027937.942136608,6770629.952843835,5751677.071931117,5378797.366080008,1792573.4063765518,9109435.750785477,5371264.115053819,7489437.907908787,59602153.96544078
3915114.6368401116,3710376.854075428,6092852.7444979185,6553060.419110662,6780053.2693147985,6163500.530691026,5886077.82593427,8146597.528603756,6613188.968517215,4958342.65111253,58819165.42869772
1184754.772545347,5231936.4985843105,8902743.006530024,7367767.194606538,8621727.043436877,4759364.460264115,7306387.223827895,8497461.83489916,8238305.442037391,4621504.332942389,64731951.80967405
6828563.642242006,7217782.326816484,4814256.298816454,2006379.1955612507,8021820.897989417,7279496.337182667,8220522.628781436,7392044.767794489,5607423.7641151175,8774866.990250194,66163156.84954952
10573686.007820345,6460050.282282925,10190829.339432478,2570615.2336811232,4606401.046286155,9995833.057153398,10255609.599576242,4766593.951301655,6374923.919758943,6735947.254355831,72530489.6916491
6179889.220852768,8591160.224211324,2401374.2771738917,4020813.314917502,7069118.91651009,5091719.407757873,3385460.31933399,8780822.473981814,8516314.373447986,6656831.5336344475,60693504.061821684
9705578.70860539,4601964.797049959,6429816.807974716,11598481.383671401,2089578.4701132546,6057898.647750721,7156966.349878242,5266235.737231749,10727382.988132885,7050797.327503886,70684701.2179122
9137223.673372203,6898549.849247949,8185680.5524726985,3595804.3072578628,3671578.4311342365,9180043.250045346,3540094.130781131,4244475.69041951,5713597.769534877,6835080.3030379405,61002127.957303755
4377421.167680585,10034960.405773526,3774526.3902811613,6671635.400877444,7437916.760487807,4722773.852987279,6647860.555082874,6066445.352253655,7117050.557610163,5487642.215711108,62338232.6587456
6939553.112508197,4700937.939876118,7742601.956135835,5013097.129220167,4042233.0217482676,5780006.74102361,8587426.280854352,6925079.790973822,5723857.989551089,9396059.577045726,64850853.538937174
4585241.891042202,5612018.1663099695,4752463.357004819,6987840.940394117,2557575.0897330316,1638770.02167214,10178213.975127593,5463534.771273956,6425011.065657719,9439058.974006925,57639728.25222246
7533816.521831821,4634848.826284359,4433961.633304497,6815249.531530749,6242028.091986468,3802021.2540174583,8023655.8077039495,4211042.223740362,7957309.357456537,5936074.004794016,59590007.252650216
8211237.523544993,6562954.559703918,4070244.9214773,6644228.261693701,8187214.100067166,5097644.458557124,1934553.1918324374,9569251.827617915,6491733.444055571,6344278.070864046,63113340.35941417
7681089.930626251,8778021.868620766,8358649.8594810935,7508701.77755108,6344722.532774712,7364634.8843489485,5330590.942149267,2020471.6568214602,5648640.0736617,12327487.507757219,71363011.0337925
8709487.882426232,9335135.42999731,4472291.419180229,8427677.217898218,9904205.24572993,9203884.353813926,10012783.200198092,6092923.94839544,11666376.858923329,3182138.160119956,81006903.71668266
8828476.894523986,10799940.866632894,7873184.9209328145,1936835.647598259,9716321.781263463,2102367.228528231,5691638.758498504,9825521.678449906,8780393.381889254,7424259.771181999,72978940.92949931
1884044.0791776655,7912971.867817807,1519296.2108055118,8013372.878921629,7154090.723318,9852279.980864778,8823470.076749947,10378741.403420828,8851673.07881883,2957298.1013665055,67347238.40126151
6934340.892642378,10037421.446290823,3359620.236404714,7920464.463672012,11028812.414752368,7217651.302330069,1080075.461334048,6172718.642173232,1669347.6369279905,6446416.444865903,61866868.94139354
5802941.965296359,8255244.664515901,8041695.974852353,4703794.9847167535,7638828.928772865,3569969.6579031493,2526804.1529455394,9011399.298237655,4821758.185944205,6458112.425173026,60830550.23835781
4549502.726193808,4468814.160911162,9632762.04629886,6030928.367149059,8027453.149113996,5446324.982124331,3508767.92753676,4655689.96280345,4414072.308382412,7772027.123961858,58506342.7544757
7894882.456495336,8639968.377809914,5574176.925346485,3056916.5536271012,5023454.593577034,7467051.156288461,5866886.728865006,7579580.859830778,1150262.1896659543,7467302.649973503,59720482.491479576
5598675.906636551,7385344.266795439,3522923.219701942,8670994.057619017,6231714.056641405,7031502.536481086,5472044.163612392,7235511.288023487,6146651.749396517,2522998.692118948,59818359.93702679
4468201.235665044,6334472.026250435,8812120.152049871,9033104.807743968,5986585.319709657,4739776.900623281,7545270.151107671,9354771.296461388,7675102.488902583,4169556.2060198514,68118960.58453375
5776622.796491987,4763427.242934803,1980485.1404115949,807626.5810912868,6523818.452128248,9026094.009211753,3062837.9208068247,4057617.2595309857,7567051.603504454,9354426.411783038,52920007.41789498
8372273.655356708,9371109.198280627,8303892.290164231,7934087.22090026,10641459.229434961,6840069.299759023,7647568.438009535,4636352.881519915,8677590.530923944,3150864.6681219554,75575267.41247115
8501419.33674669,4159329.578375579,8359321.501497998,7480428.249338487,7798235.33687957,1318202.846280977,7610454.848156726,7698969.668404631,7051609.335028554,4305783.02656321,64283753.72727243
2388066.8054695143,8771839.647960758,7993086.491797498,2670155.252142516,8224810.033218019,3445242.1161658354,2987556.3456220673,3134427.9152697646,7520882.512377571,5906100.271798732,53042167.39182228
5144127.562176918,9957826.820726873,8529683.274612535,7769891.160327128,3550981.3177901525,8599454.362016376,5767656.380945222,6452753.129755883,4423878.389253296,4332567.824720154,64528820.222324535
2944997.809785312,6831016.934771525,6226431.424922575,5451241.885422082,8808843.88120318,4972034.220583435,5140777.306670879,7010012.996647598,5291376.384288093,3613627.1184009532,56290359.962695636
4637081.420876795,7940457.067617021,8377140.1580618955,4817613.43883926,8304536.609443342,6711502.650863957,6893104.57461157,7477922.73045942,8009230.114243869,5434582.6799752265,68603171.44499236
8431403.952570792,7872888.55993811,5462327.409818884,8056464.971642798,8302465.435857744,5679424.27586582,2877531.119707803,6179428.897283176,8375119.60828646,3372442.729504869,64609496.96047646
6276472.314314786,6437057.01523557,2286308.300853329,8870333.853151027,6284267.861955139,4275160.076770113,5556100.891761811,3656425.1857196623,6053470.053302802,5446345.509552462,55141941.062616706
4327044.882075605,5829343.832840052,3447689.1494295807,7065500.957767765,6554086.837793713,7108621.234933095,6723664.973348603,2625140.899646289,8955732.894550726,1447565.5999826163,54084391.262368046
9927043.69848357,2992866.416506637,7068024.13823169,2059174.4424402001,2064939.7623624601,4915046.834672872,2959886.859023113,6527710.0885697035,6761753.589666386,2151947.379921688,47428393.209878325
5182475.903479836,4525249.050271313,3230713.857912664,5375541.279328637,6962734.648743216,8115978.103552243,8041508.358136965,2668215.0843417477,9903544.93068598,6610094.656491252,60616055.872943856
10500684.501376899,4993774.2819259325,8288120.864185941,8841506.644037418,8445344.033292826,2266694.6834594253,2411114.9047485115,3028195.752359222,2482783.460056535,6522354.273166184,57780573.39860889
1931090.3017827072,7940266.64167456,2585203.7251023394,3071644.378118816,3456571.941820907,6908295.637959721,6604041.490149199,5375768.682752354,5755790.409908553,1652202.9743954674,45280876.18366463
6562188.923505965,2785521.906223997,8728922.282963783,4176263.9808113636,7283088.1094945,3824150.2725678994,7663000.934286143,6676375.597041434,5895420.751878645,2724319.883706005,56319252.64247973
4946912.131632223,5397679.210354457,5193762.082632474,6600162.1015829,8923967.890260391,3797882.8809440276,5637813.406940183,3351518.1806754665,4040361.380791266,3562269.469124372,51452328.734937765
6060155.81191766,1158856.8814732989,4250069.137802252,4033638.573881759,4256388.618939225,6158945.250514458,8030291.247808267,7281031.411091706,9546257.06695352,4497716.194147714,55273350.19452986
4103473.7265854166,4696252.349404685,7464920.052347099,5456456.140342836,5170577.091232783,8514115.894862976,5165357.415132867,5124597.583666139,4107360.9127615388,4525890.59508698,54329001.76142331
6687358.654181777,2560671.05275792,5275149.101499409,4228112.31084433,7229772.276862008,5837743.166096274,3089429.4475811208,5902516.384567671,7087284.122361331,6917708.269277495,54815744.78602934
4271099.328016101,2223590.2643843438,6537567.769412362,6860088.358667176,2636695.889853846,8429595.81184542,8568986.44185881,1576990.09424587,8959118.327402053,6359987.1869361,56423719.4726221
6165447.610229524,4115276.874229613,4178915.0683028055,1476276.839563224,6378232.234605561,4768836.551479127,2161175.690917906,4214480.070450431,979411.9910501417,8265092.310051777,42703145.24088011
