58510475438.610985,14469785735.523499,71715781711.6725,13165674341.544243,71526906466.27658,16162276485.853891,72703806851.74915,16052768405.186993,75553810901.72243,14588403509.00649,424449689847.1467
1803462.9950971953,435.77910714096316,10896933.281875176,0.0,9012362.108371787,440.8063874108487,4064411.66473508,442.84022596165903,1249012.1131100878,442.3621788766012,27027943.951088715
8291362.150457896,443.66856848187547,4267415.378762214,444.29029310900336,13818075.561994348,444.0960497215998,9057086.44795474,0.0,9677416.033472715,0.0,45112687.627553225
8252750.2893661205,0.0,7639159.670278486,438.2782836650899,4569367.190684407,0.0,6596532.774953747,419.53213654311173,3786037.0113280546,422.00896268051184,30845126.755993705
8911663.769014081,423.70077417774394,6997262.586887222,414.8563494619634,15719877.52892648,431.80466218804463,10097764.633560542,433.5399579308598,8020631.553750802,434.0190460258118,49749337.99292891
10872615.017408853,430.9778222375305,6450928.321921258,0.0,8027612.360853531,438.39242502204195,2745966.905437492,434.07304012155026,10836137.236027442,433.4027633365151,38934996.68769929
5918026.0611775005,0.0,7929339.373457799,433.6602379409697,15648631.205200525,0.0,5437398.979000697,0.0,5537151.189747944,0.0,40470980.468822405
7943638.029201603,433.69190658566697,14774815.505887015,432.4425977668031,8196735.804271298,432.5697977245924,3467942.7873277455,436.22752251594414,8196075.939422067,439.5420109982333,42581382.53994533
14989295.550245697,441.1836975119912,11268811.079815105,0.0,14657992.168350779,440.93942515926915,8692725.41547917,441.6534831612509,21150211.279133577,437.19765738176864,70760796.46728754
4555503.848980075,434.8658735858736,12900322.663061887,435.86741421874535,16378348.189077055,437.2470323578706,2461548.1523357974,0.0,9684084.143006042,0.0,45981114.97678102
14591006.987580188,0.0,5790674.660847954,440.7310221179221,10452504.968131619,0.0,4010785.1227183156,437.9181168658427,12193875.027906016,438.02101570466704,47040163.437338784
7084633.043018143,437.3727990051898,15285582.129782302,0.0,17764896.15771552,444.19520826760277,8407854.179364672,443.6956530842031,12593590.393308423,440.68336518544675,61138321.85021461
6255078.069607328,442.01827030995594,8886429.791659229,441.9178501352248,10508551.840602133,441.177413385172,10954057.427498842,0.0,6103704.045619561,0.0,42709146.288520925
15623833.20644057,0.0,444963.52247444715,441.65387070661865,20085544.627713896,0.0,2760920.3039466967,441.42049779867045,19772291.07089087,439.2690725162975,58688875.0749075
12801556.644657867,438.66991409480556,5068487.646922164,0.0,4309958.627755258,440.1576050193639,2882603.6673272713,419.75010966686295,3682255.903178079,421.6807697076733,28746582.748239126
14455773.80901717,421.1221705865459,18681565.253229417,420.63771788318263,7059075.520446869,421.5147023877444,11266314.057811392,441.6003958743783,13260685.095543414,440.93633483782344,64725559.54736984
13392732.906318307,0.0,5939104.926498417,442.84850576517874,13130770.049972748,0.0,12606955.387616368,0.0,9623643.10648357,0.0,54693649.22539517
8836615.048953874,437.6662189133355,4245915.5090489155,432.99477313360995,6527140.900648475,433.1529563786741,7977145.403840717,434.21562288231917,10060203.75961637,437.4511072265504,37649196.10278688
12186569.727959445,436.4356609067515,10404215.32580554,0.0,11980895.391793309,439.9251373846988,14126511.148483176,437.4767725736338,15136704.14336787,437.01753331085945,63836646.592513524
12294629.448602164,439.30415383259157,14063817.654193508,439.8358512594291,9940544.562343108,0.0,9325076.031521922,0.0,8622372.049563754,0.0,54247318.886229545
12243644.0551436,0.0,10633731.025712868,443.7951220286407,14106506.320982916,444.3790430006302,4054259.6697444622,441.94452737279477,14783340.110320482,441.6749929578268,55823252.975589685
5772274.862624653,440.93913543979346,12835710.330363082,0.0,15056268.760099879,439.44482290835634,10854644.95196307,442.3483772704712,8466950.311524445,440.8967439269185,52987612.845654674
7879537.46129244,441.4684111100269,7080206.786025754,441.48845067012735,4194074.166962641,443.0446815252984,18859423.093473155,0.0,12578179.639118496,0.0,50592747.14841579
4483061.11379959,0.0,12575681.032173278,442.036612835197,5147872.094750162,0.0,4832522.33326601,439.912256416834,19010375.971676275,440.30748780347517,46050834.80202237
9309553.52543079,439.52205179256777,4370689.418504756,0.0,12742575.27778806,439.63117785285243,12472556.514727002,441.9674238612445,12991000.27417495,442.38006392898944,51888138.511342995
11140270.289680548,439.41911794716884,12446124.617434375,440.14509533687095,15824461.204763446,439.6080428256622,19292695.18872022,439.34403448296933,18699490.74786997,0.0,77404800.56475917
10673609.099970058,0.0,2352088.2769811535,440.279082136084,16274710.168993583,0.0,16475536.684455566,0.0,6560324.066078776,436.4385938518195,52337145.01415512
6141541.430806574,436.9034429867488,7672111.08845118,433.20831985788,20396281.915544756,437.1753473488915,4007384.912635259,437.17363858919055,8063030.320613265,435.19732716485316,46282529.326126985
8957426.352584485,434.5515256506944,10760725.898815976,0.0,12766536.226575127,440.5363111084075,17991703.949569304,440.30209525934043,10042521.075116955,438.5492276737024,60520667.44182154
6536932.385578276,0.0,2664812.097226657,438.97981744514783,16632926.97380578,0.0,9004654.024455648,0.0,18856736.838148925,0.0,53696501.29903273
6540798.285031996,430.5770531674244,11254090.519436734,430.3062101677353,1909997.6850081536,432.4728811090809,12067383.18848117,432.0994663321361,15032713.579862636,434.1899641824418,46807142.903395645
6566356.873112946,424.02551146455244,10213703.313889233,0.0,6064133.232103854,425.6658729564711,12034309.187762696,426.37236387694736,17250498.60407223,430.18520948085876,52130707.45989874
6581814.020449447,439.66142025293897,10797335.492976358,433.4311284298001,12124857.84709529,430.7286825486784,18791528.062276203,0.0,9520952.091060266,0.0,57817791.335088804
1016691.7486982755,0.0,846530.1963239477,436.9350181359424,17910813.497986328,0.0,13783029.114915494,439.0592767317543,19785603.361875933,439.42832534878426,53343983.3424202
3194073.154666055,437.445214127549,15567499.010290507,0.0,10319963.501487603,441.25138407075923,24125440.60495282,441.3620479650921,20521994.52044264,438.64038135103,73730729.49086714
4389986.283168621,435.36023084668,6472412.075419588,435.5826202772951,18137515.122177593,435.2532145138747,17433962.31285848,434.8723549299328,14408830.516354473,0.0,60844447.37839932
5802116.186445073,0.0,10346355.250480851,438.08335017907257,3847370.80956432,0.0,22508494.254744627,0.0,21337979.156555463,436.0117449904255,63843189.752885506
3374220.620775538,435.9247008691359,15550599.972818865,437.8392604908241,7133605.86530577,437.18142304712336,12352159.289942974,438.8847912825842,6307335.171429795,440.09256243439376,44720110.843011074
3418987.911103883,440.14971421375554,7386665.260999085,0.0,13876416.463314546,440.9884898150152,13271529.404222777,439.34039123844457,19442072.835981548,431.61451816914996,57397423.96873528
6621063.135599874,0.0,15938598.147270776,429.73086989689955,13674168.949209914,0.0,4792641.853980934,0.0,10277611.867207905,0.0,51304513.684139304
9930975.679284161,434.8730124683851,6778005.78037391,432.5194291153901,14557032.191641785,435.0450740516168,4170859.8748691226,435.77156118729795,5790118.167693607,435.8292943810126,41229165.7322338
11887966.043773124,435.97699870025417,12958231.391949238,0.0,17438525.63229213,442.37257924740237,9022129.69217716,441.74283036156254,12348886.289726226,441.33137767298484,63657500.473703854
3221843.41558032,441.67131095213335,5443167.613735689,442.0264223554591,9059102.558191597,442.01400031088383,13914612.732583696,0.0,13541930.549368093,0.0,45181982.581193015
6056548.510045196,0.0,11437786.092822295,442.54712570305253,15286616.924497062,0.0,7083443.205715511,442.9292744399544,11632014.912780931,440.1026639417279,51497735.224925086
6014781.0098759765,439.50027145871894,8590892.71218409,0.0,2196065.552431037,435.26356559818134,12194448.029097943,434.8077379939373,19399291.03464643,437.6574657697287,48397225.5672763
4692613.590527094,439.0443400201153,10945279.160756465,441.5043287147803,12575968.616280073,439.7126978281979,24388307.000910092,440.026192634764,3848549.232822546,0.0,56452477.888855465
9284128.333950901,0.0,10083077.827857902,429.46997648359826,2080589.113760397,0.0,4353222.476038376,0.0,11953911.862867098,441.47973759436945,37755800.56418875
14275655.962170977,436.33303265802033,4703167.728551768,428.72561798714673,15322010.147052841,424.45023140339754,14210316.329575935,424.1422671359916,13939291.149191648,420.9774922841442,62452575.94518464
9158311.175326409,425.9139640498243,8270668.291073155,0.0,14097779.763427299,439.8580492676446,19250978.614974543,437.8665903419345,8901446.964775112,441.01476514301186,59680929.46294531
14815622.219999334,0.0,15272155.740226904,440.6168170832568,9765747.86698834,0.0,9632188.111092474,0.0,11530324.425645262,0.0,61016478.980769396
13676987.914797498,439.6288738405583,12828082.775940346,439.74900266828826,14367211.326822031,441.2672450675775,10604520.001131684,443.9997750521846,7221825.116954479,443.7230343825604,58700835.50357705
10032067.54214053,442.38142480739833,16329851.778519167,0.0,14726766.483794443,441.3335060729597,14335889.026554368,441.0733162886381,12463960.300800102,438.7289915142323,67890298.64904729
19364654.87514169,437.5341027236975,11178421.490146054,435.3777424850492,19695689.39224575,435.95283063401644,22070456.940387763,0.0,8918015.533561187,0.0,81228547.09615828
9140070.417938402,0.0,14124155.95375139,436.7977516023023,11227726.177153805,0.0,12140983.67729662,438.44216572710593,10056307.050115056,433.4135864208986,56690551.929759026
15228225.986701088,432.7765991863671,6834743.425504623,0.0,19206790.651398834,433.12220500432096,18922017.298843168,430.8090543973846,15331432.147394352,433.81171007622487,75524940.02941073
15777115.333556429,435.07280834278606,13439585.902859988,437.4817158752292,11343371.199703109,434.61024948902804,1447085.669543062,434.13771970871545,8231505.048535541,0.0,50240404.45669154
5649220.755925242,0.0,13508006.563604498,429.2582680469346,14610739.891264861,0.0,16228461.38391269,0.0,15932233.923007464,439.34614375741694,65929531.122126564
15847915.588940863,440.5112493857069,4947560.979212828,439.8699660057982,18357561.8515979,434.5223572476116,21470212.24968082,431.84208121677153,12899784.441667244,430.4433836462954,73525212.30013716
10009165.971802041,431.2016664931807,11643671.880042024,0.0,11018383.681325864,435.2596133078885,12012944.993371453,436.52858819542365,5805314.283710929,440.8617939588233,50491224.66191427
10108722.030434972,0.0,13828361.019792221,436.9878432278218,16562204.192791512,0.0,10536620.87832812,0.0,12067414.996998431,0.0,63103760.10618848
13359150.289476205,442.38822932503723,7201737.943351795,443.91685364717836,9879462.849117951,444.0784174632774,10647468.478412721,443.6021909687649,11310041.822865013,443.5922213940088,52400078.96113649
9542954.781684289,437.43086224420847,13985527.125747437,0.0,11993159.332239743,437.9289761276487,6346876.785311855,435.78476677771613,11839407.684249148,435.99437115306904,53709672.84820878
13775290.475858686,442.5967434194689,18214691.119367994,436.21759811270346,13222253.688103411,435.0154633728843,13435513.883047083,0.0,12631344.297204776,0.0,71280407.29338686
9777793.984612854,0.0,16013949.484767115,435.5038490383515,9739432.30717881,0.0,2798751.594254436,435.76231775019636,17082970.71210597,431.2759325833165,55414200.62501855
8347234.0585289635,433.4583773444676,4207970.160772994,0.0,4139620.528358106,433.39613912912444,9182501.913700184,432.0590355475598,9005252.358593656,436.043569141896,34884313.97707506
24763077.971812256,437.01924085045346,4600402.930625803,439.66900550747545,9684235.585950723,440.61855286538224,18683834.358339954,0.0,18061935.0378911,0.0,75794803.19141906
9254857.716353873,0.0,9655954.370803505,445.0588348426418,15633678.635419214,0.0,9510654.11195325,445.7688375007473,5193746.1659253165,446.0102903336217,49250227.838417836
18697348.688315097,445.95496516229355,18929329.49435903,0.0,14271967.335904514,444.80494686796385,14147790.927326601,444.60514759581656,14431322.60804042,445.14247873802304,80479539.56148402
12417671.157521417,444.73390620512936,2286873.227875608,440.5250329803107,8745170.911964195,440.2480808112615,22685864.44308876,440.50296036653407,8857643.559871068,440.0229227563434,54995429.33322417
17483318.922413267,0.0,8078015.417113974,445.47589039155986,9525269.230911758,0.0,11844382.689086385,0.0,14948519.566624822,0.0,61879951.3020406
15438982.886900764,440.0569703423729,12851274.083780525,952.8925332059337,13126620.531307878,439.1291863899711,9629704.424050309,947.7020061514824,15797794.38671537,439.4344638308953,66847595.52791476
11199812.368084814,439.3980191070333,14202541.083300857,0.0,10370631.925680304,433.44652551194514,14217930.45098942,429.1929296766577,9399980.243931495,425.8080284562088,59392623.91748965
9885230.230815984,0.0,10841422.641751897,427.5912461778328,9816874.61302708,0.0,9427613.13451441,0.0,17083469.62093779,0.0,57055037.83229335
13274360.355538532,437.01136730675057,15934153.02033376,440.1872461823774,7490050.673130209,441.5241778767488,9420853.679024462,439.3628269143476,6567345.611667789,440.6923362495885,52688962.11764928
9161465.187010106,439.3192040927882,4470054.330049286,0.0,6313827.459987748,437.4383707279617,19813558.190531697,439.1163519900053,13903467.1124972,433.0068796630004,53664121.16088251
2336337.0933853434,436.3211176667424,11307222.495906519,435.6202256876827,15324927.256218644,433.9668426734172,6715648.660567856,0.0,14498553.381770447,0.0,50183994.796034835
9467821.677063975,0.0,9792638.898358813,433.3506148439466,2444951.3923384137,0.0,7844648.231243426,437.9895692627192,6280319.009632667,437.83488041379394,35831688.383701816
1970131.3429828987,439.46122577989155,16255702.07125592,0.0,8321076.828911995,440.6231816845778,15524507.515803725,441.10742998043213,8965119.62337048,441.30371034134157,51038299.87787281
5132433.510786528,444.3204935124093,12014956.135356938,439.46036244033525,16933679.65371063,439.6128424236522,5013666.3051384855,439.66372460638587,9949800.086292496,0.0,49046298.74870807
12753923.755713366,0.0,20884491.525349226,438.55199803429184,8947829.08903393,0.0,10902905.310691461,0.0,11230106.666263977,432.8147451449136,64720127.71379513
7386317.510902782,432.12886686007226,20944891.63896079,437.3585468840527,14409527.586976886,437.8878280870222,12606125.305653078,437.40938370140685,8570764.472233515,437.3737491796252,63919808.67310177
11113585.501938863,438.4140002181981,20010641.599724106,0.0,17347450.72172112,437.5506485456677,11511461.683446791,439.8125986061552,4504725.6338162245,441.00597415165754,64489621.92386863
11562195.178239506,0.0,11863501.665716847,439.2496172618662,8111682.437451293,0.0,20247550.00532547,0.0,18784767.50729605,0.0,70570136.04364643
4533452.405422758,439.69723647585425,12675871.21283542,439.31949168741863,4880719.334442805,443.12756998752013,20040983.831592925,443.9793110474719,12515746.78039943,443.2017082915983,54648982.89001083
6792843.847441283,443.41782634589157,3278999.2919373675,0.0,5786547.395638593,435.7595825225697,10616950.148380484,431.8424517346277,14995841.613046702,426.31214378098457,41472919.62844882
8405309.945709161,422.55067262315157,14811008.50848298,422.82497988013773,14089760.896596778,425.03080063494974,5383736.400778271,0.0,4076529.53887436,0.0,46767615.69689468
20143025.437743653,0.0,14398867.28581692,427.100683376904,2264054.6208333396,0.0,9122870.159805516,432.0005355841601,16786664.515804525,425.375465225976,62716766.49668814
7366799.4618756585,424.8193215985023,11836945.573217718,0.0,4773322.701843891,431.4933355623139,16160933.978174383,431.1803335777008,3115013.790597569,433.2524157141609,43254736.25111568
12188568.778807316,434.3524892790809,14861967.898981646,427.4346480785815,14298368.351934412,429.5020439719574,4524819.045187633,428.8891937607315,10242347.627030674,432.99281752698914,56118224.87313429
21546345.21428703,0.0,17187886.19064319,437.5968693677441,9716384.256915582,0.0,17164479.988728046,0.0,13651061.339164516,0.0,79266594.58660772
10923320.58372494,435.3012100553622,12597376.3502421,436.1178120738638,12834422.417771008,436.8819214015873,8890324.773766482,441.92376735358846,14726682.426379733,442.8339919609742,59974319.610587105
12948188.37681767,442.62262687883657,14727737.495710574,0.0,12632252.864057165,441.28436461800845,958567.1525655828,441.28146290579986,8583127.011426084,439.40070430143317,49851637.48973578
13535702.849224824,0.0,11657381.070648948,436.8341453730012,8334974.980524214,0.0,9526426.060652377,0.0,18817680.655336145,0.0,61872602.450531885
6873409.781476418,433.51428567121997,9759912.555515604,433.16246223238323,7799943.344357739,432.89375657425654,14197959.53234126,436.2197719909795,4531047.333319585,436.685102046748,43164445.022389114
16045889.403388731,442.75501068475455,10877386.272043081,0.0,12633530.820564147,443.4241744600708,1790707.4980039226,441.54644979284274,4862470.2627060115,438.8843129065084,46211750.86665374
7873120.627364609,432.9917931686662,18716835.455399062,432.058015602681,6078281.646309978,427.8798685628047,7878117.95979759,0.0,14545369.784304207,0.0,55093018.40285279
10809516.666561007,0.0,18717850.19038484,429.86841102290686,11878039.441800177,0.0,16135364.80659665,429.16191464067396,18286734.1858309,436.36443083095963,75828800.68593006
19878919.901756946,435.44497766611556,6796015.487261058,0.0,7868017.476528284,435.93914287885804,17289682.8068584,440.77087276868696,7921781.709768451,440.96791610056243,59756170.505082555
5300116.50352664,440.6756484332471,18069004.18892083,440.3107619125728,11969510.86677195,436.3539327462154,12223511.297603229,435.4531716075314,18029293.838974603,0.0,65593189.489311956
12882743.622959947,0.0,6886992.07476106,428.81702602594714,17414381.75166434,0.0,17453458.852472957,0.0,10975080.862703796,433.88463382754014,65613519.866221964
11838989.763020257,435.36456155086086,13623072.402659781,434.3687016227235,16276802.173567398,434.2145927300985,13401835.353314014,433.5094316221124,9904513.50951106,431.94659244946376,65047382.60595249
13289507.619367229,433.26062058484393,7375563.6549280565,0.0,9908345.51783509,428.24083057112296,18872402.587696217,423.90953411484094,17453613.231194932,427.04768514727914,66901145.06969194
6909660.277547128,0.0,9527575.421623752,431.9361205159292,5834628.607137194,0.0,12049576.61356016,0.0,22533538.170307837,0.0,56855411.026296586
254249.63617687373,438.7108268595897,13870953.833614595,439.9132176570472,6939653.241247037,433.9779745929003,20038923.661905725,430.37409597036645,13625132.603022223,429.3943161929592,54731085.34639773
5134020.796420658,431.8180915389204,6187266.9160059905,0.0,14317394.260853888,436.5090910037017,13816092.803229986,434.00959610102615,17140638.69215032,434.0746311391995,56597149.88007063
7981246.897786645,434.50754007333205,19806789.356049456,434.407878639061,2220434.405766842,430.29407024942645,11652614.380563388,0.0,12956817.809347296,0.0,54619202.059002586
24970614.442536574,0.0,21557118.685329333,435.4032592755354,16968406.311995648,0.0,20349346.761251587,441.22130933593456,19845179.512982015,441.32034902009354,103691983.6590128
5142963.383166044,441.8209661016875,4473340.679803081,0.0,834384.3714479231,441.47818863912863,7978495.087624806,439.0946118451773,16302802.881951498,430.4443959821944,34733739.24215592
12704374.374858482,426.6882787277679,8119509.073843833,418.9813916086594,7397875.341210575,418.041370454712,13301138.892386219,422.2654727899168,2124723.455264485,427.9949353181625,43649735.10901249
14476316.341404215,0.0,13152517.563825238,440.5638822972295,9326761.558379658,0.0,10296483.092863072,0.0,9526717.1619286,0.0,56779236.282283075
5266392.321216724,439.35074588105795,20211782.350791305,439.8893801394219,1272680.9093661702,439.2113826459154,10180031.505743789,439.2593925930096,7524835.187460221,441.1066568071646,44457921.09213627
11163281.04764811,442.6813137520916,14304347.047046764,0.0,12046259.883755485,443.558601818284,5549441.90735536,436.4731298794578,12037042.806545753,436.41976692236375,55102131.82516385
11495235.81947507,0.0,12725758.34418181,436.2351787927134,10303675.648543209,0.0,16028911.024300655,0.0,15143294.542397754,0.0,65697311.61407729
17440201.421177756,428.8563955386933,10404756.270831427,429.6348543414384,2081375.0908265067,440.2604037964547,4346752.130055163,439.73046532103183,14799207.516117617,437.7475828131645,49074468.65871029
2274939.9217100134,440.33425988887893,9795798.222564377,0.0,3567662.4526629057,438.74457607464603,11510408.866343537,430.60108934316446,16405331.947171904,429.02601369846377,43555880.11639175
17968978.966710586,429.21662855109594,18843563.419276956,428.70799834075933,14574258.428946132,429.20070701103646,17223932.1724133,0.0,16483738.76147618,0.0,85095758.87415706
19085785.67011483,0.0,10482421.552793292,432.1716299734227,3052613.4053253923,0.0,14284477.160600312,435.4553378734677,8386777.862918441,434.01539699618235,55293377.294117115
7986628.830381354,436.4824034971216,18162693.888064116,0.0,7863480.622113159,436.717498236441,5741893.369449823,439.35688219589196,10712297.643276075,439.2409923309882,50468746.15106078
13316871.217707448,441.88361098307763,15375547.851456143,441.69631103950127,9753285.24414563,442.4411172832737,13755489.456715152,443.0442915352527,14204836.64303869,443.969716135076,66408243.44811004
16263855.963239025,0.0,10663102.57423054,440.97883055507367,10836955.135693101,0.0,10002428.04364248,0.0,16743605.557691453,0.0,64510388.25332716
9237926.522395313,426.64478555507566,8680933.347898636,428.2440187764347,12653919.426794097,435.1407958155921,7370055.002759086,443.3359031528184,15549906.612446722,443.29509931867517,53494917.57289648
5607618.348963689,441.58547948138,15877176.235421004,0.0,14247919.203387424,435.75580985115266,11366954.126697121,434.3908198351216,14274733.293635443,433.7817062670915,61376146.72192012
3238991.033917883,0.0,14030817.964691276,428.1769853686174,1494295.969692052,0.0,11336861.285015909,0.0,15592991.495123882,0.0,45694385.925426364
13209995.991720945,433.41694541906725,13694859.692484368,440.1864762315394,15354678.67482122,440.41700428239665,15565166.420321913,437.15987406768375,17232472.838582635,433.7413338595855,75059358.53956492
1784283.6993527235,434.72812027919116,2212688.1133072674,0.0,8622362.232913475,435.99493766940486,17520708.978032682,439.0272980904726,1370934.9701724926,439.7084722574705,31512727.452606935
7736898.872515006,436.40671201546667,14614989.19159064,436.6310243815265,6117404.0459340075,433.97965846238014,3700336.723102431,0.0,7524182.361568534,0.0,39695118.21210548
5877377.575029872,0.0,17670227.204716124,430.6359972270106,11024574.2661816,0.0,16306661.55559843,433.5496675050822,20461136.98451746,433.71844081042286,71341275.49014904
11693421.037419891,437.73016553929256,6111824.612523714,0.0,5534295.674976508,438.85714285714283,16991841.329688367,441.3889484491602,12237082.283817522,440.09006118039605,52570223.00474403
7446167.935463458,437.0104187061772,12377524.704002999,432.2346305386568,14369224.395201474,432.20632904354187,12165758.016039655,433.5674072734086,3862603.148371411,433.48898980046636,50223446.70685436
14772620.402858157,0.0,20969154.890190255,440.87878551638414,5195438.362642317,0.0,21792928.861333422,0.0,15228030.566499222,0.0,77958613.96230888
11366495.598405343,438.8096990071526,4560436.081515335,437.9584131510263,9641874.912960185,440.8281043457545,17970310.749095842,439.8953392766349,9844797.291700702,439.94196068010893,53386112.067193866
6793745.318317545,438.92440443994167,9370484.493979746,0.0,8319229.835826709,442.77945194091245,17728143.05219238,444.0250394397863,7918087.713278436,440.3823229866271,50131456.52481363
13130127.555848941,0.0,10893227.47952392,439.1129040701022,9999858.039520718,0.0,11426101.168764938,0.0,15963425.113699583,0.0,61413178.47026217
14232283.914044455,441.1342027766092,21405172.402020045,442.8219140841,14905919.868877808,442.4829310523307,14013153.396020984,443.05872162421963,3491750.1343943328,436.2243088502187,68050485.43743601
10238304.855334863,436.4303627833252,6258125.475859935,0.0,4491227.00179272,425.377083000116,20260731.614910208,424.65104221925003,6403191.791349063,428.37204166043415,47653295.569776446
13327526.672273068,426.248962571265,11355187.655538376,427.6607307635444,19550025.62300867,434.83685080608063,15442099.361828906,0.0,9372195.47096429,0.0,69048323.53015745
4581269.680351487,0.0,13815475.329575889,442.766111159861,4266324.818909415,0.0,16170929.357858969,441.10965286867446,19620393.263889927,440.63938331766605,58455716.96573304
13791149.845374329,436.7363508631725,15401414.334020304,0.0,4855903.532223515,436.3620663533858,9112372.95337912,437.2767576725093,19447541.19677873,437.63910433433733,62610129.876055226
15474832.702741647,439.1142449214083,8692288.133363068,434.7812581119294,17857058.96553836,434.9073011571802,16862816.223755524,435.13110888879424,10850139.345550835,0.0,69738879.30486251
12004738.904955337,0.0,11288710.361421095,444.6748703092501,20520688.832033228,0.0,15367885.508023703,0.0,14201337.436670894,442.6403383585687,73384248.35831292
13369961.564243784,442.83233608404475,18761073.1508186,442.52066746953153,13896189.157197064,444.0965395265405,11114891.007152585,444.4509515027434,18345884.015199646,444.0683285230447,75490216.86343479
12616706.28687019,442.6796590167741,12091343.323048588,0.0,18509832.153819203,442.32660747347546,17814146.316033643,442.8250308924792,15235240.077574942,442.6540608640398,76269038.64270481
15340872.035478046,0.0,8638736.194607088,437.9085916409876,9294754.153986352,0.0,19648015.131804835,0.0,7649615.092251747,0.0,60572430.516719714
18299130.33845208,431.6166464107337,6993420.522842906,438.43634137593335,13017835.034638574,441.4156586485651,20339055.744290326,440.746845726798,21530258.96770658,440.260692624694,80181893.08411525
5656203.753462514,443.9256631876135,14004775.358764049,0.0,4306688.889964234,434.91303212293127,8461052.6053027,435.1643095678112,9314128.748182954,427.507168239967,41744590.86584957
9556993.411778068,427.6367492174835,20015721.60544209,434.584731750068,21857150.766432628,433.9465447609654,15784616.116854297,0.0,15565985.543899976,0.0,82781763.61243278
21960385.02332472,0.0,9084526.914519543,441.9815898258871,2899343.785675893,0.0,14137299.021662004,438.04379337159526,3473075.9646516535,433.7386239439924,51555944.47384096
3471805.1749322405,432.5325312593993,20540344.42537046,0.0,7266871.834583269,432.47297400929403,24422533.90690072,432.69725852750196,15802100.782049272,435.7356271686509,71505389.56222692
15723697.237715226,436.836041048051,7608376.1279393295,433.73582061866733,17110473.82521318,433.1902366266146,10430309.965003945,438.68530328151223,20452927.222528636,0.0,71327526.82580188
23245080.598721776,0.0,8733985.988950035,434.1997028939373,7107185.1190678775,0.0,20260521.41130669,0.0,14496762.457658386,431.59221916072084,73844401.36762682
14253548.095805295,432.5748166419396,7631903.935015094,439.4628565416418,12998476.026883397,443.8445307520705,9071172.99277625,444.401603872604,20149689.20560828,444.1167204293841,64106994.65661655
8684896.050104981,444.6509067979756,6791611.464935055,0.0,11950121.913065625,444.254999139411,7978902.290804873,443.93887815388155,11041947.09635367,443.3874555762648,46449255.04750387
15656843.641687555,0.0,10814484.627767825,443.09675136113754,12871240.402711125,0.0,15313509.067927776,0.0,11307423.93831703,0.0,65963944.775162674
9175219.696312357,436.07728703481484,8984996.661575465,434.77600007947166,4919942.381715166,438.44961348356105,6378754.229495304,442.01118603841894,14502912.186088089,443.0572590723963,43964019.52653209
20523416.504731406,441.983045284655,8932959.48048071,0.0,20065811.884531867,437.93926434616344,12525705.171089828,437.76719080171046,13856745.632284148,435.7286485452308,75906392.09126693
6057988.38854653,433.34539135735423,15153578.56472298,433.84555112764474,1691916.7562168625,424.0096155121951,18627214.01208749,0.0,6571625.3127567815,0.0,48103614.23488864
18372462.88022898,0.0,14753571.070896931,424.6944881810035,9663628.750942804,0.0,2410065.6616916046,434.6300465638214,14224358.676478423,433.2531615986544,59425379.61793509
12162970.965338036,418.07913340092045,26968212.498865332,0.0,13842160.619736722,422.7030906159501,16154060.241464077,419.19809438935926,14951722.331789514,423.6890932672637,84080810.32660533
3118262.359395506,439.66401265226517,18089219.645642217,440.17579344161294,709464.0028124229,439.47120239417956,22305121.86773835,442.89283233143806,1605545.5503901572,0.0,45829375.629819475
8965647.857240897,0.0,19197565.76639403,434.2800639362191,4262934.870773111,0.0,12103416.304946207,0.0,2413161.2546009556,436.80628084821655,46943597.14029999
13472725.622420773,431.5416154372463,11044797.79616237,430.5267792702968,12098936.053863695,433.7302140767259,13923775.844958171,432.8851002051471,8296080.975917395,432.2473442198902,58838477.22437561
8352514.541943203,437.3294754368644,15824296.251857562,0.0,10358374.233143158,430.943320137036,14736025.109486124,431.4019848298555,9050002.07206231,427.3714966216001,58322939.25476939
15338789.66773111,0.0,17828255.884212043,430.1478932160557,15381638.284060217,0.0,12502709.605956666,0.0,11055659.311845314,0.0,72107482.90169856
8515887.050322626,436.6045113310255,8333299.280894409,438.74103837790557,1647202.3993106713,438.99015509808925,12843079.751766058,439.0501805363555,2452041.4223598125,442.03505996984546,33793705.32559889
3794121.9433552176,443.1897079098584,12736374.650366258,0.0,3771781.0547976643,442.96114183951346,16487493.575512875,442.3268018371824,9391763.110152887,438.5169412244921,46183301.32877771
17877622.43365314,437.429911821606,6769657.514075743,436.83547234380853,10517096.395972379,436.4073742020848,3610089.2008647323,0.0,12712104.81540459,0.0,51487881.032728955
9117673.395071888,0.0,8843467.159652298,437.9786117150439,8413199.09079945,0.0,12805996.867704969,438.5156995329216,14750947.670234075,438.54273179302385,53932599.22050572
545400.2998853442,435.8945928279804,16464591.661951005,0.0,4426838.292917028,431.9269464073702,13402331.309157971,433.2002101808614,20154737.18335133,432.843870854557,54995632.61288296
5950901.327773091,432.43535268789765,14766795.087611305,424.2883245290558,11379608.361307027,430.0641849565774,9155029.811208768,421.26183583127647,6555078.835077046,416.0444912487208,47809537.51716649
1750813.1427727095,0.0,5112260.615548794,426.59162922917255,11103695.732996475,0.0,13765576.309701331,0.0,19091676.769006785,0.0,50824449.16165532
856325.1532349257,436.3580940887465,10567286.658830954,434.48841053278335,13836730.103596801,437.47420590340505,15749040.36806435,438.02473240071555,15327184.987719417,437.86211448810286,56338751.47900386
15101336.370944938,436.70527805645185,18126066.5544027,0.0,18735576.4985953,439.78435282254895,9718184.85070199,438.6346472987008,9591229.263725577,438.72488043438705,71274147.3875291
8667385.944095138,0.0,16805291.64517838,441.1707427387365,2832216.154258855,0.0,8210035.915644148,0.0,12229959.54696096,0.0,48745330.37688022
1477959.4176846065,440.5834541513433,14607074.453243472,439.7147146064942,3486826.0561815207,440.34841766725344,15593226.965288125,440.25818945921,11332970.264643786,439.6911866774351,46500257.753004074
18799010.283145335,438.91110357282696,13797006.643826235,0.0,16679817.80113876,440.564171523794,14742413.591132274,438.53470773551027,14278217.879535588,435.0047481205761,78298219.21350914
12332675.533426534,437.28407090928954,19959854.69211361,433.227616517026,2920318.9525721506,432.77818071444324,10705666.367017085,0.0,18608508.813801654,0.0,64528327.64879917
9964794.546313401,0.0,6777784.252677385,433.1821276266132,15447665.79074378,0.0,15453606.339211468,436.21911037355835,9682948.880416619,434.3166952110019,57328103.527295865
11472611.460772777,430.2290597691516,24346737.198488493,0.0,13036714.60051507,428.31216662865626,9020681.40090079,432.7353905001657,15054782.664855257,436.32196871596767,72933254.924118
10627551.058129622,436.01495552498534,12592754.726937443,439.119512630816,11942475.880467635,439.36426517685186,9418851.391640514,439.6647807764551,8489325.642197905,436.29388584436094,53073149.15677307
18960710.684628323,0.0,8977310.143991996,439.04165917944727,10129290.870798536,0.0,18145118.883562703,0.0,10475755.576934699,0.0,66688625.20157543
10900562.215590978,439.2632261749721,16570642.134525139,439.30942609938865,6419198.791557235,439.1918366919545,17631779.273169827,438.3229405951652,17681142.3960136,442.14815650987595,69205523.04644285
5278487.3439298095,443.5511749248894,11282893.929376189,0.0,14162052.485177634,443.09899434435624,10508950.757858632,443.67697706583357,6152659.7696822435,444.3429503697182,47386818.956121214
11451798.944075102,0.0,14096033.645560004,442.97780826897105,7866256.265712296,0.0,11832741.284864405,0.0,1565124.4970251431,0.0,46812397.61504521
18789963.043570064,439.91043007200204,24791245.652605508,440.65809382873425,11626795.939400863,442.1669953746612,15849981.801920403,442.3285511182316,5200571.85558039,442.4892524260066,76260765.84640005
20272969.70150244,440.86855180780407,2568944.2787836418,0.0,19032238.1111097,441.1278234039001,21719398.488009725,441.3753042686733,13604717.643819606,439.5004633465079,77200031.09536794
7442951.563971244,1182.0738061214975,6391271.489878359,1181.8663769012167,7306162.1763411565,1155.0333774232174,9618168.739988495,732.1047096590148,10846551.210802732,1455.5891700971954,41610811.84842219
9002940.952914324,0.0,17709390.422611795,407.5729151441217,16801853.730659425,0.0,14520931.060677908,420.9950984492363,9031127.57968857,424.8510569332844,67067497.165622555
14516592.870336698,431.80355083091365,15286685.167804811,0.0,8304385.551478228,443.5586995422233,14674075.195059456,443.4043494137396,8445884.08453157,444.4707721245678,61229386.10658267
9133755.884004539,440.2081321263355,14767939.214547098,440.28399268433446,11154654.27630657,440.54228778644597,5485844.8416297315,440.5913605165421,20017045.50033715,0.0,60561001.3425982
13518832.447140845,0.0,12915152.629304007,436.330101131556,18673960.225176156,508.26824709242317,11270203.26050871,0.0,11459885.288042216,432.9607853426111,67839411.4093055
20592607.90628082,432.66982626506973,20127255.074847873,431.98524105905443,7582514.598531055,428.5476622332494,14017531.277139898,435.3864046763796,11972834.741783459,437.688674230673,74294909.87639156
28307351.95481288,436.43670162468277,14262311.170021128,0.0,7659169.155558793,441.9977944742425,12012887.900409576,441.4333704544453,9875446.13951023,441.8778888094116,72118928.06606798
18786133.805685077,0.0,12454599.93817074,441.6170569332178,11567765.981394783,0.0,1628788.295959338,0.0,18363442.951649774,0.0,62801172.58991665
19095827.677905113,441.49977818279183,1831412.0918271083,440.9733249662414,19558433.686612282,440.53110574676026,8763803.847003818,437.30572712294963,19046231.798844215,434.4497814982502,68297903.86191005
18357383.232901257,435.808067164024,21678352.8380573,0.0,18415273.029715624,437.4529132080293,20428335.89680074,440.800017515819,5437018.714141252,444.0967354488193,84318121.86934951
15290484.208479408,442.7404056444255,3581942.050626438,442.930931041925,6707582.822814204,442.83009579967455,10609532.732788397,0.0,15696440.310176738,0.0,51887310.62631767
2633362.4229650954,0.0,17457024.62170425,435.76297798269906,8332259.037546911,0.0,18351706.290468182,434.7494301820502,4217778.429085704,427.8738667781443,50993429.188045084
3772733.060797088,431.63839269060225,10359549.430004474,0.0,14216381.396211388,429.2059225578573,7994937.266414188,430.65147271692354,7442126.42580054,437.55445235980875,43787456.629468
6053525.132431194,438.08954647074415,14491139.500116227,439.2435797746867,6479078.712266966,439.53107159371297,12105016.163879814,440.21881648601783,19401022.20229705,0.0,58531538.79400557
10859725.059700588,0.0,16722648.171897316,436.38627981606135,10967155.003920158,0.0,9530863.921716873,0.0,12432379.40182822,436.54155573875494,60513644.48689872
14589502.240440039,430.0737394661339,11072558.685002783,433.2885940706057,8393079.346297586,434.962174307566,14414038.339600751,434.4212829249673,11062111.434830489,433.9711457006318,59533456.76310811
