15389703393.17712,14300464869.462547,15354494292.543995,15205910628.83286,15078335375.728466,13875321312.98904,14752121584.885082,14689959036.055141,15284372298.61021,14894756467.519203,148825439259.80368
4170777.6311341934,2937410.7982504936,5438967.338025547,5852732.753839193,7890388.090223429,9308509.178577278,1466029.8890610025,3920336.194728614,5750948.172863637,4214328.196639441,50950428.24334283
4482683.346203203,1573474.946671983,4941332.973058933,2082002.4472334266,8024660.9830023,10515085.222512031,1351185.9552067406,5786408.328608429,5750367.811093014,1560730.431539806,46067932.44512987
5756779.428096607,1518886.3551551804,2768486.407911603,5018590.315259819,2706502.2537812022,3652190.316496314,1306893.164953394,6149144.745063764,4900005.122392957,6950383.861004812,40727861.970115654
3488054.8257889473,1602578.0701175204,7038081.053378132,6654406.102421986,4117210.7647681558,5010616.322904452,1371340.5804028572,5228437.276527605,8257644.575623977,2017793.658555276,44786163.23048891
9734456.76462614,1618969.0144997218,2593846.4437731095,4385620.258558489,9478033.483845904,7115637.709555545,1368616.018970802,7041488.642316531,7165860.005500009,3000365.1497881836,53502893.49143445
2008372.9348848541,1710470.459293401,3975207.8938165433,5132381.815614999,3228718.1516917194,2328571.0812683073,2092920.8884693119,5299574.883424202,1515407.8279765686,7820904.575114685,35112530.51155459
3515596.1343673132,2292339.5326250866,5642929.07420903,9307712.860575132,7305085.729562486,3394375.1220984156,1595676.9401664077,4356068.533990357,8568039.211633671,7941959.852093096,53919782.99132099
8530305.469231408,1479321.9035468649,6825361.579714952,3288969.834143929,8627443.766916012,7063002.881832493,1778517.915527896,8412051.252193836,2771620.7882304005,1491033.5072085524,50267628.89854635
388829.10360529006,1271814.5601432838,10348723.109769251,4459240.325461627,5434339.907415975,5687421.4304290805,527615.6413690024,2624272.698178809,3223466.1636152803,4893209.247659521,38858932.18764712
256670.19708515535,4022465.713466131,3837958.535554464,7116385.142432051,7575866.936775513,3251168.3704476473,1221201.9995117595,5862596.6160318665,6035368.879049282,7748874.677374049,46928557.067727916
123774.02122012107,4638626.354854837,7850386.733342645,4446764.450438655,4196055.05180837,4852328.147555015,4100918.851326814,6891083.087029182,4288861.221909925,4800195.377007109,46188993.29649268
443940.119243213,4374109.143559927,10617830.520937612,5333388.113856859,6207020.109592672,7369137.293126192,5205080.783493936,7568972.741281849,4749033.498523737,5170434.48160024,57038946.80521624
3495388.137808309,4666441.877557252,8899415.653398141,5423328.11111203,7567010.181889347,2813245.40639543,8112210.732458554,7181215.027506495,5299308.036894589,5905689.038514907,59363252.20353505
4873691.0159391165,3537654.0883129737,6725951.962915403,6272586.650989168,4698463.021212023,6725151.933244669,3303542.576047444,8018554.282317729,2822768.491799064,6518601.266760575,53496965.28953816
8735480.04225891,8115811.25096101,8260081.63542787,3534530.182429709,6785263.97933727,7743166.635904098,5454000.051920484,6455140.506257421,4414292.138878497,5492817.071771918,64990583.49514718
979245.1992045502,1390907.7544328535,3844704.4661598545,6793162.630319315,8458710.852249537,7273448.37589834,6899875.864374468,8170355.669219179,7064059.829155989,7989689.948355014,58864160.589369096
7852309.132231544,3322313.9818879366,6663892.888370795,10064042.060159821,1666971.7598855793,9424910.520715384,9082761.103071082,5471412.099385534,8227056.904292561,5317210.738745054,67092881.1887453
6144103.231494679,7902747.118788856,8527098.051224062,7809878.759002368,10570097.406434923,6550112.973366371,4470599.764184697,4620343.158792504,1905428.0245866855,9397445.400284465,67897853.88815962
7902668.384994774,1505905.8934035103,3835416.5748969405,7717435.087525989,1031709.0737780028,11286365.14723441,7976395.442577287,7112841.248668285,6696441.035198708,3575593.664917235,58640771.55319515
9954599.934674667,5160627.441643349,9290509.9033488,11220699.89660986,3469813.070521609,4300106.09906483,3777186.9992765905,610578.3087327831,8920539.80387673,6579862.780986123,63284524.23873534
4475230.367533584,3434075.693856773,4403193.436816697,4484909.976140309,5128905.274900758,5273223.440354887,8715112.908971874,4859648.142587587,5568124.137264423,5336202.858794119,51678626.23722102
11277322.745873183,4960101.839788435,6148328.32088258,7758656.26075864,6957309.991650298,5628352.506146461,6610932.518015643,3615482.2330215247,7191843.908400058,2240754.8879603753,62389085.212497205
7301149.3293219665,4720392.870735032,7186490.442984756,6160402.136155309,5157290.1175089,7583053.6435988825,6942058.172783347,667304.5869407435,4005150.3151278757,3386035.6887513883,53109327.303908184
3759771.8802369903,7076396.415829363,2488995.902742056,5556047.429589002,6672691.92230852,9278632.089784844,5530762.352247983,4191211.4485321543,4061888.7508379105,6085333.506630695,54701731.69873952
3985298.4614844075,8374594.331923354,5506775.002533413,8935421.919185262,7112542.018256354,3893090.0566632263,8294654.7252187645,7391608.216502756,4368325.5825507445,6518165.090286728,64380475.404605016
5842511.81480185,8969270.822954623,7727722.70994325,11436252.688122064,4794548.520406361,3098242.7739707734,8403410.759970803,9440536.428318061,6551093.2463770695,1832623.111814648,68096212.87667951
5194982.079610563,7333604.158232912,7150542.950671006,1803258.403780759,9103725.856228545,5101912.890392387,2139658.269953109,2510801.9295477895,3687284.8590922984,5042661.009745756,49068432.40725512
8314676.88308947,8627773.554318717,9259923.765632248,2693095.0563219767,3646294.813277059,6966532.2835034,9906040.455552505,7666733.8323882725,7099084.48302477,6416036.585224512,70596191.71233293
4080029.088443434,3208593.499944598,2699175.223245137,4217978.664117889,4909858.852546189,9214680.374498816,9038822.375535814,4471824.315717224,3229268.725424482,3881260.8036951227,48951491.92316871
9607694.430575645,4448820.999151043,6173637.885697693,4492450.260204776,7041673.350600798,5925583.73411166,6782813.930447198,6680672.527815191,3805667.4591190717,4863706.914777582,59822721.49250066
3326844.149668604,4702290.477938999,5994959.271998422,4924226.426297563,5744165.616661356,3808689.1915999814,7210953.996874715,5650746.372578242,4256673.389904907,5824926.781638589,51444475.67516138
5910891.499921955,4249578.722810419,8424675.729847517,5471710.035980335,9536382.660530241,6275085.829362179,4149247.667976556,4865172.774417909,6536469.308809399,3208618.212348122,58627832.442004636
4730663.570204575,5882165.590260717,3161027.188282327,6978927.625810095,243900.1602793993,5270760.993799457,5993769.548803099,6264915.203652073,5086063.325159032,5935200.685495733,49547393.891746506
6887034.263015845,8877325.558313597,2709853.1421839534,8650187.166064607,3459010.8092037668,6517583.283970757,2067374.9885091942,1209223.3733831805,4548759.891314925,6336332.811230834,51262685.28719065
6986605.605071665,2431203.429887314,7091165.114100868,5891229.270831622,7368007.1501706,8084293.086672096,8057854.479994082,8607215.80598437,9565938.639369229,2334034.7751043974,66417547.35718624
3619290.6969934707,2889683.6154321698,3892995.0080143115,7793413.167079625,8117565.35005143,6971970.676103532,7153545.980007252,1426362.9979704607,5361675.715946237,5590443.605338981,52816946.81293747
9133382.055825794,9465200.330677437,9616718.97480566,3643485.1325782454,3561474.121181898,7978848.539987957,8893004.432649689,7480240.189735787,6985969.975949609,8053269.572097226,74811593.3254893
1846458.984825692,2075423.0039071823,2459662.812039528,8100274.273582716,7939682.556714583,7287139.196112866,2934411.5812532566,1625567.8422849863,9475759.48397829,3601753.115183858,47346132.84988296
7408195.65704527,6139725.874730163,7907087.892555722,8323721.117821634,8514182.60261824,7778223.493811921,7487473.484470609,2965543.0501182196,4123166.7859685794,7278141.488173542,67925461.44731389
8378364.552211327,7505626.065063061,3380064.740873089,3489314.0880042324,10161404.003959833,8709440.700559823,8362355.755653963,6199803.681459517,8571232.82421092,2869050.9962420715,67626657.40823784
6666051.645751203,6160701.124629969,6471695.092252996,5752239.082953483,9166036.330144117,10444290.111460822,4988838.74695718,8403009.387290686,12808375.9387912,5343637.114359801,76204874.57459146
5911089.069522715,8142383.504318606,7316732.707644853,3694136.328005052,8578753.729378045,6885674.662059288,7383404.83458915,5197002.2196717085,8951311.756143942,1883061.5088480478,63943550.32018141
7479016.972936337,7047193.385611318,4181643.9421705767,5446846.30901917,8592767.413194776,9531932.64606069,8204057.299767429,3076642.3982875096,10447700.750963835,5592856.251650324,69600657.36966196
4367683.82018896,6087267.60315949,6952777.543110665,9961752.751351247,3414561.3928638734,7342173.685328672,5982145.291552197,7536127.853418316,3419910.496394694,2013970.8885482992,57078371.32591642
5099492.64602917,7992641.160781317,1661368.3368087038,8059390.675033528,6354492.415675045,3928969.056671295,5907387.672314232,2455349.6870637806,3403639.1339481096,4546544.802029908,49409275.58635509
8241363.372466203,3088273.3904700596,2837003.8775697662,6845068.454361849,10364150.250380505,5366345.99586262,6313908.386541647,9090411.409444463,6023501.896982569,8649658.786886152,66819685.82096584
1190518.4594234487,4559800.615251401,9781004.452165606,9945368.527020616,4306384.868188837,10109691.08083646,7601484.811733899,9573091.254849901,9871222.585136026,8596729.680849662,75535296.33545586
2944171.367676496,9658253.243766563,8510118.25253969,6101924.77599937,12461728.937605528,3097959.232608664,3388639.4724103236,2488836.6264593587,3132404.7215081,6498051.6158677405,58282088.24644183
3009030.421455541,9772792.299823137,3779803.3432622068,9600077.679283373,4320249.771919006,8447893.181550916,6715688.523084923,6655303.019466012,4742272.900011858,10094443.623832438,67137554.76368941
8170300.927325918,8206117.148697166,7802289.578898871,10082069.007041272,4989142.122542421,3731881.965551822,4326701.650622835,3560364.0396588235,1281002.6456281524,6097261.123437596,58247130.20940488
4580443.961024347,9250783.677961059,9132981.043322379,10534594.228480007,7347552.728191722,7500902.800161459,4025978.831921061,5936216.18742144,4045457.732207948,9788222.091321368,72143133.28201279
3195890.596450751,5337775.891095691,7926162.892986417,10528144.863568326,8168797.73206665,7227970.778553721,4957688.240469727,6380303.429043868,3882242.21634461,6205437.778564029,63810414.41914378
5612247.231714617,6317870.139548349,7394034.074393424,7339914.171201757,6808274.305779696,7227487.039176627,6091318.516387356,4601385.3447227,5594810.862232695,7773871.882675623,64761213.56783285
4160228.7587055634,6216002.119295748,6229469.308365429,8917028.399368871,6640951.278667226,9157709.048207534,5828916.057733042,5768287.716333636,7288324.885352417,2892349.4113971074,63099266.98342658
4690866.259800949,8694542.26295366,8020489.0305741625,7288922.559433119,6287202.382547918,5256477.595964336,6485909.108428061,1670518.8192419517,5655464.309323433,7295421.426047109,61345813.75431469
7033629.603157483,6479045.279218165,1843004.573574388,10410175.05775739,7326808.528303885,6945750.5919214375,6333657.398648634,9732089.918715928,7229545.108875594,10743840.468331827,74077546.52850473
2469907.135063914,10037244.56294333,4371785.705308945,2638861.48592323,4572647.799217257,2260526.4321760354,7511214.792516387,1642343.6257820255,7674841.696487239,7380943.194705338,50560316.4301237
11729881.40134001,2141071.7410780857,12119486.739623534,7223595.732192455,8377183.541811783,7261315.650052068,4457470.142467041,6841513.974749271,1410391.2894311515,7424387.626040388,68986297.83878578
3504889.304274744,5842030.764187201,4510413.209151084,9050653.743867164,3703186.6731948676,10998499.783806002,7608336.8312145425,7497609.864883995,2162672.441539056,8442295.966881404,63320588.58300006
4099527.4296088675,9823827.18945752,5755503.92290231,8608418.270008817,7445947.292749898,9708997.30315141,3231287.817331338,2886676.9031630266,5860660.9958417015,4044947.236209385,61465794.360424265
9650360.088432893,3455064.5625149305,9390883.5209667,3776085.883190193,3614737.615796357,9710746.139644524,5612078.471981235,6707449.899313412,7852425.214203213,7620565.2792047085,67390396.67524818
3189282.970794961,6752662.644922536,4779351.62135415,5287087.596791056,5909126.191583636,4992800.098707691,5244222.425012712,6265193.530887995,5186334.320354519,5097594.314727981,52703655.71513724
5519976.523426386,10031343.89951504,6157408.316815771,7667588.653218197,7653622.357776164,5431179.978904811,4578599.84919918,5645595.408805442,9689543.122931035,6146254.9611341925,68521113.07172622
9894038.97879997,6562744.258643786,6499907.366993779,7656595.892444755,8190798.796660492,7415380.607523137,2870805.6028806614,10090498.563833013,8873623.813358888,6950290.017109531,75004683.89824802
7069683.040434923,6402096.081700261,6644833.423864221,2928475.466284422,4190801.2672458403,7203818.850187169,4458137.640719374,2198571.544944126,7581999.707455401,2669369.2010261426,51347786.223861896
1361237.13222473,7316572.233718067,3642871.4013628447,4137307.338583448,10061113.581501251,6127558.132889073,7236092.967597662,5668947.240742631,3655011.3236844516,5430254.214598799,54636965.56690296
2258579.924847338,4872402.322676587,5896877.724826565,9141497.816740107,2988483.826679153,7904468.3499479,2394129.0400277167,9486543.633089665,5220143.919462476,7591499.015407834,57754625.57370533
10736247.693928035,7035714.468648178,7726461.846208716,8136347.029311044,6910219.011760934,1483070.9457730232,2856026.423790433,1917074.9580229642,11341893.417294096,1884211.5407244223,60027267.33546185
2952371.8683673018,8820701.498307796,2900683.34993892,2309471.61182216,7155009.377617737,8902977.059958356,8252463.703755616,7158744.110823859,2961250.2633391223,3862846.162560214,55276519.00649109
7196431.402244237,7287902.608170016,7628347.812232896,6186751.915432889,3224558.3863060963,8461042.037271656,3479629.1050323243,7954610.65396574,5118364.484821332,4676606.124379906,61214244.5298571
6051046.233674281,7342055.525118769,1324863.839685971,5903238.950138329,6084172.088541697,5236616.223881915,5374917.219006457,6176373.523862569,4571957.986216821,8223697.102500054,56288938.69262686
4245927.977133929,6848487.156250641,3665203.976822863,7341512.936787246,2133331.6097406666,5262269.052007219,6272770.255847942,7692909.941756145,7135218.980877727,6955098.441132086,57552730.32835646
6793564.672439843,7837225.178020718,6735413.354814007,4008584.2766458555,6240845.7981643295,7513497.608054192,8384918.678190888,6049154.03061017,7929183.364415705,8100112.308892737,69592499.27024844
4498535.416793519,7775280.264452059,8303956.522885293,6666096.948225942,8179071.1791979745,1476611.9115260774,2265308.2123244423,9727358.108174957,5461184.963026389,9548044.027760422,63901447.55436707
3160156.4038928556,8877091.226726582,2854326.4094678746,9426679.626703713,3869040.8043920896,5873343.244307452,2269693.045705091,2508223.327534765,9368038.334143363,4744574.098088952,52951166.52096274
7152513.78416366,6560699.395309813,8466567.516622052,12256880.081635166,6921974.611514072,9938101.479956042,7233356.497078172,9152463.88906432,9434213.097090779,8895081.313944574,86011851.66637865
11133897.715975491,8079475.162125322,10813625.80496238,3384462.6838519257,7334638.555482392,5884719.120851357,10396930.947822494,7882372.154819624,8282080.782751435,2412454.5150847044,75604657.44372714
4125294.6057729213,3389799.5573828123,10725609.756814213,8391424.872891909,2486053.244247855,10844407.087742388,5089591.841302662,1092132.3967081746,9206226.482554875,7165471.775564434,62516011.620982245
7985483.56134389,9052608.599597653,7891530.609558019,4711791.260043925,6510648.295885169,4620284.328243771,6141768.82359609,4518556.444546318,6100221.384329263,9268802.28847027,66801695.59561436
6475716.912861644,6995242.46949236,9656100.163607832,9180472.978811033,9859911.763374412,5197232.885368577,8500305.782231066,6438610.1473008,7602219.685955436,5516691.733454226,75422504.52245739
5078648.300587301,4093338.3980635563,6889800.200408108,11059073.39451216,4810301.545147783,10107287.706484657,6553961.774445726,8854917.268085398,5045552.904750994,6529429.737929418,69022311.2304151
6650413.518441513,6569227.621605567,7770350.970652656,7818268.860417743,6673112.328510036,6519938.980989509,3498967.15507061,6010429.427769073,3607100.4727773196,5982656.420946499,61100465.75718053
1464199.4395580941,7286205.645697964,11397011.50628425,10943325.362914722,3476318.0087145935,2618867.791802354,7553520.825591069,4617356.780041381,6944723.656277521,3900889.9588547144,60202418.975736655
5854284.671434866,7582487.378371459,3761999.130208668,10688857.085405389,7012590.770280952,6984992.24862061,982061.783072246,5650111.042474469,1123913.6141633028,8485177.739028566,58126475.46306053
9239725.297465658,10334582.532640522,7902841.777669257,2957435.1222358076,10708031.197261339,10634811.932033967,3907293.264684279,8506748.876645133,8180638.839440303,3136120.209774786,75508229.04985106
4303248.8829502035,3381874.6635086318,11022879.59434238,8643778.679668294,6760271.396089284,2611857.6231732247,6007864.480155147,3293183.938185454,699779.9376334136,3253496.5707714153,49978235.76647744
7208846.102410993,8315677.358299347,3655225.946004174,7312976.33722271,10354391.881076023,3577722.6390800485,3327045.7654302763,6250195.860059008,4232531.326432376,7393151.735151574,61627764.95116653
10616988.107155113,9882458.563966384,9166498.820709629,3361017.3146964135,6711762.192001918,9524009.464662705,5633151.933688554,5485624.486459804,7355651.795687974,2741241.7830128134,70478404.4620413
8136356.2975762645,9358439.221587215,6712726.296298932,5559529.821901645,6655334.91525522,8303891.523757341,7761614.558718035,3390794.659166566,6293679.858520322,8376212.641933135,70548579.79471467
9845222.54086524,5901081.002452168,4912541.274221597,6758938.203829668,3548712.6227855836,6915254.237213858,10277567.56391941,6893159.850072725,8031778.665369886,7537065.505188181,70621321.46591832
6296026.14683552,5990126.939516563,6876198.303588714,6492971.858498618,5679339.341679951,5961928.852863085,5895517.987257006,5149880.478258303,8236860.256912474,6765401.582391039,63344251.747801274
6930835.860391529,5490199.73492549,6982623.410347145,8969459.167043127,5052632.223656294,8160945.0348609695,6400783.245892953,6483783.978038015,5610701.672710981,8352075.399054678,68434039.72692119
8318420.254198773,6545813.8948637415,7409761.480625467,4875001.072896075,4327643.191602352,2663766.151647414,4093517.3097925093,2224549.9970611786,7558568.707557241,4274676.075186622,52291718.13543137
5097033.09128683,7045804.046925677,3571987.039641253,4049805.4591201083,8496020.351659447,10005676.400403328,7637520.725303175,7772461.892353498,11972368.793869335,9943909.855161704,75592587.65572435
11290181.407120047,1192885.8359214098,7909729.758785659,9041905.990292594,1244299.3642070293,3296309.5030712932,5610282.273806115,1857449.5350586737,8898035.406822378,10159769.09943168,60500848.17451689
3202623.7128573433,5043127.678625966,3696602.012366889,2371420.475507679,4217259.549395983,6713828.816525813,5336465.918119573,5107422.628474505,2182231.9261552994,4741072.369767971,42612055.08779702
9476215.850540765,7916525.846169342,4443841.732146608,6977536.045078569,6771273.511266677,9490316.361114463,9534060.275773503,1330391.8564295026,2933571.732243055,6674371.65120607,65548104.861968555
3916841.6042483477,4367168.7651403975,7805485.073988633,9556621.53075328,5858322.379231027,11453306.323530048,5849612.660656696,3567440.8683673693,8632134.75801082,8866643.930976912,69873577.89490354
7017512.610598299,6411815.360199604,5383554.6832915265,8230150.664613059,8659709.41406631,9069774.773077333,5603489.723732252,4551387.791374043,7678210.042265963,9240825.294690963,71846430.35790935
7107291.232415632,3294991.4351540506,6216404.369277514,4065810.45740092,6871865.6380286515,9993498.844871672,8289365.324535687,5305285.211066193,5173195.324912811,6925360.824133825,63243068.66179696
8012556.343869649,7120912.187988575,4563150.251698403,7243348.030179943,5549512.267195448,9897969.842052879,5716626.057652256,6342603.455497223,7505450.970420915,3859672.6808008016,65811802.08735609
3202054.607151504,3650262.9934248254,7069792.434884952,11313788.56220082,7565696.494310438,7790269.661605664,9007674.28987112,3516701.8673387333,7025851.83632469,6874474.981592202,67016567.728704944
5292369.775522138,3641751.1807273324,1152671.1750778425,2313782.302005608,4004300.445289586,6731885.158605885,3097959.5506265094,7064381.735999231,9987667.0537055,10275423.275389738,53562191.65294937
10274783.009526927,10374246.41502564,3169564.8120286083,6079590.646714732,5788044.476525326,5065244.872359383,5573098.08730473,2222315.595453995,2329759.6986517888,7008389.0665828,57885036.68017393
2804363.1266131657,1867118.1013255666,3528116.7141431267,7907760.570483182,8615838.715159751,6429509.437745877,10227602.31312731,3716513.116807874,5341606.095588166,10682704.959048975,61121133.15004298
7062916.322689305,4619840.373819677,9406085.348498309,7972594.87312834,5919799.9272003,2550147.803936221,7720497.059761163,5746513.909079737,8118906.615688519,4477644.793822873,63594947.02762444
10022976.391594876,7081955.814156231,2886444.711067342,8666440.328170266,11851118.76309609,7518240.49220609,4162555.1205032966,2786484.4302607705,11664989.64546484,8407600.996402554,75048806.69292235
6932640.669381835,3318308.4209467396,3681635.6921914094,3558532.5736992876,6352159.566391754,5256771.591463564,7133371.11755045,6301739.599472136,6201489.86346944,4471380.594708517,53208029.68927512
6211201.779418487,6853495.609264718,9137373.669956433,4193899.903397766,10707020.535474256,6849145.484091157,6571276.103612355,4037092.8304544045,5904120.036667876,6304500.494921431,66769126.447258875
3771008.192009939,7838387.923903416,4224000.587568403,5525172.74872873,5349190.519548715,6480836.6768917935,4406413.250559515,4711357.827567161,7441302.972961938,5339823.019272062,55087493.719011664
6774617.637602783,8776294.637149636,5459501.377176768,7191826.74245645,5103160.822145902,10431417.477642814,3088961.975131551,2852729.654321143,6527714.733557701,3537458.882300928,59743683.93948568
9401991.7696595,8990799.386009702,6212346.437050233,9417851.61746354,6790275.668929684,9573137.938943818,5760399.878802173,2537522.8593311138,2377942.762832963,5516037.833171947,66578306.15219468
4937123.88985404,4173525.699621246,8148452.399129089,6557012.412223893,10073040.850285154,7005718.512522899,8337872.561350436,7685923.34210749,9102289.550719405,8491738.87830054,74512698.09611419
6327640.696790755,8074200.524375408,4963598.292868187,9383611.8507396,5015689.622048068,7364302.4975537425,7554993.205833603,8205306.915147854,1112181.4958210296,7002841.636465313,65004366.737643555
8663359.335632397,1681249.4434122052,6598966.00130551,1035647.5728805666,11450244.266662959,701330.0957478008,10857338.329354959,2442789.605454785,7632206.47284983,8501113.155589486,59564244.2788905
8538855.474368334,8896459.674887205,9373308.486729506,2588564.8088165745,3548166.1953289146,2477984.4270851472,5824370.311174515,8097193.177501605,2250830.587412392,8424342.410297781,60020075.55360197
4265678.924098593,7938480.8617029665,3290025.631004314,5923081.26423851,6909298.029266402,8191934.322760794,7682857.128302279,7557115.51531839,9690694.322170593,8386626.898507683,69835792.89737052
10274886.201896412,5681468.095572445,9515628.345135545,5742279.355386981,6892408.6884487225,6868133.480927172,5353667.640157029,5135778.49562705,5177808.7796560535,6495023.705292075,67137082.78809948
7182862.495026422,5592235.603972415,11207285.603644965,4306903.189692912,9092457.388183482,5401483.074510709,5510312.324711963,4690542.052250681,744265.6596937535,5273849.964298038,59002197.35598535
4850412.797468958,4757812.21722594,8516973.790573202,8557034.79615808,11623074.278786227,4863240.36801824,3722510.512828508,2186906.170293267,7535192.592741297,5863548.410942838,62476705.935036555
7614925.779508465,6314544.118666318,7856633.736957392,7620933.331821168,10829478.086624937,7034834.59063524,3772202.059379505,3168218.9217410074,10182638.714289881,8274801.606102627,72669210.94572654
3845581.168950554,7245599.71722335,10723939.923460275,5592533.637934821,8631154.382929333,7202037.604025321,6362044.661008152,7090087.096868111,4246643.101180334,10046072.311058557,70985693.6046388
8740982.732299645,4869619.974546761,1754243.5657292875,7123445.501860674,11443636.512003018,8251353.957463109,6957373.689488008,2630012.52976744,9807216.899111742,9156984.054204782,70734869.41647446
1621108.3954520759,6970424.505934637,7011297.3707871,6233784.378128278,1521419.5775835305,6694807.623560323,9052029.253483074,6378194.41845343,1063767.2686041465,2225542.1028888403,48772374.89487544
10344086.123482827,3061245.320433018,9441284.626487816,7683123.920021976,8816577.022855729,8191270.005102396,4301556.825408773,8246998.154702423,5464120.572946346,8573790.601885278,74124053.17332658
9377400.051171217,4890278.563211543,5445363.460616428,9073793.78228434,8759039.720838396,9625887.708889442,8495452.414170936,3524402.291623684,6682211.696787217,2139406.9299751334,68013236.61956833
2585780.261554119,7387040.375697936,6963252.95803628,6356491.272197635,9096346.92497113,4480505.059344319,2664652.3953833245,7019026.814983006,8779664.378249789,5787072.746694802,61119833.18711233
5557457.53045101,3366732.144479369,8651146.308657393,8083678.604453112,8203507.923581032,7810482.710027435,7842426.034343051,11289031.874285312,5398572.004861686,7544761.443721257,73747796.57886064
7751610.448472484,6367917.7411183,4441967.050881556,4816503.512919918,3873366.6350353532,4399170.49892421,4904288.046460449,3218866.206090788,7500593.501084332,5032245.142950679,52306528.783938065
6159249.537231883,7624918.181238292,7330982.646924588,9596202.794775752,6689616.580354453,6286813.742751334,5495270.233230856,7430170.892659568,4977078.94599601,5198872.352869162,66789175.9080319
9636816.085388005,10156282.096531129,4930159.266104754,10368186.12679317,4871314.325103244,3629374.906792874,3006333.3339255354,5450542.595248093,6838324.143300842,6781491.130259753,65668824.0094474
4829002.311393906,10772799.024288435,7396040.941611458,5819882.56044379,5511786.594097332,3435036.5175243285,3418312.782535634,4809463.808881025,5935871.254753023,7711881.100295895,59640076.89582483
6910981.237578311,7843702.454830894,9808907.792741673,6929183.481559773,5991775.2621478075,6842992.460491816,6106647.661373237,5761870.804293468,7097369.1591050485,9335745.392516417,72629175.70663844
6697889.662516985,8278187.801500478,3457523.1977881184,5317065.50399779,7919340.957855938,8361029.93721125,8566594.772949245,1729654.7034537564,1220439.6486155023,6791003.125421643,58338729.31131071
7638216.347429126,1800674.0622655773,9307646.345752126,8394552.790357748,3920713.273795366,7393578.1482248185,5443213.331142535,6529097.054226129,6969430.196775446,8373768.755775299,65770890.30574417
527512.7914590597,5059270.899786855,9404016.32354234,9326693.965493754,6410193.877198407,8812282.12025037,8780410.32803337,7308331.695957625,8302736.612088253,1655273.2908492964,65586721.90465933
4470700.279207741,9240919.09148531,1450506.9029291063,5928596.00299554,8916261.343156036,4134401.9835852357,4576739.623499281,7645952.502490256,4726508.070622775,6281629.016244221,57372214.8162155
9305059.463422744,8632846.668878682,7669258.811926337,8304800.908220843,6169046.165397281,5807074.049574022,6554591.733868591,3222148.7620557374,7031161.364568571,9004358.067155512,71700345.99506833
3585099.8461718415,3477735.7167001003,10676475.57063658,3097107.3181137075,8969122.056206545,7779924.069640374,7930666.159012661,6762797.145311676,8969148.525166756,5451442.058778925,66699518.46573917
6369842.435325794,8259467.800395406,4210589.505912463,6318764.24351101,5073457.215185846,3209016.4343524943,5406291.909854879,7451321.373261205,6724517.454029487,7432310.154784213,60455578.526612796
10124508.30970737,9948825.615194649,7118608.138173511,5153657.945324569,7090988.989656069,5145843.797244503,8429084.516645519,4436366.692473347,5846791.197543786,3690045.1674730936,66984720.36943641
6753628.130021885,6373242.668547839,5768771.742791281,4751297.7422900265,7885148.23585922,7982900.933370957,5601290.351347836,4810639.312350903,5543582.017270021,6063229.208635243,61533730.34248521
7878685.446639732,6232966.351847713,7113550.391665743,5276562.065080783,6048501.819562331,6220009.990468675,7093561.4661004655,5229760.7535250075,8025893.177192025,7499987.265881029,66619478.7279635
7995107.847085925,7242252.285410403,5919612.17858249,6630651.338924201,5549136.417874463,7298817.753094511,7698961.739552689,6541167.027490968,6774995.964005718,2216202.868907577,63866905.42092894
7533467.481680557,9687191.370290205,8112450.522252056,1465597.5629812598,8093408.78193285,8315270.494419478,8622213.391640015,2249448.1988389064,9549328.984059984,8129983.609925784,71758360.3980211
3087140.158261587,9962306.298477013,4043331.1225080094,5025969.528529817,5216633.022052067,4058579.1139914314,7093104.38179791,6122426.524656043,2684021.418205151,1087385.3477465322,48380896.91622555
8989132.570741396,2140470.4827900296,8433959.311406806,7717339.6903155325,6360376.742868676,8314799.527999109,8342200.687468261,1912400.5026409086,6297488.46522944,2934888.935615883,61443056.917076044
8985882.341042817,5531346.989012207,9367564.105732007,3982060.588619579,7144630.992730166,8279558.768613538,6434593.887127555,5999048.02829408,1821921.5857514138,7003448.199363307,64550055.48628667
2970074.580912051,9674171.868861927,3928866.382632767,6281741.821074605,9310460.799979875,6658454.879422867,9936110.515627565,8746655.70720151,7912479.767820948,6437799.336172385,71856815.65970649
7093609.0866541695,8515267.559734317,4488747.064700203,7794321.632258763,4694660.3509164,3341138.9626156664,8695508.899027228,6539149.075426545,7011739.810255081,4796622.122320407,62970764.56390878
3135019.5814263527,4609674.1725253835,6889719.6909866845,4081973.00164995,8319878.927300557,6237687.66073687,15250846.189385114,8909350.508482503,1337407.1460889962,7116951.027417692,65888507.9060001
6330590.1567364745,7640878.29370317,7611266.019158541,4957716.048579642,5079085.27901629,6395253.158399227,9356360.650212346,5419478.310744407,7415325.103231644,4260935.680782965,64466888.700564705
7626213.404908256,4149997.5404646564,6457313.244120936,5423422.280251682,6043490.825061238,3522361.242810035,9209999.668239083,8560283.739748163,3395179.020447018,2534316.1063504852,56922577.07240155
7935641.846830644,7090441.818539291,8485042.793187592,2831062.792738382,5261321.033237355,6343196.285763172,7334757.656826496,6558552.287132696,6493646.330702212,4272520.845474259,62606183.6904321
7369264.7468599845,8011363.071707964,4542255.279988245,8420697.37143607,6512585.558756249,7901658.303748293,3797477.6069631083,1460124.9154368117,6834977.717958085,8158599.362917053,63009003.93577186
6842604.725505139,6021380.8617112115,3771546.572733125,2846627.458427857,4214680.012977807,3999901.7599048642,7721617.2773220325,3163167.071524504,3725868.228286187,1242790.4043408802,43550184.3727336
10379379.406411827,8135233.227278258,6581057.556079178,10433018.292713407,8385970.245693564,9430649.262234649,621115.6258777162,7077345.622993905,7549261.467052693,4930713.355993894,73523744.0623291
5531914.343836708,9270000.956770455,9373049.639559291,1861163.4263998768,1760171.2532261019,1209810.1370238634,4695375.6596544655,2514147.197166853,2198512.916577825,5045317.632844361,43459463.16305979
7105901.309572823,3100801.24722313,4645705.890669367,8080083.723663482,4694803.089202282,7658226.883954786,7178505.500787833,6316848.525152574,7001194.659079326,7576190.3221245855,63358261.15143019
9051868.921265101,7161863.137397399,6896933.69828392,6191069.469063025,4706945.207081664,10777080.477754734,4625843.108268208,5374851.410355693,6704353.930414867,3317937.9743977,64808747.334282316
6023367.134771149,3051566.4114513416,10338467.608611032,3431399.75114556,6260345.050519724,8858410.341453537,5708571.41245141,3528225.0262596915,1954861.7392897794,6057451.784642548,55212666.26059577
8050500.442278685,6573906.5585757485,5028810.247518711,4870301.668181903,4653897.710783358,6989944.490715569,8596563.193253167,4583276.877618785,3566466.832806169,2715940.5903792693,55629608.61211136
8938802.642016586,3530529.971481593,8584930.45986068,4548688.410960743,7819821.750332242,3461443.2689319504,6643699.108145317,5659823.249072973,3561162.243493326,5898417.267262379,58647318.37155779
5937364.931404564,3734833.5916349012,7822166.348374704,6051339.1139242165,5075809.457828456,5390542.340594344,9149883.948567128,5520347.670932968,5506418.9642708255,4087112.24703692,58275818.61456903
2442184.406348303,5677181.409591857,3410832.5221465076,2841225.1625550515,4248008.946731393,10057702.010534016,7692549.348851982,2271018.983839384,7078934.5300659565,6035287.260441466,51754924.58110592
6401289.435417403,6848257.002271739,8462072.26570485,1844967.3854366562,6918653.491219982,4147533.836450278,10126612.352295078,6384278.666860567,5377301.478393768,2098123.33638682,58609089.25043714
8112142.92128488,7807010.1674004365,8684247.655512951,4113738.577610574,2473823.852147345,3823749.083916495,3123355.5017021857,7868824.866711314,7579915.616813092,5246499.430035717,58833307.67313498
6404479.907292291,8757192.344373364,8415673.46178213,4107666.90595322,3659826.3198962435,7101231.352580685,6362800.662500483,3581654.7760139173,5205653.228985103,6251075.150598365,59847254.10997581
8566432.957811732,9033989.27159091,9105115.979363576,8455483.220347414,8988521.660037939,2000850.1402510027,9847911.275696766,7976320.885190773,7493764.96254736,9974508.803746173,81442899.15658365
2171815.1806757376,9661741.88064724,4752138.7608195525,4258902.323977073,3195322.3247620394,3599586.2804125063,4342312.781927804,3159032.5648259,3137026.3600569684,3022237.9180338513,41300116.37613867
6198959.765503139,8056080.096815337,6175887.124918029,5337533.252636198,7894595.758069933,4696096.036363149,8789533.712429717,8121060.579261128,6728726.778524099,6750068.853807566,68748541.9583283
5001648.580370014,3346032.497489098,6224449.615496005,5587972.410722298,8332589.60455535,4284774.40175795,6046475.685173614,5025707.618430669,8228437.805917042,4534494.453237184,56612582.67314922
5900789.730340271,5602627.484610414,7409245.366961879,4104513.369271872,6379022.38099662,1542765.8711512045,7423729.310907232,5829259.806236575,6040584.771745756,5506395.658297217,55738933.75051904
3626329.420517393,6039254.835637846,7012578.219364135,4845604.493450345,5163202.282964244,5653330.694669642,3257394.674144887,6264075.038071773,9491303.421397107,2771149.4734001043,54124222.55361747
7979967.6007823,2147097.076588081,4500236.0020744335,5939266.290372286,7924425.564911204,7512841.114907972,6358641.089908876,6115068.534206191,7766245.452787875,5664171.828193569,61907960.554732785
3371394.309290401,6495643.095367999,8729756.712158509,7359299.04801974,3269087.8053383613,9014602.411787022,2321985.5448695696,8422351.09778763,1720627.631166765,1930488.0481709926,52635235.70395699
7456783.240163635,2751089.340645249,7423382.432384108,5559438.204500571,2515853.944353114,7774718.635225541,5810121.690548325,1195187.0789926942,8402007.592621544,9076214.914000893,57964797.07343567
8636045.350635067,6862340.99414817,5323543.406935891,9027820.271051891,4078454.4231756143,3270537.1879950254,9549101.998096619,6862604.807924647,1463267.5210147984,2332288.86461259,57406004.825590305
8500893.90870727,9280910.784286795,10631096.579005884,10373169.983067514,9040497.407709695,4975829.514853947,7043725.834621378,7831153.079946888,2503903.4659712706,6490317.034911243,76671497.59308189
5979518.502097458,4202591.225341995,8331088.897020036,6082363.891276576,2687461.562737895,9058288.066811968,4324060.583786066,4245625.851419304,4178533.243210532,5382126.5921794325,54471658.41588127
7433770.107468096,7737594.713840543,4821229.33764343,6472136.419707796,7142947.085943115,4291886.384612287,4814457.677878255,4497508.336990924,4684386.499318224,3714159.281999776,55610075.84540244
3031931.7706187,5133490.124190031,8340787.380780378,7936981.155793453,3602720.9167838427,5317090.152480556,6390661.126684058,5264050.091223275,1803485.304617113,6851912.241466914,53673110.26463833
5437660.144548415,7036719.118030659,8220434.345409448,4343702.668842059,4686183.073218054,5613756.152499815,1806614.7247863838,3664062.5728651267,4987300.566692496,7906808.0517037865,53703241.418596245
6746475.586196565,6701564.793272768,3339153.5183334826,1817006.7432216145,2039569.2404372303,8817812.295371132,7031202.65720583,6045385.110341276,7344519.395869157,2221229.4097040733,52103918.74995313
8089064.432616411,7992153.042613069,5333487.206942197,7202012.7156323865,6429906.053515003,6661702.961785622,1660245.8357825459,8422763.776450956,1211320.4914851245,5532798.951361793,58535455.468185104
4108016.3840702814,1022718.4596548931,9107417.053024089,1247689.5417870546,9549969.943625346,7584261.789495863,2754403.7958390885,9897422.924128596,7264065.919833367,7895903.421787173,60431869.23324575
11191465.59456731,4088931.4798453017,5150648.900427688,2052908.5189302147,6650932.409243664,3168774.40003804,5663807.753272983,10097190.431405988,8304332.854555739,3934576.6404568716,60303568.9827438
3043294.3081001793,6553403.500178961,9999451.24876995,2403620.371290064,9992836.967733258,8062158.389762032,5969282.885877519,4160727.5403493196,4976347.229538069,7524097.901413458,62685220.3430128
10296510.710358981,10152335.944768663,3201572.6316222437,7509805.045886206,8443680.85700556,2148055.6781696384,7996300.64422041,7884391.151001644,6553360.414692421,2355723.640626492,66541736.718352266
1957594.8208762133,5314396.148603738,6022121.716346477,2960694.446137228,8465523.193552952,6624060.574498536,2632565.9585207817,2317419.710833533,5628225.341645545,3688900.71863348,45611502.62964849
4794150.984350558,7652291.997074353,8074136.884656072,7542514.041713492,3425183.671382018,7845107.1853075735,7631717.8111545425,4092047.7876752354,2405894.3321826044,6157512.508901309,59620557.20439775
552949.6555796532,7350423.193727443,4746897.621246371,8898990.542262837,6423814.01379845,6902295.977554024,7869251.167373134,4874540.856904676,4713771.195957652,2402072.0226983936,54735006.24710264
5117628.207816642,5971432.537467207,3772861.0632369956,5277874.292165894,6877677.187266731,7411088.967384917,5299940.638691854,4428085.345777653,4096601.2886916935,4638848.213547418,52892037.742047004
6484493.674599718,3836007.413691651,3866560.0563910236,7061092.942913408,8877454.534983736,5684700.234346434,9275328.777093543,3849668.9720417634,6906262.024520746,8149296.253698222,63990864.88428025
8070682.521831204,2877839.5900175306,6946005.6937749,2180147.5936761033,2839990.8064597193,6308694.57987119,4235595.823808605,6898784.889105925,7569453.779569334,8545423.201791128,56472618.47990564
7486985.377349191,6137345.885520876,4357047.849278382,1382709.6518735709,4678476.1576950615,2688927.629338965,2259447.377843413,1893899.1435626454,1857908.4419027714,6563016.754936179,39305764.26930106
9325621.164007211,9326148.318388307,8683223.366324758,8548643.551161662,10207631.517425373,7919003.982164142,5840880.89823035,6304550.8778449865,7783917.882863004,5964169.1082562115,79903790.666666
1863278.7585765768,4597545.985829355,2072958.5133282612,1653225.0772570223,5012808.763490319,1901324.9886304187,9275339.553727735,7897806.649172066,1058306.1031350628,7918521.3747772155,43251115.76792403
3028769.0168711683,6060237.450284666,6053104.762112006,9652177.403139863,8700794.193999724,3403979.8519493514,2283389.324228162,2373896.007755485,5737414.880517571,3578680.6914802585,50872443.58233825
9771008.515694203,8601094.059054928,8371857.473805169,2311068.446288812,2044226.1134326581,6681359.558087741,2362253.468326506,2453979.718193554,9218057.203274919,6007284.734497415,57822189.29065591
