148807851.9703294,152075561.49674544,161657160.97904542,149080884.9293445,153660490.7629007,170677213.11002135,161211755.20016548,164870038.4109711,156130664.18882883,138931731.1772768,1557103352.225629
8373607.2683772445,4224888.347152202,5891864.471759513,7640369.9917711355,9407841.293180374,1541169.7926736332,6344709.632625005,7127826.122072817,4152967.6043593246,873191.5848190804,55578436.10879032
4464249.477512577,5586939.282423651,4751326.737545402,8076518.388093712,8016099.501161649,5508932.587429003,4649339.252423977,1760115.9146443596,5815159.486889617,2533357.425594559,51162038.05371851
3738259.145851736,2602836.1907844725,2656559.6484456235,3573077.983405344,9707270.284700507,2272624.9202691275,7462821.217405547,9108726.038694154,9758782.899235666,2302741.5046646856,53183699.83345686
5251698.772660467,3130920.340154219,4395883.951082878,8591255.189364739,4337610.2054597195,3239151.1461719587,6286705.172395063,9011727.304090898,9249335.71918486,1873457.8831899993,55367745.68375481
5840124.889812546,4577475.999431211,101012.12755775584,3818838.1371212667,6170183.880078916,1022719.3450290842,2356323.7596800174,4339186.946238458,4346941.272862824,4216431.307617963,36789237.66543004
1185345.4015571687,5129911.730710588,6430852.589031551,3965188.5930139027,2572647.4851048277,4405147.677853586,6707977.450804001,4802372.646813424,6835323.75579341,2741528.312849162,44776295.64353162
2164775.0656857807,8518185.147973983,6518312.146510213,1179810.539580483,6136835.7858947925,1691946.1739181294,3301327.1970916605,5369501.354983859,4551921.565034111,6125253.496278745,45557868.47295176
3515254.093490029,2841944.2816196303,6322312.888305069,7779215.275415211,3143463.59080831,2226526.2529000198,3535913.902509403,5679786.408267542,3697222.7245604875,6904475.111385851,45646114.52926155
2438429.8738112696,1227427.66248183,9967199.614436941,2033429.1248375187,6190594.942788639,1472832.9031106508,9244158.360779919,5394141.093766156,2710496.651730827,1566494.9780131765,42245205.20575692
6619420.698566366,2871792.790485929,6195300.206453531,3101729.4957892657,1227240.4947719628,3631469.09874009,5221288.085472971,7606377.627336988,2907723.747752722,4797068.337208711,44179410.58257853
6378564.416575187,6380591.952451894,9118377.648423657,1798341.5961761002,125937.71986242788,7115846.610225073,7432071.913614608,4560423.406816184,3567131.8479888933,4485315.006273642,50962602.118407674
3790176.458958438,6743199.131061174,2463867.095176607,2116207.560456801,1929027.883195866,5588369.372289322,5225644.675978263,5439042.990367184,4730301.798689938,3467857.135114178,41493694.101287775
2826596.2462768713,5201182.73852777,6408712.293680284,1754112.4242217757,6649565.772332256,4617260.790806128,7301267.713400786,2781958.118882168,9085531.170115802,3455565.04755225,50081752.315796085
6387381.926312691,2512331.7596336594,9526214.549416497,8277100.872828985,5628132.5331208445,4223482.463582289,1971358.0451900465,6553507.60218438,3039070.291369433,392060.11667046696,48510640.160309285
8145226.650179422,8135543.3892682465,6567278.969477315,3038448.916800246,3724113.915626101,7469851.994654445,5344030.133670087,3071239.177883977,4018791.4032676327,3457348.377312621,52971872.92814009
9121195.309548173,3363123.05431925,9087252.145828003,4006006.195867901,8380687.539803206,4335417.289752222,5314201.462481204,3952076.434129295,6221093.001768818,3570354.3627682836,57351406.79626636
3986730.3398409397,6470764.062736996,5042688.793653535,2911544.4505244843,1906541.7545578326,4753961.615109921,4730271.432783152,4214135.403342009,3302238.876445253,3197864.8851479646,40516741.61414209
6601968.811011692,4909083.714526126,6333195.901117675,3594614.4111909093,4336747.960306959,5960478.552510899,7488901.542700927,8839235.860925168,343489.0700382156,6922229.920989435,55329945.74531801
4576286.3651910825,5912270.608586898,8706953.747497661,5182446.391362889,9284466.174843917,5372739.164489401,985879.5199259103,2782998.923234986,7537657.12579901,3275888.564875157,53617586.585806906
5333229.418067024,10906924.944198856,4089412.6990455086,763891.9942899097,1571275.2310495274,11103426.546664368,6730601.035210214,2885605.2932200637,1744204.5066542758,7168127.7076505665,52296699.376050316
13685497.290388064,3083545.44557498,8812906.714436531,424.9907846387707,9420776.818659933,1215361.4862019238,9324258.442260753,916.365206964254,5942106.367248169,12233914.306670438,63719708.2274324
5212292.688559549,905696.898444159,19612117.720490232,432.69391067523145,17537269.47298649,0.0,7645324.777910427,439.6280098421741,8614813.012138162,507869.52530400275,60036256.41775353
6930819.537112058,0.0,26553887.286683872,1482.1772184776362,12783481.326170707,442.4623149040876,8781280.086609146,0.0,4135900.955520825,440.8869921353784,59187734.718622126
7434910.4990783,944.5681480377924,17960393.47204372,0.0,15390075.302362626,437.09229809621837,8019105.166336503,435.8948759563305,5089479.619397448,435.8314643907998,53896217.44600508
6053924.274306777,437.4579510246528,21065608.74625049,429.6298117304816,13324462.46062435,0.0,10226644.030684682,434.584168892546,3350884.4102503844,435.1974212392388,54023260.791469574
16911723.848089308,780.1943755890316,18006914.113944385,1755.5018113738515,10462434.95410733,1233.282700778539,13226266.299664829,778.6625442485457,10480256.847133318,1286.2251767842804,69093429.92954794
12456969.271704953,437.00444261726096,19183965.15983357,0.0,22083335.66721046,438.29698503260016,14026938.622875907,444.3293190807725,7905302.5688483855,441.55148549399973,75658272.4727055
4490891.785818317,437.6608908711823,18193817.66928649,437.84954449436145,15559528.602674693,989.1049603473307,7942662.088111516,1414.4705889048068,8395527.307038521,925.8566008581322,54586632.39551501
1570765.1263288306,0.0,19937133.558926407,428.72233131110164,17841785.445669085,442.7015609270833,14974050.649330767,442.542261819846,7852272.844401848,0.0,62177321.590810984
9723329.47282536,441.062010648499,12988463.369899126,0.0,4470849.612786108,444.46233342590824,22165855.706229426,0.0,2675585.5561486,438.69218575168685,52025407.93441845
20163227.025469042,438.6349339977568,18355882.092891272,438.3481356988378,10047532.18617295,434.3911010133375,12237170.200856492,432.3384034582504,8262639.756708285,438.54855897121774,69068633.52323116
19550416.43488965,0.0,9091612.072765082,437.74177690120194,14743891.665408814,0.0,7870925.934542126,440.2380688937336,11131415.87568132,0.0,62389139.96313279
10004932.983924061,441.8128216325823,12728569.47050333,434.64609196181493,22389688.40151545,435.087570068373,9388175.731743073,0.0,2628376.289979319,430.640510796676,57141485.0646597
13412174.839266423,430.59012998767855,16225106.887993548,0.0,12221370.129721547,437.449966614352,9904007.940282797,439.39025140802374,14086830.314267535,439.77349741511557,65851237.31537728
10573552.525928022,429.5120316819821,16275951.830752337,428.74679999718893,11476198.677277109,0.0,12175070.454023061,429.82747897955824,10950920.698333165,429.3800298329585,61453411.65265419
13076924.91562632,0.0,9730422.26437363,439.05745746252205,1727008.4510659755,436.4033065160302,11871357.067405067,0.0,7939592.613651928,0.0,44346180.7728869
11146964.671894252,430.27668928615776,16298277.600539848,0.0,5150670.455139438,431.51617929068794,11044430.366536904,437.8841137139022,11827916.709862571,437.88239940909995,55469997.36335471
2261839.1285966947,437.04333755412665,19815026.628795713,432.85475910718566,15807155.93036393,0.0,2981547.2842093767,430.02266451961407,23347869.072062027,429.8093098532885,64215167.77409877
8546969.021373875,0.0,4779250.6376918275,435.2528381200858,3130238.308474847,438.3637886612248,10662099.046326127,441.7985695341451,12118185.594081031,0.0,39238058.02314402
13142922.96360642,431.98181152631867,17375347.09524279,0.0,19825789.985294312,421.07592964338556,12348819.75131453,0.0,13578444.492732545,426.80912958337865,76272604.15506135
6740543.596737843,425.48873914095594,6402173.20513441,434.97974791791484,6961190.277026081,429.32774619909605,17047264.322664384,429.7198630712993,9413858.394382946,434.7676438252685,46567184.079685815
11276565.807351964,434.9003490408182,18216803.173245218,435.57036929022223,9878396.182488985,0.0,8150342.207609309,442.11494963673624,17191070.345721498,0.0,64714490.302084945
17333291.558539674,0.0,22461874.689693827,438.6618853825267,18745649.868373413,437.70932373819176,14755100.762654329,0.0,11908298.902468532,437.92230809605525,85205530.07524699
8481976.48257749,436.0859770847918,8438631.676871454,0.0,24033037.584078733,437.14098485950586,14779876.576884385,437.8088874120801,16057525.104323614,437.9120206741997,71792796.37260571
11037870.73386526,439.8771740237131,13465743.25638966,440.30806558389537,15669162.829015022,0.0,12931355.884569881,435.2902924924396,17983353.43804297,433.0518660069718,71089234.6692809
5978424.25185703,0.0,16199463.125002008,433.8847273352652,7739724.262502408,434.7563774741723,9073705.071996184,0.0,7192495.555211544,0.0,46184680.907673985
13524964.136169683,438.7756528895216,10517750.573364202,0.0,18036031.528502904,442.050880296225,10148999.657072548,443.79473071632634,11429484.32298698,442.68024303959123,63658997.51960326
17857151.478357244,440.48927452925506,22523784.38163232,440.13787853580465,2352687.097621315,0.0,23766275.040959787,432.2614507852786,14606064.576073384,431.82438972912763,81107707.28763762
8108375.619924361,0.0,3883688.4052493162,434.27837773475113,9713370.738792088,436.7227085986567,10469715.144863196,442.3372005445324,13336240.989474675,0.0,45512704.23659051
9629841.43451175,442.5892514040955,10173277.773955537,0.0,22473208.816800557,441.23745828193915,22176553.051821087,0.0,15999283.50517555,438.912251817332,80453487.32122597
10256995.605943384,439.3077964761389,25967159.86809926,440.0820765982673,10381437.712259239,436.56058250696657,7853390.003708873,434.59476962072205,11338686.855357721,437.93402491521994,65799858.52461859
2635613.8844478754,0.0,6782087.882486373,431.25320666060037,20968098.249519963,0.0,12448403.026508309,429.7570133676695,12942447.869828254,0.0,55777511.923010804
3642243.840851856,433.29176462688457,18452521.226752013,434.211689600138,19344715.350568533,436.4302681751474,10086736.811452188,0.0,13863435.636491569,443.50984294379384,65391400.309681505
8546103.607222721,438.7540420843142,9711072.30566508,0.0,20120614.632545494,429.73949230413257,9470615.19419436,429.9411167382607,13032749.367902525,430.03001268559814,60882883.57219399
10168503.50715433,430.4281071553871,15111618.832926033,438.15781260813753,14248296.512424668,0.0,10905451.495850792,438.2795240124992,11099239.44205148,438.2323957458109,61534854.88824683
11806671.686724145,0.0,13343271.121044423,443.3573818723154,11199934.06152862,443.1040655205587,18806550.648919772,0.0,9548610.286093121,0.0,64705924.26575748
19970410.746893503,441.46899194123995,8880197.576157538,0.0,19605913.89459843,441.2357176201403,2716039.007878568,442.8821152054147,14663602.774576321,443.86762454155723,65837933.454553664
10462720.923793709,442.19855892621223,19120562.701288182,438.22524153077785,9899951.293133594,0.0,10611991.884921618,436.6743043849063,18931236.020723898,436.56465312548113,69028216.48661897
20189626.441802364,0.0,2030644.2752485748,440.03407901207584,19157620.1564833,437.30183264564596,19300761.611467585,439.3030035366531,10708904.33975133,0.0,71388873.46366835
20589368.174105324,439.6392420860649,8398715.851687191,0.0,16078295.259025699,438.84872465127796,7145045.050273363,0.0,20048581.33402832,431.1373970964066,72261315.29448372
6760857.266956243,432.0792499940444,16207758.68198548,426.7885004912825,6958239.249045511,429.4893996475794,15803729.843160037,432.0440150279096,16104351.640273936,436.5709011992513,61837093.65348756
16471469.723547041,0.0,19772508.954338033,439.33176274242976,16582989.012265852,0.0,21703252.351939294,438.34603599623676,14140987.12793882,0.0,88672084.84782779
12671606.665968783,431.50406348980454,20615909.81159342,0.0,9811004.254816296,421.19961387812725,17745544.216931716,0.0,15680078.212519363,429.57682563106164,76525425.44233258
13791758.81421792,430.4622506887983,11257847.332120294,431.8945158143043,14649260.500100024,442.24654415587867,12581161.067066766,442.85902643275006,14907185.13569192,440.4818536913871,67189400.79338771
12233555.55734321,436.2169365018766,7306632.159329756,435.4530774225448,9963763.209708568,0.0,11961867.36137715,428.75666130205974,14256760.634069022,429.92899741115707,55724309.27750035
7008558.408008292,0.0,14032809.78156606,430.77402628080574,6556843.451349704,429.82692837740524,6179343.154592837,0.0,19077836.84548224,0.0,52856252.24195379
18216774.391029794,433.42310371760306,18666332.106539145,0.0,20417054.435672455,432.69418966094196,17458377.73359323,433.02774173274685,11254535.033099705,431.2052683625167,86014804.0502378
4815717.85302488,431.6695816059718,3939675.9538151002,432.35882975730544,8203078.782334322,0.0,3670560.324408832,436.204555298037,11444745.017913453,434.5149485341536,32075512.679411788
7660027.685233824,0.0,21920601.161233086,436.8346192902212,12957073.103596404,437.8785898909298,13421202.443842681,437.4483507572528,17280427.06571269,0.0,73240643.62117863
13433617.24528564,434.8874788174265,6677526.469566451,0.0,17758197.952714875,430.3391385461973,21918486.558733925,0.0,12149786.744658386,435.18688516085524,71938915.3844618
18539768.815018594,946.3633034401723,11281425.301284231,435.9300811138589,6806398.255977979,441.6427290485973,12315453.87528599,442.2842402624093,10209931.140252618,439.41336351709504,59155683.0215368
15382762.02626458,0.0,15022825.137726327,436.9172861840392,16732232.45563288,0.0,11347370.879324354,434.8537568086771,6659320.310279551,0.0,65145382.58027068
20049490.911058128,952.2295929104012,18381749.422762554,441.7290673748611,21243069.24057562,444.50894652047134,11305362.718875464,517.5996421244234,14507210.82759183,443.87457271967236,85489683.06268527
7810563.606211433,443.7058228862458,7796464.161391699,0.0,13751844.679250846,444.1467992562792,21178945.753471263,440.6488348205365,13354831.38507133,441.1495720231103,63894419.236425556
13402418.945890559,440.52146651297494,16690405.772499992,3416301.2579072835,12697053.592716845,0.0,16609177.440465963,6207205.128722985,2745330.074284416,426.37922661678147,71768759.11318117
13127887.028546376,0.0,6663577.909885566,3140423.8110096916,6562134.083320158,882290.8291843762,8439257.07423733,9892509.938102115,4147527.20135076,0.0,52855607.87563637
5727855.835812047,5877224.405335357,8462150.375069417,3793379.235309173,9312234.323743336,7959115.699412042,8359127.2783530485,10148621.564900612,6592089.3361392785,6668592.256339361,72900390.31041367
8024857.391969971,10246780.42408926,1938368.3999822822,4024377.4632407664,11578401.657208068,7082580.691112923,8618253.758994019,8760136.16270189,7191532.770085101,9097003.406550754,76562292.12593503
5918060.979139238,9148584.224803677,4863047.564770333,5073051.59775193,4017138.6362874308,8737270.969525797,8236468.999766261,8877420.602584053,8918102.315691978,9580600.26274788,73369746.15306859
10551709.975729851,10453574.243224794,8320475.7315600235,3205110.2825628677,11226261.586711476,7488412.444427122,4861103.958722584,8298340.850935961,5941597.929585927,7724196.460966421,78070783.46442702
5806535.826340728,10187793.30223154,5457409.063182774,3214534.498426704,2131024.418531557,6950390.921621654,5824820.272304373,7214213.896587264,9182803.154552383,6958639.3081662115,62928164.6619452
6501449.7982974965,10037243.380930593,2431060.2377758706,3258565.064744009,3124205.8378405343,6678280.97113885,2499988.830311465,7249916.490344873,8297308.144028343,7761969.118919022,57839987.87433106
9288585.193447152,9565406.330840139,8392237.411332645,3555874.932567166,8704687.597786905,7230843.903986987,7082213.73779242,7722691.126131212,4684828.507007109,7009681.070356732,73237049.81124847
2462291.810540981,9732016.926837305,4397427.128365234,4058887.9841050757,7412127.444406522,6847579.823989864,2656096.2574019847,7792776.443252333,11407962.197301116,6905823.795126341,63672989.81132675
2866746.299441331,8757014.697955165,5724387.597662182,5062969.7637497205,3992117.7052523405,7598140.918279994,4778703.750977899,8454301.337713595,4656865.196120248,6803325.194419771,58694572.461572245
7207375.243842997,9419010.348801712,7111729.325626204,3224554.145093542,4898292.107691453,7709167.718913382,7996247.182717788,8324429.874778955,5319825.734424995,8274597.596775833,69485229.27866685
8675784.074777089,7973553.458110636,6945312.96037134,3238999.9419818427,7240758.652029791,8909814.067256214,7233850.115979803,8594721.68541388,5128948.327093512,7485471.030004199,71427214.3130183
7119556.15587512,7855073.733284504,6128709.39800928,3110789.130187933,7214986.9126336565,10364078.6589627,7860912.916880869,9283604.30117071,10015313.369988533,7693909.21462511,76646933.7916184
4609594.507062914,9923642.784303961,8195332.899132499,3860219.0700259074,7616028.71676938,8463571.359949179,1787566.1372238838,9615058.315033484,5987408.066326431,9937805.309887014,69996227.16571465
9483990.283666875,13530526.316278704,6004381.699035728,4610902.417748263,7890426.305488201,7748862.16563546,6018963.766479284,9172341.098945584,8966850.68247236,8533083.252663001,81960327.98841347
3669978.1990488493,10171408.730277017,5999963.844240444,4101731.2699799677,7668522.843988193,9036879.621257845,8264129.647399039,10375453.23582881,6434297.410877217,11389909.364470752,77112274.16736813
6884254.239801577,10713729.006714702,3058539.467183421,3215562.3754889797,5956419.58140847,7882997.27273572,3101480.242444552,10354317.79997843,6498937.312374935,8604563.758581793,66270801.05671258
5656595.258959773,9518329.39526904,7562866.606452006,3125043.695181432,7516851.419312813,7366895.45639121,6602666.162589181,9490436.57937194,1714563.2781885634,10528996.702314086,69083244.55403005
3998367.7447783947,8425628.402510656,3597641.199871317,3466487.875044054,5810923.382420032,7349081.979464308,7870497.415210281,9253331.497109845,7644096.252801247,10438869.160838123,67854924.91004826
11119697.51055866,8103891.912529187,5454906.79275963,4614823.286609991,10652435.019372318,9371056.009632591,6790118.238160788,9373275.457971945,6078968.233043545,10874280.011549706,82433452.47218837
2412477.373182853,8181045.017418027,7315929.65270444,4019254.5645800037,12147179.439769821,9794170.619711867,5965682.305527447,11622216.092780303,7597681.968850716,10968115.108930862,80023752.14345634
7931469.293221618,8376439.1841780655,8225995.581980347,3902617.7918043444,6679409.2335008625,8867197.628949739,1393228.1435565602,10810869.247778682,8328774.809273428,8716799.171564663,73232800.0858083
8147572.187867217,7597593.888203354,4977799.0056703,3128341.432309757,4152868.356035446,9693407.815499423,3453481.8071357766,10307934.847446054,6079566.739633775,7858538.259651265,65397104.33945237
6010506.131190786,7902757.626685689,7880898.052952122,3126229.6184208305,7632661.088619561,7923700.749878904,5791715.317605747,8429612.22309981,5726488.449723254,7449306.554923389,67873875.8131001
7605569.507448196,7581846.834148068,7698059.862163462,4435015.04414095,2759734.7815904324,9117003.047567517,8849337.40826576,7954322.818276744,8104868.2814489445,7973923.504621069,72079681.08967115
5620473.692553183,9107694.006394368,7722330.739554541,4749416.279313723,5173260.649705142,8421789.921045985,3757037.6327803982,8692823.528450632,3389053.263387801,10303766.905218514,66937646.618404284
6741680.923868576,8647937.630991442,8473443.30566503,3609726.7252744483,7392843.601242172,10114542.091532752,6130878.96803893,8617338.899332497,4040557.931078382,11996269.524424214,75765219.60144845
5765256.8226971775,9341722.451672612,4760036.727399375,3221667.4186755554,4489770.270014015,9543879.718039254,5973828.056389723,10732121.134810114,6596874.0697897775,9817294.907126397,70242451.57661399
7084831.623252977,9472420.427909872,6860141.241067626,3135969.3119860585,3864087.1474584746,10613905.20716551,8159128.929963441,8349861.758744924,2879268.04233848,9413556.233398702,69833169.92328607
3456295.0515857604,10518759.098853128,4660615.94399377,3192026.4014779264,2735789.6165226307,8220164.810528931,8970200.948102565,8056477.320097137,6957018.420762462,7938449.134858634,64705796.74678296
7453827.4311897205,9891978.812947746,7035195.326043846,4972896.077069746,8196608.900492952,8645013.844771562,6585467.331941424,8943370.205272641,6096780.445229082,8296769.846703309,76117908.22166203
3226007.359344251,8558911.124212911,5712158.792420032,4593235.880916359,3203081.22962908,10150977.751267955,7101112.163049978,9092064.444436517,2760254.4536412153,6726581.35809424,61124384.55701254
1695877.258340226,8807925.937921487,3284965.243775348,3287266.0839963905,7529120.364192231,9610663.801387955,5671311.184072109,8535765.932971787,6924874.759841808,7871601.885066812,63219372.45156616
4370289.435831875,10020919.697343824,5420666.421591983,3206071.6433427273,4721075.216434785,8226890.881931313,7559329.808582443,8154687.0934388,5537197.971928061,7459531.009797961,64676659.18022376
6143385.783522785,10604047.844959166,4938168.652582711,3211616.7656794395,6895610.222808324,7891411.672915189,4324585.232421305,7932062.478590176,4597796.339206949,7423011.032200236,63961696.02488628
3063959.4655365916,8845472.925550213,9623780.887715992,3139950.350248162,1592127.4490549807,9641167.953868324,5729014.220328302,9532692.247574164,8010241.032692501,8991922.458384259,68170328.99095349
4852434.213019815,9680531.508880379,2673599.075623843,4374198.327772581,2271690.389897502,11349608.204085495,4659102.539486972,3639927.1444874406,2561348.2396166218,7194149.174398532,53256588.81726919
8265735.103289551,11109804.96975109,5680156.824294913,1667951.6164231363,4055096.732449838,10237666.044343304,8424741.456618927,411.92916981762113,8199377.1429528985,10059651.712747617,67700593.53204109
5824441.808952218,11116683.89040763,7048645.8018199755,422.95857948386123,7898719.383186936,10881111.083390407,9686437.424377514,425.4706652104375,5721185.348930421,10561247.234915555,68739320.40522535
13096958.294839734,13323331.0888675,9222084.64326763,413.3765860178901,7377608.023184421,5329113.238457458,8586973.443509553,408.95111292933433,9821881.936492275,10544334.022175074,77303107.0184926
1364990.3791616994,3431411.1001616404,16614399.37773673,0.0,17073114.127933625,435.8589215984059,10388558.604060043,0.0,15725396.628225828,550834.7069788573,65149140.78318002
1735510.0660167644,442.6330395001656,14242291.751114354,442.30173032912523,2578508.1837050575,0.0,11248547.172297245,442.9509086884797,11515195.992795942,443.75081029480515,41321824.80241817
963734.2913345795,0.0,17067336.44647605,445.1137410549593,6915946.742827332,445.29360945410633,1844382.3912973495,442.94184543525444,14960939.077046562,0.0,41753672.298177816
77265.52112533902,432.9443055129347,22313364.558055036,0.0,13759098.890447717,430.51619194251987,1555592.9255387972,0.0,18200869.52707559,434.45081276672147,55907489.3335527
3060423.4382390864,441.27411207232694,3820133.8786294516,435.6257869385351,2615068.4302808684,436.7478148138828,4653359.2418909725,436.0597190786125,5938953.005649811,436.2900093682692,20090123.99213246
2559502.078601627,436.62212321267197,4155625.6506962487,442.0503949933042,4040901.5761270765,0.0,3423258.149469961,443.29099982715474,10336867.51176582,0.0,24517476.93017877
2357477.598350771,0.0,18277663.65417925,436.8290271325474,6151397.609818102,433.3746818195027,5259845.447134353,0.0,15777725.186230311,431.52607590769264,47825411.22549764
1353278.544209918,432.08611220865134,4048017.1400085287,0.0,18087234.41651635,436.89908161316646,2121296.420841629,437.15816542893924,20146704.90035601,439.32792796410075,45758276.89321965
9000692.312358709,439.4377249692729,12676473.04916329,439.49067728290487,6566468.995995953,0.0,1535209.042150681,433.65808949839516,7916648.017971019,435.1071285469082,37697239.111259945
10855328.593349485,0.0,13854460.148203583,430.78674635917736,10360832.537284443,431.3514257034781,4297183.098613915,0.0,12222528.953788131,0.0,51591195.46941162
2989554.5796549846,430.2125114403677,11221862.990793128,0.0,10714249.588530565,436.2154242560942,4176590.0303242393,435.29189244586166,12410536.785253447,436.80457497238604,41514532.498959474
9709467.835430544,437.51385005883816,5176179.448114356,436.8957632350755,16106129.400940046,0.0,311161.38888691505,441.04809681008584,9560459.5743669,440.25520495294944,40865153.36065382
11579822.615540914,0.0,22275955.93352007,444.29068529572214,16662132.6520795,442.0893196720232,4048552.7297569965,441.72363995392465,15450958.69953224,0.0,70018750.73407465
490699.1432677965,439.8920713426866,11519360.610356107,0.0,17199915.95343143,431.09437685648015,3947180.1650482067,0.0,10230643.207350962,429.44267708171134,43389099.50857979
4807353.105555041,431.37730458007337,7813013.7648757445,425.99534323537654,20941197.389668122,434.5757262046713,4235623.156366622,433.8862234643469,13355156.726304382,436.12877118698225,51154506.10613859
9010175.295803392,435.19544568568165,16417822.44638939,438.008817760837,6569409.439781182,0.0,4277411.906754413,438.9585693541424,6856185.131562469,0.0,43132316.38312365
8653778.861831823,0.0,13524410.814863974,435.5635844246766,5553291.355518738,435.7070539510683,7218394.100911918,0.0,14231021.328650776,434.94488401273424,49182202.67729961
17439425.55919642,429.809493372137,7544739.808659094,0.0,20631527.47243553,430.31007301267033,13676646.304697907,425.5192255178052,15708555.322325759,425.7281612114543,75002605.83426782
6505498.447471345,431.4224151878347,13761166.152058324,430.646590448224,11801355.86549702,0.0,941746.9641464298,434.03804068380526,7806739.468417579,437.5070045116161,40818240.51164153
13147150.651957028,0.0,15109465.351280801,438.60636150115585,10947794.610730203,438.57597744540254,4674768.820467026,0.0,16306546.7539722,0.0,60186603.3707462
4782310.0043946225,433.1017065137164,15286689.866970936,0.0,15432898.061930353,436.68908026729736,8006496.352691877,435.36842159894695,14832340.677502856,434.01876532904646,58342474.14146435
16888525.583595194,432.2828908154273,5289471.767788675,431.1591874461658,8559449.600375494,0.0,4352460.608662312,435.31514015490677,15016540.047619356,431.9116570924235,50108178.27691655
2961678.242299455,0.0,13438527.676886283,435.43188683640284,14081209.279184397,433.5001905598584,608340.4842908323,434.7146970516504,6036602.963819696,0.0,37127662.29325511
20313277.95467108,439.3166157580582,14538187.002342736,0.0,18771864.836927094,434.9172599813613,16223316.5646324,0.0,10829229.947935142,436.33624792588853,80677186.87663212
5245912.538205109,434.26901018725675,2088295.0210708785,440.0735151393273,11035501.931473793,440.29545105624146,13325724.732708486,438.34804025737407,17257345.324452583,437.946790293614,48954970.480717786
23024750.54135186,441.06220390243584,11912923.043621676,442.51123276181534,17594162.21339818,0.0,7865546.776910345,444.9235950735585,14979859.380560098,0.0,75378570.45287389
8729714.185716715,0.0,18623853.04377577,438.43739165733143,16162250.568893878,435.3191875807061,23365705.41633849,0.0,23805868.684791323,435.1834986725738,90688700.83959408
18147514.385808703,433.3004372678689,10457525.164628278,0.0,11845049.671456844,440.4625799559333,8833279.643326452,441.663850234086,10735823.485761287,440.44350061923035,60020948.221349634
218042.1537282434,432.9543608530203,14259351.568143452,432.7279495875119,10403225.181029202,0.0,9680692.000765592,425.46922655557887,10215818.800938455,422.6747811744986,44778843.53092311
7610567.707479331,0.0,17985663.868608635,423.52678637168583,15203330.441584036,424.0416765484323,8716512.47219057,424.4304560412004,11142148.506967798,0.0,60659494.99574934
9531420.252926676,430.0939523276161,11145322.0558129,0.0,5882625.340850859,432.8986899287263,3903210.3923290125,0.0,12784533.20147225,439.3583204194761,43248413.594354376
6076881.535000443,441.05205829968736,16272336.189938424,441.4421784936202,4318223.145031956,439.57022565991235,4688749.483082722,440.6309930375054,11098549.428993177,441.42320776907474,42456943.90070998
12153569.567020688,0.0,22806860.063676786,437.26070740002376,13060169.982782044,0.0,23635506.99382264,436.6452291260506,4422037.1146504935,0.0,76079017.62788919
15009124.160960533,432.2311970449854,3075643.1061238195,0.0,24167085.859953556,431.83819081766865,6780983.337296391,0.0,8754362.050640909,437.36624291410374,57788499.95060599
11079564.30436451,434.9956311724274,5342121.129017192,438.11662155510203,5617651.147830385,437.2885349532665,16788009.671519134,437.4240192936524,16173870.845183883,438.4702393604973,55003403.392961435
16485404.184039539,443.84423720241784,6266254.4691994125,444.66907561688856,20144869.554976624,0.0,12052417.260826405,438.8966553428991,8802435.087281695,438.6162993386331,63753146.58259118
5478786.0509399725,0.0,7632256.11438184,436.70840408390984,18164582.06149278,441.18708134673795,20694484.009850852,0.0,10683449.350113885,0.0,62654435.48226476
5506532.841826357,439.64922678470623,19919716.34280938,0.0,10729062.196123,431.9644793155394,15929926.17952863,431.4139100073307,16057752.541829461,434.952401363319,68144728.0821343
5390470.18832527,433.7603976710596,9995000.266712576,437.60828341968414,13636117.422789253,0.0,13874845.324171532,442.45900871944485,9745759.654881945,442.7052601303004,52643949.389830515
7471383.894982467,0.0,14940859.931732608,442.8232776823672,6702731.287666722,437.46108783701567,13762870.328103727,0.0,22600983.07157809,0.0,65479708.79842913
5280393.969171333,438.84355909393497,12976602.55425664,0.0,15821641.589659637,443.30593405412594,12889632.944204979,436.35856697360174,17896478.094712496,434.95775763414235,64866502.61782285
13840178.921163032,431.94965072053975,5530820.521345416,431.7843808208396,19838201.148041803,0.0,6948342.857199213,431.8017911938225,14542283.675867876,432.8408929663293,60701555.50033303
4779069.334850519,0.0,20322123.390518155,435.7932565084908,15103667.741904994,434.1586908900824,2415905.88640998,434.9026037569067,14905840.520560933,0.0,57527911.72879575
7787171.781340236,434.6139085281228,4885538.88893158,0.0,4995126.80090762,438.9823060948774,13004728.462641852,0.0,7959307.078822335,427.42130850073914,38633174.03016675
7886551.887049477,424.9782251175185,15917415.439133551,425.7611129486185,15551676.936504047,426.51345564369285,17049476.103550933,427.81222182863127,7614099.64348307,438.24374757969247,64021363.318484195
5979598.257652239,442.12495001222106,22161784.435328823,441.9178501352248,14750031.084920209,0.0,7282275.4409206165,443.0657420073839,13521611.620011115,0.0,63696627.947375156
10945569.739691574,0.0,13492485.341544732,442.67907499549796,7485315.218543413,444.0053564717859,11608200.616435114,0.0,26115839.817642212,443.3766168555999,69648740.79490536
12654268.371477565,442.45842528022513,20130275.309046987,0.0,12949759.494396545,440.71674325106176,17798150.643749367,440.3866578498889,11213518.735865083,440.7561088543497,74747736.87247078
10778298.652348341,440.94251552403244,9775313.037958158,443.3540622978827,17276371.73595108,0.0,15098785.242361104,438.6822444751968,13760968.142409442,437.938883292413,66691497.72873371
2023348.4365630085,0.0,14756351.556850443,438.888044267556,13536158.833831878,432.3058182223433,17998064.33886493,0.0,5794992.074570199,0.0,54109786.434542954
10319121.39199813,427.5087114894831,14867931.585995672,0.0,10180200.378597174,434.11384873141435,16158961.738353172,437.2961335355968,15402484.235080823,435.3768951152753,66930433.62561384
10469742.610094378,943.8052255432249,20612908.52208057,434.8448340323842,8123142.1784911435,0.0,18727552.349731386,5074329.491281655,10031059.980624028,437.55635429168046,73040551.33871701
10543359.276655119,0.0,5072934.595392655,3397962.8124034526,7436669.32562796,428.1567701720695,5591362.494874937,19649361.400542717,11875643.255047167,0.0,63567721.317314185
8666316.591235984,412.9010579371538,19329252.60246131,4459921.986231586,11948434.392726302,418.8724270211722,4949158.791335337,15918856.877491029,2137617.4729364286,428.2483912494863,67410818.73629418
7980325.854003153,429.3518262209959,11412155.028917173,4772167.384334557,3552907.8932301565,3579834.9028509473,11682171.567968456,17765944.05998425,4425586.699279964,433.6089613604865,65171956.35135624
10673932.127818514,6599832.449516732,6409216.519194584,3718014.5115163242,10002123.188436003,9282645.113646999,2937321.0298958905,8460415.792014537,7182218.935935812,8660031.715590943,73925751.38356633
8232680.883985711,8499162.492614409,4389968.173420105,3223585.3949889257,10454445.145368738,8192750.006726186,7071875.163693578,7936976.170855775,5846217.281713348,9625060.838077607,73472721.55144438
7250641.845378719,8450702.153313039,8922646.718635619,3139855.1260193014,6278536.812057052,8398109.169137275,7465643.9262991,8259623.838650605,5423357.111076486,8945432.096100857,72534548.79666807
5894024.582649698,8454078.07563153,4170170.948291429,3135177.703815867,6609786.637345027,8298851.312715431,6084715.388500134,8580132.004129315,10043694.766261546,8484610.70691567,69755242.12625563
2267813.8457399495,8476848.694691343,7511717.10131259,3957299.24436325,5774830.484567782,9580543.041421302,7575191.403824465,10351379.868378915,5690697.2860199995,8986654.858476171,70172975.82879578
7963033.01258538,9734657.387031471,9341336.147181222,4239328.747179512,7188414.860603746,10265045.996524222,3876699.6327478313,10258721.40757817,6845633.257544231,8116060.846459494,77828931.29543528
7664485.41193752,8658002.804760594,8896684.648326024,4631378.545242436,4478190.103679933,9042012.840760188,8255886.687476073,9593215.951037953,4915821.689060997,8649165.938792255,74784844.62107398
8697406.977282276,7818164.281547219,4080544.1679369346,3325669.6648539393,6498772.128089008,8833157.123965867,5738742.494495821,10758208.26513956,5288264.638887356,7290714.715872848,68329644.45807083
2224698.187367796,8215166.457458423,4833405.241175505,3176855.8565448457,8131958.247766644,10510380.68484629,7852100.320941902,8981462.446417082,6417862.140912344,7481415.808676444,67825305.39210728
4389714.623051772,8396335.457325803,3511023.0208664713,3229608.953822253,7639222.48281648,8531898.552308248,7863435.559270266,7897320.262795562,4523687.213922322,8243778.620631089,64226024.74681027
4425750.60152314,10821163.974377826,7903169.343413005,3750555.217621179,5345122.768823104,9512757.19231406,6516755.592753173,8008289.418525934,6301939.7626981735,8480656.121109715,71066159.99315931
5726683.1756690135,10118234.66080821,5268531.790286001,4318202.687765484,10504155.051881695,8654969.154375428,8779808.63501928,7546066.039689799,7335606.60575868,8248554.4609697545,76500812.26222335
5822867.998187956,9717651.543793065,9340553.312229887,4400390.045058342,9129575.898900123,7451202.076264363,2190079.7100889,8117681.184368792,4504161.341824846,8956504.710282952,69630667.82099923
5610965.734225367,8405345.141730383,5200962.470445696,3528987.5582502177,5571543.638150227,7839960.373623256,5974082.628454654,8243832.608431354,7390268.994611358,8960068.034009775,66726017.18193229
4349067.513205417,8359966.206951955,7206521.921513938,3196929.5318730557,6121051.172359805,7542210.519990953,4596248.246672308,7927366.574826799,5608304.657584806,8710667.158510016,63618333.503489055
4146494.9483788004,8870345.735507805,6347371.415783631,3162148.2104070876,2502155.7544738906,7743199.053700622,6397352.426486874,8689288.341489902,5139306.088957412,8803159.623924565,61800821.59911059
4925331.079331425,7594069.083238578,3539360.8177607046,4426675.228779075,7960723.13012728,8165508.706846935,7884335.432663575,9231389.752692362,9051078.413663141,8001742.385762115,70780214.03086519
5403582.897969534,9018578.176004367,9861354.075760975,3873475.1364619117,8378533.051178478,7702989.831715178,5623139.937496549,8080837.572426069,4987207.257582046,8505163.773179606,71434861.70977472
4080942.779417763,10401636.274683792,3054552.9727827823,4427182.545161511,1312886.346071516,8223804.657803486,7547249.8561050715,8312545.01986793,7913696.499748297,8500477.210781971,63774974.16242412
4157495.124513321,9492077.630303325,4652209.357335403,3174879.1810939214,3901936.0651386757,6820063.430650967,5604708.975820433,11503980.676935866,4334806.258948835,8464795.982132776,62106952.68287352
2835243.8860557377,8935039.594313063,949093.4582602875,3194717.470039218,2641368.20728815,7786516.583814552,6412752.210492629,8733813.741274333,5256264.323768032,9416225.179531366,56161034.65483737
2763821.30132158,11341439.337683942,3985509.773078983,3258132.7712948215,3581612.711674291,9604244.213504346,7954878.412584237,10297519.305694217,6869247.147753682,8265745.248039172,67922150.22262926
3746829.5795512297,9239129.313978093,9402700.41400109,4730288.185145465,6779754.6163845295,8425093.84873222,4024062.1602152856,8602165.359642738,3958451.617635655,8697368.34053936,67605843.43582566
7226196.643798552,8805803.857270053,5041522.53024162,4407973.478144775,8465211.342056125,8406365.09328906,5128619.98314788,8942594.398000352,6539747.044607472,8959758.037073845,71923792.40762974
6325640.188244849,9472397.694672203,8550615.161247497,3366561.3084016494,5108592.984226769,8151327.510689062,7772841.786154273,8947858.143651288,4112733.5098516387,8296855.187153028,70105423.47429226
6699191.718959167,9301982.041677998,9399266.81972265,3212733.8775912104,5235229.63625746,8118487.04467748,8309496.500750097,7645204.189497362,6307288.4644546285,8961881.69491874,73190761.9885068
2631599.122809512,10119131.933310756,8038153.92043368,3127067.1899069557,7772334.075118934,8041954.351994884,6617611.432267583,7346032.521827822,1528600.9057985672,8410970.387359302,63633455.840828
6693669.975253426,9297004.09066906,1944480.742933327,4298701.800619737,1920341.427210224,8684010.387520561,3354507.7257148796,7161684.746857586,4601910.815410944,9125574.935842143,57081886.648031875
4116440.2119517745,9359962.659299957,5916874.07963221,4239647.626664445,2333148.3322694474,8795722.391475672,7260944.8079620395,8909238.310707042,7053778.806082595,8552810.754381705,66538567.98042688
4536518.737417642,9207109.291114524,9030888.020830588,3952246.5413313387,5926799.523098142,7207319.671019371,8215231.569693468,9216817.145112736,5343773.4726279965,8271046.081892973,70907750.05413878
