19018178829.845707,17689824134.55688,19023669900.535854,18705663420.270542,18873113824.336277,17827042326.097073,18697189126.07074,18149946173.910664,19231406572.650227,18553931811.2715,185769966119.54547
293475.56260834076,5185980.902677354,3717078.447441837,1858597.6514165779,8903739.980929181,155682.1081555387,5859531.206096974,2682849.5870655393,1781635.719955682,2195093.1575671113,32633664.323914133
3263041.42150889,7153378.30959532,5176098.231004127,5497424.507535909,7109844.051999893,445917.9012142443,8929959.267976541,5546498.16340285,3028272.049238181,3799989.503119659,49950423.40659562
6177484.040601584,6565421.377645973,651217.3063825293,7818150.21111341,8614324.826890636,444663.6745938508,8094670.88633514,8785960.572562259,7211520.831493565,8409026.882440262,62772440.6100592
2557928.8043158143,6555754.232962935,2085862.2985590051,6074402.853562776,4682924.203344821,893747.529950197,3158905.7384580527,3865187.708923913,2721475.779857012,2912032.2618239266,35508221.41175846
1998941.273637135,7496425.054079199,2412207.297614042,4425534.275433446,8645324.430108542,445108.45089761144,8163565.081102759,1487612.618156991,6146402.74522578,8068714.241186228,49289835.46744174
4480395.861887289,1933159.8193594718,2253118.625010657,6944727.528096709,8744253.802163305,462162.40695719904,4540512.596666422,7161081.601042028,1357209.3784984155,2982618.836998777,40859240.45668027
7193786.174795799,6820416.855031052,1746505.171019701,5856891.3878147025,4581305.263264963,2706022.612566272,9983382.967731774,5787306.7586892,2680413.132047507,8502964.989129934,55858995.3120909
5038141.621234259,3234772.6941792215,748128.273236052,4355937.823467429,5721950.403155453,3765741.956530456,3555729.8613287867,4888919.964755302,4925288.4171393,4178382.548420784,40412993.56344704
8266618.492542167,6294412.082647261,4750482.264256847,6108461.45154887,7670560.570328363,3815952.7482605916,5016792.262340076,7490864.854099203,5088341.671019366,3287475.1165612373,57789961.51360398
1661300.8244915048,7501968.464584755,6855552.816717513,4851167.292042012,3353672.5730043757,4796624.676301042,4163149.0132538383,9908797.601018278,7109293.294023998,2903925.6642136825,53105452.219651
7005856.910074765,4368926.375859566,8395853.993271323,3170894.1063373927,6657787.44558395,4150583.3901738673,1592877.7273238471,6066834.692674749,5870714.73131009,4971522.341046514,52251851.71365607
296050.6915285323,7243059.420050702,6691833.330668896,5975353.862701608,6895036.590500752,4480962.736199993,7390665.128948352,4637910.601250373,7832869.661143355,6622000.429340248,58065742.45233282
1037618.6256783792,2091878.9271853797,2244813.830599328,7765072.863585944,8517505.755819809,6271979.719367704,7836695.921869715,8235102.786345188,5908459.054357548,6188876.4389593,56098003.923768304
6343107.726260036,6938154.745093355,5789416.835730641,3756071.498180488,3586932.889816173,7310380.84206078,5144640.046205529,3423325.18086356,9626669.1880393,8550068.45962838,60468767.411878236
4380501.955125254,709296.4907873537,7902535.5912016,7397141.392526872,7577849.723405189,2588978.156852762,9242140.14783685,9583587.772547765,6143725.637208419,1759128.7141303194,57284885.581622384
6605201.359257494,6202353.246423337,8977770.129584294,9303996.69865942,5570433.3985936195,6262703.9419738725,3889221.804832857,3720030.34591939,8543825.537935812,6224865.348052947,65300401.81123304
4887849.385518368,8837311.719041348,2034927.3269203368,7556069.58807418,7142557.203583239,9190620.517822614,6146144.312509278,9820845.963367345,11552453.890400743,7478386.348115155,74647166.2553526
3450313.80511056,5067245.574922243,5384188.63674788,7383247.660930665,8229802.580918358,3654081.1527440227,4201345.604265365,3098365.627832118,8022862.903269399,3127757.2405453944,51619210.787286
4067113.328975905,3963115.9839805155,6548992.940351064,4743801.925793186,6429151.449915586,4520932.379467704,5625957.591968356,5376170.26701365,8771076.42551135,4439456.918370129,54485769.21134745
6439621.900380427,6639320.66542955,3322213.869594482,7008313.556046726,8815152.718459537,6744992.936972978,5635087.172742112,8116176.771283004,6381689.091293504,5561696.543733759,64664265.22593608
5844289.838371996,8880332.666072652,4643340.903385822,7042613.104254441,6181083.869926644,6481713.199784834,6213476.065063277,7457806.678870724,2043216.0017337848,5343801.208848309,60131673.536312476
4144725.654834997,8005248.023710277,7679009.025920826,4798598.008019152,5012999.468389726,7271537.706980828,7177899.05861092,8906765.136780469,4852170.010409344,7337078.290998551,65186030.38465509
7002214.11705573,6786411.924369664,7919875.472830027,6251026.838507469,5787070.652740616,6118260.631318011,7328236.648512566,2584310.33113122,7320206.461652157,7915631.535565564,65013244.61368302
5533748.398460149,7549043.880289198,7239016.283289528,1758265.1336318098,7296202.631347413,4391376.248906631,7804664.146122469,4254859.403344606,7563198.308534409,4272951.0316536445,57663325.46557986
2031071.7005965267,2633369.639213183,8472846.08723009,3044846.0723874765,2960454.3060071734,8136425.572154931,900195.4479800264,9304065.704237323,4960253.757306926,5949701.277560934,48393229.56467459
5211862.248028672,8025424.554688128,8289024.50412422,8617830.850532075,5871577.172565476,4673865.655744251,7781904.421486897,1485381.098424286,9017587.070890347,10473584.5813067,69448042.15779105
8454078.688519837,7670536.008924609,10343207.76913985,2073995.4552638722,6843926.328197454,3327286.5164870922,8592665.067995785,7726451.094382166,9138045.354372522,9128861.658164369,73299053.94144756
4152859.921564845,3076667.6226457236,3108201.7784660975,7731053.195078856,7143808.550703114,9137440.134011896,6598961.1352116065,509967.9871859167,3031800.299983911,9851734.888056036,54342495.51290801
7596422.035373311,6732538.289821151,6864992.40276333,6235785.973040566,6192923.47158297,3406573.192798733,8685349.056656374,1982832.7922381812,5395060.950877298,8534626.587891493,61627104.75304341
8559431.174801292,4066935.559883389,1578455.9424090022,3462384.5005661035,1143167.5536339371,9576956.551409125,5043735.503150315,4242183.868908514,3982602.6256919843,8572854.942562249,50228708.22301592
6967622.736744032,5389402.242643518,3635969.828830718,7820670.653758651,5315684.163352189,8505107.26915016,7486384.177033693,2817396.687214564,5597246.93259798,6012480.74653988,59547965.43786539
7923793.475160876,5189640.6354792565,5581966.3970099,6990003.676972687,3478991.333138854,8049781.732221349,6420062.026609077,2608835.0653086007,4302185.659475208,5860262.159528929,56405522.160904735
7617755.810873281,3026469.896476074,8174933.358822073,6565208.171523811,5746555.432712235,6587296.37283879,7271431.893956238,5991909.383095908,5330647.690440067,6822455.46669589,63134663.47743436
4209871.604720717,7969068.59415187,5372641.091475354,7048511.5044237245,7366386.09562847,9576158.336795552,2851166.485048222,3810934.43871973,5614926.416088852,4572086.9512830125,58391751.5183355
10016602.031980589,3680651.8513761936,4113261.6975339907,2235851.5923404526,7624266.632254943,2810472.2508994974,6257129.635124182,7111497.047405133,8749456.900548663,6446869.584542211,59046059.22400586
2013254.8106936365,7986455.884607384,7156858.002812947,7831163.787688918,10733504.728281895,6334168.802277179,9116992.610821737,8062296.902806098,6783841.402250938,8166845.674740632,74185382.60698137
8290988.855754049,6063325.150837029,9930113.92121736,1565779.2762188816,4629668.253463529,7928467.158945908,7978351.253895786,7026557.801963401,7498118.829554135,1944226.0530727818,62855596.55492286
2827024.171461656,3987340.5979138855,2608741.777799833,6625100.810107341,5834128.557828197,2438158.273310445,11627172.09262553,8502660.04026647,2496963.314288437,4770260.161458876,51717549.79706067
7100597.380112728,6427915.983020434,8044767.84947864,8550958.729792327,9303651.54384678,5598081.953078165,6544041.959519439,3569459.6089489455,5598931.214104546,7704420.706466748,68442826.92836875
6795533.367219779,9095970.45967487,8863457.810352812,7512073.561142026,4358053.248859931,4085201.5361451083,8543735.842927055,6780567.304898211,6299394.357819294,4700056.620157793,67034044.10919687
6802409.508172062,6737794.0351453265,4992297.220174613,5545585.344952311,6188192.082087984,4667126.360964419,5222516.079582107,6462185.70507967,8520683.96122732,5024109.251100113,60162899.54848593
3917087.1543726344,7893214.7540097,3020902.816307846,5501768.306146165,6054891.538258793,4353806.233924709,4289953.979493791,6458643.135802966,4527947.041521199,7273568.3022723235,53291783.26211013
6146311.665750559,4574500.754467287,7089151.5968893785,8527181.112706259,7222709.718086153,8454244.738787582,2135469.910636218,5462693.448894654,5682584.072899879,2502706.335333412,57797553.35445139
6088146.650178606,8641721.91063967,3582930.4347631647,5342563.799054544,7084105.390266757,9469899.713677097,5950793.7018957,7005337.4416266065,7965744.724852918,5971922.557062882,67103166.32401794
4808774.542554822,11296199.905946499,8920280.952863274,3017686.7552923793,5967119.248423534,6491044.444013706,9537084.577453325,1615307.9492801114,7820803.814252447,6823336.675977069,66297638.86605716
5006313.459817784,8187634.792564344,10286967.443784544,6386552.658746324,6867262.517219404,1987052.9845891462,7041384.161030713,8453470.52628497,7967345.803493234,7140285.791636485,69324270.13916694
5807320.183115649,10598279.223405901,4499569.5669804765,7385801.446551236,3400582.2452363744,6724791.839905927,7299423.406595428,5729708.784376479,10122046.970765404,8306092.060778705,69873615.72771159
7913165.097252053,4521420.570471232,6312929.879468567,5391595.259515117,3862810.48881192,8308499.226913396,8426722.93764462,2047622.2419226998,8511111.836121095,2036069.8512515312,57331947.38937222
6847743.672381507,8689802.233039366,6798177.95123189,7706649.372693928,7376430.714910629,2741770.7977315434,3866304.349780862,4455652.0244894605,11300035.788917506,4705484.455569824,64488051.36074652
6553437.648096372,3042340.7243146366,9271681.24510556,5115602.256553035,3477536.0991078536,5831465.020973182,4850922.119296305,6756532.286979998,7777134.68098253,5884741.383809711,58561393.465219185
9408036.253730796,7326701.973712086,10456705.760452822,4786730.605777275,5594659.837598491,8597056.244198574,6447914.67374553,6363046.343221645,9056350.873021739,5570733.340525741,73607935.9059847
4354148.296153802,5403750.241579027,6248005.002656156,6184268.237145184,8215488.464068339,6130017.286509206,7789500.94410147,6167068.307137913,6000670.166410625,6650157.212627189,63143074.158388905
6032812.618300035,3527709.876657259,7651603.37248149,5890746.975041049,5998506.234306902,5913675.1196356295,5560347.376288537,6473336.455285117,5167115.192414296,8529519.42804894,60745372.648459256
4685919.111934013,6359781.14734592,7337322.055344271,5966391.672240046,5684251.041405178,5958819.898952265,2861685.280143625,2599018.554220913,6990722.738354559,3543680.9301424283,51987592.430083215
6957766.994793278,4071296.419247934,2872848.8290268905,8403058.767785057,7027446.619307785,4243449.798671335,4379305.58666454,4807041.313211727,7974856.931357177,4038552.7371842116,54775623.99724993
2122888.9557497273,7124944.862419503,9460497.563787108,8805442.04484752,3115366.9664859097,7039929.661978571,7952739.707024025,7497130.515657571,8428287.147468945,7949855.751592789,69497083.17701167
5700115.459397492,2997955.964441352,8608802.968394792,8278699.771183206,9255853.757966,1259020.9621674188,2834731.5138129164,6370233.3647650005,5307971.233205225,9385518.03171055,59998903.02704395
7635674.205693544,5652374.181408746,1508735.3711246816,8523567.656692838,1718931.7410305296,2930059.393602572,1882853.9436691036,8898652.291192202,8491312.962001054,7638143.237108638,54880304.98352391
7576670.947865602,11024055.637222303,3706083.5135102486,6600586.189543109,7759627.938345177,5432082.092246902,3911485.355260012,2915802.916191924,5653669.985612152,10186288.40184333,64766352.97764076
2630056.5057856785,3690626.3891603705,6723229.464229585,7745160.451389123,10014361.782680608,7347657.460941795,6148421.328293227,5842811.9696717365,7569294.236200281,3014303.5624859566,60725923.15083836
6924810.473090217,5583665.033606694,7167822.272312843,3521716.0577713284,5656489.705437429,4118653.1060738224,3359648.6565817483,6287717.444958268,3813069.9064976727,4284572.363200029,50718165.01953006
8476360.34314338,7668212.257093337,4150678.2222931525,6505325.4860473955,5506037.896004811,4993618.283345232,6797500.946085636,4837261.436717319,4728998.906395886,5986548.093890309,59650541.87101646
5166240.703287048,8790278.751227148,4819487.0736970855,4889833.350512792,4087154.157073915,5053761.2577126045,6880746.05916748,8459743.560875656,2105229.672895025,4837392.914187634,55089867.500636384
7687639.439731755,6606670.71343218,1068814.6534513843,5882609.733932376,4891457.7194963945,6767109.331729009,5223880.864502861,7985671.133188874,5604677.488215914,6851051.925401488,58569583.00308224
3978803.7017319654,7078925.282953776,5087611.601871124,2577000.53597241,8205471.22566411,7593011.348650778,2863836.964150352,7663239.165567502,7040888.6721137175,8669008.182079613,60757796.68075535
7748743.137275651,8202110.865517545,7597492.097485462,2804118.5822827243,9065371.910002796,7068289.485317915,1536961.0987987223,2487411.846883933,7885519.569610176,7693945.693988091,62089964.28716302
2259725.663164749,1800870.638499695,9676430.559253369,7628074.854472863,3272136.389668862,10562649.70837721,4828192.580050042,6970175.485319425,4327461.803888744,7825668.304958299,59151385.98765326
8012552.848844036,6734676.978156309,8228605.724514506,1314448.0303868,10315734.938245667,4484089.692944545,6818451.413388791,8426396.291867407,7722193.691609741,5903901.411903641,67961051.02186143
3523093.5973716304,8272525.778578184,8983186.640476506,4052328.245215932,9422754.203849478,8007801.993852612,1654990.5157214287,5260013.764299294,2379761.5427577468,6997525.8109113835,58553982.09303419
2428435.150294732,2969680.026483005,6731942.297335463,4841354.752915798,2340743.884520623,7510922.790534572,3345838.0850834963,9460237.20000097,8251886.71932789,4870798.342775243,52751839.24927179
5910239.313074898,5320313.927206612,9116881.871430242,5507258.682185972,6489769.636716694,7531725.141882636,4675658.395775055,10529756.717145126,9050042.446180554,941302.6624924034,65072948.79409019
4232449.514589149,10292515.404587056,3375963.36837575,7535205.432918408,3482218.6065621283,6147118.763261263,8391688.595982382,8739385.982002059,7537911.676057475,4230117.310186385,63964574.654522054
7671916.3823410245,3980958.8373872866,6926571.437811078,4203255.52194783,4869746.353959517,8699623.387508698,5112494.177210229,5425287.662919263,8837122.4545061,7947423.897043752,63674400.11263477
9712266.882051108,7817635.624353132,5600886.392843162,6203712.3946064785,5043667.334296902,7971833.4510662295,4067880.7296325797,5970872.927340033,6188762.278712123,7733948.852085762,66311466.86698751
6534832.806317583,5654871.85928612,7024013.065625235,4551172.846711129,6129487.629820627,5163209.485197298,4799349.451035241,7974567.683169528,4809284.095393909,8248572.021649317,60889360.94420599
7214296.111264681,9532939.672309712,7377055.244958675,6392310.486051495,6811289.512299039,7060294.423734953,7274232.644310336,2804337.5883728447,7300799.152779223,4222563.873248005,65990118.70932896
7783282.2307021255,8094853.293281995,9050696.655799707,8160214.787506825,7174811.81079671,9444996.991243962,2088981.6852532297,3796760.0513667697,4061427.0688446867,5837554.120900313,65493578.69569632
1102943.1425376206,7976890.277299132,2741867.1465334147,2573213.2942139395,2420820.1973559754,4221473.656812173,8246415.576387895,8519657.089399153,9626005.047956495,6556501.285157769,53985786.713653564
9155450.947395656,9157981.28408908,7474681.388974406,5794263.834336848,8196525.746856754,8548929.252331821,1504346.471456659,2244811.274321539,9446343.433966994,3611449.1361125433,65134782.769842304
8573726.53843931,5221171.310465798,8663809.998311618,9629970.111616185,2422939.601920945,3875855.9723877623,5461090.864119598,3572730.305369653,6765759.631032141,7304100.2098053545,61491154.54346836
3035890.5124382325,8322983.0713035455,9063260.420334332,4801365.203347689,6822237.872076368,8122904.6578098545,7276702.6871258635,5386494.297566953,7897786.799556786,3387915.2776575736,64117540.799217194
5670264.780132771,5752514.448287787,5303376.375997196,6136725.1578386165,7328855.446965555,5788034.568072624,8883975.187438274,8819414.07100964,6109214.38042048,8406827.196211986,68199201.61237493
5320468.650868601,5067905.705677399,9046282.339951405,5496606.022605884,5473236.2899548635,4557940.513409918,7669095.254337311,4961247.39560196,8663272.068034688,9174478.752560953,65430532.99300297
5398848.091209044,3890190.470245978,4285071.035023741,3999232.474876522,4341026.472602799,4426803.340426841,7315584.192451621,7563701.145024741,9573067.591344249,6246143.391236639,57039668.20444218
5506169.285189254,5722000.201847483,5589573.1961380355,6922339.457563497,2723908.751725391,4347579.343911281,7546614.304792853,7651655.571131507,9232597.927121589,5926520.8997700885,61168958.93919098
7870380.757167988,8610987.146853339,1931003.4587363014,6334260.17451093,4691953.257326658,6596461.73101271,8429276.797285507,6403303.7115148865,8507027.473718992,7306152.783205359,66680807.29133267
6065824.124195037,9118871.874745522,1853544.5849687797,8752336.433654372,8506738.439210627,2530747.461159929,1627896.2484086547,4916747.88368431,7490991.506685758,3578803.7689109985,54442502.32562398
9951036.397171715,6511703.996973356,4609426.279992466,2618127.555591591,3932637.4087860347,7073150.385839417,2241393.220535607,7787134.275828817,6565552.079225137,8046850.018575879,59337011.618520014
4272846.13222647,8388017.783363255,7031727.556760519,4216102.8773924075,9496470.509295916,9443128.60834863,5861311.034548637,2853813.161755984,8048922.914982751,9318102.73082089,68930443.30949546
10528372.039790796,3089065.161605491,6951558.33257956,9591516.388254141,2506993.069742704,4904448.376287057,8616543.236485079,6606112.030718713,1221946.0137328247,7611915.717744158,61628470.36694053
2344012.8601595075,8429826.992660834,828554.9450297804,2665388.40693677,8802943.135962043,5964724.097816786,3613926.873750061,7570637.4388774205,3713362.9766669003,6135321.577130891,50068699.30499099
7075642.818562537,4053480.404427082,3145865.1338107167,7996245.010568473,9626525.44689536,1684604.9953514163,7654886.807163067,6838144.899790869,3539575.1080135806,3204065.6401398806,54819036.26472298
7384965.705354302,5934090.142250366,8534449.262518903,4010433.355372894,10027265.595933583,3770156.815890454,7608172.886086878,7221677.845068032,7317949.055334853,4563248.554951554,66372409.218761824
5151875.24978157,8337439.438781319,6892480.004603153,6716271.117464364,9138842.820310693,8648450.346291916,9928131.265549306,4142170.184683567,9663202.514491888,6929938.525159952,75548801.46711773
6829550.046163149,5660665.790569666,2731758.088579531,9416998.675938979,10737724.296186117,5954656.860478884,8881811.764190963,5054832.400185813,5495084.70320457,6810446.169142963,67573528.79464065
3616089.128095733,4771281.739488747,5658862.726851767,5840097.045492262,8194721.859050055,6368822.442697327,6771723.189158302,5603630.501677939,9790562.407233246,5745040.060298534,62360831.10004391
6427733.582079815,4134416.055729683,7179498.228497272,4338121.8320927,10926516.08133101,8922841.029909402,6793646.138004825,7097430.658892915,7081755.529353848,4627631.082717836,67529590.2186093
7868541.566184499,7297750.683683404,8639924.13445812,9012401.27801987,10395074.96952835,1754918.3846469363,5285748.7547123255,5480594.764300043,8210241.023371785,7083281.74796886,71028477.30687419
2748085.439666627,3093188.86351615,8156589.470192089,1623807.3912412927,9226749.583578626,2252549.4879365326,5470429.078591926,8742484.66666799,7147131.754133826,2826250.3435469894,51287266.07907205
4954750.474825527,8356983.957193234,9792398.540315166,2923067.3417277797,1258851.0190099431,9254307.105659682,6935364.3955673585,5927914.672528876,7927792.85221719,10106080.43289198,67437510.79193673
9973740.568885116,9130717.689149626,4733986.513173228,5125809.1867135335,2713485.9238244426,1923047.917835176,7983400.338085676,8748614.729536695,4326312.117188789,2933431.178922419,57592546.16331471
3299049.3609561734,2378067.3040698026,7507453.215761143,8658596.950555217,6204199.499275626,7254887.529463489,7898314.467034626,5282399.369358777,8374531.766163961,9302952.348827802,66160451.81146661
3643054.4101333674,6672871.285696687,4208955.127637527,8116267.105812038,9820852.164391855,1486597.4432450114,4094620.553585316,5996869.281754505,3688954.1178989084,7705238.39931623,55434279.88947145
6534304.343585124,4807861.004468242,6798892.815430854,6232557.745790167,6762757.292274495,4023943.4679488027,5596828.44534003,8653919.26693089,4915381.582588267,5108433.083503959,59434879.04786083
7148277.408347634,7441354.77088561,3800353.874122624,5103957.245433005,2419766.0032335874,7164806.501762685,4368847.985564409,7036845.211687752,6578072.086002487,5827301.905340673,56889582.99238046
7012489.457807353,3029029.171693666,6315078.506189996,6033555.990526587,3920060.371719936,2598112.7614023574,5769969.159438734,5999530.974875853,8078406.018659368,7405571.466555052,56161803.8788689
10000078.406944696,7621305.2010065485,8415718.583191577,7118159.949367698,8002025.164754188,5685550.955273376,2560023.752605545,7070919.742518779,6487462.93927297,7644424.387759356,70605669.08269474
9562115.367193863,1347756.2311506984,7928074.425792315,5456667.9529713215,9617062.227718469,7085438.487503691,8146406.44642571,8525135.325083809,7429332.626851843,5677164.523523606,70775153.61421531
7796448.977842754,2797856.5353186517,9381350.798796449,9877118.036831524,6619926.183161566,7577588.238001897,9339861.620066497,1598938.5325512353,798957.5030322013,8370441.293771503,64158487.719374284
5181644.604135531,8349736.3796225,3351433.6138797114,1798160.6586760797,9582967.461842364,1073716.6855822455,6886293.3979684645,1803084.8685570923,1887443.7606343285,2174581.5645330003,42089062.99543133
8717090.904552996,1871072.2743070165,8011581.59336796,6566113.30629656,7341663.689347625,5387446.731800942,10925360.287015554,6428897.640626714,3721403.426319718,7330950.004149566,66301579.85778465
2363389.9477283494,6308944.645059708,2906635.7592729195,8684443.612352611,8075678.255518533,8932567.75534859,6401101.501728991,7475313.264195898,7281729.47019945,6262550.787672506,64692354.99907756
3823987.4468540223,6977768.62763358,8649556.418876886,2673530.631061043,7320911.347629879,5827253.265200864,8136178.647653288,7819379.602466363,3842422.6154331025,3558716.4759084904,58629705.07871752
5223342.892209488,4578917.818445726,8383853.266205227,3794661.988915731,5761058.801456632,6144394.705416207,3074084.334718373,8623774.026783988,5584726.6189051755,3242358.9227658506,54411173.37582241
7105322.496245125,7642262.453415153,5800161.231303564,6866928.34410284,6377773.884103755,3887648.542586333,3711569.113222374,6533986.593760667,5237426.267695663,5882822.011371802,59045900.937807284
5951085.16029844,5418136.4593827175,4159605.8731079334,4771835.49402045,7022979.989960363,4445283.959133304,6655197.9046653,5858157.846167039,6410173.455203979,5701504.705108835,56393960.84704836
7363532.805548,3456177.7947159773,7106931.145632654,7532171.865850281,7039088.666791839,6645124.991886302,5496999.807245436,6054746.210118785,7173996.042714656,8587952.190694386,66456721.52119831
7317539.171284564,6110730.028972673,7171629.667248242,3907912.220375461,8010737.702391025,3431742.1373041393,5891413.012294468,3052675.6717875944,4001799.2026596954,8674297.4097864,57570476.224104255
8129002.446438059,8824635.594480895,4344147.795901654,5464165.773035462,9028594.41085732,3973899.569372497,6386356.569833921,5956862.665367441,8817743.125539573,4290116.2486339705,65215524.19946079
2076215.4005187429,3753726.516647635,5226816.656012323,6662565.299394011,5165350.068074629,7123389.883833442,1254679.1951319682,7161612.848054969,1340245.9295492505,9439174.272539135,49203776.069756106
7725597.464264278,8478183.413701158,7383871.841098749,8729667.789466923,6405255.1184388045,2589908.7331161457,6924420.183945609,3966619.2784168944,6904775.770400458,4018707.541315096,63127007.13416411
9238144.860247571,9090263.184014957,9188590.658312043,6529504.244932422,8178092.132608889,6742717.384452091,8673179.630646223,3971771.835579554,9438521.523841737,5236798.300975918,76287583.7556114
4481218.750528489,7441251.213760528,6934318.154429073,9370254.38770687,2572929.228133411,2635703.585617249,7999118.174472029,5656382.484738056,3360291.7036854955,5717307.4635877,56168775.1466589
7376911.703741435,9423646.312064681,8030604.982713549,7884605.53576703,4457556.394690578,8856848.448309014,6822761.107677915,3622698.979199297,5918310.634609432,2178239.88423351,64572183.98300644
3713701.692901767,5498923.084371025,4211076.444256316,3562316.6889603115,6100291.268315209,7559809.019592808,7792261.0142489625,6949338.907324635,5981603.538988753,5258360.463388585,56627682.12234837
8746837.318231761,4062761.1606761287,5382319.565030321,5737136.629278987,5583671.016395711,5405394.908500376,5774597.518636992,9746609.680896603,5749462.752933975,4560072.723384401,60748863.27396526
10666942.367585383,3079807.7299725595,7127559.237373351,2916083.04794108,5126722.57699218,6229991.45798976,7583279.889212784,5761251.592003152,3980420.036042121,6587419.613141605,59059477.54825398
3115770.9915608605,5780853.478036166,2740026.848791664,3359572.9952863473,2752947.1910217474,6757233.4648015415,5354056.911346616,4781410.319951179,7527547.246163334,8938029.67513392,51107449.12209337
4779074.450324122,7929923.356808475,8172532.911742447,7774699.288281232,7513566.334066393,7848020.763813126,4237051.448619734,6242610.6091168355,2688794.065777761,8471605.027521152,65657878.25607127
8907985.219189784,5406711.312741659,976187.1057321379,3350277.5770330927,7178795.345164993,4170561.0623504138,4538575.547964436,743173.7401022206,2395950.94844175,7447749.404206379,45115967.26292687
2294930.0110375294,8899841.022121482,10599119.166551696,8446829.161569603,6738882.794829213,7650929.109520393,7922600.29528237,2757215.8826324334,6260026.203130818,4452873.1367783705,66023246.783453904
7813196.959868597,1147190.0535942204,1748147.2547593408,7819002.764244045,8010454.99572021,9104232.222119931,1560369.2732672533,5777691.858830808,8295130.399832866,8055879.618051596,59331295.400288865
10309066.634404803,6572915.680768636,7946935.7698813,6585823.147830386,3000505.9148662803,3074060.277336872,2319030.8268631008,7604195.01537606,10199740.74297545,2871904.9038503612,60484178.914153256
6458603.759100767,8249597.894194062,10009141.228310196,3721121.804073205,7026947.346135897,6087095.892822132,6731861.702984246,6682623.400530512,6390979.090044966,6968762.718518598,68326734.83671458
9696952.023378687,6435750.779252731,5355167.025423142,6512281.153217574,9254190.675881749,8219544.459858315,4971578.454510273,7447059.298458919,6409338.64349893,8693960.65322445,72995823.16670476
5181433.6444879975,8866879.591867924,8036978.153567426,3940947.159461001,7145812.449618614,4837437.809650778,5131420.0357099455,5203149.976264454,7341485.446050685,5915898.093005186,61601442.35968401
6156812.452617024,7466252.952132054,8083544.904183207,7899361.323485381,7886541.911791299,7557948.086906149,5915826.033427989,5005475.150620119,4430816.650006914,7476897.317256823,67879476.78242695
6677371.301105263,8632226.301153233,8789050.164432673,9520516.500964623,5134594.630180243,8466321.46864189,5469257.839599076,4201085.626060788,7186520.642925113,7171745.418364798,71248689.89342768
1968735.4656955441,5057623.597406476,7940525.333520741,4601673.605559872,6726192.8481610045,8443654.706342041,6713642.566332175,7289568.800658823,2631333.4006444835,1463567.2854047068,52836517.60972586
1141827.7620614327,4322370.18776541,8564791.332014538,8306732.0122257145,3168730.151199105,4112212.0486468216,3458322.180250611,4713803.823639073,7896659.172272098,3049360.972014493,48734809.64208931
8623809.089982761,6723670.238311161,10143372.769934965,1472685.0441376069,9345176.580256892,4984124.577492933,3911138.99473867,8152450.097571779,1179244.647356435,4399090.526671798,58934762.56645499
1893289.643711649,8689124.80277948,5166816.906447164,7965428.671846056,8724948.708006546,9546968.149155179,8377472.317129882,3718413.4185142126,5430356.646806543,7893710.128509486,67406529.3929062
7777654.503970093,4131956.3230082905,6914630.158198394,8254419.762862244,2724652.7044158303,3519846.565818451,2599550.052093114,4357217.403207255,6150641.554972407,3487947.0433724797,49918516.07191857
7783708.091057555,5969428.605413651,1790197.0084967786,2743730.1116016563,6956183.726004471,7745057.281380524,6686807.044051495,6735465.322638529,7221607.3520303555,7618022.731225244,61250207.27390026
3931105.2362651266,3732007.9937903886,4497015.130408193,10807694.275336565,11816125.444667285,3619460.808158808,3570190.549257468,2212557.358415809,4996653.65614281,7602972.193246985,56785782.645689435
8445550.897377243,4076536.4371126643,7668420.974218806,9050524.356363943,4793478.642684784,7592952.641160708,4341675.794563549,4112487.028132977,4550682.3427915005,4753747.764458594,59386056.878864765
4951362.18899596,5979314.093401991,5810076.834324392,7793946.234520988,4899618.947762861,6394982.097518052,2558248.3320292993,3885007.166019517,4199315.948721219,7508520.9857711755,53980392.82906546
5853317.333524365,5868326.597672603,7398663.024103547,5028514.2578069735,6524221.36084383,3747599.8741828226,6790527.35473519,5630557.048816109,6815044.222078752,8266615.4698554,61923386.54361959
6762641.442044652,7342180.368669517,7660217.399404751,8053438.8464410845,9094449.005294723,6775324.218432457,3020161.1041490827,6660969.924775624,3656127.691545799,9248651.864745116,68274161.8655028
7088889.524840326,8111193.87175728,6796630.6861381335,5531018.167713034,4183178.525198939,2931413.7328094007,6714046.733590366,4594203.943996877,7219405.729285727,7703422.9502707245,60873403.86560081
8381579.9529094,8062144.101318967,8807759.549994841,7646397.9625945585,5855320.676838055,4743349.42562227,7965698.908704426,9562991.044317106,9170185.287932193,6793931.829936154,76989358.74016798
3173484.6557813585,8412594.340253798,11213644.453037439,1561006.0568195907,9568336.681279272,7515183.1629741285,4991979.3279637555,1882763.5653579363,7626565.528174371,6158913.293741596,62104471.06538325
8806838.82239435,2937670.225916802,4224481.960112554,7493570.607225211,2375256.650442283,2315400.3294621776,8148688.732783046,7480591.631209747,8263403.918244795,3015891.2426298666,55061794.12042083
3225031.0562543874,4211666.762545486,8685935.817105327,8692442.812441695,3797140.381899006,6886008.371110396,4358439.537236426,9200783.28546416,6977907.819109759,6799562.075715742,62834917.91888239
7677259.864118076,6604751.886843072,2702530.198678641,6452471.321390734,4177218.7226244444,7073294.087855318,6676950.944671897,9618740.54522486,7821250.395806057,5631599.968179458,64436067.93539256
5279531.004457933,3914922.2432464124,5931327.786421578,4615830.36548509,4206889.232385213,3314841.1355101634,4623036.741769099,8600012.489469372,4194036.074326902,5727981.723008906,50408408.79608067
6748165.708884204,6893578.971038338,4375930.19819149,7087532.532234865,3470400.363980177,4897310.933843601,6194847.571407963,7353415.693943853,7175158.189248488,5279785.971783575,59476126.13455655
3863865.56152377,7650222.892740045,6344183.712692265,7166897.711903992,4332620.0858511105,7082435.15833141,7031508.342402124,6803975.671979204,8812867.611296793,3147310.506406514,62235887.25512723
6589523.385834503,6053382.554953054,7395524.817247139,4539885.297425252,7623468.541580387,7592851.692129272,3095741.991762929,7811245.433123031,4420047.764733629,2208115.821140685,57329787.29992988
6963403.345561947,1164465.4713480116,7720939.298601971,3582151.032768296,4493237.91056577,6819991.123930117,7016047.448197664,5537408.0670471145,9399167.046798287,7397972.676920948,60094783.42174013
9035056.003996324,7910219.770542809,9759360.568890356,10655212.221764876,6474635.970085043,5094703.424756274,1808293.249901755,10141010.098606642,2219539.339818772,7907486.661167988,71005517.30953085
6714888.263336376,9739918.488774601,1411455.1430917925,2088676.0248176376,8963244.417509474,8119636.283638692,7769980.959452751,2248697.6121964185,5870050.126700121,2064879.6371423248,54991426.95666018
9914259.328307299,2260741.4250148023,5987251.844509397,7902799.961473604,3297269.7649584175,6859639.002526909,2971298.3963506925,7470680.890409556,6910795.631214265,8028266.094031059,61603002.338796
4339290.010329145,5559938.500410025,9373379.643630017,3247389.064355578,9740685.212833626,2473734.468631653,4450319.5227615135,7318539.589265916,9084912.238917619,7019133.885077901,62607322.136213
7074755.109771441,9200593.496400835,10707331.053952089,5590009.143851692,4151604.5422777305,8367874.160151619,8534150.255974725,5718318.416785124,5755267.876466272,3748446.486438344,68848350.54206987
9461711.47650294,5189146.561234044,8975848.080239203,5290343.5299680615,10388246.842400633,8118779.841079617,6889608.393690817,7454133.239510108,7405284.8849927075,6467061.4408791475,75640164.29049727
9761085.054707628,8556068.995791169,8170819.709523354,3056098.6188783105,5111974.512475827,7637203.3254276905,4575020.098384974,5133884.238450199,8877338.223698007,4451045.465189213,65330538.24252637
9648096.325986544,3691404.0006365627,6018904.940154059,5768522.560156413,882825.0328156004,8348290.700701137,3814407.701022398,3321266.378746919,5860386.888248614,5629297.502511206,52983402.030979455
8314634.358428405,6957695.625531164,3925356.0059865736,2989337.1295865746,5538056.977803725,3704491.596876647,2684313.647993345,5448487.799900941,9177795.339953689,6685240.070109865,55425408.55217093
8931630.13233292,2741487.651637026,7302796.127146718,1986740.6405066706,6465619.903360981,5741289.463011393,4256358.914502279,7018134.655257407,6632438.619594591,9023140.235313084,60099636.342663065
8537495.751639668,5542050.679226035,1606483.4003997336,8795164.014708528,5868321.211123409,8461926.511496687,5127302.679232315,3738407.3963556476,8655112.594828958,8935260.971490014,65267525.210501
3754777.185620306,8078359.423229261,1617045.1333594217,10102600.691144723,7508354.492563449,7499636.637737378,6754210.454044494,4301832.870132475,7650803.746287182,10313506.586951043,67581127.22106972
9004694.519204024,4647764.534991123,2996437.962239019,8086940.183009989,9497463.30874286,5133726.506425503,8884476.994789079,5206276.265620382,7503118.261819327,1608764.4252602695,62569662.96210157
4951708.615759997,7744447.8964008745,4968889.790793596,9528705.796538977,2067215.5291264532,9029357.143929066,8859776.55033051,7213498.210239023,2547552.090708732,3744133.5041319523,60655285.127959184
10398537.974252151,8048348.052189756,6611305.156810469,2101503.75714028,7734817.979083498,3621535.6232721624,3984718.835333277,4385369.154798656,4556613.203298403,6152109.144968462,57594858.88114713
10188273.083793322,4149510.7312464337,3525755.0470023854,3102831.495093993,7176472.342671655,8403197.156734323,7450561.265566368,9645719.675580107,8627538.842125319,3600237.447096235,65870097.086910136
7434555.925836668,8223892.027901043,7535763.952161538,5772289.182314347,4110063.8524483843,3950554.797992327,4595891.148283908,9068601.50845469,9797569.900098177,5326771.905810662,65815954.20130174
7685081.042340881,5776301.945443685,7683076.3272921145,4900017.289245056,7167616.898788021,5633715.816984829,5972735.380156162,6851421.751757163,4473467.933508322,3607674.9799600644,59751109.36547629
8437595.66108268,5493926.667411322,4385751.064983057,3738784.864317981,9511991.944119992,6997841.538994686,6951660.562490762,5850754.401394765,6336235.797864474,7577968.209377731,65282510.712037444
7379361.101713081,6357605.2535553,7285982.914549736,6092515.915220924,8098780.202746912,7637460.720699904,2726497.4363268283,3844279.9117898373,7442259.160320767,7300208.454024343,64164951.07094764
5117745.817173905,4691624.383233978,9075579.113580007,8949842.685781864,2768236.6389519325,2332020.1654840703,1357766.120599826,7876162.247930229,5187309.241109587,5501964.169589023,52858250.58343442
3972171.586496529,4994264.801861204,8675776.445402138,2102840.660221197,3131910.495126529,7185350.945869314,4364177.577094875,3233434.304832743,5340950.060660771,7929413.2745422125,50930290.152107514
10831826.79400666,8368586.181127348,5365947.217357784,4360813.303017496,10313498.59387905,8558948.278837789,7328316.612747243,3623588.232906556,7419427.569589859,2249030.8196607307,68419983.60313052
3191005.500171122,4173256.785309113,8654035.958680464,7070922.930760152,3111999.918617513,7994490.103937327,8815751.7395875,7781665.245188933,8219063.349475307,4762768.3232885,63774959.85501593
9805873.037270272,8403720.163971761,5996228.816295442,3168750.3885330157,7973966.848638577,6330842.779633694,4630977.844105362,1769098.0635791034,3451334.383313806,6345930.7640161235,57876723.08935715
2230132.0434749094,4130214.396970404,8297376.962274497,6728272.320416672,9204991.46574704,4265067.8189054,8163485.706372792,4128906.927665714,8172511.798138228,3531764.4979430996,58852723.93790877
3904295.9896260686,7772760.643581756,10470891.65086055,6098001.631931725,6662248.853290599,4599295.783225019,9556584.780877382,8461014.546025803,7797754.262670477,5040450.009418873,70363298.15150826
8500477.700459337,9697066.414726919,7540683.23427446,4479866.444732132,5511183.213504223,5585846.60062623,7708755.88607554,9954388.016171066,4508036.475862107,5907060.971010857,69393364.95744288
9040850.502429135,7172828.97258644,5774397.63446053,3924415.3378006197,6002881.31378534,7311966.799092191,6169896.30248673,6619335.384224713,6674097.808228411,5862582.767162499,64553252.82225661
6739696.406966761,7328702.97528244,8081241.330086089,5994969.688453056,3753372.723550367,3808404.6134506552,4053509.116639444,5757390.358440729,3517191.0820876467,6107688.604647068,55142166.89960425
6878259.83981047,8934746.6794714,10390898.3242055,6871789.455340815,6033559.825534512,6896377.620316981,3816880.233599122,6800646.706047438,7357862.555470105,1149372.8752684954,65130394.11506484
9950902.920220532,6063702.175351552,8908717.55537473,1234179.5359086292,8108516.263216453,2837794.3170151585,6423028.100064946,4926880.1326690605,8824151.30173765,6782880.667982817,64060752.96954153
4241741.345454676,7915069.035356937,10386189.755198982,3367290.20184765,11861236.28253394,9966005.584211143,11190188.640084611,7510896.150902741,5511008.113216807,7190692.899621481,79140318.00842898
10012773.81927257,761996.0573036149,3747257.97979728,8389450.092193263,7718923.475639619,2827866.920627081,4912865.242970933,1684445.8955781572,8683939.130300058,1362522.4359700577,50102041.04965264
3830392.414803717,2600481.3826657897,6873868.468066758,8701111.965467773,8259845.754954702,4292897.317066887,9760861.938433366,6225184.031120532,2237936.1598009593,2986337.9053296745,55768917.33771016
7640003.322881729,7384062.430410515,5808915.166994223,4742763.542441126,6167597.78988686,6270264.989102664,7973536.159711663,1680569.2557847025,7891210.42472448,8734571.067922872,64293494.14986083
4045208.98763384,6679539.340554285,6163268.8183987625,5684604.910607173,4757084.865402361,5713209.540827168,4231327.452099264,3014295.450924788,7985371.082557607,7203614.858277915,55477525.30728318
5903987.379712178,3982996.694833137,5398216.644696611,9610431.561985672,5606323.053656008,4430752.5583850965,5058782.138850486,5512125.835575853,4120502.3624653197,2926494.8210880803,52550613.05124845
5888479.936696418,5225410.004566042,7169801.279777433,6438946.411269818,3740233.024840075,6663687.656260008,5750687.347447068,7888559.778338788,4677353.9268437885,5341243.350203528,58784402.71624297
8095639.654810721,8692361.390068859,9919174.825489037,7818941.975708768,3937847.77370604,4371353.791142704,2479471.7284847843,3295054.954953127,3334506.6011189376,7535669.220450548,59480021.91593353
