77593671720.93709,14529297872.393473,91569478033.84221,13258079596.096138,91987149025.86102,16174131910.069826,92946478191.7564,15930611221.990921,96229766037.42302,14455183577.703062,524673847188.0732
8213085.334964802,439.35007473202205,10972947.749750972,439.0955695154818,731224.08593982,438.89474174139934,4558198.203430399,443.6044390720483,4339246.177615399,443.89620153973937,28816906.39272799
8333746.847543718,444.4929497672295,4369239.181315748,0.0,4027364.717638956,444.5967037939428,8854740.178354573,441.9332740361947,10803459.130244372,438.57712393711375,36390319.6551489
8211710.853077284,0.0,10903014.198988302,436.16335268909125,1169559.7015343949,0.0,11545484.255310966,0.0,1881430.5606836255,0.0,33711635.73294726
576558.8814112522,438.66637760199063,9485470.521638578,434.5672838448232,4789261.286246141,436.76183765452777,3705143.820404534,436.82675239751063,5298007.676461011,434.4793152146515,23856623.48772823
9707603.692208834,437.4557647880934,1874450.2471347437,0.0,2198604.0107265296,437.4435983055591,14720340.683445988,433.14195993116255,12025520.101543596,434.18350316299615,40528260.95988588
4504325.778193179,431.3957913931515,4109230.0901722717,431.51210978550057,8064564.847837566,434.46843883932615,9752228.051419485,0.0,13842847.056371072,0.0,40274493.20033359
4484028.555193229,0.0,12154908.342584351,429.57609235114154,6413362.678467157,0.0,10986876.321498366,436.4486229295817,1264754.4794446575,438.68291358543337,35305235.08481663
4123779.9694955554,445.17171231156226,8261982.598254703,0.0,3908234.4528007116,440.3619021121456,11820460.298119059,439.56773033974775,11326067.015129233,439.07306536766475,39442288.5082094
4105881.073546278,438.6067437173471,2440184.336209031,439.70059754691266,10505242.109688303,439.1902079409848,8713971.516880475,0.0,13737147.939787697,0.0,39503744.47366099
4057456.453574179,0.0,198199.8128719033,431.85245595708216,14064445.25591578,0.0,1466322.8062516397,439.72114921330234,16236740.466867596,440.7720307645826,36024477.14111703
3644263.7640042887,437.92526105642423,2640851.0080032176,436.27696222314535,6148346.238986792,435.5485077024357,11617561.68118649,435.62418452965943,17958905.69560229,435.9506594154962,42012109.71335801
9856035.758427301,439.18838758654994,1906030.9335608836,0.0,15732128.021434894,440.21650631024846,19085713.318154108,440.2219930172915,5677689.613433366,440.2810078282252,52259357.55290529
2121712.6071452606,0.0,9199911.17651278,432.02955181084025,9551926.654472623,0.0,16123376.330800913,0.0,8198716.667174145,0.0,45196075.46565753
472091.0304167225,442.4747621600202,8767900.54878929,443.73398784818767,3323278.081170668,441.81883299742276,19117770.70945549,442.28560055132306,19188246.032176036,441.67625260544696,50871498.39144437
7045210.581848877,442.1695202929661,13939987.82948811,0.0,14963998.9696979,443.0478014703811,21068571.244131304,440.56590689115563,4752591.136280757,439.88611229401226,61772125.430787906
5442725.160410623,439.0001103351791,11342047.065480862,439.9073541570889,8922377.243972626,429.7781139267501,10894944.225614907,0.0,4342333.78490157,0.0,40945736.16595901
905971.0790747479,0.0,15485051.625148956,429.44853974785974,6958138.575213228,0.0,21317333.188965846,441.06162414113334,9438131.440801809,436.61473741189974,54105933.03410588
4217208.615089247,434.6260119425411,6387779.34835293,0.0,9783244.522140337,436.6850073280945,9956232.220407497,436.7941504651471,19685088.374530975,441.64592616251826,50031302.83161688
4462129.396286403,443.8831848479664,15065246.124317633,442.99554818574046,14652282.009339472,441.89951746468785,14588642.975097211,0.0,14865593.944161441,0.0,63635223.22745265
2620893.004880611,0.0,13184417.4071832,427.1490727336879,7881934.960604477,0.0,12518508.858844308,431.19954234203595,10077592.690586535,432.23602251109054,46284637.50673672
3951785.7780985273,432.93518162704925,10565735.2164685,438.74639275189935,10225198.486335874,443.14239566398527,18196118.29187886,439.59863591760484,20291083.529495087,435.03153724117095,63232110.75642005
9506937.983344357,434.8343150190682,3536966.579994783,0.0,8892810.16344327,430.893790683907,5989575.6099505555,434.648062530967,18149012.10078605,438.7564325553936,46077041.570119806
1695620.0143876832,0.0,13224758.462961897,440.35641191705594,12750968.456966441,0.0,12941670.343646638,0.0,16906692.692905292,0.0,57520150.327279866
9391552.613821998,431.5914789841854,5444529.36891684,428.9510580993181,3445393.949568368,432.9155386473918,24031364.343509022,433.5354767355925,14909117.12898861,435.644356889499,57224120.04271419
17061551.337558173,438.6589224796186,9528507.119022498,0.0,17790237.948946327,439.3225593869063,13652303.416287405,435.4256713223448,6627664.467738607,432.1470471061778,64662009.84375331
6816320.935350456,433.82059050418246,13638305.813781384,428.3810653768277,20394976.379568964,427.9659126490907,18759590.942505248,0.0,19995828.067303143,0.0,79606312.30607772
6017152.926877082,0.0,10636825.599463623,440.7190586801321,9561017.1190386,0.0,9543582.619714148,443.28475312873,9551374.148352724,443.6228157271611,45311280.04007371
18804684.96216743,441.02403953577016,6007945.499903761,0.0,23755717.939038347,440.62433890457265,14871621.261630356,440.8429696147568,12190819.3992752,440.78447960475194,75632552.33784275
11895727.822920779,441.3478249336696,9859230.449737206,440.9280298135732,8420167.589316748,441.34850220009366,10901456.050513983,0.0,7506287.093967637,0.0,48584192.6308133
21626042.387594905,0.0,12140440.485463887,440.5312021412284,7148348.512112228,0.0,8572372.798817303,439.07890664818984,10421563.970905107,438.3261852566373,59910086.09118748
14190155.1414242,435.7526031318098,16381813.924672075,436.9937240101218,15039545.217085369,437.49968381621443,14726296.17405689,438.92861495434806,8953937.265555507,440.34157944294196,69293937.23899938
143889.49663713353,442.0768940921032,5695201.102740896,0.0,11419654.52692287,442.8648714640657,10548442.298975177,442.02224924698186,6320583.386108696,0.0,34129097.77539958
4168495.2112041833,0.0,12698603.315309333,436.2390542945128,9235671.21424784,0.0,13690891.829721611,0.0,15511155.43747387,436.01920483460424,55305689.266215965
20156000.553101156,434.43787538955064,15629745.64022328,430.2252903156321,19302405.65503531,430.2869889467397,13512793.144348606,429.4963630964368,16984563.965514034,431.318249829038,85587664.72298995
4338815.107178075,434.9162264972654,2950564.839990608,0.0,10445538.627041398,440.21737262332056,11955501.474572096,441.0211412461309,20592119.048531085,442.814609236381,50284298.06666286
12134628.535977423,0.0,18242671.708120994,441.077761399905,17124830.43817782,0.0,19620773.01244666,0.0,18938102.71077267,0.0,86061447.48325697
15178971.024696048,435.98776190459694,6671031.372700636,438.38412009223794,6621253.534340816,435.5595324530121,6063058.285245403,434.7575979673394,19594146.41816262,431.5567860575625,54130636.880944
24309267.687075146,434.38304071549595,13761622.559401767,0.0,16572012.574647577,437.2335480844512,14110616.032289725,437.626642268889,14484560.882014554,443.63024501990014,83239832.60890485
8354407.511068644,436.9413716454041,10353613.916166266,435.37275246608357,2353911.765620959,435.77740927860333,6772691.037558784,0.0,16214600.963513134,0.0,44050533.28546117
12624389.457271367,0.0,15985304.054616062,438.3160697059098,7037928.395395899,0.0,7299028.714130582,427.99575419664245,8430711.871893378,429.6292616346291,51378658.434392825
13324344.542145928,426.6026571737334,10112769.79527344,0.0,14545227.797018602,428.99100068910764,11200699.29943472,437.18597993162297,4975049.068249041,437.8891614671025,54159821.170921
16937203.18280861,438.42774835349985,17905521.443568535,432.8338206460046,8166747.958439359,432.52398225274624,13509113.088750131,435.3239881135274,10831650.5987625,0.0,67351975.3818685
18297923.272801355,0.0,6845214.058431364,439.4365739737303,10347589.07260234,0.0,10873219.399439277,0.0,17906507.527431913,434.5776023291837,64271327.34488255
3922887.0829767943,433.61437798555113,2892827.444013855,435.1557502678567,15331073.35660435,435.6662281005471,12504244.876340099,436.2078631844558,3316862.445344577,435.08992075407355,37970070.93941996
14555830.262997959,432.8869617606819,20317380.21798856,0.0,2847317.037833531,438.8604910969736,21440968.081535444,435.99484324991334,9231692.5626573,436.09277823506477,68394931.99808714
18020840.763879098,0.0,10421948.896954544,434.68907319171205,5612110.45191851,0.0,10871273.221617738,0.0,21071837.007641815,0.0,65998445.031084895
17821540.506061584,432.1300726453578,4788552.992379508,436.9785481205459,19355663.677935425,436.7409932169828,16777946.694557786,435.4812405487853,18985058.03571134,438.6451598424921,77730941.88266002
8563493.720016718,436.4497583259192,16049749.042572184,0.0,4287604.053496874,431.7689164010198,5644329.298705527,433.5362235950372,13220412.866953595,433.0306290525388,47767323.76727228
6347719.948576938,435.0878521493159,16098277.130456729,437.89744765391487,9129541.575322581,440.9498553139595,12255703.951507062,0.0,16186190.491014782,0.0,60018747.032033205
13181583.996179065,0.0,16344832.675402148,436.89235009877063,8082483.867201801,0.0,13095437.04359803,423.22238439282967,13420835.690001125,424.6419958279636,64126458.02911249
15991536.565449288,421.49970009013,10586507.329310961,421.58266734652636,3563287.386598476,428.799490194291,15993830.282648938,437.65936859725116,15178821.314729327,437.36576784267686,61316129.78573106
12703932.800749637,438.5157950474081,12022102.358086336,0.0,15889419.30139582,438.1281580830932,14476780.42534079,438.00262375257535,6785765.577543722,0.0,61879315.109693184
6193001.162733667,0.0,21370385.249738615,444.04678086550115,6558946.841805913,0.0,15314912.383177092,0.0,4784947.425360799,436.3984821494761,54223073.508079104
20463913.23211187,436.7055622389169,14717251.68980829,433.9711457006318,12445680.37402076,429.9092590607478,4048774.258288347,436.80154233714154,8968700.00096474,432.8252597253503,60646489.76796306
5865130.963812323,429.0393621988464,13647523.480617534,0.0,2243148.1293082186,426.57183459504654,6844247.38796184,427.32695703373656,14780423.977610948,430.00980583339225,43382186.887270525
17679079.252874114,428.3724973945711,9743320.680720845,433.4150793025458,3423533.0810636682,436.8405907352989,18315175.0240102,0.0,20525308.312807005,0.0,69687714.97964327
16317980.789836645,0.0,14057135.863185972,437.8460212165249,10732929.805275766,0.0,9447719.898858353,436.86514172481003,6913807.904201899,434.2059771029195,57470883.17849868
11467525.742263166,435.99984753931926,8839633.19776191,0.0,9779413.609249134,437.1312086742474,15108415.48890639,434.5340804116413,11658317.649023607,436.2229855898589,56855049.57532641
17485111.643398933,438.2125552971659,10859188.871123677,436.661139537209,6253411.247243631,433.64052911372613,9126960.55982617,0.0,10035631.824646546,0.0,53761612.6604629
14755054.62641489,0.0,16191902.701778106,433.8771533401219,17285962.981057208,0.0,8868421.673920298,435.9265886591777,5016985.707810379,434.6035883196231,62119632.0983112
13669178.32963858,437.1105187727523,16656950.931207212,431.5252434644778,18476850.808602817,434.48559750712013,16038786.572185755,435.33707245620934,6960227.987035484,438.01996741718534,71804171.10706948
8211981.181078143,436.3449483000616,18591049.829797562,0.0,15177321.008367388,439.6578677553659,11594733.140261551,436.3111890044165,13945298.732619107,0.0,67521696.2061288
8972161.443961583,0.0,4118711.5597684085,436.73407709323203,14907128.341065735,0.0,9398677.310202036,0.0,2180099.290936465,441.5248556845231,39577656.20486701
20433211.587769136,438.96172772399956,1815096.3669817047,439.4351352377809,18368526.007660158,441.2006172048143,9028062.352461874,441.2301089144324,7467294.054246965,441.37636867794873,57114392.57307759
10752931.550219908,444.3363797879032,9689733.052986741,0.0,16411654.125697216,433.67733282956146,13935817.853910163,431.3591890404243,26639118.71789323,430.5254903503818,77430995.19909926
15381585.55211848,0.0,21234460.89273808,430.9542052299756,19862069.18559329,0.0,13145575.93909393,0.0,6480990.104542793,0.0,76105112.6282918
3016359.9751737537,426.0134617708181,12971053.01345767,432.4903470507539,11463387.507137293,429.31181641443396,6041167.121806554,425.06902922876736,12815877.425506243,432.7236711786068,46309990.65140715
10967416.610070048,432.8812840663535,13750808.189211354,0.0,8066160.897213603,434.49497440098656,9605502.501070054,437.89782863556184,4650708.276033639,439.04424427524197,47042340.79193008
17314551.60381074,439.9575353919082,14795706.447782006,439.876693481836,9520780.46364909,427.39045824513687,10180320.823851451,0.0,8044444.991765069,0.0,59857111.55554548
16693001.41634315,0.0,13558004.323492058,426.75159025049106,8754624.891632838,0.0,12438720.526356703,442.63965712159967,15460659.466498882,435.39732706109504,66906315.41289807
7862665.401738372,433.52604785641824,12365246.201162336,433.14056211766353,7438511.883121919,433.4583773444676,13700667.891076801,433.23069295489506,11174627.21801372,434.9927175891666,52543886.943511
13958202.31924097,437.69095795134643,15529075.112724686,0.0,6462110.3940267265,435.06848344094794,3888558.986697772,433.77338818883135,16329594.907057779,0.0,56168848.25257751
7981764.35552834,0.0,1807812.9357410271,435.24747457932716,15835567.923093988,0.0,12327196.914042566,0.0,8395877.12494529,432.3663508353791,46349086.86717662
13869859.413029583,435.06688512942014,15463000.161339741,433.94542235116484,23204378.21692534,435.2362774378281,13312387.542031143,438.07114876328154,23757979.504421182,436.5179875644581,89609783.67546824
18148444.74634542,436.65943479483946,4125837.1256224327,0.0,14858629.627712509,432.37192217302515,13148857.525994014,434.14914126162216,3492076.168741829,431.71530881580026,53775580.09022325
7905122.096665281,431.3517029607001,8212095.750126495,435.186132603349,16316139.14025828,439.44357595650933,17414064.041167915,0.0,8433833.871794717,0.0,58282560.8814242
16222010.892915541,0.0,13752142.678501192,440.0428312983221,12809552.866056038,0.0,18655801.173660338,440.84760315029735,17125715.37249745,442.48808538957985,78566546.3621504
10791887.971465215,442.7928909127059,16848255.523613337,0.0,12902131.277541028,443.9526812920161,1613573.6976116884,442.7141189998225,15239074.222699052,440.6775775959606,57396692.83019912
13137700.666668564,440.7517667148299,15113094.896322887,441.64195399764793,14080984.785829647,443.3155002968258,13093505.981140539,0.0,13469480.206109915,0.0,68896092.24529256
23170994.202128597,0.0,12860990.188623749,444.8710950205767,9784346.91432329,0.0,14615660.271566851,445.12053147402327,17031183.25236911,445.0399455146761,77464509.86058362
18758527.03928756,444.56195012598675,20392933.631106947,0.0,9709331.793864025,433.43019530846334,10274838.963262102,432.9788494219754,17232528.914896507,432.45764601411776,76369903.77105801
23682395.22586891,433.2531615986544,13743845.690185217,436.7042360572443,18304302.763730507,429.27877045894564,14341163.125656899,0.0,17534035.47394341,0.0,87607041.51555307
8624053.655724986,0.0,10717296.425139917,427.9647299905618,10433092.328920525,0.0,5851363.6205802625,440.10227911390456,6237665.489427635,433.70713533882207,41864773.293937765
17044377.695585284,429.4697932545671,11324502.304673202,421.9168969124708,9803670.340975724,424.61315743074005,5819417.3191688685,422.9242832348741,14065282.937713737,428.4960370948103,58059378.01828474
7175393.195133235,434.20803733048876,18032455.222505637,0.0,16780514.903314523,440.3992776043344,4786739.897492667,440.2140036471931,22470303.431808468,438.08887916937306,69247159.56045228
23330876.84626156,0.0,7180637.102029703,434.665704612742,16474103.524910098,0.0,7563861.893481737,0.0,13631879.583395828,0.0,68181793.61578354
2057425.4989972464,437.2703944057633,16377923.578035489,433.2431856060891,12891952.62611823,430.66593593615437,13053959.328572264,432.28298363403417,14023205.559984842,434.1957699001676,58406634.249977544
12633220.520968381,435.44855659110226,13054450.219235303,0.0,17545712.683263574,443.7134505437251,3434783.6909680795,442.3392414697257,9761324.805058578,436.980539895959,56431250.401282415
9742070.575174762,436.95976941642215,13020549.059523677,431.19797233072734,13456110.575952876,429.9255086406176,10565476.847775495,0.0,18529179.29466169,0.0,65314684.43633889
6846430.711028096,0.0,16210330.793339686,437.02275083485716,16769522.802610967,0.0,8269347.94961808,434.3582056320598,14326853.672248177,431.11477808872854,62423788.42457956
16057209.492709924,427.22258391173006,4270002.797398676,422.02019727729163,9661425.21121926,421.3133194434795,7185200.607540749,422.78369123101163,21760918.47482847,426.5274615201439,58936876.450950466
12838702.705745967,431.475857581624,4201874.422645361,0.0,4431958.441803308,442.59411632026655,13678346.222823825,443.2461055966465,4009454.562091555,0.0,39161653.67118951
10347163.416260391,0.0,10364212.044407455,429.288381638778,15029641.963417314,0.0,6374917.278291967,0.0,18405510.694474537,435.5184516021847,60522310.20368491
23070032.78572583,442.6718721931263,19383059.516205125,444.2890185069491,17209927.032939862,444.210007459889,13794903.285876649,444.184526019752,24647516.712479867,443.4085486598078,98107658.09720016
12441211.059472244,443.12298593308867,11311562.5960149,0.0,7002740.420802498,444.1317103452475,10015042.134764481,444.15738170163274,11190904.271623733,442.29560864842824,51963234.19036448
13250520.767304242,0.0,17179557.960307952,427.4043403090322,19153015.081017803,424.1692542559857,7084050.015167168,0.0,15820067.084440347,0.0,72488062.48183207
23371775.19548159,432.3797222869501,7175928.559609139,441.09119391098494,7923959.591663967,0.0,8187272.946837163,435.84222041048184,25666066.205253005,435.96009965342176,72326747.77208112
11519895.574965868,435.6213567780481,6916961.05118684,0.0,7645382.61619304,436.6450397233776,18414699.300101757,440.0031121791986,12531338.414950274,440.06129880281105,57030029.288205266
9131051.503927678,441.8870055629145,10310560.605167747,443.9250758740398,13491794.473157683,445.60327998604714,17064804.359284576,0.0,13130402.814851524,0.0,63129945.171750635
13861272.78360464,0.0,16265540.681337792,444.87728820240943,11087635.019715162,0.0,13956484.638340708,440.34745452421856,16215844.712909555,439.55429448736794,71388102.61494507
17709017.978456423,438.8290196594718,6738345.569791628,0.0,8539667.748300666,434.6519098841427,7222413.514726399,432.09102717199545,14833522.388335986,429.9685713773152,55044702.740139194
14852979.40979847,429.3567707422519,19365545.603148323,434.1541032710366,15736494.353639638,433.21866712801693,6106742.714575377,0.0,8850582.015730755,0.0,64913640.82643371
19672649.814010162,0.0,6919315.145327374,432.65820347421845,6747482.059478849,0.0,17165845.79871066,429.85565333912945,16495607.98442104,437.089641041139,67002200.40544594
21975830.52961314,438.7276530146611,18809777.970058654,437.56548379482825,12557114.428305095,441.28920088982665,19428609.068852343,442.3601377397394,10274829.73448037,442.98804266293723,83048364.66182771
11608554.006889535,437.78594377379045,1020852.0885631689,0.0,6422675.911820836,438.888905359885,22113056.00539068,438.08125301236277,12425273.772954607,437.8137430131394,53592164.35546399
19293439.12860215,0.0,2978882.597929503,440.8964542635275,7378276.240891934,0.0,11406458.748799924,0.0,13457446.410853585,0.0,54514944.02353136
4820168.934301266,435.5406870639219,4922395.317599665,437.61665410288043,6272314.0079653,437.60847365892784,16684668.009348936,437.58545591120946,10168671.839269124,437.80469835261044,42870404.26445338
19529821.004200403,444.0060419189555,10415144.288453534,0.0,7275264.837450649,441.7845122425952,10596108.51562747,437.0605104487734,8160228.364244196,435.2249867860837,55978325.08602764
24917980.860461976,435.92488964740437,6724800.05022199,431.8106821385897,7139542.618185871,424.6820357491589,10738857.016090112,0.0,16150495.968206735,0.0,65672968.93077422
15279460.71095392,0.0,11070383.50401677,427.6291192895795,10275874.857922701,0.0,16353095.281283913,436.1043973575521,17764161.061799403,432.69800250170863,70744271.84749585
21391997.925683077,438.4676610197546,13209902.452956468,0.0,10555191.63073757,439.42170748987365,8801741.988486722,436.447203692467,12050318.935029134,440.03292489042155,66010907.30239006
18874202.08553054,441.3587582028614,9260819.882046578,436.92809586581285,1065199.9010629675,436.91643281088966,475269.2283539034,0.0,6529681.232863743,0.0,36206487.533144616
12066611.94116962,0.0,10002970.381442787,440.14884816695553,12989695.989762332,0.0,5272778.958715538,433.37290935415086,12746021.869137717,436.46650610809803,53079389.12849162
18860967.76660518,433.26602851043316,18631652.51225693,433.47890961188415,13960098.311985146,438.44302507070677,20622123.956264216,438.24994840957834,7404993.425754421,438.2176106255367,79482017.62838814
20626227.919084158,441.45127727679176,19151687.271200776,0.0,14489352.355636954,435.065474864295,5669440.153849514,438.3992028416188,21530172.800936963,0.0,81468195.41666335
4328608.49931007,0.0,15249589.299599899,435.96453670648367,126876.13914829257,0.0,21094005.238251,0.0,20606739.850234717,436.60176552051973,61406691.59284621
6588629.952497872,438.11013848370806,19161773.473596573,440.7775313281809,8280814.359738984,438.4282257347984,2519893.3793903138,438.1467512869541,6096988.030703866,437.8618287984118,42650292.520403236
15200642.627530808,436.3266968276759,11743824.824047705,0.0,6299782.915012331,440.4274097363385,11200720.830120964,440.2688762489585,11033187.06631126,440.5495178556541,55479915.83552373
20685166.73448728,440.0820765982673,14658398.080936955,440.87878551638414,8681777.530189313,442.869060498086,9807878.03112409,0.0,3399757.6257114997,0.0,57234301.83237176
12485665.202510614,0.0,10760703.215653649,440.6468094643598,1810092.9766362787,0.0,553214.7267651459,440.41623352758967,11510581.732494386,438.14255575949693,37121577.059658825
14149819.806483349,437.80412712343923,18051842.187577184,0.0,1421239.0282958017,438.0966962558669,15524838.585730955,436.69438467411675,12773503.811280359,436.3193210181693,61922992.33389673
11282212.928539725,436.13283375677184,5607249.333786884,438.09002311582526,1421554.4061916329,437.64585888013545,17105753.026574876,0.0,16205788.39031577,0.0,51623869.954124644
7615197.875485976,0.0,6560116.598531535,435.1335540917576,1417000.717449562,0.0,12299613.770049121,435.55359597950377,19243586.894950587,437.58383905301366,47136824.127455905
7434595.653596608,432.43600287737087,12571184.79289246,432.01462604448756,2401814.246835527,429.67400736645266,16570244.903128019,428.9233677179476,12777334.259600759,429.59405842987786,51757326.49811581
19797194.30436921,435.89336594271305,17089079.935959503,0.0,5936692.847464385,431.93815925964464,8191401.471184081,433.69181316103413,14036201.881241633,0.0,65051871.96355718
5816796.872628518,0.0,18203636.372941196,429.81986244165216,4836115.435334498,0.0,13257350.66378275,0.0,5174583.443689093,428.79428452035586,47289341.40252301
15060510.199357526,435.20061979254933,5310846.794352505,433.1755101619277,5129734.145614829,438.5483679137396,9049929.029304069,441.5509044456965,13575219.68498394,442.75647124178437,48128431.08548642
24281105.286799118,442.86000059392154,14643781.071063925,0.0,5118951.688807803,445.80990058844446,12578186.961219493,445.69206192906705,16312877.680149585,441.5247588547137,72936678.5747619
12770058.95963148,441.39785148978956,8419977.040785413,435.55519786911185,1481933.6901612186,433.62194280909415,11547291.97075638,0.0,10684354.880781332,0.0,44904927.11710799
18052772.597020812,0.0,11907544.084005322,433.3967922109961,5719365.906810135,0.0,13728430.589576935,432.2489218821321,14392053.914785594,433.943271081943,63801466.68118398
13408699.21195228,439.4018551090797,19004506.00232256,0.0,9855417.509493617,443.8875889063486,5076491.04570896,445.63168635922955,5324084.480795624,441.82406883556877,52670968.99547225
16165079.790256945,435.6485047090564,20215900.815907523,435.2510502584786,10669713.67072721,434.3123853285227,2357657.735319219,0.0,13914994.814755974,0.0,63324652.03890716
18114850.755043313,0.0,6780213.909070095,431.0471198807872,6372868.974310012,0.0,11429981.518222423,435.220376605055,19035666.17846326,435.4168192298617,61734883.019424826
4917416.080421168,439.65921193688524,12302840.487368966,0.0,11796078.422622485,442.92498682180707,18072517.774276346,443.3820849727641,16895853.417346608,436.8816369895475,63986469.029956296
10253183.906184815,436.324049072495,21138286.826199204,436.3007880332845,5998650.141636691,433.8290038765787,12793823.898144467,429.38405922285995,20275720.717919704,0.0,70461401.32798508
16779915.698439606,0.0,9028463.648981102,433.4341144450774,8091853.946226855,0.0,15325992.483346527,0.0,8534219.729507132,441.61453832041053,57761320.55515399
9008655.057431513,443.72528371084303,14382615.688182164,443.8174279713102,14584200.647585966,443.973044935252,9039683.862667607,443.71677550213485,18468223.57264135,443.98831889367347,65485598.049359605
11705236.046819374,444.03522434711954,13899633.101319052,0.0,8765311.83342235,444.0917394847099,19732936.968843352,444.08595998019194,12052106.125236401,444.23833449177505,66157000.52689883
9364678.898457782,0.0,9510500.142350623,436.08711059510557,11488512.857280673,0.0,21768766.900547538,0.0,15062214.802561369,0.0,67195109.68830858
7989008.145851485,439.2052503946435,13715897.77732584,439.6186980751262,9081867.227680095,439.0722035525475,3100431.839231822,439.0577447145564,16991441.194468837,436.1231026114323,50880839.26155742
17968949.545934122,436.40075242633213,12047745.440170843,0.0,3686925.0829929686,439.84084801824673,5608231.330187339,435.6551979480819,13204062.709426925,438.1176703052687,52517664.1231809
12661520.920464048,438.16982812430626,10377376.516155073,438.09803090827074,8227570.9215064095,438.6180193946825,7606763.498002407,0.0,12906520.786773441,0.0,51781067.52877981
3502013.4429322365,0.0,8121658.973016682,440.032636360954,7698798.4398217825,0.0,14256548.322306838,443.6452021139667,17937376.693508662,443.56964489592144,51517723.119069576
14353477.710635524,443.17273286993816,14788428.486680092,0.0,4614158.279054495,442.9315157279321,5879159.658289852,443.3843308456731,3917465.5092366715,443.68871050634215,43554462.82118658
10196244.833037203,444.82745272371665,20881599.231548615,445.0504721819404,12853464.100057878,444.5813879485997,17002350.003198605,0.0,7432253.690147542,0.0,68367246.3173027
5841975.012433601,0.0,11195652.482802762,434.96715491924357,5703743.395129788,0.0,4513021.218252827,435.355900228656,12987760.910885567,435.23655971162736,40243458.57911941
8485661.578216705,437.2894847616164,23836880.78197469,435.1474734628603,17345637.751704987,437.854115317672,7794188.225969311,431.8005872398654,22926285.989059426,430.7224162796275,80390827.14100218
18212535.4229363,430.3113606430606,5293550.368915341,0.0,6019304.976070283,436.8673220619237,10478155.576498957,433.39865817004636,13177489.540969549,0.0,53182336.46273131
11581666.523114707,0.0,16398142.173666015,435.9696347087337,10876484.053960603,0.0,8730871.34520797,0.0,18440593.64518665,442.83175165984983,66028636.54252231
8442985.954230921,441.08133688050555,21412078.117652625,441.181763915441,14349665.652791437,440.26675810526166,5430079.821099556,438.67736959079616,19420634.747993004,440.64516990394856,69057646.14616594
12336479.393321317,439.84613317515823,17129853.37356458,0.0,9330270.676852917,437.25757346064614,10416819.334046818,439.1996931898353,17443348.180653434,438.8359066399113,66658526.09774554
12416516.057625553,436.319510138375,14877417.875143763,438.4891481191888,8706004.756042898,438.30299652538906,5643783.06620447,0.0,23059031.84348273,0.0,64704066.71015419
8228400.690362493,0.0,18797505.725114387,439.87140759048293,9880273.852357678,0.0,14159130.462074542,440.5495178556541,19167134.66215383,441.26946956683935,70233767.08245794
14530390.122663645,442.1707827629322,24950416.25573355,0.0,5787071.094293711,443.96638738481664,2877910.2700666934,443.7043560591034,25812226.62628126,443.56974262472676,73959787.78030768
16576955.222819809,445.0452579761007,11432222.17258073,444.82971326303465,21948317.177177586,443.7645039255738,13810434.30019152,0.0,14846580.800236557,0.0,78615843.31248137
2735075.539659567,0.0,27436519.425593875,433.36525993315047,11045482.610723041,0.0,17810383.124204855,437.68543900051327,24596658.122598507,437.73739877436674,83625427.61087756
12621091.892892588,439.37788119508093,12839687.572255088,0.0,15491980.567045506,433.9123138739415,10149252.796164462,437.7727118144315,9581852.439819945,437.716461117845,60685614.04754559
18111238.873173952,434.382853270268,14466273.727047408,434.893678975938,13719419.066854496,440.80532574889236,17078415.880378254,0.0,17915972.171348784,0.0,81292629.80066088
6377449.939234844,0.0,14471350.509567758,438.8620217379126,11838154.413965808,0.0,14852146.314336361,435.57932186682854,16695273.236184921,433.9094147845934,64235682.764048085
10049503.893776637,435.2386297306763,10231669.239023557,434.0878276763111,12255109.225380134,434.9117168059619,9908861.40208129,436.3255620715206,7772337.748486827,436.9251563379961,50219658.99764107
10149637.8620928,439.40367723351494,14653713.973515244,0.0,12940227.645368995,440.0446587426833,11727528.370321585,443.6130407210745,15325742.173912182,443.6846037315712,64798616.77119124
17834986.37965325,0.0,11142197.883084413,438.09412230633814,2585135.975430637,0.0,10088164.882400576,0.0,17811297.626159966,0.0,59462220.84085114
10429075.814359719,434.42203283952136,14098853.576599928,439.6691975426328,347825.7270168525,439.39600523277056,2470143.1423569503,441.6925317749548,16039539.60795758,440.630317971381,43387633.67837639
999225.4072747789,439.98407262602797,2934941.4358355803,0.0,12741611.598708857,438.3217954319969,13201838.736569393,440.9761260381174,16495963.063308176,436.8814473817267,46375336.40513826
14874562.347685892,436.6011027438479,17015121.116345845,435.9955986069907,2384929.7536743055,433.0881040409979,15772298.567239722,0.0,11111004.331038067,0.0,61159221.80078922
3673012.819622322,0.0,1794850.1247510281,433.9408392380721,14243113.31395593,0.0,17877837.526121646,437.6171297194947,18734083.909293834,437.4770577610739,56324206.728771485
12464533.428871278,437.4338085805225,17814302.655538164,0.0,7242885.147876299,437.7566251139093,12755481.51910689,443.72635948460487,17161155.768423483,443.70484500040664,67440121.1414543
6743372.415176181,443.4547456165894,24411949.73800347,443.07919836366256,13384684.986622589,442.24333834022275,7618654.814485794,0.0,9825936.069766302,0.0,61985926.80133666
3632792.3711063173,0.0,7314738.158710932,434.7325322902282,12410220.589367291,0.0,11152444.92447853,438.4544833072829,19526425.13099989,435.2175540934446,54037929.57923265
12114445.987378353,435.338861024587,17791038.705165435,437.1705058977651,13405515.87598561,427.6216712892418,16225979.021701308,429.19256369139566,15412335.373228025,430.5849728369492,74951474.87203348
12139295.214712441,430.5156395744937,8879155.060748188,0.0,801207.1159324987,438.9566552127121,16660156.842868818,439.14652359899026,9219973.833823802,437.67088105663663,47701534.35778519
11071132.506671386,0.0,6996398.483327269,432.1369364743872,10112668.493587064,0.0,11472188.56170876,0.0,13594497.083027402,0.0,53247317.26525835
10973031.072681189,427.74423296127543,12387945.500165759,433.4681765930973,15185492.6670692,437.9485051026335,9801723.386232903,441.88506579662146,6892546.213143484,442.0330218506288,55242921.91829484
5236114.144116845,444.43260428493,17493633.79549093,0.0,4188120.6345533933,443.91313416841774,5134084.916343698,432.34304562946676,11676007.61684327,432.909767115417,43729714.705899335
8358107.592693033,433.1457806674254,18383385.48782431,430.50569719239587,15859479.828840373,430.3412542288322,13925702.92330375,0.0,18575618.81033647,0.0,75103588.63573003
14289385.853370078,0.0,3257128.6138785593,435.86911278252785,4988520.285160635,0.0,20516064.63599321,435.10120439902045,21709402.487487983,438.9916866436377,64761811.83789429
9011020.89282108,442.52144560771404,15739161.002357172,0.0,3990914.5147601194,438.88976645559285,20759020.611501954,439.9916690178598,10070091.279640803,440.90089581068077,59571970.60485802
11775456.979322402,433.3069652911651,16533878.16699596,436.80846059783437,7503535.596915317,435.4111691462505,15086279.10864451,0.0,11928880.06138701,0.0,62829335.43986023
12423532.619964302,0.0,17544174.298606344,441.1220241342727,15249394.429329496,0.0,10032208.105404517,442.93560857320307,17350225.348283645,438.2102661302329,72600857.06948714
5166643.7040233705,439.3393366263065,14246419.869423531,439.2597759481947,9364520.315812191,438.609037028484,8058896.39092719,438.8717798248974,14546706.935689865,442.70964084564184,51385386.00544641
2253583.180762365,442.9654301576709,20755734.7136808,0.0,12036400.567149192,440.72253186935586,15013319.994899444,440.48898540102067,10835909.051204195,0.0,60896271.68464343
10560526.172033316,0.0,10600668.916051647,438.70805449197974,8344750.000313644,0.0,21478418.34283915,0.0,11742213.749244642,441.16378227925986,62727457.05231916
2070124.6044405524,442.42556068879173,16163248.075545551,441.63245984428426,13880240.947633786,441.2538018319806,14294471.075554442,441.04181654558056,5493942.207340803,439.88294060813377,51904233.14709465
6475910.940291335,440.60900623292946,15781361.682940014,0.0,8762638.425883383,436.17138469697784,14949767.307494638,434.15279254054525,17595382.145365823,436.07964842716905,63566807.5148071
5665446.811086284,434.380603940151,4683668.5808415,439.53059180773414,20069218.69051128,0.0,3995956.2752079973,0.0,3189071.426331047,0.0,37604235.69517386
730362.5572331842,0.0,8870468.12362224,439.1764119467255,5509726.654815538,439.25364234552717,14050560.40083044,441.8818652194697,23194792.8109656,444.02122021999196,52357674.88060674
2833293.558255469,443.7890567653131,21291534.446923815,0.0,17661450.922037642,444.2016766674227,1734184.1454680746,436.50928028845266,6006721.0432119025,428.0628218817733,49528936.6787325
2813662.1046108343,428.33558607099644,6479861.178708988,428.52093600620157,20285801.286919534,428.21450691859,5844903.797290784,0.0,5679238.365108015,0.0,41104751.80366715
4374213.220841853,0.0,12757874.148715215,438.340595951252,12342976.740684813,0.0,18086939.535407573,437.0846117038968,9370454.226447826,439.9065851850816,56933773.20389012
5498193.370674606,442.02710170615734,18507965.778827056,0.0,12683402.429567862,444.2294145176533,16624883.825916545,443.8932653771723,11373290.729473026,443.21087975315555,64689509.49512044
13291237.044058453,442.27394120356877,10113257.345432678,441.81951171018187,24336868.618291985,441.3231545023265,6706603.720651797,0.0,12806034.855830707,0.0,67255327.00087303
15154476.44704413,0.0,19171350.373664763,442.9467181059434,15439133.98100292,0.0,11096093.392218234,437.36928339567504,14174906.387525877,433.86051018101426,75037274.7579676
4294640.662906736,433.5130721487522,21168548.33543637,433.63305704095404,21710640.826872744,437.8590671506186,10018917.974630699,440.1264283637461,12893983.263968844,444.13249415953567,70088920.32793427
8863388.337138154,442.738653104336,23676305.826958932,0.0,12813569.708512185,435.3245528890553,15554621.821334777,436.11573368350844,14516744.328265335,0.0,75425944.20114906
10217500.549836945,0.0,9559432.818538964,437.4386558653362,4261665.891099075,0.0,9726064.517155796,0.0,4683182.106771593,442.7520895996031,38448726.074147835
12981904.441886235,441.4040451211892,17608389.52582567,444.30205901176265,13429555.666000916,443.2975395281982,15601763.301342163,437.64395617008427,15540621.40431713,437.2978432530141,75164438.28481519
11887144.689514821,437.0405862212987,6039544.865883613,0.0,18050321.687964875,428.6792439974202,20234131.401555788,433.6314692586635,20317197.194840256,431.9162901038586,76530071.10734893
2866940.150263876,432.2404768831269,19673509.279184625,433.2194128963122,19560911.531332593,437.2304145343731,6108323.424346511,0.0,11702002.21288021,0.0,59912989.28831213
4433712.375741204,0.0,22727621.52197675,431.873392218811,4077532.6514841826,0.0,10731613.283642067,436.0165608099957,15711915.52955013,433.7206832880604,57683696.97303065
8203393.7510405425,432.64100288969456,14665833.093103055,0.0,16008099.310200406,436.47625258425717,11339541.249011857,436.7264032944735,4339686.827838122,438.4951648844218,54558298.57001764
