51353889751.4126,13958306887.463594,61991959126.37112,12708195489.595848,62976750976.89744,15501458017.369896,63096457825.08501,15415165085.5341,65614028919.514145,13966650935.276573,376582863014.5203
8258315.408577006,0.0,2239992.8694231412,445.3463077969551,760843.2901389464,0.0,12527517.301917028,0.0,10027964.61106007,0.0,33815078.82742399
8318128.139873275,437.19101160194685,9972210.988218546,437.1940496476525,10294862.913575828,437.9035434398185,19741453.561597988,438.35519848248543,12258377.500655662,438.0878305570401,60587221.83555503
5171512.1109335385,443.3020295839148,11074706.337921742,0.0,4037291.4580124943,442.4863348464821,3343427.961928195,438.9082329878487,4642386.721929216,438.49994021245163,28271087.787262816
9350654.983848121,0.0,3905893.6425765892,433.09099216581,6557803.74840525,0.0,8675228.128400467,0.0,19715107.25148465,0.0,48205120.845707245
17331413.41778099,430.2836782877784,1817174.6750324345,435.2028776231939,6890888.558845723,431.71345732358856,4698155.911056797,429.8433552816992,4483366.851682856,429.8121544130519,35223156.26992173
6336005.794539674,434.15953352452806,3424934.3487160495,0.0,13939598.553055288,440.7000535862511,2880316.112616084,443.2617199497571,18223350.72733528,443.002956483624,44805966.660525925
14168992.320768509,443.2621103226799,5932692.790619973,439.96388096101816,4900075.3525142195,436.64314570568416,6591173.022749733,0.0,9006247.068332009,0.0,40600500.42412143
10424662.090836722,0.0,14187485.0931563,432.2963499295598,6171763.74509024,0.0,8141507.38865513,435.5836569309017,12259053.551432109,437.49008171704673,51185777.23925908
10544221.036326934,440.22334065046925,7202061.22643066,0.0,12967224.28452801,440.63253605355703,10425027.354645584,442.2333326084564,11888112.60417834,441.0150549618812,53028410.61037381
2580654.002284529,441.96325186668037,11901700.757067978,441.910672083034,10231551.752704335,435.70139633267087,8865269.589731008,428.95946644746385,10444878.367774114,429.97867262847785,44026232.98302133
8910681.401146179,0.0,2355863.0841307426,428.7981202678431,13742176.729965664,0.0,10154657.064952035,0.0,4386032.932431905,0.0,39549840.01074679
12156950.888062669,440.4524619200053,10352219.102589976,442.40728308810037,5244071.032842242,442.86253343302474,2582839.40508944,445.0850070821733,10878412.002467936,444.9849591521073,41216708.22329693
8087747.935195989,437.17515748604285,4267880.965984709,0.0,15188255.49353246,437.15541265016685,9046437.585014356,436.7677123554008,17251996.040857866,436.7905493873699,53844065.909417264
7484679.642717247,0.0,3296714.368094594,435.8872316199721,2685751.5465494622,0.0,16121679.878875975,0.0,5786066.510778578,0.0,35375327.83424748
19192667.324101895,426.08405762993954,4924131.658924171,432.3047042840182,6375032.952091221,434.06948377133057,7591160.866530296,437.5833635087594,16341654.580871992,436.60072401522456,54426814.02485278
9659340.798868144,440.76006510039815,23550340.894863166,0.0,19019346.420890197,433.345857734966,4108846.6699402896,433.9251264424003,14313924.068663646,436.8987023674048,70653543.78297709
9635364.379372364,437.1729740751365,7880956.077856786,434.5484304254235,16435200.620368656,436.23007457833955,14370004.832231931,0.0,6116913.089854326,0.0,54439746.95116314
3581713.037228169,0.0,15098638.494933017,434.023630791041,5168719.242304923,0.0,20227568.480742283,437.1743980362974,13068540.0407058,437.52678112142013,57146488.02072413
5054928.405512798,439.97339965790195,9865862.046964685,0.0,13631453.100247728,443.83797490232666,13314060.920874001,442.5861379138722,13788069.509102715,442.1656358152102,55656142.54585022
1922218.5238614231,439.8367160749463,20327540.836596824,430.6447481114455,11661395.346080128,429.99951943808856,14802757.34147832,430.84418041276825,5692216.039698218,426.8886788300088,54408286.30155777
9563367.62932328,0.0,7788616.810590757,438.9840290227583,10128935.37769846,0.0,6190199.1143008545,0.0,11470628.970761854,0.0,45142186.88670422
8685615.179240093,438.22505075490784,3404179.1451977817,439.1957649057599,9609877.85251093,438.6515631842812,9693055.634047562,437.72531179188854,14553359.542949522,437.18132811303974,45948278.33296463
1527442.6989741048,439.5939326145441,11276581.898100918,0.0,6253181.109587607,436.9229754235618,14572886.686139518,437.9853767449389,11195875.559008025,437.9981451172703,44827720.45224007
8951134.375709075,0.0,19480207.340513412,437.7304510571979,19604786.359906543,0.0,4734683.223555882,0.0,20418270.754447322,0.0,73189519.7845833
13689764.69567333,438.5220990955179,5324544.9867111165,436.639831214258,11304337.495987838,437.07208631044386,13476390.152556771,437.4562400550518,7915357.972573482,437.5076700415284,51712582.50142926
7411745.085316808,441.1946226509161,5827272.743784722,0.0,14145937.666138886,442.87675683690054,22789253.09639196,442.15747863407415,13015021.590935418,441.85752295303564,63190998.26894886
15715924.379443225,439.37951133833513,13129183.422978593,433.79572622206285,17063080.574970085,431.94019802260595,8694527.852516811,0.0,8099014.60352156,0.0,62703035.94886585
16812133.075622782,0.0,7930872.2584056035,427.5186974909475,7425150.762055702,0.0,13828623.986903261,428.0944975115111,8561788.25905296,432.68237958060496,54559856.63761489
12187898.518673211,437.9124016812049,12018653.19115057,0.0,12586709.671740014,438.3090081830823,7376128.543183711,438.95608097353835,20112015.388267647,436.91643281088966,64283157.406938806
9434308.608451914,436.1084594732644,12307424.557669362,436.23810904382213,10568263.00726031,430.4242421910126,5654306.575156077,429.0474082715296,3456140.1119742105,431.4174229760185,41422606.09615382
18201011.304704316,0.0,14231365.059832409,433.9112851603837,9766953.629936758,0.0,12969480.173368638,0.0,13534623.5443939,0.0,68703867.6235212
6761564.041565673,432.46600660406295,6820387.018883993,432.8954320405238,478855.1699178539,438.2650219277718,2488822.283903785,440.62202447066136,8628843.827762853,442.27258098637265,25180658.863100186
5939598.319046813,439.88024951658895,6141342.457089824,0.0,16558024.902831053,439.9676307015322,11177269.273320435,440.2298864146995,3760205.5548807997,441.23339675910523,43578201.818332314
15056314.707413824,0.0,15730612.583952349,436.4974503070039,21685429.61562756,0.0,5473976.771383679,0.0,20542891.37001801,0.0,78489661.54584573
2716177.834272716,432.9425365662321,5802797.225510321,437.3425856110485,12267272.211900387,442.3502239143417,4427354.970633644,442.10854186695803,3182272.9221212035,442.12232851081774,28398072.030654747
9014606.481168497,441.3179305295554,20460674.379239593,0.0,15944991.474742433,442.9037448472217,14385461.352887983,442.8656508132319,9864470.287721064,442.5400244694727,69671973.60311022
14169179.05207118,443.1184019734983,5874563.26413525,442.8272711256027,4332044.301969141,442.9938911003875,7503896.526125402,0.0,17766098.755428202,0.0,49647110.839293376
9963606.402613938,0.0,7736149.314266663,442.19379982534224,10730166.342863277,0.0,11113842.109280718,437.74015888760414,8523076.843199743,436.51817685692487,48068157.4643599
10882813.714694202,436.9960953380868,5411464.387095093,0.0,9378592.357488252,432.8471279667235,7800606.344612015,436.4717104829562,14093351.947085759,435.9082777856446,47568570.9741869
15030811.259714168,435.14126606573376,15494864.928191666,437.1377577208785,13878581.992581008,438.0769634157221,13699001.040487021,430.2265774386757,10920731.105491543,0.0,69025730.90903005
10703849.011987379,0.0,20887283.881443962,434.5958015776356,15271064.053112539,0.0,2120790.702623217,0.0,11627915.72089605,444.6999169031239,60611782.66578163
4890947.230451036,443.94387067923043,4605433.074560342,440.17319500354625,16184888.331187833,439.76312283628755,6906012.612870815,440.0492755118367,7723880.437376998,433.4580040485185,40313359.07391511
12905681.839527741,433.0782288084823,2242163.1883620224,0.0,10661842.872507209,433.4741496857889,17772657.468550436,433.4921632901951,16423240.386526182,439.8692932695123,60007325.669308655
11159084.95073796,0.0,23275484.410624642,442.4263384925341,14495538.106079955,0.0,2741729.3652523533,0.0,4999103.562553615,0.0,56671382.82158702
11974064.496988144,423.36487086658684,4334953.0604379615,422.29381600615676,3669090.510477166,423.3014031439592,4830208.133452503,424.0314950812104,9020883.057513434,427.66645403001684,33831319.91690834
16919360.37397884,437.02673520980375,9470011.905350456,0.0,19946487.826611772,431.19861880458745,16010253.789925287,431.7802136525754,12727804.9639664,430.59620821677794,75075649.46160863
4507311.2253123345,433.08521595470523,14633898.700655885,438.9340696044839,9152359.687156618,440.3352229741951,4605003.648849843,0.0,22406979.871184427,0.0,55306865.487667635
11589636.895343198,0.0,9776939.287738321,441.2297221123981,8326747.509831327,0.0,13191724.950518608,444.34059670613414,15465080.786120052,445.20478926660815,58351460.20465959
12954926.980832588,444.6561117673199,7488275.43598758,0.0,15410346.179818096,443.70200915584775,11537751.563018728,443.13946946505405,16869360.84050697,442.1754442529507,64262434.67319861
13888488.193463802,441.03553645992724,15876429.547743326,440.3855018780081,5729193.019665804,439.215119570503,14577131.487677986,432.09649867780485,16489187.384054279,0.0,66562182.365261786
728694.666462059,0.0,7960012.372784167,432.41881995539353,7237167.9505288135,0.0,15939208.975701956,0.0,12413196.37355195,440.13104684885496,44279152.88889575
4051299.1865253868,442.8720805485169,4336728.885441103,442.6347912042297,5566673.588614029,444.0518737594712,16474319.888699912,443.61274747754743,19586049.5624586,443.28865729461415,50017287.57188932
12513261.35060093,442.7573475806276,16849557.28758834,0.0,11172352.64686791,441.6433103385946,15780993.318431225,439.5349099192524,10636575.031637363,438.8009957047645,66954502.37168931
17906825.26758237,0.0,21629719.21473023,431.3663981035241,13751246.336963382,0.0,5832987.146400018,0.0,18943692.373423554,0.0,78064901.70549765
6359719.124737177,430.05959159347753,8395638.040149013,437.18455589501224,2045463.6018103636,436.61947187082455,11284230.175534263,429.7526100340491,14838771.630688652,428.5838802218379,42925984.77302908
4273060.599308206,429.64237263575853,4931283.669288595,0.0,21773351.931678884,420.74716330984177,13410386.818785457,424.99266863098666,21799456.26462941,426.972060882882,66189241.63795601
14588414.80301091,429.06971941523796,22996029.46945781,434.48203439356973,8420813.25623243,437.5199351695443,4665574.173850981,0.0,15262890.15097283,0.0,65935022.92521394
7028260.697066578,0.0,5743145.947508562,432.2396416813769,6800101.138658204,0.0,14627023.32132087,432.73399530955095,12803906.47845944,438.6045459833444,47003741.16119663
8627591.584364904,438.16696722735054,11077687.28173504,0.0,16749142.370161062,444.35265949557515,13575139.330793822,444.0398272950717,6457732.753456602,443.8004048124271,56489063.68037026
10057453.425423985,440.79162111728215,14135528.045037642,441.4211752881521,6108770.515806688,440.81372266954634,15886377.19752966,437.9760391528883,9006406.441831667,0.0,55196296.62818788
13758520.36919818,0.0,9382251.803078175,437.4290564447951,16072134.879214527,0.0,8809620.766710563,0.0,11546331.759675449,441.3261535055367,59569738.33308684
11383741.393492764,440.51838204725374,4159423.3865645938,442.11359039732264,6349482.356110198,441.8955407369265,10917075.002115225,441.4936786806675,10048685.333304692,437.55606900084564,42860611.04884833
15576749.909336144,435.6906472624907,1098695.357342556,0.0,16262167.60251904,434.6520975616496,8615712.241213027,435.0017404253379,2776342.8271842394,436.83651496938427,44331410.11859523
6314941.3779976005,0.0,15792107.431830212,438.63522069718755,5808140.1620738655,0.0,21947982.959491305,0.0,18630881.763593983,0.0,68494492.33020766
12872614.930998424,433.5925255334605,11831639.210209198,436.3062721198975,6880471.8867291445,435.05513319939814,8864316.970621284,433.4328080583311,25390985.957522128,433.2474742942582,65842200.59029338
23841405.964709237,435.5814893880791,13426163.601224747,0.0,10290181.634112183,434.5619371865734,11929787.766465368,431.6791150224645,12308894.725130131,431.5098900877502,71798167.02407335
6331150.4334829,434.08969959052615,20511880.09143965,427.8060401294086,7340481.85731532,426.6228162837775,4354469.910789139,0.0,21795839.53084509,0.0,60335110.3424281
21403119.46067894,0.0,14985178.670139821,436.0040021310048,12567131.408694535,0.0,10945135.858312469,435.6235247176665,5588148.250663559,434.513260508199,65490019.78927668
9674736.437022667,434.7643577458815,6129652.322585283,0.0,14391115.41282606,436.71427734743594,16706937.846156517,437.05965651605044,11451946.102895824,437.8747804390436,58356134.5345584
18415426.617963593,435.9774707594772,7734696.588769176,439.0620535401763,12810137.185522474,439.1061999364002,11093877.781943202,432.45393030012593,17136558.183184948,0.0,67192442.95703793
5323606.748585892,0.0,10009822.03951324,429.315295232031,13487651.094744582,0.0,15610203.823283743,0.0,16545468.297476266,435.35646508699057,60977616.67536403
17602203.10222409,430.7130172179015,15643184.197049154,431.1548476669637,16603659.571340295,436.7576686078447,13233108.952435575,436.95474306743387,5231834.326036573,437.24646258300993,68316162.97582483
4058296.438549405,440.9392320129097,14703267.409607133,0.0,13814767.132993374,436.6556465261181,13357149.671606334,436.43622857046233,4681172.088544111,439.116447766331,50616405.888855234
18446872.959928874,0.0,2485875.787049013,432.4987089051602,8761058.894780852,0.0,7173532.999650504,0.0,21481974.80980649,0.0,58349747.94992464
14585682.340947477,438.39977562470796,15369047.608362902,437.48371224023356,12019510.765895644,440.31914000167967,15818905.082384562,440.2219930172915,7709477.134262209,440.5286958987666,65504819.88516957
7139982.996352128,443.71227704088955,21834680.529365003,0.0,16129243.790406696,444.0917394847099,2701133.5044068536,444.1164265195798,9393398.948727801,439.98359185056086,57200211.673293374
11358619.875130339,439.0166714894699,9357948.84641927,439.1662571158768,23078241.34241137,439.42899673691215,9196564.78966372,0.0,16038282.429414973,0.0,69030974.89496501
25708231.330668714,0.0,20159493.073095225,439.7095286425385,8792072.898399305,0.0,17829146.911639646,433.28691555959585,3702231.923845137,433.37365565358454,76192482.50774787
9361715.461860957,431.71632714328604,8698141.81821414,0.0,14104235.848183565,438.85494261307196,10175930.453455942,439.98147645098766,15817927.203065798,440.6230852498526,58159701.96061186
20767586.6810007,441.09013087670036,9299789.83467048,440.4313600837256,10401312.834455643,439.2819158453129,13036213.383382512,436.0591523939149,16188523.555937577,0.0,69695183.1520061
10750387.323538434,0.0,12584539.634353185,437.38838238728636,11948419.211763676,0.0,15858999.036859756,0.0,15024099.13130871,432.2618220231175,66167313.988028176
11711241.689177504,431.1933547166708,18483662.781501196,432.2188554776343,11689147.596149258,441.45669800675626,7535797.694293107,441.34027839127833,14439926.353350539,443.01026754681965,63861965.33392575
12140419.168231405,439.68436885017303,13432921.278462775,0.0,5552848.056268833,437.8466877782531,11435305.591808889,438.3842155494136,10556556.058589661,438.0876399007916,53119804.15627364
20781701.885413207,0.0,12759817.25805301,443.4112830953552,20838125.438605007,0.0,13048527.40358803,0.0,20266999.260977242,0.0,87695614.65791959
6453418.559030427,443.1414202600476,14586868.990449483,444.3256907491163,7118523.984160635,444.3200032133357,17252482.949978758,444.15600987471294,17978943.657350842,443.42808108221806,63392457.51217532
10721916.801738476,441.0172769192013,6818537.544028769,0.0,18347348.161715362,440.1464424992818,4243742.086376205,440.4369485010605,8562229.615708493,440.90041302948146,48695536.71064826
22016849.842243675,0.0,15914054.938611738,443.055504022954,2666809.7512324913,0.0,17541500.35904705,0.0,11596386.838648943,0.0,69736044.78528793
5380668.370083493,440.7149102203021,16578996.342835328,440.6842333369815,5768060.542959909,437.03081452608825,18208164.615819316,439.5637954693574,9081581.153767535,440.10583879694934,55019669.12505793
9329132.346457684,439.2115742815269,7429044.946219265,0.0,13166638.797956891,432.5759319727219,11412196.37525171,433.174018930195,15697081.967155544,433.26975819294637,57035832.66432447
15885833.976750735,433.7084433797647,8545152.452345017,437.6951448344772,8665888.45584514,443.2342003915709,11967164.908202002,0.0,18023495.11950538,0.0,63088849.550436884
9958237.051947942,0.0,9387225.834406009,438.91761037112747,11934677.20423989,0.0,10541117.896727616,436.26003991479644,16440231.41832575,436.2643885390952,58262800.84768604
16631166.985548407,436.2364076029018,6118842.455953406,0.0,12319438.106284129,439.53347053931907,17227279.904603522,442.1598092265444,17203498.917266525,434.0734144775949,69501978.37275784
12395610.034400295,434.1605634155146,12153757.31626883,433.82993871587786,17904745.52475918,433.9625397315349,10633054.90581433,434.0590022359818,19749600.974317417,0.0,72838504.76760414
18765380.812951166,0.0,11432184.939825287,434.9186692857712,17184283.40678605,0.0,14036967.999361191,0.0,21257218.057199553,431.591386462297,82676901.726179
4623878.778719608,438.45706149304857,17413828.626018,437.55901702407886,5289791.272578265,440.0035929973269,15696303.00315305,440.3591088378877,2342291.745679363,435.7166722395541,45368285.52160088
20660588.304259956,435.63455326632993,11858117.818058489,0.0,15531883.954372829,438.3052866612559,11307497.960108846,433.73815672058845,6344056.340488241,431.7181786601135,65703883.77346367
22613045.37117988,0.0,17890360.693042476,427.6953452371165,17787161.945330177,0.0,12378630.084075542,0.0,15556019.589788346,0.0,86225645.37876165
6914029.667919369,424.03372781725614,7957432.494662487,426.37380864592205,4424721.107926936,427.5768979262605,6538445.699008848,433.7460996553542,6305661.10523128,440.3026730256083,32142442.107955996
11862790.791374927,440.65809382873425,10323193.690855034,0.0,7956524.085969945,437.4690726532982,14633260.188548585,436.89244490739236,8925012.184049567,438.93091163261823,53702534.891321085
17101844.74979705,439.5958523179232,8953753.140994111,440.22064539236453,10689391.15461721,435.62852048676626,20064435.0091994,0.0,10789657.299301052,0.0,67600396.79892702
8264228.75671845,0.0,11262405.943149006,433.311814807234,9009916.508840261,0.0,16349860.989098724,428.69804798867517,12345832.660812916,427.11291560574347,57233533.981397755
17624267.992700294,428.2017561397255,15260040.513010785,0.0,10831895.813495867,431.32693605506887,19696860.131239217,438.11500076926575,11490691.065200035,442.3448784085773,74905495.50421757
7569976.455019066,443.5019291878466,5152326.252515801,440.93169943687343,8765341.430402922,441.34850220009366,8659707.483519735,438.7083412870042,8093264.980855357,436.8359462639078,38242817.92873125
18375608.65574042,0.0,2386449.7771153944,435.34479164594387,4860703.060955144,0.0,17603630.070113763,0.0,22676259.285298765,0.0,65903086.19401513
17732621.83057936,442.4672742736957,8936498.145678803,441.8003146396533,7951990.030938163,442.23546971702206,3733520.8914457574,442.42838024036973,9046328.381200315,441.5762783129145,47403169.78755958
3482561.847465912,440.7682673001682,18363178.305009514,0.0,13971812.804607082,438.3848837508073,11076209.993898964,435.1512356079176,15459352.585135853,435.7054509442717,62354865.54595494
5990829.826403821,0.0,8368201.310614531,437.9321196986868,20985174.029186174,0.0,12911580.948321998,0.0,3523135.075007314,0.0,51779359.121653534
20978880.007919826,439.3469107713284,13373714.27544072,438.64229273512143,7762008.104215013,439.5318392534578,10476556.97671633,438.2630184257312,10915930.885614084,435.3125046622882,63509281.346471824
14870868.728356896,431.9965496338814,13078188.019366985,0.0,16039668.01600262,431.30937915077766,4878314.993026538,427.8922364076082,13283284.315383488,430.5311984828827,62152045.801500194
12638527.333050612,432.13035090445624,6470004.032866587,431.08662304837554,8077033.400677844,432.1838760678394,6250537.199432742,0.0,6316640.9515801845,0.0,39754038.31845799
18720421.728050496,0.0,12972888.037957355,433.68667486821477,15467840.331681976,0.0,12038355.851679148,435.1243377009321,10204960.769553384,435.9605716760502,69405771.4905066
7544509.990162809,443.3335601456796,7827399.605644645,0.0,6725096.915367701,442.1403883733096,23317411.453405675,442.1041730395116,16241793.803436976,441.8038048920291,61657981.14994426
8893593.860222006,442.72492535363835,3785562.1810375545,444.46252967107495,16728282.402403278,442.8423689399319,12276392.45831667,443.0943133616556,5046637.178947767,0.0,46732241.20506461
13071462.380678425,0.0,19013344.021359485,437.952411106642,4018305.856058724,0.0,21034412.276704956,0.0,9793266.09794223,439.63069784829963,66931668.21585278
8572376.796161069,438.5756908234113,5330258.543191008,441.19491270622535,4167710.8222630434,441.0112873462907,23232945.890114386,441.11835134237396,17308249.06380833,441.0438455345554,58613744.05962559
16026224.991834586,438.5415854811155,8890575.841961153,0.0,10678763.16666903,439.3537181371506,11429285.053012688,439.67246216597334,3786861.473042463,439.4507700068299,50813467.54505571
17558750.20959863,0.0,20644543.071700055,437.879351789261,17323145.37568682,0.0,13964074.693784656,0.0,6640129.312900511,0.0,76131080.54302245
17171870.13534188,433.81208398164915,7398721.334843567,437.20325898167897,17006576.52819173,437.92792828066496,12063283.96018184,439.8787117647753,19792873.77289551,437.06221832423,73435511.61565587
19932797.68014049,432.0998372917937,13589940.4462108,0.0,12435237.620067772,429.0333278423753,21215896.330330554,430.5428914204328,4092919.908501285,433.34455188018285,71268517.00585935
7329405.921884697,432.17125889048623,15483893.011691913,429.7264670989974,13212748.138269572,430.48038301492755,16225728.037560292,0.0,8215881.052312517,0.0,60468948.539827995
11205909.368099462,0.0,6470280.365825063,442.07640873206265,14049662.146241968,0.0,9705398.12314899,442.5299080371544,14130056.109472016,444.79570931568173,55562635.51481358
13285808.786947398,442.83282310538556,16332621.994098332,0.0,17613486.652854998,440.1072819281017,10863417.781548759,437.3529413042562,14259856.703563951,436.72526645833307,72356948.93732622
13877384.838460298,436.7278243479721,5589120.56422811,436.01759953012476,5506087.825531582,438.2838175769742,8901826.489494612,440.4821428102593,16792377.907245215,0.0,50668549.13634409
4505828.560717277,0.0,10989896.992001876,442.9699134881594,18742500.198299985,0.0,12062506.770934189,0.0,19636969.8195846,440.49515355234405,65938585.80660497
13529801.595676716,440.88457839219484,10253795.523786353,437.50443748663537,2642548.0796461925,435.441869700039,6648035.898749198,431.6283983834832,2511603.190535953,431.87885821421406,35587961.62653659
2532681.6083213603,429.3676674040806,16516939.170852367,0.0,7632901.510828057,429.0783153110854,20079023.901752237,431.6117422334083,19344389.931201532,434.28193750876324,66107660.462618016
24608648.67288469,0.0,20388252.076048262,436.2617415400671,8232106.761262276,0.0,19219751.933920763,0.0,4004165.2670126823,0.0,76453360.97287023
3351768.6769620567,440.12411915753927,10930105.924128225,439.9455177702057,14934490.091769626,436.2395269213943,12517093.843059966,435.8560907985028,16462477.000409452,434.92684343146306,58198122.62842741
11948164.623230675,427.2127930466668,19853129.699391373,0.0,8453603.89850878,431.8906244703978,18645373.561942585,428.7393130131069,23029969.40656515,429.2337409484791,81931958.26611005
17438372.244640164,440.49939425658533,9310266.79963693,432.96367176957244,11774043.772828085,431.16315795898515,9719416.60026711,0.0,11410304.583667785,0.0,59653708.62726407
12592231.122269196,0.0,8510405.794713533,431.7884554631397,10101528.305652991,0.0,11764001.32516077,433.34175364643465,6124885.189982986,435.53475110410676,49094352.40273969
13826363.015544562,436.80836582565945,9578077.648733009,0.0,16586177.739375023,436.1647700807524,20371439.156732425,436.3659441100546,12596003.990628509,439.3969642182124,72959810.28705777
19107655.871263932,433.1238822394258,12567139.13129373,434.423345196221,8701719.778992537,432.83568176052495,9537646.571382672,427.89532848052613,20544892.321799386,0.0,70460781.95296992
18035778.298445262,0.0,17243905.255495183,434.6544435441615,15982761.023598053,0.0,4103012.0653240015,0.0,22055821.014613308,440.28168182445427,77422152.59360118
10014174.482170828,435.74053119992243,24118945.448348776,437.0131696591856,17791290.670271225,438.8344718344934,11825111.362176556,439.946959850145,6152644.759324142,433.03957067420924,69904351.29699476
18555732.353171095,435.4426231422866,3964334.5737848626,0.0,9736717.830847265,428.56572484776007,17095613.449682325,427.7951316842129,13741223.250472913,434.3483661014843,63095347.60980423
22424481.6194121,0.0,20523624.851560637,438.6370364689524,2581246.8940097815,0.0,8706884.814481769,0.0,18817090.773635652,0.0,73053767.59013642
9922695.923310667,431.47058672249113,26435320.544211943,428.9065541814463,8386776.086314449,431.99766198469945,18422864.957765684,438.98192322385165,10680861.819129322,438.76121357569747,73850689.44867174
13422711.05989278,436.9762718280212,8351949.501030396,0.0,7400924.877532522,435.47153845854353,9833987.093899498,435.7203499326703,17314126.293729004,436.9979924189886,56325443.99223683
14733822.380479088,430.768127368992,13209150.957651693,435.2065466479579,19719703.898687888,436.0502745259419,8980790.272915699,0.0,10280782.63455667,0.0,66925552.16923958
5770977.629340722,0.0,14645265.44954314,441.4585372132406,14239558.006968219,0.0,16428658.047353273,437.80879220529283,15864020.56719869,433.0123743881524,66949791.980107844
7982752.657415478,433.0491646997761,14592535.735511424,0.0,12830283.269090565,432.73232109268855,12648985.26696736,431.592959339795,14974590.144844852,435.5230681002778,63030879.97134291
15380066.45309768,432.7475755472523,16053254.453170216,434.0188588945946,8291943.5059228605,434.179383193029,9166827.990684092,431.60933645131496,20535797.25166013,0.0,69429622.20968907
6163476.834341517,0.0,17613786.749671184,439.2599676260382,8899534.929143727,0.0,14005936.225953812,0.0,23620558.102532186,439.30252424845656,70304171.4041343
8403777.921943482,434.9691284007047,19262501.340273153,430.3597443406511,15525058.642632812,433.02317798321735,12998354.482454699,435.18293426298436,17151954.59838643,435.29961003344425,73343815.82028559
13474630.555327116,431.83337423018116,9006987.985210342,0.0,3145926.0575421345,432.9149801053137,25882716.44383964,432.5340180776628,24805881.239902154,432.5527900374314,76317872.11698382
7549956.514467,0.0,24738961.985647433,439.19011213248046,10802705.00755798,0.0,5064077.318244624,0.0,26407266.276808195,0.0,74563406.29283735
11321632.469303131,425.82910327752035,10644250.097433273,425.5185959614256,5043279.168059619,418.44522302803335,7618216.23320794,419.9593738279508,12424757.108187012,419.9683094096355,47054244.79679648
9161200.532441054,436.7228980687163,9775635.027101774,0.0,21002494.950535167,442.0241902178674,8349886.302879883,441.443727196183,12691596.286079675,441.73527030496115,60982575.02512334
5448582.655191982,441.6990243975214,12969482.397639677,441.97402159481277,16029360.412118258,440.3041174479119,6253041.740794974,0.0,7786131.66466396,0.0,48487922.8475723
15090114.021441124,0.0,9509301.158234838,433.8029234842982,9768198.357025541,0.0,8863741.665246475,441.9512214396838,14764568.996837502,440.57737994156173,57997240.53031034
6284992.952147361,436.5469512209666,14766678.18076274,0.0,3726044.5670950455,435.02928118799815,5085064.119033224,433.49935048282606,9947079.597129885,433.72750430007824,39811598.21925545
13229552.322937794,437.3423956029108,19697826.610742547,436.9719090003021,3337710.0715468954,435.79467149577965,7209857.185099255,435.6479390926477,11667589.669836769,0.0,55144281.61707845
7026455.36416536,0.0,12619005.683485677,435.8611862648036,5999651.24467673,0.0,20540525.756552678,0.0,3132763.759979933,434.86521606900936,49319272.53526271
1124642.8464565608,431.03263104776335,19981313.443304427,432.09640593926383,946479.5929687608,431.72873260929146,10768050.45376785,437.31456119444744,10270554.548498742,436.7423196219131,43093209.79964675
6355811.906718759,436.4997216137039,24039926.17363952,0.0,3348494.3358052284,428.51090312973844,14302669.403643552,428.50488362935926,13582724.080419188,425.303217195613,61631344.71895182
7767301.263795494,0.0,10976553.077523952,428.59920856931916,3317024.7263353555,0.0,11264504.669082008,0.0,16147973.186374895,0.0,49473785.52232027
84500.81875633837,435.88421170912244,20074561.61052979,435.20955717602084,3358211.0660274033,435.2468159079967,14560514.372466275,443.7155041886236,18345875.038685713,439.6908985959486,56425852.6534531
3551428.2578353486,438.6097059154164,13474163.63057186,0.0,3372279.7136106933,435.7887286109137,17561803.801282864,435.28709262088,11345949.781022782,436.2046498083813,49307371.0745005
2165052.413737364,437.64823729096526,9180286.017456856,439.24942559305566,3367574.5320961946,437.09884597698556,12991891.513028719,0.0,10987006.947103063,0.0,38693125.419931054
3568767.97587385,0.0,9304942.213064613,435.08014206850794,4375062.833414061,0.0,13805564.779009283,430.524937958495,5878029.634653265,429.9325780503243,36933662.97367314
3417307.898259289,433.01963881511534,14840049.890730375,0.0,5897686.1058488535,432.94020902680455,10928540.95905564,436.8737684032908,999412.0943242104,436.903537800185,36084736.68537241
3532081.8728650715,436.40198216949193,11534724.063905092,436.9612868275201,7267139.784846654,439.37078541830846,12489970.608707955,433.1016133431889,13804397.126020405,432.5948005234286,48630491.886813454
4136503.8352775876,0.0,10800929.546608018,433.4566975177601,6883826.911242369,0.0,6246146.526476765,0.0,15593383.722755393,0.0,43661223.99905765
4388731.984269923,437.1718349128866,21158364.927339107,433.23442202907256,19971144.655303005,433.97460689314147,18681536.81258502,437.4571905920667,5165930.055897297,437.7370180718242,69367888.01046686
5585473.833730476,440.4156554632548,26688844.46285035,0.0,8065980.466675618,440.9287057922232,23024674.5009378,440.501803784008,5497363.388394858,437.3360304257044,68864095.83478457
5560127.666426369,0.0,13711259.608030876,439.076704179903,5856275.3932984695,0.0,8959924.133168533,0.0,15551662.583247365,0.0,49639688.460875794
11834434.437064528,432.8135355356827,15829299.276833095,431.3511484466125,13026793.143528644,436.6067837520453,15995594.079962566,437.2862554300608,18111338.511018615,439.69349134291696,74799637.19962195
3379223.1854964825,438.5746398793153,8620578.210506758,0.0,11852267.897124484,435.5661287244855,13786647.562485158,432.8759788144549,12117654.311799396,431.6050801333104,49758109.78923983
3917286.895031942,432.998684399847,17936544.552180383,436.66293900192863,17573175.130932745,437.2450381523549,5842361.796482408,0.0,18137252.95084364,0.0,63407928.23213267
13933854.013855902,0.0,11961511.56599417,442.72064169081557,3206941.8715864667,0.0,13391589.737690898,439.82307160435573,10237195.666297162,439.7017499259616,52732415.10088782
14376747.514254944,439.2530673290592,10727083.256956706,0.0,21257623.338679206,435.43565390098166,16558058.623140289,435.0965028091679,4065357.3240730898,434.0188588945946,66986613.861187175
16693032.517965375,434.0946602412756,23853472.28694323,434.25289895085587,5300284.795752245,441.50703971459563,8645115.781443434,439.7017499259616,10882516.904525839,0.0,65376171.842978954
16352679.902906695,0.0,11684423.17089064,430.07502568253375,16507697.705081116,0.0,19071246.51080539,0.0,13267896.26061032,425.4466589308858,76884799.07197876
11637566.56642331,432.2439105242321,13664086.532119269,434.7954366546986,20502302.149329595,435.17352765202475,7841254.010521291,442.03700105323963,2167578.3955860296,442.6370295129327,55814974.54088489
16208426.333544534,441.1369092328957,23895751.853546638,0.0,6257893.766377681,435.52146644699496,23001340.48560878,433.93952979496964,9453251.105689172,431.31464607198814,78818405.45731834
16052642.310254626,0.0,7850031.127631693,420.2087491643375,11161876.95485522,0.0,6877590.873525239,0.0,19493098.63389933,0.0,61435660.10891528
8194830.156507916,432.8209793920152,20639872.373682305,436.25909457315964,12315081.293377794,429.61807665781225,9659942.053237587,431.665416653266,18898749.87870958,430.23062273266567,69710636.3497052
14105877.473534472,427.68616867600923,9575038.778029192,0.0,7750091.611952251,434.6353948981883,10402429.627598587,434.10926205998067,11137948.663569303,435.829483076658,52973118.41499251
11750430.793224497,436.9075200016667,10617257.062014297,436.35487849891206,9172034.759548996,439.88880345729217,3371330.414340478,0.0,16059582.603306256,0.0,50971948.78363648
14076102.643371588,0.0,13289298.42161043,431.31464607198814,17388127.66014743,0.0,18690906.56115457,424.92611103606646,10681490.995039072,426.264214605529,74127208.7862948
12472872.153625676,425.97217899470724,7701975.017793272,431.6892042422175,3130136.245048261,433.71470339922354,17309622.321036886,441.0328312473753,7376408.080997421,440.25867083497707,47993186.486090235
4254798.800060194,439.7770517815499,22596841.99595533,0.0,5619701.802178883,440.0842891642957,9836972.103446648,440.1703078861192,12306798.588565798,437.3613972339731,54616870.683252916
11645549.134660143,0.0,1438344.4209708024,435.9575507488904,21369658.34800174,0.0,11094450.991401691,0.0,26215259.65084621,0.0,71763698.50343134
16763701.543389905,434.4824094554019,13385931.881569894,430.9382467646442,4384078.893085898,431.14155186603097,2837746.290200546,430.6757014615797,10145667.398710059,434.8266139212962,47519288.07147977
18588741.36616291,436.5586892218941,19263476.40115851,0.0,9527188.53639477,443.0179687943537,8277716.029204586,443.62946297736755,14783868.20794525,443.8214393655316,70442757.56842639
18290788.934285663,0.0,17094918.398330726,443.2977347461206,12557379.038304932,0.0,3989617.854943364,0.0,2138622.392481814,0.0,54071769.91608124
5895125.646939249,439.8950509275687,10195941.864166519,440.46633820196206,3476017.7685288084,439.81605752287595,6450845.658424442,429.8786911463733,12401801.595597224,428.3249239839637,38421910.914718024
15278837.922759617,426.1229268936948,16364785.630910551,0.0,8510469.929417696,424.4529159837595,11914229.345463818,428.6180055395765,14885760.725686872,429.86235332324264,66955792.61044029
11290582.854626749,434.97711648479475,16397535.827258088,432.75083121034714,10505957.353169825,431.87672738599144,16623085.644811668,0.0,10740975.980770273,0.0,65559437.26531168
18665133.000766285,0.0,15459528.058246525,436.04696902916015,5088474.672546243,0.0,5158260.040362723,438.244224560377,8751950.230093071,438.30585919896197,53124658.599067636
16689622.01364555,440.38145602421537,17137712.586665325,0.0,8850130.407254986,433.65510039631226,11230704.369522013,434.52742157686504,12803567.636831824,434.3910072872251,66713479.96890499
20036195.10824833,428.261327005064,7921768.6060403185,429.9153180825021,21354452.844150722,428.1398345850463,2190708.412818194,426.91809874564575,17398188.40565075,426.1567516285166,68903452.76823837
5610347.620396,0.0,17328795.73370744,435.04432198449086,2703190.6728621745,0.0,6381042.503647509,0.0,20884279.470113777,0.0,52908091.045048885
13393963.922640862,425.8022647658048,20857979.083540685,425.26584476361575,4441941.940716242,427.7605010574679,13763825.123761129,435.85090109418115,9519954.734924067,433.5269813905183,61979813.01207606
20172707.114197843,432.30349752397757,10748104.38548587,0.0,15697361.467375293,437.1096646446049,19239212.89761094,437.8156471998179,7959833.4786127815,432.58364650143426,73818959.1557386
9892530.023004932,434.60818544287264,20761930.444508754,434.6546312238564,11594529.94903657,434.02887064134006,9052192.560181074,0.0,14431602.718880942,0.0,65734088.987299584
16976890.190445032,0.0,13582133.673584783,432.35465149365996,19289692.62442095,0.0,12674197.334002052,435.1488842596335,13832363.978374023,435.09772521275477,76356580.40208781
13710743.771243175,435.44996934084435,13080173.87854204,0.0,7599104.172737977,434.5441159425545,9900751.440450268,431.7366947018987,9842801.151321784,426.6240819416905,54135302.76915717
15206728.373164717,430.017337256305,7810423.741978675,431.82179633443945,8298741.886129238,428.90609731026393,13105415.233305266,434.2917740298485,15359926.971271591,0.0,59782961.24285442
