63306077278.09154,14068946676.122635,76627892763.57552,12889884365.829624,76374298110.5364,15787647833.538788,77715877473.11403,15561322314.528961,80799481383.49834,14202040737.596308,447333468936.4322
4125753.999981682,436.0940062431402,6890213.09888163,434.8702883934562,11123791.4614206,430.75577704561107,10254827.341153512,0.0,11615751.199382726,0.0,44011638.82089183
3926451.846047936,0.0,12147661.837718276,429.73866673952546,12123753.470505418,0.0,13798655.115113957,436.0577356886149,5140543.113551135,441.8806043987761,47138373.05994355
7537764.929987701,441.54122053244197,19244920.01946373,0.0,6020816.483627468,441.70435430497355,1406043.6581448184,441.6812912677782,7021265.2753851935,438.38039729481204,41232573.673872314
2970595.619167889,433.2252859113647,10942377.058518562,433.01144306898965,3320867.9133108174,433.38848888805654,644272.3436554521,431.30097082386885,12742515.769538838,0.0,30622359.63038025
459023.5812938812,0.0,4953954.74904139,438.6391389603033,6999408.160389553,0.0,9183331.841065096,0.0,1312393.9893464248,436.319510138375,22908987.279785443
5972769.740927452,436.5353085049177,126082.21611913723,437.84564032501993,15206212.498908726,436.4576116456571,8674676.192056766,436.31988837927815,13935885.520456731,437.60048375310333,43917810.927401416
3773244.3220693227,438.20511559207773,12247592.663283478,0.0,6582193.6972035915,433.28309233306436,13264629.974348374,434.43506301821066,13022832.741584733,430.61941757914343,48892229.941178024
6892692.86880509,0.0,13260496.433693497,425.81838547950167,19190226.719148137,0.0,9679214.18361095,0.0,6529098.688191977,0.0,55552154.71183513
4130471.3924758034,425.5551133110135,6661035.033417058,432.0624663065835,3489596.6701704892,437.97784947125456,13752308.818978695,438.7324334077751,2407899.823293706,440.0744770843944,30443486.140675332
1516787.5711219455,441.04742046531476,14959987.189581744,0.0,12027915.702857142,439.6811040500135,14612455.744357541,439.36810058956587,6472550.859421066,436.2800821216404,49591453.44404667
4208050.12017456,436.2725188083814,9318412.00657018,429.11059871884885,7372836.728042054,427.333578421592,10505705.940393934,0.0,5294571.523770876,0.0,36700869.035647556
4190117.867725881,0.0,7621195.729944521,434.647499509386,12421983.763001211,0.0,11882176.052829968,431.20489893725136,1156851.0859606545,431.4594905978686,37273621.811351284
1775566.2645870582,420.6885216099397,2477967.963203862,0.0,16420507.57390385,433.5247409154325,1383981.935493622,429.92807930815707,3679295.9381808643,426.18201093235797,25739029.99872202
5040810.449403565,433.71105948532,9520923.658164147,432.0269559513026,4987001.1825738875,431.49703478739843,13176073.270966977,435.12518408789015,16022165.941606171,0.0,48748706.86294906
4918077.214810726,0.0,4241250.252281386,444.2822534338504,6381036.849704898,0.0,1115027.8751924932,0.0,5105481.121009378,432.4783622899465,21761750.0736146
6338115.965604725,429.5730675979326,6394787.509763369,425.1038537447378,13636393.002221342,424.758553598061,11601981.54549854,426.2532041517041,20643224.635684825,433.06546620341453,58616641.4129181
14524363.402588837,430.495847322244,9917708.482718542,0.0,22579630.21496598,435.2682707992593,13354945.058689343,433.28616955887696,20766154.656686615,435.60005556250326,81144536.46599256
638097.0094753103,0.0,5058565.701831982,440.23912782501395,9270271.478256194,0.0,6788151.812098293,0.0,14211635.234791778,0.0,35967161.47558138
4289321.294216984,439.19011213248046,9481988.235628065,439.62752984453914,14170412.693053586,439.30453726590974,12238280.069386387,444.39768007814007,6786807.439728598,443.8198739347691,46969016.07174688
10898328.439929895,443.77858968466785,11473255.039363764,0.0,9926637.03430963,444.3390276109305,5097546.677226666,444.7244751265519,10747839.345503572,444.8358070052054,48145384.214232944
6062503.285181101,437.5998179407877,10884601.329592489,436.66009774862374,13607377.088791035,435.8011805556608,6749767.027111838,0.0,10704236.223461656,0.0,48009795.015234366
14563744.430713749,0.0,6407302.337452354,438.86632672279694,11986720.786269061,0.0,9059446.12433994,435.0334173033565,4741935.804894908,435.46974879980445,46760458.85316285
9305434.016990835,435.39685625734893,11771165.006116481,0.0,18880566.28166974,439.64212224105324,6813734.727291508,440.0946789022913,256074.15925643418,440.6830758023619,47028730.008058205
145152.6489958124,430.49557116415605,3275542.709003636,426.64026494399945,10441173.201947505,425.08572274347404,15311360.229112174,424.00166798294106,14726480.596120726,0.0,43901415.60840669
4606256.359474922,0.0,18880161.854836218,439.12880326269084,1731972.3802553287,0.0,3393593.7296046745,0.0,885615.7854869189,437.6506157276464,29498476.889077056
12581910.300791072,436.33501855316723,5037466.216913573,436.2899148209324,15245903.69679638,439.01025748377646,13217379.703930318,439.14642780954426,5052735.719050011,443.4615831932418,51137589.88068321
7345662.174371586,444.3608978745006,9585797.218599966,0.0,16714693.867033783,440.62385672883613,7930206.882140412,435.00098850802704,62430.30128244441,434.1255498628577,41640544.55472116
8266418.49747552,0.0,7510365.810440953,429.17646095777485,17428751.089779686,0.0,9404124.283018332,0.0,993485.5107392906,0.0,43603574.36791474
9446357.407812972,437.1708856155467,2975947.824644115,434.74229535638653,8760591.46627873,435.4972546530726,19074862.77528825,435.8599595675836,975951.5827847462,435.13477670354484,41235889.46198071
11220907.145137122,438.3356332209734,1654341.6013102909,0.0,15581013.775733832,441.12502040454126,2687458.1414976073,438.1941472568817,262843.3763574717,434.469563956349,31408316.164401162
3886905.4132111236,434.8232330377084,8469838.826989835,430.37547598520626,19288058.676592767,431.93500848201444,7482112.7304196665,0.0,4082887.3464053874,0.0,43211100.127336286
15518512.164669117,0.0,10814886.13777182,437.09704291778127,12602883.565566521,0.0,10627387.172763113,434.93013196754936,9433125.041663727,422.0025937259668,58998088.11220291
15685292.025203465,421.02397574820696,8610628.19893772,0.0,9410291.334844993,427.91715614872714,8517840.73827913,427.0910793030743,6852015.711324105,440.93913543979346,49077784.979936056
6525269.113480675,443.1604414113841,16745574.047541263,441.98974051845374,16584979.862937456,438.8971337458814,11572381.146379538,437.8533535071597,17412856.846653573,0.0,68842822.9176617
10537702.048160382,0.0,12572118.209839048,435.91403516255195,3072761.360445237,0.0,4173732.0370971803,0.0,4666321.570123207,442.66982819731186,35023513.80952842
15653836.295765046,440.0219610366449,10951374.098973159,440.1357616523833,5298483.279488313,436.80969263985014,19484579.701981384,436.8954788050132,24768710.805920865,437.0205689460295,76159175.06559186
3521492.369161065,439.69541191594084,23705833.497083288,0.0,13816827.544963786,442.4929480819706,5118627.073683109,440.28967365132354,2933876.1272102357,437.8485922515168,49098416.938727394
7261597.511177715,0.0,1467306.5420773656,436.05764124192217,13310544.46313305,0.0,10280097.680472346,0.0,15252236.732374199,0.0,47572218.986875914
16136989.65735648,436.8770864472718,4989622.869830161,435.6180577809003,7118737.767657693,435.03313529299277,17198852.519635756,434.7222064474197,1886767.9688000444,429.1378559156929,47333142.17162202
14622166.139952354,428.2061277497922,5723217.096473461,0.0,6930637.702429911,423.82439946141625,4726109.934783453,425.53334605748825,11871402.747283075,432.82246819400785,43875244.00726372
10742912.752518317,432.2713816170869,8412041.333911194,432.16420843577004,13038706.243845819,434.07987222100525,7749405.221004815,0.0,11253318.24843673,0.0,51197682.31517914
9166857.339699326,0.0,11406053.84789476,436.64390331078977,10879794.283475313,0.0,8165426.102678756,438.78798921504375,10288868.273465328,438.31673769957865,49908313.5958437
3308271.650192063,440.43791203562415,17770502.37401427,0.0,15002682.11495828,436.01051744558873,9514386.987336103,430.3489812464877,13074770.48772916,426.06241656586144,58672346.47405718
12098492.0724074,426.25464811324133,7517885.774077278,426.5941601824302,3378098.8154520444,431.567887187235,15662465.183140239,437.52193188337765,14673539.738447955,0.0,53332203.52215229
17310472.681980066,0.0,7458326.52677629,441.8719728195741,942776.5073801224,0.0,6186542.866529009,0.0,22647359.544724617,438.41705528486267,54546358.41641822
10021151.898605525,442.04136855320723,22977395.88628965,438.0924063567886,15461865.91136453,437.8618287984118,12339991.439350408,438.57110492250104,13793967.301764885,438.4255524129166,74596567.42963603
7028339.268858655,436.94042334867885,4489658.069973739,0.0,15906397.500940759,436.81727458985716,6741346.700989651,430.2476321875042,17463726.458706114,426.79438138888065,51631198.79918044
15554947.366393879,0.0,16423521.929405198,419.7825800937578,4534000.791487374,0.0,14812496.491684226,0.0,6808682.365589644,0.0,58134068.72714041
5972201.154769552,426.9663561866952,10276606.65091851,426.58295190313925,12933683.971962694,431.14912298547927,9221026.312241783,431.55789614482995,14293891.614198294,429.7161025351182,52699555.67652059
12115880.214470541,438.4663241142702,11629868.939966882,0.0,12128723.222617798,438.5263974140597,9717860.95564719,439.34480148951604,8419978.322458528,438.17993692609383,54014066.172620885
7862379.64708704,436.88789413996534,14445989.637598317,438.51092386164487,5305481.126987491,432.8222820931986,9575005.812868657,0.0,10401442.056743514,0.0,47591606.50238511
14865116.457651539,0.0,14904977.632561328,429.4212430710847,11527240.440650782,0.0,17215064.298028927,426.72906728456843,9898207.365936644,426.85220376542895,68411889.19734333
8918423.314572457,429.8568464717001,4787422.1947079925,434.40422306828395,14443449.730983278,435.7124288246408,12969005.514778918,439.6413541960332,3956067.8450702196,439.05736171192746,45076547.27232714
13211614.733055692,436.38580687113904,12003439.944040162,0.0,5938049.74374107,437.68420201338574,18063390.776956804,438.38478829334065,9317381.004952202,0.0,58535188.6575431
3426970.1003898806,0.0,4177735.735405587,444.20059858770367,12220903.778828936,0.0,15031971.534558943,0.0,18410883.542415153,429.2558884295318,53269338.14808552
13857058.035962705,428.66829097643614,7529283.522698347,427.75768358908647,16968058.313103072,430.23678275826774,8287962.637251855,429.900079050168,21177409.530868847,433.1251867645993,67821921.72790797
11296974.867860626,433.0246681765681,17267169.11318073,0.0,12023203.80095861,434.7215493649326,12970074.125584701,439.26236361319644,13897638.143527087,434.6670184420854,67456801.72671135
6627332.631998813,436.2067290463176,7888779.030196156,436.52953470536846,17471974.122212484,436.6014814731283,5283871.3972940035,0.0,16896121.86985784,0.0,54169388.389304526
10169294.747627411,0.0,14346680.372970127,433.8293778118149,15719679.179267583,0.0,12590281.582086692,428.31389793945044,18698259.624033738,431.4167758459088,71525489.06603715
9123652.444233673,430.17914284932857,11946557.109534265,0.0,7378766.9489313215,429.16932490541615,21962088.600879803,436.80457497238604,11734862.142190212,430.1058971843001,62147653.504709184
7697366.461246312,430.97699190820737,14359336.964489259,428.91413838525887,5374853.344715168,429.74077652204835,9376117.302605323,0.0,6780273.554900384,0.0,43589237.25986326
16287834.856948487,0.0,14966158.371536056,434.4864414109945,6053200.442427046,0.0,8388604.380687179,436.19245831207365,11808000.16679448,439.6248418771532,57505108.52213484
2798443.208298583,440.1646299989965,15951666.312687743,440.28158553915233,18769399.85341076,440.23383321955384,14519502.719671318,441.46966957958693,2631972.282542746,441.5246620249467,54673188.050991505
12002380.426391358,439.99811173295706,13385784.342590887,0.0,6417562.253316748,434.3240034680926,10052421.5726165,436.15796668479237,11609150.476397255,436.25351714089516,53469045.804911785
4958364.864939896,0.0,6638178.34630297,443.0138744268866,14758153.810598372,0.0,11372614.075394625,0.0,22347619.647443395,0.0,60075373.758553684
6490288.839826758,431.4040185344229,9256419.36013977,432.3598511229241,13903356.988299279,440.5712094872455,19676894.444506645,443.87036464216055,4164694.232078097,444.15542195148424,53493846.225716285
10027691.214716444,444.5704907780921,14362065.238827389,0.0,22267685.671042625,444.3779640598023,18626598.37205973,444.15287430214556,5575571.521406768,442.67829630286013,70861387.7976784
6338654.723017895,436.3711460869961,4823474.258384421,431.69031501082515,8415415.528238019,431.32527270810783,10037436.845435997,0.0,8648498.36366547,0.0,38264779.105475605
11257796.835398475,0.0,7723460.359671429,442.67372153893785,16729955.945290793,0.0,19697971.45780758,439.2245100719225,10321266.335965363,438.75681503318356,65731771.58918028
10225076.229264326,436.70328878955246,14337212.852158021,0.0,18165910.369122427,436.61947187082455,19426666.37773768,440.2907328308748,14829774.84876325,440.2655064844752,76986394.5560457
13220825.049967088,442.11592052714866,10495865.24947851,438.15647759146316,15686908.738418596,438.698972843479,14074437.123105977,0.0,15811623.149751967,0.0,69290978.2820931
6776160.927804083,0.0,9292440.50331316,443.3074958614685,9032202.226733739,0.0,9010982.229611108,441.59845862354416,7697437.587292703,439.3732785029498,41810547.75398778
9228516.15466585,439.58260670588254,22217675.76747156,0.0,15783086.564470254,440.63880466739664,17136160.112946406,438.9756059483477,8248718.302823839,440.93102344904435,72615917.03041868
10750040.042066481,436.753499640751,9148217.669592049,436.1080815988431,5828983.414449767,435.3729407666093,12979536.558183419,437.61427603531666,22600388.574111365,0.0,61308912.10720112
1718139.030104478,0.0,8351768.187941823,432.15149964453633,2086549.9485513468,0.0,6004599.910216252,0.0,2610181.7953304723,427.8561352161334,20772098.87977923
22872978.96267991,428.3391402179667,17178263.200114187,432.9909550609161,5417036.687538978,440.6726582644212,20579309.40033281,441.2017774598681,13240109.899202526,440.7594861331255,79289882.11388555
3455591.6135516632,437.5857412403667,4452864.958597417,0.0,18581239.943106264,440.52917786625613,22497622.211349677,440.37789188127425,11229910.325084122,440.00118891719364,60218987.54568905
12632747.312086206,0.0,16174399.513546258,441.9493781256709,6394845.941935838,0.0,4909568.09245363,0.0,7303206.499047855,0.0,47415209.30844791
8983741.150822999,439.21722760729784,5484310.860302039,440.78409358363996,7315582.959476352,440.3508255432737,13997443.558052782,440.6102598075359,16143818.025568489,439.21176591730557,51927096.72839512
10947590.06060569,439.33013295346007,11874717.598839946,0.0,18949908.064452924,439.3010863901421,9605563.312802894,435.8894022067423,15615261.629108632,438.07267390308624,66994793.25910553
8336133.201290385,436.5596358623776,16465859.804862361,437.2703944057633,9990066.331308033,437.5258302819594,12005979.560165668,0.0,15550822.431575317,0.0,62350172.68506232
8338751.531171959,0.0,20420389.342043884,431.28332364341503,13565577.17960266,0.0,10245020.275467716,434.7163866430789,13049933.594563633,434.8420163896292,65620972.76457653
7673102.691911156,431.76150868813306,16942401.20878901,0.0,10704780.947443182,437.3310904158723,15232152.92023301,436.79850974400654,10570061.535324043,436.57175322316755,61124241.76656248
12955627.28592052,438.0549448086684,10072482.522588318,441.03717892659637,15487271.991398217,441.66200931645545,14228450.99296587,0.0,18422044.848202217,0.0,71167198.3952082
10547692.710274376,0.0,8169335.594898772,442.8970218944381,9484735.766634434,0.0,19282660.873955052,440.9702341696059,7417932.717860758,438.43214030065985,54903679.96301975
7678628.07584098,437.5972498265492,20644148.330499187,435.7467557062732,23870115.654681563,435.34121442642237,23074495.51800126,431.76928679333656,16147303.840512525,429.4581585312551,91416861.33220081
13638163.79356026,427.61758408223784,6981998.671517785,0.0,10947597.789651364,430.20442160960675,15978186.488910407,434.5762890403241,3132652.2005407815,436.99732843879934,50680328.33980377
5308136.885520876,0.0,18927660.539362844,437.35066110952044,14235102.563092938,0.0,21023965.336817916,0.0,8515862.071547078,0.0,68011164.74700277
11812543.149255013,437.29223922916407,11849786.800545925,439.98195722183175,7684273.479627421,436.02487070960444,7463692.310702885,436.5667357968665,16210705.829089412,438.72430680146414,55023190.159330405
10721097.869039327,438.1659182411605,9678916.53978728,0.0,14256095.944285875,438.25385979252627,16114294.22967605,438.45266904658615,24027036.05702306,439.03524444360124,74799194.54750311
10565659.80280881,436.57667609313535,16727653.202576162,436.2761113494819,6308618.717743615,434.306389112581,22569596.0621113,0.0,18696379.326720707,0.0,74869214.27113715
10588436.730204552,0.0,15613718.391052043,423.6379188553313,11672101.211140683,0.0,17139697.605720166,428.7061725534822,8740352.935283829,430.6617903281389,63755589.87928301
8802841.135392806,437.6235982080887,7978499.994626986,0.0,12475366.596088953,442.9107603199096,13134706.858791638,443.444391973329,7934396.25168951,437.7844206298175,50327572.599761024
7959276.363031764,436.7419406482538,11974343.400023628,436.7101092086591,17076094.756873753,436.86390936998134,8741604.21766062,0.0,15987595.264940524,0.0,61740224.318489514
13654604.063213669,0.0,17590311.929825112,436.91055410866284,5550362.096835136,0.0,17182464.8356195,436.1699672623258,4069803.0247365925,439.4219952187249,58048858.45274659
19586163.584168147,434.23369816655935,5071710.775199751,430.8174435549621,18363831.9167145,430.91767776966094,7247809.670507016,429.485918007824,12697783.487211665,430.12151838264907,62969455.01005696
16147873.859383034,427.57163108818855,6658954.071113683,0.0,3844045.704440767,431.0584716852545,16466700.711154357,434.4344068034706,18109739.67334829,430.79799227148203,61229037.881941974
8593846.086213635,0.0,15914154.358857889,439.6811040500135,7523160.154966622,0.0,16524713.046026941,0.0,8887438.422732616,0.0,57443751.74990175
8973228.574279282,424.5825321178619,8488317.34401888,420.34868673523033,12414126.182893625,424.26471970406124,11176378.70716485,432.3946732919767,17195715.031153712,435.2137908015782,58249902.643913
10596922.88183441,430.1124211938583,12080479.227370491,0.0,8080012.3823941145,432.2611723573179,17448994.782692403,433.01079114795937,5154656.221354117,436.124141839252,53362797.00417207
17401774.153222524,441.0640398232822,15891013.274269285,438.635698530405,11754119.58634588,440.2559751442397,16886753.056175023,0.0,8218604.837843338,0.0,70153584.86356954
10955004.021374032,0.0,5985695.432735127,440.4580508728581,14681673.092957815,0.0,11004045.574334247,439.08398198532217,15712643.490716064,435.92517281511357,58340377.07932296
12932581.384933813,437.082049633197,11414261.661329366,0.0,20021994.15597631,437.3067719945158,5017388.466414358,438.7364490184977,8525549.03883971,441.42465955262156,57913529.25742375
22257851.89504271,441.8469528438412,2709271.0284749055,440.3330078842661,12100897.764306048,439.8383496246466,16604023.422022808,440.2359510464555,10816964.101381721,0.0,64490770.46548959
3233117.902411006,0.0,6537200.7621663185,438.68291358543337,22052857.0665436,0.0,2621674.619583573,0.0,13799336.69648918,439.5960442891832,48245065.32615154
13200769.318180025,431.51617929068794,10308662.895301774,433.434581013681,19218731.87885131,433.3316803041574,12411747.689682284,433.69779241868,16017940.722793,428.1794441038035,71160012.66448553
23447996.49475938,432.45857495259264,26212957.281511966,0.0,20280911.46431943,426.08748433335325,11784361.125192592,425.75084874581864,20983842.045856982,431.1690676948823,102711783.87761608
7234514.21602888,0.0,4502228.822002063,439.6498028388498,23480358.11341184,0.0,2612853.1115804645,0.0,7134074.6766492985,0.0,44964468.58947538
15252697.677568365,436.56550512500974,4857484.6323277885,438.073913086997,15127196.249795904,434.76050840177624,9127053.892088674,431.45348043532255,20688719.76589718,431.7079029422379,65055324.77898791
22805697.231161024,432.4899754202848,6391537.321692938,0.0,16998353.887235817,435.3926190694512,13960115.798291769,444.2178484911937,16987689.307738002,444.6429522689255,77145150.2895148
11730826.896292457,434.21009757760885,11797942.27989588,434.1634658618559,13508282.48401545,433.46108375932715,18270300.477858365,0.0,14207364.507127307,0.0,69516018.47983666
5191058.595255003,0.0,19218838.112731483,431.9445536261386,20966407.85989463,0.0,3080993.1243523727,432.88463481876505,20661094.527161967,438.31349317797356,69119695.36207707
7300401.981284637,439.36311456609513,11869367.217772411,0.0,7332002.442533714,443.8518696195856,1900456.443852821,437.0049169040609,7190774.035732268,437.20525280611565,35594759.546329744
21471230.821297526,437.14383237433503,16352816.622993689,435.66236276987536,5850332.631548359,435.16873043701554,13703123.483577387,431.4587508765192,9414120.68051478,0.0,66793363.6736082
6624433.381908679,0.0,5219993.468419352,429.830874390673,26456577.433549296,0.0,3995940.1242635176,0.0,7090733.864480982,438.90641497011666,49388547.00991119
13993384.024746533,438.629200087845,6840263.721402711,440.1968707951227,5421222.944380563,440.07851729959947,12374649.537296288,439.4107740727322,10277376.948960451,440.19340588604933,48909095.6855547
16565474.076017376,439.0686605703867,19224621.49680872,0.0,13657677.282079944,439.8042397820187,11022445.853383567,440.61768497261005,4030389.0428111525,444.63460522965227,64502371.87629132
7126783.0625982005,0.0,22104591.192019273,437.1801889072525,7794241.423121415,0.0,6157496.957528904,0.0,6767270.831634813,0.0,49950820.647091515
12087324.393084679,431.92815106606514,10933472.91661669,438.2049248337305,16360627.023468917,438.7863634580429,9665198.781230025,437.90144799427173,7358797.353358669,437.5798445134018,56407604.868490845
17523623.37298289,438.9535926211465,13700275.211515723,0.0,14926071.761860674,441.69330700343545,11943006.110332223,442.97390957660986,9609750.8324335,444.20922337198306,67704495.1191576
700701.9879074853,444.87473226520046,19862745.42110416,444.66151327944357,8638232.930264283,441.4120777457938,11267350.103486666,0.0,8734499.037574025,0.0,49204860.42865991
4141520.1456546355,0.0,10666241.092367025,439.0319892762119,6322498.328110406,0.0,9364730.782405097,442.7513106500723,9777754.112177545,444.2897048302234,40274070.533719465
13586738.476154892,437.7503430548329,13675681.447355755,0.0,8993942.80736236,436.5240450048232,12294981.993678933,436.2648612208732,15757019.016485333,436.87642283444353,64310111.156709395
17236761.95598686,443.2341028105652,19900992.026485562,443.3608967700151,19837203.050357606,443.7073875125541,3540905.875815328,0.0,5938549.701202555,0.0,66455742.91223501
2526732.9961886876,0.0,14606041.642016685,441.2263376235265,5515210.613923713,0.0,6763060.556737591,441.27082362084917,21267164.186347086,435.2274330442505,50679527.71980804
5031389.45922454,429.3502696360218,15596506.750914847,432.24873627421175,12440770.89598296,428.2516706628707,11680266.33366353,428.17270541546725,4139024.445066615,433.773948948124,48890109.68218342
10324658.43242559,440.73748650378684,8720529.991732204,0.0,20108714.189802658,436.9157690785225,5894615.830408166,436.2642940028625,21066980.344902087,429.32774619909605,66117242.03456649
25004083.992245547,0.0,10744764.07275157,436.4677362218637,6254851.412013025,0.0,17933333.423153613,0.0,8921153.916411499,0.0,68858623.28431149
4709838.21869569,442.64578832981,19006424.011658963,434.54899319037486,13368286.879208371,433.63044187631857,19469311.508697838,436.1907572272332,14182444.462578576,432.80925543423115,70738484.90607549
11680119.488169976,428.8106325878594,10599134.71652548,0.0,848047.5321165068,437.0829985447688,9715030.178513408,436.7650592451145,8973845.185466083,437.7518659616886,41817917.511347786
9034786.248449365,440.09237002923066,15163511.280816972,435.1129588182052,13093949.553458929,434.6711476717291,8927486.641917584,0.0,4491726.2786799185,0.0,50712769.87979929
5008026.442024226,0.0,12059907.768667081,443.5083774121257,14641181.245611265,0.0,10122689.42057291,439.35707395849244,13201993.074887782,439.8278758988464,55035120.64509053
11136848.86565778,440.086597952567,10608078.659634002,0.0,6112077.657884797,440.0114785645675,14559020.448198061,441.3805295998306,10729456.409427691,440.98308057731583,53147244.50248903
20970020.732400686,440.7657583595959,8334430.077420288,435.31796393241075,17592809.702824906,434.8303705202783,11123862.09622653,0.0,4500422.823850567,0.0,62522856.34681578
11915153.443791784,0.0,19667034.012924317,443.1141106930243,13474590.409368813,0.0,15754387.542982534,429.06569592275196,16970891.76126839,429.1577064561052,77783358.5078489
2754372.641903407,423.86749795199876,2753220.366683443,419.9157526240747,9033214.377094008,428.8879146274281,12794115.166248785,431.9832945608192,4480447.355804595,423.5852417399164,31817498.147435747
22616386.35163337,430.2104889541539,5273511.848875081,0.0,14294532.752855964,430.3590083854413,19723594.830614597,430.82979741476345,5309871.983642451,438.05113228767607,67219627.21804851
3596538.6749382406,0.0,11172725.593390323,432.3483378262559,24092694.341230847,0.0,4703261.724227364,0.0,5764201.320478315,0.0,49329854.00260291
8172202.262777328,436.2057839357075,12109500.99335717,442.10727975238234,11240467.530196209,442.0188525889487,8742475.725769535,442.11427001598474,13945407.798142172,445.10724606536706,54212261.86367477
11092079.139855048,445.33951048765425,13235979.878058013,0.0,18024582.167564325,440.44696946659576,20252853.684969015,440.13893698515136,8203498.1508313175,428.5336145856725,70810747.48030925
10004778.067115057,426.7905814057511,16081079.851208575,428.7055335316092,14297068.426923746,431.1605725004717,10738859.713109143,0.0,13501726.326132406,0.0,64624799.041176364
10011614.744335204,0.0,24376423.82247815,444.1075114403793,10008743.535044508,0.0,898346.1219777043,436.5917294035292,13301864.067337358,432.09297464123097,58598305.083388396
13984979.073189262,431.24073613544954,19461773.863382876,0.0,10575665.194107385,434.1058923223215,1358699.8898539338,432.61580882668943,8288957.0994861005,433.4817096172429,53671806.56416646
13482361.363419646,435.16778981902394,12583730.399365757,435.5589670676107,14621587.705987042,438.5841941017891,16312955.624786997,0.0,21167241.730115388,0.0,78169186.13462582
11691189.09115321,0.0,17458862.68812747,440.02888551230694,1884318.918062952,0.0,2087960.6159473767,440.9101654147392,4545563.640931035,439.66247641193706,37669215.55574938
14984005.74388156,434.9657453005923,17586617.05300392,431.933618447673,19055970.20495402,431.1928929607045,14473334.477767043,419.3400671605325,17343292.129221443,420.3866921440669,83445357.427844
4130719.8208672646,427.06245085347115,7004302.613005332,0.0,19912637.898426194,428.2649710209484,17336964.063359,440.1564502496514,5210751.267920157,438.6988772491788,53597109.84632733
18366845.97504752,0.0,16109900.770471433,434.8713216592394,11196503.514147677,0.0,9179541.991604568,0.0,9523180.490170607,0.0,64376407.61276346
10224007.56960831,443.0742252672124,26052288.60906258,443.74063843044564,19897595.657952685,443.8357244313954,11046718.003067164,441.8035140355582,16762122.720867345,437.63063766295676,83984942.64529791
9692649.002663156,430.48286827510145,9955872.570582448,0.0,7346336.3259990355,429.5703178592514,16821106.087560423,432.65392644436395,8803442.992025,436.95474306743387,52621136.640685715
12876785.748019122,436.2177871447369,12389165.190056872,437.6117077513772,8471130.690186618,434.6652353899013,7127282.878626425,0.0,17705816.596341394,0.0,58571489.59796072
7441055.383204015,0.0,14866462.280205602,439.69675632704053,8049573.246922812,0.0,8550635.254017645,443.5694494384399,25013543.19991184,443.45875045733214,63922596.08921814
3359709.0253423396,442.61776133588273,16361518.33770819,0.0,14741244.870611226,445.0045323460975,7965450.598894794,441.8610141093726,6522783.454353176,441.92464039922055,48952477.69485792
8926501.149340734,439.2711810710255,8994677.48792702,438.59804846380246,3062529.3416280965,433.40593556386995,11605510.953856178,0.0,9287336.243315281,0.0,41877866.4512324
4231051.430730143,0.0,13714369.231760401,431.22651137994177,17268373.59386626,0.0,4906805.339197361,436.51013207186355,15221916.926651223,441.15885208668186,55343825.417700924
10813734.689523643,443.7193181510126,17847050.609035894,0.0,2229402.9870907967,443.7968829425953,9825328.263998521,436.02166002902527,22629169.523257338,434.9848229145578,63346444.595590234
7292082.1633574655,435.29236302263587,23666862.590696346,435.55774207094305,14184999.408695856,435.8343892207908,12485978.332897453,442.21983044548256,9091127.020693857,0.0,66722798.42066574
5438560.843589997,0.0,9269158.006384002,441.7188910700099,16423190.283876184,0.0,5477617.023677242,0.0,17627761.84914482,442.4551191537103,54237172.18068247
1666796.2724583123,441.7026099574657,19005479.343243096,441.13478272873203,15554627.26606661,440.354485565258,9482437.012397265,439.59940381337594,6576073.10090899,435.19252942511594,52287610.97888576
2045792.228557205,434.3510836415603,8916444.988262054,0.0,13913560.133800372,437.8936378739059,11668169.284931332,436.7173087710667,12354586.611331355,438.54015259965723,48900300.74906521
2095194.0235988586,0.0,12249246.936153088,440.175889680649,3903308.288069157,0.0,9277992.813264204,0.0,14567687.029570853,0.0,42093869.26654585
2052297.9043570124,428.59327782864534,9779191.332304887,428.7698104142162,4870009.366054064,441.4142069242229,9229777.568779409,442.3008557929365,11312669.49172249,443.0376618095203,37246129.779030636
712022.9716179637,441.57976502636956,12790073.076333532,0.0,6696252.959734312,433.8843533046069,15447676.7908755,432.29263698677937,14212994.098292096,432.8716044063218,49860760.52521313
2439811.460389928,434.0316777560443,14388464.560077358,437.557780751435,14800422.010468442,439.7871388099879,4154961.6797480476,0.0,11403305.451981954,0.0,47188276.53926305
4275190.842172632,0.0,6963241.666369264,434.01726828576335,20766412.381623127,0.0,16825452.635938056,435.687630074966,17547926.74502507,435.94773302475284,66379529.92375953
2918892.666465237,433.22248921767084,18960325.17513782,0.0,16289197.268110387,434.465438555754,20130965.633364547,432.84973369175066,5007711.880672602,433.299224942342,63308826.460637
12673532.173008777,436.1523918379868,3075773.0208724705,436.3796586804348,13642874.99175989,439.15102575008996,17363009.297712334,440.8488580829352,7767396.073324177,0.0,54524338.088612005
13635402.728996504,0.0,11395740.56833516,442.1090272975598,15624163.028389104,0.0,22676246.724785738,0.0,12520721.946568433,442.2152651524387,75853159.3213674
7898684.911465637,444.56234279244995,11596130.04793691,444.92615157226254,8248457.886201415,440.32183646599276,17621545.98378706,439.6858092185983,17415211.24877042,440.1357616523833,62782239.71006315
9113648.406058816,440.1925396673039,13734657.96836264,0.0,19309677.812174223,441.43104751367696,19099427.69132656,441.91552209274784,12075844.583125517,435.24738048330073,73335015.24753751
3712122.0959167327,0.0,13651500.394003974,438.66331905959345,21738312.144963153,0.0,5208644.485063836,0.0,16668263.386378385,0.0,60979281.16964514
4717129.340074604,442.22798992740775,8840617.221981866,441.89243699913675,16432882.125129014,439.65076293244357,15753369.947490353,438.94450080418926,19094636.728768066,440.64102283501586,64840838.72015741
16581234.939462274,440.8151704468198,4599968.7835714305,0.0,8621193.943391003,441.8442376680729,10699137.914460048,441.8644083420356,18388898.184010267,441.4520516586362,58892199.74076314
9360717.454224234,440.7019829626497,13259984.710408356,441.2822366919908,15572415.54234124,442.3515846091649,10588231.65192871,0.0,21115477.81656356,0.0,69898151.51127036
6455531.782837475,0.0,15142932.783867195,434.7259612425949,12729984.377289446,0.0,7704210.878022423,435.33697832143866,5051739.319463334,436.2412283866472,47085705.44564783
18367786.191325787,433.0824210691614,5818169.8733393755,0.0,8768725.257545142,432.0403064183954,7604702.948590459,430.9614007627844,20407614.46558355,426.5721057420082,60968721.392618306
4375214.366331124,425.05332416200815,16185194.985396745,423.7049651957509,8660303.94963362,426.16694520149235,20596338.788510475,0.0,2984960.128565951,0.0,52803287.143672474
8539424.845628928,0.0,4101261.9689818416,434.9894281065875,23435067.774054058,0.0,18186790.023323417,434.82041567487937,8102722.51542743,434.92308516540015,62366571.860344626
14380011.22875991,941.6356197136458,15795549.75950374,432.9420710563445,8401645.097658299,431.78697376613275,8834546.296374971,432.45903942332666,11715037.610994391,436.3109998914243,59129465.12799516
3267170.005628343,436.2216623375273,10083556.543328982,0.0,14699513.598446457,439.3693471131158,14958989.689242037,438.6923769344966,21477831.779891953,438.27675709330055,64488814.17668125
4375467.944828043,0.0,11827816.10799184,434.9236489011689,12252576.832520189,0.0,20930473.20572752,0.0,10948699.85410409,0.0,60335468.86882058
5201260.514329376,443.19439090834044,444890.3261294931,437.28644538942024,12730514.465956418,436.90846815557614,12043060.090106608,437.2001258657341,17342805.966286693,437.10074395011327,47764723.05298285
5170255.17545266,437.2699195425366,9091032.058578193,0.0,11820396.640438642,438.1909045499016,6560249.773442557,438.19138141556516,25796216.12524665,436.9463976867688,58439900.371761896
1321565.840235368,437.0819547422664,9170086.579031555,437.97375245634277,5935855.518042106,431.9734696469829,12797724.175821215,0.0,20712047.597997956,0.0,49938586.740305044
2659049.2522296226,0.0,240297.66400121598,430.9435968698748,9443249.42773771,0.0,21013023.671500884,437.78718133607265,17629603.31159837,439.21435301668555,50986531.27219903
3822555.2106482894,441.1325595872088,2267098.3236373872,0.0,16473479.211656688,443.22639404688863,14711770.353875829,442.48108330029265,2917115.259531451,443.0492639597651,40193788.24865054
3356525.160178154,437.5886896634468,7982280.809367846,435.1747504884532,20688870.83419241,434.4828782836028,26077381.98855719,0.0,7286106.4311449295,0.0,65392472.469758965
377582.2532457022,0.0,11454223.879112476,434.2047597049092,14447457.060046935,0.0,10757715.75203143,430.2728270405606,20459322.824177973,431.81781368181913,57497598.06401495
6263188.265079305,436.950949673068,5716259.87894339,432.59926229328545,10407440.137178471,438.3714246583038,17728712.08358727,437.798510115985,24927880.162471287,432.95212629263654,65045659.19953277
9795208.596890183,433.2974530941595,5789904.161655377,0.0,8545097.018901652,432.71251051010773,19197689.19591333,430.2269451895313,20246065.218107693,435.4262363617449,63575695.85461339
10605003.05147558,0.0,451712.6806492137,437.8032702824774,13417447.362470997,0.0,9995884.282227991,0.0,14839215.010511195,0.0,49309700.19060526
16260044.029629966,439.6333858872958,454531.5827921018,440.08804095753834,22807170.03302892,440.56301461981457,7559913.135145655,428.78049466171706,12486549.552759519,427.41840475741105,59570384.816697046
15502554.949389117,427.9365300695704,443077.1970954564,0.0,5077307.780297677,422.58615011476326,9537216.082305282,433.4625769681995,10177109.654823866,436.7584266104126,40738986.407595165
14717875.507497916,435.6173979874668,441705.7095791112,435.6594402483169,14898039.349041263,440.06466544202186,20567815.24189248,0.0,22457158.379196405,0.0,73083905.52871086
2385042.690074629,0.0,457085.12610581826,441.4983259050946,17839877.06119931,0.0,11987161.764502274,434.7076572287323,4273387.309155357,432.2470658101018,36943862.40408634
9014622.124100132,433.9956558741842,13489056.745928263,0.0,2116196.2959355395,438.35777550075704,19966598.977903776,441.01215679032873,13321572.12953554,443.70728972308655,57909803.34628115
20939542.49769778,443.7589285596205,6983976.884711521,443.176342396006,15798047.085237563,443.10260266935705,7183659.866151507,0.0,19671723.26056369,0.0,70578279.63223568
22279242.216375943,0.0,14236335.052871507,438.9061279160621,13538009.536595777,0.0,10381946.116745032,434.18003863756644,25840292.28595702,436.6278047679184,86277134.9225166
4342166.115762502,435.33810794137355,11025935.473887118,0.0,14287356.691013802,437.6710713503097,12135750.241483288,436.359418168924,14249402.33736703,435.85769491393324,56042356.08580612
5091939.091253482,430.174455114885,8454798.240169713,428.7656099157213,11984052.849356309,424.0932165633607,10685851.887843342,428.13209564989756,13039104.493018672,428.78341694180006,49257886.51043571
