64364032577.79127,13835000795.155859,76488373225.8942,12650537267.272905,77026204935.23767,15354911986.247236,78002286737.67491,15223491722.067945,81292096263.55176,13871956696.634733,448108892207.52844
12494512.299279619,430.03258460302214,10551713.574448446,426.31214378098457,10718771.46514082,429.2075695989774,13784053.727772115,434.50575832930105,15701850.561245047,434.5573410416602,63253056.2432834
10365864.963609433,434.0870789151456,3080579.429321024,0.0,6485932.26193088,441.77161909965537,4081488.1209044363,436.7682808832271,2320586.356121071,436.78183123443233,26336200.540696975
6649293.8931841515,0.0,10178127.746192956,437.88420895345143,3907748.236098932,0.0,4520859.306277085,0.0,4707098.1556076985,0.0,29963565.221569777
12417565.335089933,437.09941536719316,14863906.339617947,435.4112633131091,6695409.373173601,435.19459902536204,2437650.1264577108,435.8256148485852,9537335.485609908,432.296906876478,45954042.48774853
10166670.431422956,436.0958010366142,7837996.567359416,0.0,9109519.843721302,435.5565170811659,4745396.350592294,433.50467102568774,12317949.5446136,440.0049392936766,44179277.899638005
4931764.708752033,438.88613074114437,17439438.60744692,441.14106564114,8787825.148281708,436.30674489243955,2738053.7404587585,0.0,14963931.529554434,0.0,48862330.06843513
9034468.503513351,0.0,5813376.273900127,428.32565299864945,8740371.139276296,0.0,1620026.7469649205,433.689290711163,5800989.706502727,433.93139271854545,31010528.316493846
5735079.014142246,435.31184579411973,13894230.071508335,0.0,12117428.122350225,443.9418149198993,4518114.374643336,443.57218585885647,2800499.505736466,443.722252012851,39067117.63647919
2811244.0892094844,443.1400547017487,3782504.1758763776,442.90549869455833,14682161.842674358,442.7753619809788,1110370.50014581,0.0,19773242.27783047,0.0,42160851.70665188
3102582.921676744,0.0,14675585.434177425,427.1585887848445,19753533.76323318,0.0,3534346.7961997893,430.80988407972933,3414370.6625374616,432.6815426702403,44481710.22784014
15825606.465069974,438.5050021737218,8301452.352302791,443.37056302606135,10907143.67021256,440.3465876990894,15469492.062853884,440.5695704893703,11410994.966019167,438.7808168483527,61916891.088998616
2975632.977414593,431.6539403105525,11264812.775077386,0.0,11460473.262046931,431.78586250005094,7512063.702073021,428.20876897412984,9936055.600263154,429.5537285160826,43150759.51917538
4689018.037787429,0.0,9760089.765393762,429.63751322033204,19931237.489087824,0.0,6344837.319869372,0.0,4073839.1455043023,0.0,44799451.39515591
10648249.45080584,438.79927421332246,10939820.060697148,439.00575821849566,14321082.51336407,436.5568906162857,4554819.818330713,437.60780782229864,8872512.01947105,438.184037799427,49338674.016437486
3834962.5231308956,432.38399389716807,8421214.540496299,0.0,12015801.463666556,430.71486013885027,8767025.39593262,430.23705858443566,6913290.18540116,427.2702754669746,39954014.71481562
16131697.854921214,433.1274231117504,12539191.990704702,437.8428788814277,6109418.0651394855,432.05180331513577,9389238.074891837,0.0,3605866.542838072,0.0,47776715.55060062
5504273.645149598,0.0,4041167.0552588846,430.51674431196346,262569.51593387447,0.0,12278654.61402697,434.14549004411396,9347677.46670729,434.4569067258123,31435641.416217696
13727612.92131975,432.6746615299874,9311839.126328902,0.0,5550691.109240311,434.6699276638962,3145455.959684824,438.31816912143944,5068495.415888292,434.5548085135591,36805834.75002891
6623765.380666851,434.94281678687764,10772252.079270376,438.3719019169542,10855744.838514442,437.30591709922663,3009930.7231328185,436.7898860374136,1483755.3494760953,0.0,32747195.781582423
3369666.7087662886,0.0,3268590.623862722,438.6258553762915,16726138.574696941,0.0,5986946.776229569,0.0,13744099.955139594,439.07938544856734,43096320.343935944
4884102.10115883,436.38722570898136,12376097.355997931,435.79344517293174,5625224.055079524,434.23435377509674,13575012.917374987,427.966913365259,3753305.809511472,429.6964754389294,40215906.31753621
15268913.707174122,431.88608465779856,12026716.081457604,0.0,12334258.653506368,431.86792636176483,13301528.19129581,437.4746812104345,933050.1413351214,435.26064842459914,53866203.26410968
9256230.37529575,0.0,15087362.846449785,436.8514914131939,20158608.601292897,0.0,3910215.3987475387,0.0,5161071.214280806,0.0,53573925.2875582
9921261.697950074,426.4438916962875,3259027.962844291,426.0232878897979,9301548.884600211,426.67055486760864,11148482.756486459,435.14521620705074,4654898.211108105,427.9782854686657,38287361.77422527
11549346.66752651,431.2417522253248,15891390.67391834,0.0,16293332.491353242,423.0604348058151,13763060.665124783,423.3899783601221,8483424.243900567,430.98169715000955,65982263.415685974
16009520.75543464,433.34343258234696,8529267.270107089,442.661263086795,11377721.668621238,443.18307383141587,7369818.167938723,0.0,7173722.277122451,0.0,50461369.326993644
12832377.330997787,0.0,4922004.7238200335,434.04590102861545,12605794.916849922,0.0,14097962.945414295,434.2243325464551,6194135.810184243,440.8091863623376,50653584.80668622
17137233.262254085,442.30406244253606,13151637.958087057,441.45834361183637,18249038.03959911,436.93188886337623,11784912.283426251,436.0408303823787,10521504.418842707,435.81655780268363,70846518.51389232
9148778.84149969,435.3423440683412,17858963.127256256,0.0,2533379.82474191,440.7198304952288,17269440.34920122,441.7468043412292,6496992.13506704,0.0,53308872.08674502
3121974.405034404,0.0,23986282.584942035,444.85517048761443,21637190.420638166,0.0,10602372.172601819,0.0,4431864.052565711,442.3166951509116,63780570.80764778
14647839.904730406,441.4405330090537,9372106.564868769,441.25612290768004,4857658.56998388,441.6542582526666,8074967.984482643,434.0714491155642,12357106.063807232,434.93050780341144,49311872.44074402
3842477.280456038,434.6798756198174,15042131.564398937,0.0,16902199.534392703,435.0666030756637,16482993.636072103,442.07291417123156,10113312.815370979,443.5825454705694,62384870.23262909
6074150.40558265,0.0,10008960.228753893,444.6910766066402,1424341.1474773826,0.0,10544613.713807255,0.0,11504150.519536696,0.0,39556660.706234485
13464567.271206727,441.71065345234763,12842656.159840245,441.4070452238853,8295737.256095831,444.65797772939874,8166167.215137417,442.9225507121135,16393766.513107885,443.20726966447717,59165108.32088489
16270678.934348753,443.17624484047434,11339401.796478795,0.0,6929535.194266239,442.39775600141076,11922759.499648292,444.50590410450184,7690747.598158686,444.25362670942235,54154897.35643242
6889980.893372968,443.9384865880149,9165673.256245265,443.78123086404895,8485128.913645884,441.504231893974,4465478.219769848,0.0,16967896.741663244,0.0,45975487.24864655
12292452.226487655,0.0,6863543.013359548,437.02910689605096,13129247.288916063,0.0,285228.1981495332,440.6763236382755,7327596.567543925,442.3646088259968,39899387.36449608
4516306.469702687,441.61105105779626,7199214.322321296,0.0,9131217.459573234,438.3514761762511,829031.3493333868,438.75939677570784,824693.6543310743,439.2203897004315,22502221.197575387
12800437.084617786,440.34167575448583,11477692.837923398,438.68425181202997,14020928.09145795,443.74357257423014,1386743.0312631833,0.0,3379438.4430185235,0.0,43066562.257780984
16004444.668460352,0.0,19856922.93200356,426.8857823191276,1905893.514364851,0.0,9576899.311444946,426.2820852413448,15268331.89867574,427.8532255617143,62613773.346042566
4961420.566695238,442.28666935562535,12671839.646334715,442.64841604246755,3899490.1957166693,445.54983058949546,15689585.828292638,444.4883374203344,3682331.7818947043,444.3514826092369,40906887.34366998
9667602.45151147,443.9683454671593,9612822.415933775,0.0,21735409.005129162,443.17302553202353,19744870.809317116,445.0024667518978,21986222.114594907,0.0,82748258.94032419
19045508.003224406,0.0,16693834.055773994,439.96301564536105,22584241.957891468,0.0,11300839.797859197,0.0,11673938.878711335,436.1096875696562,81299238.76616362
8280930.558746879,437.88192321570375,7818380.281687139,437.0215175906689,9059311.76922925,437.6470005141075,17061706.726692054,438.1860405794174,8630646.751171393,439.16079669344475,50853165.98480531
15411249.702892467,439.4477964374724,15701347.868675444,0.0,10481465.244757144,435.4992329476873,7474954.760181761,435.9464114418111,21331398.713344954,437.112416847253,70402164.29570945
16005128.583256649,432.1734853976641,19030951.74834286,438.1819396685971,16185805.52764031,432.2002980564504,14204120.682977736,0.0,18095401.285264634,0.0,83522710.38320532
14645988.397554636,0.0,15201473.973113919,437.1752524174466,14180050.423086585,0.0,7871341.363287026,443.62349999372003,16244970.19695016,440.26165538822863,68145145.41440013
16706595.058193853,441.55555287494093,10519136.46214724,0.0,10591951.212276967,438.93990718726394,10555742.46018913,438.88029458864276,15004400.318168387,441.5190459711281,63379586.405776195
17133838.47758207,440.7735747685752,15254156.59875941,442.9487646596015,17961141.529964607,443.1635629870606,14021808.526915867,0.0,10869861.019822365,0.0,75242133.03894673
17912194.95391356,0.0,17720348.46782204,431.11210089388805,1623290.2945759231,0.0,7519466.454800591,425.81253144790765,12751246.354337504,426.23380186747465,57527829.68388382
3384446.714787799,431.57991405555646,9935490.164034206,0.0,11907320.678666947,430.1713300153478,10312278.473668981,432.00035018949285,5456141.452534693,432.8327970398405,40997404.068083934
9848648.240677169,428.1600481823785,13461881.51904147,428.4746062832088,9759107.51054335,437.4264903344339,9055459.977975542,438.6577755602062,13687048.32202835,0.0,55813878.28918624
11844733.205274964,0.0,15706600.231667789,440.6272319811534,8885110.491879545,0.0,13891782.85314217,0.0,9498919.811803868,433.10012262020007,59828020.321122944
8700954.117696282,432.5668236063057,10811329.912108697,434.2654506251691,15965672.450885702,434.30170468407914,7760067.68464226,436.6267631383874,9529345.031839715,443.57560643185604,52769550.533521146
21949004.79123806,441.56698067955483,14572422.688778685,0.0,11416494.07894018,435.5625478666096,10216797.32856593,435.532584047984,18651055.89853929,435.39356065963466,76807522.84173541
13359008.359289119,0.0,17161081.478812817,438.60425932401125,11739644.779425096,0.0,2597299.5694597075,0.0,17606240.09536612,0.0,62463712.886612184
15997256.652719244,443.0297648951558,14766089.431162752,442.47359520002635,14646866.347543055,439.43810863579364,7312913.641374446,437.2541546689231,11247246.02225077,434.8148749678197,63972569.105548635
8851708.264215406,435.69187300685934,17400567.23943006,0.0,14684974.51489382,434.75741019871384,6020452.987624631,437.5396178586471,15299287.066744749,436.8860928207157,62258734.94790255
5675190.289510862,435.26356559818134,16353175.883189702,439.21377810307837,11793896.076791842,439.35352637747945,8758914.81438064,0.0,14293269.256457683,0.0,56875760.1512008
9282020.401473463,0.0,20815072.67476395,434.62094531493875,4426039.528818998,0.0,9685178.083787005,443.2221982502411,18482617.817230757,443.11440327768906,62692249.46362102
13254317.666207615,442.59012708111345,12735233.796657754,0.0,13191793.64829719,441.4845781495534,10867848.253426878,440.39214879919854,18588667.28850011,440.13306746656974,68639625.25301105
14822391.665648596,439.94628687833017,14310269.651347658,441.26589103552936,14458158.278812213,442.14271878561874,5003754.177503631,0.0,19417225.580269236,0.0,68013122.70847803
4661521.800684011,0.0,14016579.203930428,444.0198492340401,20506457.394240953,0.0,17013736.860635336,442.20283249183854,18851034.1914111,437.0521610275643,75050652.72574459
17741648.274548806,437.736447019252,7639678.197283258,434.58004131526747,9187432.167204719,432.4768758542868,1443264.3443280002,432.0162020083847,5361188.201509208,437.04637354779425,41375385.04081374
13295171.692249412,437.58079558764683,10060717.081196213,0.0,15082368.205041345,442.47077507212003,3682503.089728173,444.3201993328353,9962494.598071462,444.5158166452166,52085023.55387324
12486741.38359722,0.0,13351180.192606576,444.94621127401797,8364217.901202413,0.0,9243071.612189144,0.0,17772545.614748843,0.0,61218201.65055547
16080889.533115504,429.6771252442625,10455089.349218385,430.1798781894918,15196180.308028676,437.62968637203784,9115966.240709499,437.6611762987233,15242856.686234985,437.73368695282363,66093154.998860106
15112412.148845607,438.81304652307847,18921139.53537863,0.0,14636150.055500126,439.18886662572766,14468539.554671867,443.7266528783543,8527278.776062727,441.00114408581237,71667282.80016907
20598928.949203897,439.81538495147487,8789159.993897,439.53414224878145,14642822.88031638,433.86836409699526,18461354.252833568,0.0,11870989.816758055,0.0,74364569.1109002
8488928.934494393,0.0,14121308.675299486,438.59546861973087,15520283.097398628,0.0,5755338.614314467,443.1366408428213,3360452.7136889114,443.4348201672099,47247637.202125505
13768854.21516811,439.42151567084886,14724486.552410405,0.0,13907663.303136023,438.56346196743254,11952669.563465154,431.40614470060876,14360147.137750998,429.4319598089419,68715559.59501284
19965034.590576984,429.38314344578714,4255374.4461463615,428.7078157613318,13998399.363290947,427.97874036537286,3729619.31638923,0.0,16463810.362293156,0.0,58413524.14839625
6501129.97343804,0.0,9216752.763307448,427.1788911111422,16248440.781628912,0.0,15005256.610279929,431.7541938210904,8558741.193534963,428.6956745784251,55531608.9509488
8196946.191402395,434.10327145142116,11777986.664313594,432.33914619894597,8967210.655752068,428.2042151594047,21351835.150207993,428.26114480589763,19962415.247940663,431.586297819523,70258548.40369216
10206238.748499123,432.06357899688646,18887953.09389484,0.0,7750125.734732396,441.5509044456965,11570168.724717554,442.7767252925613,9579529.944280727,443.17380596614095,57995775.811139345
10020717.87210527,0.0,8811492.99747211,442.87870531953996,13499488.564909501,0.0,13742959.867805766,0.0,7439077.2419046955,0.0,53514179.42290266
13877302.204692408,431.3814639748705,5726697.739397824,432.0213935001922,12278990.927984769,434.2250817811963,11320510.777755307,434.3878206234681,7598931.6981361555,437.1629116806531,50804602.52663803
20013819.22069411,440.7149102203021,18107987.65237024,0.0,19328423.234661862,441.10897633509865,14129557.653388979,441.0277107573327,10749142.314137971,442.72852758881163,82330695.65537806
12312749.96006125,442.70341052096427,9165481.583112638,442.8751980631334,16722472.978376307,442.5027710466017,17512338.430377025,0.0,5891464.310420891,0.0,61605835.343727745
17741463.984243475,0.0,14660563.217829168,439.3606215967962,13337121.070837324,0.0,7597553.75730368,439.87611683296944,7198539.775570428,440.81053759301943,60536561.8530601
5607716.2089899825,444.0148549996681,16285519.621990584,0.0,20527081.50778895,440.4553527399793,10469111.738409162,440.5639787060422,15756472.88741684,440.18060544496865,68647667.1793874
12004820.610670226,439.61034661961804,4770493.323466919,441.4212720725335,5509478.5122532835,443.1580027109851,8990142.396987518,0.0,19173182.083655987,0.0,50449441.116655335
17699347.034267653,0.0,16206536.891793476,440.2277686461471,21694412.376902647,0.0,12636607.51076969,435.70177350265965,9843952.094723456,435.8362762287152,78082167.67427531
21949164.614084046,437.2096202946182,17396936.141461708,0.0,5678343.085590887,439.4218033994489,3928924.0896917707,438.725167251411,17442440.09133393,438.918471579477,66397562.29722487
8838826.067667773,439.0966229576416,11964200.832173195,439.6774552130931,13947003.131389376,438.0015755531242,10402587.155996198,440.3682593511758,7014591.950945446,0.0,52168966.28208505
14300689.300536636,0.0,18673171.06213634,437.29926802774105,10775333.967162354,0.0,15929577.529467165,0.0,9860750.090828484,439.1677898904407,69540398.4171889
18386544.470238857,437.41004893435303,8082706.616738437,439.0012590454368,17855095.772410344,439.533566497688,9762908.845371969,439.75466983766614,12008844.627490189,438.1727844237418,66098294.20457853
8424706.98883345,439.2964853067861,14667368.079875903,0.0,7841388.056035848,431.94992874733043,13255678.452521792,430.2228080286538,8321885.302771468,430.6912719416562,52512759.04053248
17237751.76878375,0.0,11667346.280284481,431.84143281205326,6453073.575280212,0.0,13025266.514022557,0.0,5090379.126076512,0.0,53474249.10588033
7853353.894449397,443.64735289016915,13475120.441149747,443.32311454017855,8593530.950916922,442.75111591311787,14398990.473956287,444.1288690416444,22898044.107859235,443.67834593524873,67221257.39712991
5524616.390621183,442.644815110817,11335730.268687218,0.0,14970809.086585313,437.5630111834418,18983392.64772431,436.88751491362575,6658544.241942476,432.3356182033706,57474842.06651991
10946268.36303269,432.94216415824195,5722575.448707041,432.3607796413104,18984303.799810633,434.39260063663664,6859000.125843862,0.0,14231119.799609954,0.0,56744567.23254861
18134077.033664137,0.0,24097833.29534684,438.20692780466,9704324.124375723,0.0,15027175.684885567,439.3343512556473,18916892.907865327,435.59100788893267,85881616.17842455
6662156.5124540115,438.0312129446909,8829703.084157769,0.0,12299713.83732164,438.484946031876,11734073.52243267,439.71154539176337,16293277.684181873,443.499584425506,55820684.36783675
16312942.492641488,441.96625957576845,13337166.763811313,442.0080806759086,21147562.66426744,442.23216692158104,8261109.922156165,0.0,9842431.673514912,0.0,68902539.7228985
1198937.7834863076,0.0,16785930.569838088,443.46666267239607,9989074.794530502,0.0,8559042.702622727,441.342213377545,22068144.86826531,440.8496303527251,58602456.37724934
2475565.988442769,439.67716714959977,11152713.015891032,439.18934566595044,16979271.266976416,440.45400368593585,8366327.808318703,435.73336380683264,8188790.823836385,436.32187415477864,47164860.27921977
4858604.331002356,437.2091455633802,10362670.604502395,0.0,12632670.673538584,437.7616699282453,3526171.2376660444,439.44961894295005,12791659.10253429,438.53967497458524,44173528.909353085
11158040.344624154,0.0,15866291.026824506,432.8054406325477,11142006.274663871,0.0,14516201.86403844,0.0,8542097.061196093,0.0,61225069.37678769
10935545.238665443,431.52357858768323,16777025.406579386,436.70025756055406,20738621.832293708,437.9447897000638,4220649.693139082,430.8913006768145,15157278.282431867,430.6002604648457,67831288.11329648
12752806.15129097,434.3313119711399,21188859.65664828,0.0,11650397.63611318,435.32794157299776,4849850.031353636,442.25538467621647,4833381.788989191,435.45166465263526,55277042.63069813
15679598.607100338,435.83231353094664,2508361.095092017,432.87532730125736,22750461.247671485,432.93127150796084,13462131.30094668,0.0,13049517.301156947,0.0,67451371.1908798
18775220.59868526,0.0,14599613.357300147,438.9036401299838,11827114.933330249,0.0,18671680.794916958,439.0035564839871,21817482.556741558,437.20363875636014,85692427.35180955
6556353.382337776,442.3569302770133,16868305.40607125,0.0,18971855.972928308,440.38001109444804,7764007.749895568,434.4941304639646,9485015.05608404,436.41938850827364,59647291.21777729
21763695.551521912,431.199265280386,5730565.296545672,431.43332449722584,6846479.8084175885,432.03038620088796,11396106.693664629,0.0,16875568.885832395,0.0,62613710.89895818
10802317.975030499,0.0,14738236.340891778,435.82202972290315,14921904.154455844,0.0,14671266.174964156,434.7711177346342,20338344.58057822,429.5362240240116,75473369.35529198
8763953.372213494,432.7609705892532,18354821.50446228,0.0,13442503.103605362,434.740417809608,8847314.625615014,433.49991053381916,13636927.031535761,437.4934091294314,63047258.132139966
15783666.132083096,435.39591465291113,9047345.535566973,431.2011123647775,22631822.905358016,432.9665582350201,12456038.642890606,437.64985462509577,11021653.424024161,0.0,70942263.85336272
12675024.201499378,0.0,7326425.577187194,443.7475826334891,15788025.338867305,0.0,18309173.718062375,0.0,15319631.915864527,442.2693747932285,69419166.7684382
1144693.3890192593,442.76659803554594,5759183.311323563,444.14248803422424,14817412.354297884,442.7414766479771,18065948.138888523,442.8321412758084,7505247.284815207,438.4413063868737,47294695.402354814
7109824.42329302,438.0997469018819,8619693.443806259,0.0,11751541.073230566,427.16212342612187,4659007.14634282,418.24763055476035,6414233.15871739,417.6557979169757,38556000.410688855
9922606.768209126,416.62115824836116,12082395.676002672,421.2190011837766,16013208.677563319,424.80462095995694,5463926.769728398,0.0,16026839.059740499,0.0,59510239.59602441
21312435.19096168,0.0,4789650.171660349,441.2606684183256,10094179.705829535,0.0,22814741.705218513,436.52858819542365,13988727.363622742,439.0704799324623,73001050.99702936
5493712.207914506,438.2221891367902,20235488.68907387,0.0,13570248.102318054,432.538106880594,4931275.6123877745,431.6964243403454,6772695.656040112,431.94983607169377,51005154.674290754
10396397.163230365,432.1450063900932,5279322.004831469,431.5945322287573,5696118.748777114,433.20794699250735,17418842.678983722,0.0,8196326.491179939,0.0,46988304.03448823
16221972.319163738,0.0,7728210.206417624,432.10243402723154,10677284.199880153,0.0,16499232.624664651,436.14899030655295,13418244.278207464,439.7323862170733,64546251.61214417
11276620.252754686,442.8540582774395,9171775.98224095,441.87177885537625,14794791.227861702,442.1269889792498,13365514.837694844,442.02166695904015,8515973.302855985,439.3574574841957,57126883.835358724
6013868.428939623,435.10562398613035,18942824.94109892,0.0,11548482.682998627,434.68006332147564,9943484.04520203,435.33782553584024,3558510.7379730055,0.0,50008475.95972505
9651388.117847472,0.0,2001180.5314838518,440.91257943809796,3675903.8250636314,0.0,10406572.342398921,0.0,12750115.748076009,435.88458919569024,38486037.362038516
14839038.828181949,436.66663268650285,12743198.149106698,439.0723950667256,13826865.713550944,438.845280932871,21635317.25110796,437.38781224398105,9109812.969664445,435.49254450013984,72156420.37627742
12792818.35417501,433.5269813905183,6246791.820992914,0.0,17889950.693789005,429.60790066848233,16330292.760885552,426.7159525964875,2707048.4303048616,432.91386302548113,55968624.82484503
8152475.216149574,0.0,3600230.15745505,433.89164701876285,25203273.966281075,0.0,24296810.057223063,0.0,13059317.354329491,0.0,74312540.64308527
3102197.0509958807,432.63774887890065,17500068.396959804,429.8988856775885,4046041.9241408715,424.3885848857938,2668400.646630591,427.17064305833304,19330442.773142107,434.7270876937956,46649299.61481945
11216066.223478124,432.6722438840196,5558457.679950235,0.0,15766845.863395594,439.63031384541205,13867987.563556384,439.1305273407168,9698886.519942839,438.67249481473925,56109993.95590307
3287623.6870380216,431.5723277990189,14912740.422260622,431.94279283966483,4626808.017997173,432.8030215248605,16065069.15126716,0.0,7793629.646963192,0.0,46687167.24366833
6755653.208070662,0.0,11807147.863276174,435.7974071639267,16790248.789250735,0.0,12543176.524717445,438.2557678095439,10903160.296101443,438.34765849193485,58800699.08224992
8301567.290649342,438.25366899173827,11751104.902404066,438.70413499755944,14706409.694100328,439.17066387158627,6530118.12451558,439.60564306596774,11007500.079552783,440.1563540191155,52298895.98168704
4312235.226976921,443.3126694268942,3176061.501582234,0.0,12811218.549112948,438.2367837799362,12599906.496449256,438.5148399044151,15283462.505243197,0.0,48184204.34365767
9222971.04346494,0.0,7568560.503420881,439.1597429433428,17100471.76421522,0.0,17501785.67565552,0.0,9168706.12259189,434.5087591697727,60563368.77785057
6322613.108737701,434.95070993678166,10547083.957625682,437.98947397733286,20057243.128900353,431.4728984869582,17668912.329396147,437.0059603386446,17489080.014912486,436.26571205065477,72087110.22432715
1452634.9885463624,429.40539793456196,14943497.4691666,0.0,18874147.32493257,427.0657121286976,11466276.313056601,425.8231588859332,20771144.093357693,426.8003529276587,67509409.2836817
11105172.609774353,435.04056168786406,9385496.261122856,435.5813951475762,2719877.3985062265,440.38492389434344,20554252.52884073,0.0,13238339.124723548,0.0,57004448.92984844
12329786.628916629,0.0,13260051.892198205,439.4190220387659,5537976.414654169,0.0,12405488.072999224,443.67071948464303,15811347.7432082,443.574531388943,59345977.41624934
3357049.096420339,442.7677665415586,16341778.262050075,0.0,19349528.599857267,438.07153004723716,15273658.893547291,438.04446053562305,19161104.659515493,438.05770892788604,73484876.45285653
7393695.997518106,433.8243297405155,13250350.408412395,438.7071941091563,15519235.730342489,439.0684690594664,22453416.426360704,0.0,11226772.78285109,0.0,69844782.9454777
12682730.272426318,0.0,17279772.309858575,442.32233151513725,9138949.520596327,0.0,9303531.026008619,439.9285980717808,6068100.905132923,435.36635034512227,54474401.65130269
11650721.723238973,426.4721662517603,475458.11971031624,0.0,6948611.562944004,430.4408068127663,13073336.9436512,430.24983891804214,8993441.471945284,430.82094681636914,41143287.80524858
13770611.669946905,439.74189489962407,12092334.777028311,438.7457234480031,8113841.773999003,439.4856884770198,21162040.17669357,439.6756308173436,12207919.508619482,0.0,67348505.55522491
8659186.531077016,0.0,6628302.859413737,440.8144948162421,11045625.478118617,0.0,8614087.312764069,0.0,14308184.37101986,431.6594007523561,49256259.026288874
9355427.998250697,429.9590215399598,3990876.823288894,429.5019523437405,21161707.29839409,424.43868809479187,8347992.082416712,424.0792807655421,13035832.732397402,421.1472770661731,55893966.0609676
14483656.003618823,426.52167833708603,14163121.73351511,0.0,6276046.421851084,434.3536137956478,16842722.689529944,433.46724331223413,5448757.3671196615,433.01609970486527,57216031.57426978
7542978.820045783,430.1591977062916,13540992.19482621,430.1773964265164,22367408.838147305,430.2537927002008,8035020.623127022,0.0,18981402.127908725,0.0,70469093.19444188
16400168.294809457,0.0,5013837.056735374,428.7804033411063,18996002.345924206,0.0,14614563.310585652,428.85027497749525,10830485.945180163,429.4112595828926,65856343.99517276
10533441.080435315,435.55519786911185,18630713.57967093,0.0,9508372.856997669,433.78086509861123,15448805.842410458,440.7632494475862,8939498.41119041,440.6524997980883,63062582.522516996
15870354.448566955,441.2379418015428,9509029.022526119,440.44263341592637,13431446.101608096,443.3124741958178,6450088.3218012415,0.0,21848063.786556724,0.0,67110306.67410855
8603242.218545409,0.0,8887350.02111872,436.51420174959884,7594511.292928089,0.0,12715601.555547308,434.3742309646559,8359100.09449088,437.44644976418385,46161113.51751289
14356543.463665416,438.1677301295525,157362.5184230958,440.39128179809904,6942372.768044937,439.9162936539586,12354122.863772426,439.0964314223275,11541017.81178107,439.3062627241246,45353616.30368667
9339635.904444952,439.93407760434764,14741219.848393446,0.0,10347549.849972596,442.23410973645406,18376320.94324127,442.7070124060334,6805162.816341412,0.0,59611214.23759343
15374957.101171698,0.0,5137438.482319183,435.2422052645028,17810071.948563445,0.0,6940039.5557259405,0.0,15989244.243592583,425.90053902197553,61252612.474117145
5600415.372363758,432.04253157646366,11345933.198391704,432.28706769219474,3440567.5546126533,432.1184788347864,13577557.071577901,438.3933796318374,15987252.565444682,435.14634483202826,49953895.75019326
10208537.776031978,423.6222302226848,10645873.67811952,0.0,11842080.73398702,419.03083663764784,18180410.647504043,420.34456185024055,15582163.368063623,426.666395399478,66460755.86773029
21738423.909308374,437.4842826335813,10294178.596916316,441.28629911401504,22313265.124348007,444.0746952766222,2680441.644638483,0.0,10974267.743903631,0.0,68001899.86439183
4130915.191128664,0.0,8006257.423825612,441.18659793859615,12172009.236398095,0.0,11083745.431891195,436.48666192296736,20280394.79691338,435.70573382696693,55674635.459150635
18637380.553053107,434.8310279317736,17114228.040123586,0.0,17422370.094544526,437.13272727628026,12838373.386633068,439.1772741709742,5212101.45793219,440.62279594593025,71226205.29611179
7362052.597725837,441.2342670791322,10953158.583647324,441.24026271039156,10164324.299792679,441.37046610939586,11369475.04123042,0.0,8496235.065762179,0.0,48346569.43315434
14012268.41162057,0.0,7368424.355236299,428.05444864811767,21494350.160723723,0.0,8963181.57911402,435.76297798269906,7333764.517054055,437.0793927027152,59173289.920568004
14026923.664033743,438.20015592902485,10847739.426101474,439.64740262321055,25250461.466698777,437.74539368073073,9911545.563276114,433.6681780221527,6850425.648712077,429.2169945774008,66889274.246947005
11306802.75068062,428.1031454088972,3388765.136297355,0.0,18351336.69627131,430.0031012520344,15869580.690573221,434.27491169507704,16633327.57867001,444.13572742271833,65551549.36937829
3638497.0107059525,0.0,8616626.94730025,444.75100105462536,24522889.066747744,0.0,9176674.356827427,0.0,6441523.365339436,0.0,52396655.49792186
13172230.33519426,431.8350414983061,11841103.781248521,422.7182674577642,15735936.766387241,416.6351255038074,16303488.24612531,413.5956000719845,18959777.477781687,413.86171814004314,76014635.25248969
1773809.4066526927,418.28169389813223,6778514.134370063,0.0,19683227.91461623,432.16179649091475,5198522.393044844,434.81496887693254,20620820.46631586,434.7292467415808,54056614.3027057
6007221.714397836,437.57556473046037,9387858.822320545,436.5470458797397,15525008.417273479,439.31297296825494,15402850.349204669,0.0,8421988.198598458,0.0,54746240.93737856
11013991.01172571,0.0,10153120.167461175,443.02391551045656,20522321.37043131,0.0,4122672.3391673127,438.129683619879,10017143.3197256,432.75427296459856,55830562.11638321
13821193.420043185,431.74400897600117,12659086.252353216,0.0,10536252.763536902,430.78840555521674,10214145.678789178,431.50526579078166,3748366.3987272806,437.4367549565272,50980775.987885036
10721921.354459533,438.20692780466,9226817.755845565,439.9313858870822,11158622.174596122,440.56716022053024,11944612.49305373,0.0,12761944.67349078,0.0,55815237.15691964
10346613.02869951,0.0,12694083.349759147,444.12455816766897,11704717.350778107,0.0,14358913.424631964,441.6323629672722,10985705.864947876,441.5182713542272,60091360.294009104
10622838.801185748,442.15126384093264,8388469.997606026,436.05405229791575,11118091.337868195,436.10288589195306,13525336.823111903,437.5688123542852,12485282.918155381,429.7236236732995,56142201.478565305
15161558.408724934,429.3296688392613,10661661.148464506,0.0,11013302.275955735,432.45903942332666,20928163.56690897,427.1382883882529,12143960.750792084,428.47715962911934,69910363.55500251
5007443.256959948,0.0,6559058.68829612,426.8729295262909,11473357.092194568,0.0,22038205.60029268,0.0,11338341.249681998,0.0,56416832.76035483
5836503.82600348,428.1514890388131,8256053.883568988,428.22534567769674,10058086.691594332,432.2230311170212,19257164.003817376,432.4229994593816,3284018.721631775,433.94467408119016,46693982.09415533
14744629.98064119,443.132056600717,21047469.508566562,0.0,20311513.73315504,444.0413942778498,15399359.12915078,443.7734052387882,16283297.956904627,443.5162913981981,87788044.77156572
3534619.5009236224,439.37999079453544,10588094.43439411,439.37001832103385,4365944.109216608,437.5663397052805,20004904.54673927,0.0,19318794.807312623,0.0,57813673.71493505
8877587.601832269,0.0,16105924.84681184,437.1072920839317,14554208.854228768,0.0,7725583.6819326095,439.0554467088058,7777641.597243241,442.62895224459965,55042265.37373976
10381557.681506583,437.8898281601878,16632311.791773854,0.0,11285151.40986178,437.3750794307706,8625653.949034361,436.4018875736182,16505945.27057717,432.14509914949707,63432363.91464806
7730094.599030201,437.91030615088096,14779373.559510956,426.3218934069229,18423686.116399895,424.2939578868526,16686972.505331904,0.0,17302716.455174778,0.0,74924131.76160517
10719115.849831969,0.0,15530154.199250598,440.22276309238276,16460506.779317193,0.0,21284546.04138762,437.4167964114399,12976122.435442945,436.18886714852704,76971759.13365698
1747045.6160043674,435.4846316725744,15848830.487411017,434.97373326042236,19269398.349098284,435.657837591851,9042992.661095716,438.9808703319744,6230855.354738462,440.9545876764982,52141308.52000837
3398156.797346482,440.51452652584317,10119753.082820231,0.0,5086711.395904265,441.6004927373662,14604144.171190808,441.94840796657707,1240864.988143044,442.2571333924396,34451396.75596546
9183926.424249394,0.0,7486250.469556117,440.6466165742664,4308888.40706343,0.0,1684155.224786803,0.0,16370421.69129523,0.0,39034082.863567546
7811838.753238472,428.71785786079096,8653348.560487216,426.84080092997874,13529493.002331233,424.5141336311217,13544284.827387298,426.6256188221094,2549527.0532017094,430.6256808516236,46090629.52073803
4216182.568616169,436.02354865893363,19435309.14317987,0.0,21944751.86992578,431.3364543427573,10970940.31950011,430.52944920038595,19466267.23884932,429.02811648929594,76035178.05763994
16340403.057127167,421.9882642810955,7723698.225789036,431.0471198807872,12742537.15387599,431.3520726375506,15706012.400398826,0.0,15501977.76196319,0.0,68015912.98661102
10014261.823042113,0.0,19587892.70381223,443.06661957092257,14968574.59642265,0.0,11939146.577967897,441.1137121137095,16366699.759011814,429.79728971000947,72877889.43787812
13656094.423813118,429.47868004267343,5757350.427576133,0.0,17135762.04859765,425.93838355202195,16883686.269923713,422.06576102577156,18642931.245090783,431.202128267938,72077533.09995428
15921760.986147318,432.51784947788906,8903512.63560846,433.4224505564319,21376087.83645796,437.5996277090697,16904151.456821576,442.3776338097988,11182838.942014007,0.0,74290097.77461088
12961046.518083232,0.0,12792935.60369428,439.9716689551059,15003751.694955012,0.0,11744127.453140624,0.0,12828338.229090188,436.67184183505486,65331076.14247412
201224.86706358966,439.58913342944936,11620836.089175692,440.0758238145534,17390265.807844434,439.50708357783554,18669129.19439321,439.7514039934114,8772516.83656576,443.13527531397807,56656174.85376282
1587505.1759060812,442.33963021951695,17050350.197404902,0.0,15338153.541597366,441.01911246604897,13529412.827887699,440.5760301399109,17493652.78126733,441.02133446425506,65000839.48017067
17421689.438094806,0.0,5337180.959348539,439.6677572830418,15034751.95372403,0.0,16778633.73562854,0.0,15150725.295573702,0.0,69723421.0501269
1945671.9231080802,440.2310415697707,15897655.292194638,439.11711820178135,16463526.891580647,440.762573976156,15180885.33131456,440.4167152490279,17156940.774330717,438.6539525388129,66646879.39393018
19061063.270991873,440.16568857701185,24590791.2686341,0.0,20340815.425368197,440.1869574504975,5011542.13716327,439.89668491060877,22485420.830159582,441.38440029526976,91491394.56604825
2665650.593045027,436.74658312090037,14572089.675669963,437.12162274243366,5787871.921774081,437.52735162708035,13055728.667837808,0.0,10775937.053971468,0.0,46858589.30785584
11808586.264420202,0.0,20503292.998380248,422.8012712183868,15580337.8557137,0.0,17475809.159026176,426.43016227411243,22007992.367556106,427.06824871053243,87377294.94477862
11590946.18613182,429.63347907216547,2780714.124573129,0.0,16579374.975794755,430.8229750463828,11253464.483918894,432.1645795065989,7823103.2449919,422.148331675437,50029317.784775786
9219540.694191052,421.14392936259406,10224816.789250648,420.30638856483387,14200897.6749537,423.0408776234841,15366028.138611352,425.3733082129307,11548229.396795422,0.0,60561202.55830594
10274807.178852426,0.0,15422600.275169816,443.9166578835844,10996020.598133465,0.0,11147735.673692992,0.0,16126936.14045302,437.7165562844795,63968981.49951588
11944442.51913897,438.09402697545494,9920739.312732402,437.7523418722541,10597053.423303133,432.22767081096714,4919020.507551644,431.9134176250603,18790949.1361229,431.53523299503127,56174376.42153933
2883068.5885922783,429.3465155657541,22231776.38781154,0.0,11510896.179074124,434.34949059670186,12655829.523567919,440.5753552421871,7386202.941677756,441.38469060016445,56669519.27677561
6418108.398720903,0.0,7882438.163792114,434.5730058529015,18810143.703554902,0.0,1717610.293732615,0.0,7193077.596749258,0.0,42021812.729555644
8716695.539864777,435.5984533429226,10777095.74663248,438.29030578956616,9064745.983703155,441.71414228820265,6819577.800979349,441.80205975894796,9936724.089024939,439.9405186329425,45317036.50568452
