4425460954.447058,2391823619.4175396,4888508850.421709,1943862048.6963022,5230225320.975357,2380202977.284728,5325044704.950746,2265243583.815796,5574043745.081176,2261228579.676899,36685644384.7673
9846451.900157679,444.5090446636153,8627122.475520793,436.08144310246234,11476081.576273708,435.1658145344773,12703609.94114978,429.1656654834372,12206546.85049712,0.0,54861557.66556686
3943515.0716175595,420.85939299730626,1215470.0641223607,0.0,3407253.549009268,427.58189246153546,1168411.7621686817,430.20203149056107,5654370.890973579,428.9413706286197,15390728.92257903
4552989.617866073,0.0,2220703.8638373613,438.56241108194286,721548.1473382271,438.23277731050734,10216553.675848061,441.71637129551925,11195740.775577605,443.720100510376,28909298.312127523
7118334.596869172,436.63282359804725,2311474.405887563,435.6976246686982,6016333.175029865,0.0,21924551.82510893,0.0,15546647.048272219,434.7600389742314,52918648.14165498
7789343.745998699,439.45949910417113,12547006.573560571,434.87808497471104,5266101.274504648,434.1998901811321,10447704.300169077,435.07487680449566,7455668.602663555,0.0,43507568.10924762
7906061.333543042,0.0,4550932.905527937,0.0,201505.94511762005,435.02843517409104,11781836.589580864,435.7170494359908,6187640.296570726,435.39064174332213,30629283.206466544
14669623.00477181,437.0975174056033,20809516.26965331,437.8411648994762,2034253.9809305656,0.0,9270322.869656138,0.0,8792960.079866037,438.7627435242008,55577989.90630369
15028444.936859155,442.36363684303507,1945285.8858421054,443.92311817335104,3019155.183044156,443.4671510899855,6357632.3316663075,443.6869504507026,13462957.24815356,0.0,39815249.026421845
6698680.778855116,0.0,19171153.2409516,0.0,2626071.401081544,444.02004508865775,16851507.32012207,444.0043772652149,4872661.666070513,443.7170688832105,50221406.14857209
10722023.255487492,444.17717614759295,13327912.500628695,444.21333986437065,2633078.537881542,0.0,7661091.316885448,0.0,13011180.47168251,437.2896747237815,47356611.76275642
11827383.5816086,437.29812820721673,17209312.1018374,436.9932497476171,2048283.8680666138,443.6012135396618,18393051.169203937,443.3730040664685,11946604.308091318,0.0,61426396.29440343
9798706.50438762,0.0,17053161.08702449,0.0,3895211.430040301,443.287095620008,5162385.6591523895,442.7227835118651,7607058.216504996,444.2888224149745,43517853.195811346
12815080.691352617,443.6455931626342,10130714.515779296,443.39927136195234,5240185.532926921,438.4656556645852,8378637.5011376375,0.0,9247358.525563957,438.04808231866326,45813740.325362936
4094170.6013259157,438.1409347817713,19040620.985217102,438.19815302000103,6806246.607157405,0.0,10575791.586245043,428.3328521519234,6468507.948743326,0.0,46986642.40062875
7715962.162724999,428.95151506629014,6967770.279916773,0.0,5341753.334246571,442.94204034002365,12533552.710823976,444.33079004291983,1973406.368778155,443.9032484883817,34534204.98408441
799216.8187661765,0.0,11796916.782528475,441.5266954589725,5742295.140097356,442.05408332222675,7336138.8606069125,435.21096837538806,12943064.906479076,434.8951820712922,38619386.19540723
4651857.4147823425,437.10805130054496,14178292.613589533,436.65773006578064,8764522.169685617,0.0,10354042.771400249,0.0,16302885.760075588,439.1492057204444,54252913.644520424
10162238.818629548,438.89550717999686,15579306.14845698,439.59700414799863,3471875.8537030867,438.8768503747509,11493458.315402431,439.0176288198266,8077295.500633081,0.0,48785931.02381565
2978587.8273806297,0.0,19408062.329998672,0.0,13080401.558738729,436.6467443533504,14061662.36244919,436.69334272689275,17547883.980461396,437.20278426425534,67077908.60189997
3164828.539575435,433.510551777643,8589747.868102374,435.64859897860066,2549280.763227794,0.0,9740963.880163938,0.0,1958893.2807664115,431.35724817999,26005014.848234892
15544133.607564986,434.9975109242768,19527391.27887089,436.9445010538022,5204578.723681232,434.64064953031334,8464955.775933288,433.6738763772658,6249766.027695755,0.0,54992565.67028404
11397428.4220618,0.0,4480807.61718357,0.0,11914159.396380104,436.2804602941871,9837745.358539352,7501720.727915326,8083013.208423101,434.3258774197849,53215745.336840965
4041815.845636113,437.2980332224413,7666735.466934754,440.25751553490454,3963385.665134199,0.0,14918779.750770558,11261320.369015709,15452018.979879413,439.78675453375985,57305373.41967404
7851664.826817075,434.6210391403023,10949570.630425515,4504099.219309825,3624666.4342582994,426.65075290838627,11556688.607015809,11219750.215349551,12576302.899088264,0.0,62283604.10405639
7990326.716865002,432.0691425343678,8383713.522178208,22787655.66488163,7293612.651987503,440.9757396812602,4321613.805479094,11263115.868931122,12123706.347253308,433.3373698195527,74165050.95982789
6758040.202011592,0.0,9536422.874409305,10344187.893209523,12172805.232664173,427.4668661390105,3486899.875380456,11636311.209224874,7420053.066075665,429.4679609728543,61355577.2878027
959752.2567433019,425.6069319315457,7321046.998773958,18149470.54735016,5155018.164660513,0.0,5846426.798496285,12297972.93941946,10657197.289189223,427.50607889407553,60387738.107643716
11270984.71782188,434.3407759110567,11700361.396454144,16697610.351594102,9326808.223960536,434.74107494913574,9630370.959247172,12348117.649932636,11965771.46516708,0.0,82940893.8460284
13811645.65105473,0.0,8326173.624467272,17282014.53287838,12470577.130998485,436.41002296865287,7186656.959106891,11052074.928857988,8947732.015168969,429.3552141214256,79077740.60776979
9200097.482369125,423.3487573421752,9623587.308618702,11922143.432424478,8446977.422934467,0.0,3024925.6702988115,11260241.479252223,12309696.297027538,430.308509471842,65788522.75019216
14798181.136095291,430.24423018894055,8238417.245561285,11719129.10732917,12886526.632430395,423.1011551048303,8939985.85052417,10921415.707377726,8902791.911685959,0.0,76407300.9363893
11474080.187471895,427.5472963488291,8107340.359630637,12106745.136986505,6619890.497190636,428.9204435299516,5211875.053586526,12040982.594793413,8293918.668719318,431.933525779035,63856120.89964459
10626111.976027953,0.0,830483.5966041386,11532296.857051635,8817767.656422725,8878731.798047684,6672852.177295565,10313917.105780983,2107617.836188404,430.7437039065626,59780209.747122996
4418314.404101025,430.22915170786746,912110.5931841081,11517211.025731042,7962161.098715912,11106938.685438758,6116383.642569868,10644463.356216928,8805156.695979219,417.2472407393399,61483586.978329316
7670751.440125043,633184.5265382126,995438.4579771897,11686206.581879793,7643967.885647199,9454656.338545753,8886494.79242771,9019879.218782436,7800512.173851045,9701815.767617496,73492907.18339187
1923441.0893510338,9908750.202003274,1780679.5758820323,10558832.658043994,2944062.449230986,8116742.800698481,1878299.751553107,7851467.406283871,2065646.5742583286,10789089.580784913,57817012.08809002
5234059.49290547,11604983.17684084,2503785.306412775,10094071.413680682,3589667.8598170853,7874097.844488322,6379902.467750109,8621714.948716978,7015484.316651721,10000571.318602746,72918338.14586672
9188427.620567167,11187524.394969318,1505651.7275517618,9032683.710069327,7193962.203578945,7303055.866698131,5950606.274256699,9142410.898221431,7251382.06119858,9595140.704301365,77350845.46141273
3626599.0260172295,9762318.011993246,1491972.266696317,10173399.89848479,4878846.772420548,8287937.662785488,2801785.430429825,7859051.8007039735,1683773.4142041407,9286561.233745292,59852245.51748085
4401467.883954608,9384524.761845166,2233446.0077843424,9328430.671115316,4142714.2515510274,8331033.821868978,7006110.779360071,8938811.797897385,8098061.3152386295,8544767.302483153,70409368.59309867
4457624.487911123,9647658.333819373,4657763.356856587,10197108.676952824,4971561.232629318,9715075.946434623,4807637.177801426,6962879.202317175,3198414.8974509286,9103593.563647935,67719316.87582132
7787187.33162173,8798649.422541175,2649748.9701383775,8964704.046540303,9903022.335239924,8725921.49946251,8234330.084101599,8831499.39101019,7652128.039472237,10297940.801202588,81845131.92133063
2855835.1673624124,10497148.192097329,2909894.28436437,10025538.99394173,5136903.657229148,9241023.17161534,4182037.702024184,9277832.436982773,7141701.935572743,8871305.370511891,70139220.91170192
4211347.140297646,10123066.658442158,6445624.351971218,9660427.13606172,6895654.304108411,9754533.280559631,2499853.807743377,8518635.209955286,7201679.432967194,9300802.255194176,74611623.57730082
6581023.702646333,8455359.634079507,6583782.638120638,10546574.94751662,8739915.934501782,11163299.16539274,3089556.2734407997,7706896.87454696,5233240.5618514,8801176.598517386,76900826.33061416
6190626.341927371,10586130.434298726,1860842.3275461588,10923263.744722366,7483932.842135338,9840301.445362937,5608520.342246682,7317438.721884656,2883898.898107093,7287672.06611463,69982627.16434596
3961095.3258303413,10187504.886895103,7409083.37556128,11153832.515681086,6124582.127218259,11081797.495645719,4103880.4952877923,6889778.25202301,3483353.919671837,6584099.513482205,70979007.90729663
6901616.891156091,10921064.803154223,2053068.7959932971,9032600.94453634,5555709.892509331,9990253.929944225,6793721.819734449,7224960.915005783,7725663.280564948,7148867.83615553,73347529.10875422
10052764.859983884,9045759.67219053,5355478.46818971,9469426.38899556,7659616.936922331,9027742.588156436,2379110.9233764154,9292571.097746432,3434710.0172132873,7392724.550942713,73109905.5037173
6635274.7952542,9310501.761651633,5651150.9105874095,10102631.645878363,4622328.569996144,8791670.838006264,5292408.5203120485,8188977.926867138,7886557.1013520565,9124290.80887363,75605792.87877889
8500652.715539398,10934269.444314279,8572873.878518915,7832539.286111774,3207634.4522464494,8168319.166276712,6424804.157115894,9570559.436484143,3613185.1859450783,10751957.348696481,77576795.07124913
5681979.515694416,11247697.444273787,3802968.5392018524,8475372.58734051,3177262.5008784467,8658794.382948494,864163.1211460542,9355154.070304368,2108598.6927780653,11621947.968141107,64993938.8227071
6481139.39766733,11163492.85680437,7413443.915195913,8906246.46465221,7509853.995513507,9744770.531871062,2109450.9280991517,8885534.87809585,8507114.102214323,8109483.434637794,78830530.50475152
7406602.886690315,11470697.25117153,10072059.39967221,8121291.239734713,1689468.3406988175,7609980.136303189,6671809.140057622,10176031.676934917,2215180.7482205294,7306839.4954959415,72739960.31497979
7539011.86971581,9604763.159665843,8766113.204119341,8096575.203329118,3015709.918706551,8471030.998054637,5651020.222414916,9934724.836564995,4820940.954960307,8064253.68601007,73964144.0535416
3389249.0662627597,9753088.607366756,734972.145088777,9203005.467647275,7627479.4165309295,8684300.663172163,3344477.742308675,7740471.035231544,5818751.768460242,7692476.252143189,63988272.164212316
7702281.7201604685,8411865.792712253,138840.9004806082,9344793.091039531,3674387.7604312683,9586778.152378105,5603685.350179926,8554142.417873483,5505428.253850344,10666569.44555032,69188772.88465631
8829045.418834064,9156620.437715251,844826.1359853086,9953260.468183838,3341174.481773525,8936674.78851052,1989269.4952759861,7991258.408372067,7508187.837265925,10141587.960153176,68691905.43206966
6382697.51956804,10189543.492450764,797879.3676819768,9309108.625864806,3922136.3565847226,8464881.528012704,4916087.593887971,8386623.885775504,1228069.9273637426,8188899.98567022,61785928.28286046
1290687.8363683284,9691160.225305337,1623470.9927727957,10139587.711752549,8347152.104558548,10093200.246458653,1823534.0421215612,101959.80683076105,3927335.4468493555,9459239.887794863,56497328.30081275
5559076.21180749,11925961.975985745,808325.0054785007,10172873.922151383,8624397.733244814,8309796.440552947,3515907.5058517004,0.0,7665181.036141265,8429905.978186836,65011425.809400685
6307875.814714704,11208229.879585661,4383433.487557312,5728461.065797117,9932297.78254379,9462275.528342528,3995036.424951266,423.0017686828418,8544958.026527504,8840357.013020989,68403348.02480955
8857633.931659114,12154464.516426379,4349003.218761357,0.0,8481134.245952295,8945322.99646822,3945304.0784849552,432.6484408124636,5585778.503856582,10465915.699678384,62784989.8397281
7770996.276437646,17551948.8650825,6786408.021731146,424.7874117490427,3752507.554396008,9951441.477932507,3869701.8173827054,0.0,5377068.875814149,7697795.73010286,62758293.40629127
4139624.288559647,18016838.67967025,1872193.7379893358,432.999336284423,8581324.970810479,10896841.948656697,1762783.1058808363,429.134288501722,7298599.964927618,8746304.9319571,61315373.76207675
6877633.919866242,13854584.44846216,971370.2111857687,422.252719583835,2244977.2841522666,12240973.840470647,1533894.5142112586,424.39484714001344,1848064.5976422476,13634905.86129244,53207251.324849755
7125794.065719749,12586359.474374572,2140900.7776658204,0.0,5392940.281205371,10234271.948275518,4522998.427158693,420.70320248050456,5159335.962497015,11058941.168932794,58221962.80903201
7480126.785476954,12939007.852679133,5298533.95231445,426.71947991610017,12096613.488851633,9876760.23093312,9190082.164091438,0.0,9635705.977963267,11711062.928397361,78228320.10018727
2934700.272335705,11954335.542804101,3071673.711603338,425.03896625936153,4981867.665881835,11658120.608524507,5142848.02672057,425.25650268184603,4124813.3775994126,10956787.492967963,54825996.99390637
4526135.965859604,10040571.607611328,4572279.059431866,0.0,8687571.716296917,8672845.216109462,4990371.134212726,428.74543040738854,6833987.586468814,16109584.566634817,64433775.598055944
8390502.12880047,9837170.080794146,4651978.573739965,432.5665447848131,6435924.022455615,8761493.64617735,7216157.3495707335,0.0,4989339.525200523,17022908.610024422,67305906.50330801
7505380.903768525,11217589.709688291,4056023.471905591,432.13211322040144,6223829.996930369,3013206.6963902633,10792950.495977784,435.69705892473434,2751820.766131904,11860876.68529209,57422546.555256955
5109425.06653474,11024632.778030893,5746214.028072804,427.83167716554004,9676322.162476145,431.4739156711716,19620870.832774658,430.495018849043,8030112.64669641,10716691.411819754,69925558.72701709
11594290.439972257,17974905.75927115,2338022.42593912,0.0,990128.3569757623,420.1948043816376,4089671.777062013,417.0962252494478,12450112.450074691,8540239.753911791,57978208.254236415
10986292.550944854,10965302.058742242,6087138.251478181,435.9486770174742,3843263.5542734247,0.0,9460668.237362886,0.0,11617787.318870144,440.4577617856114,52961328.378110535
3344280.1187619236,438.8713014771856,4407712.744193846,439.9660923387173,3390764.7515319143,440.4079480837894,17785439.81442969,440.6715972465275,17608915.270531397,0.0,46538872.61638792
4907720.333355952,0.0,3114506.89330104,0.0,6063693.240605338,437.94964831610696,6085134.480508232,435.81599174981363,5000975.732897753,437.85916237927296,25173342.30547076
12870508.771077517,434.44668772221183,1694304.1699576548,438.68625916723374,7723772.945973063,0.0,15741016.374589944,0.0,11021815.572224647,438.81075107808294,49052729.7775208
7340554.4775968585,440.0517763022435,3847860.4548361027,439.8647763791697,8257086.007394119,440.79866634963133,5524887.998647014,441.1327529029735,6779842.289945801,0.0,31751993.076391827
2552790.273723607,440.52715360988714,8684968.381304327,0.0,11062277.636972016,438.153330798633,16068632.822167948,438.01996741718534,11075467.980922526,433.88566241473217,49445887.68120467
13982035.778758269,0.0,10570971.788968688,438.92354320831004,11911737.247793196,438.13826496225175,11463875.010102428,0.0,7231923.1862597065,441.7340103206855,55161861.80770078
10235531.871734645,440.5146229130559,10648014.290490298,437.77861374064923,12175705.910021657,0.0,16002821.379414344,433.8930496842137,3060326.199572293,0.0,52123711.83751958
4101607.0254811733,435.1650620498431,5781227.819502312,438.28744331915453,15234827.235844525,444.0208285088561,18700496.68820687,443.83875768017407,11918350.228848012,440.36999317549476,55738710.67996762
16197076.1539498,0.0,9397079.427924054,0.0,1115160.078474823,439.8263385131901,19917316.64600542,439.9163897795552,15814984.134909915,443.08212376666455,62442939.26611607
11770157.385802638,443.0993844307123,6135972.836052407,443.5732608904003,3902281.530103951,0.0,15527364.957668824,0.0,14307679.097769171,443.16970871768956,51644785.64975104
9704073.302892823,442.9822918500264,2589055.045493647,442.4148661646555,19245829.8743445,443.49049870561055,24121958.735151872,443.6503835647591,17214370.43831314,0.0,72877059.93423626
4901227.889370721,0.0,8057499.786919637,0.0,5694678.398582567,442.2860863708201,4871331.130958467,442.5898351883891,4324360.809863536,442.5424563731215,27850425.43407286
12096694.759016035,442.34623907051446,15228160.596894853,442.4263384925341,3405499.8137123208,0.0,14215706.369708145,0.0,13466752.060229646,435.2329842705568,58414133.60512283
16153087.003096059,430.425254436878,6052258.918314875,430.04911909249194,11239759.104872668,433.05195915609687,14326724.476733945,435.1079748669184,19680236.290155403,0.0,67453794.4274805
7730271.647184891,0.0,5277709.417682283,0.0,15902879.38721774,441.93210993063485,20565886.331725534,440.98491583951846,12101649.64893277,441.9095080965435,61579721.259277076
9918799.7044009,437.66517232338856,14015023.58728818,437.857067358446,979.1457093965276,0.0,14714915.619126027,0.0,17223837.840237144,439.7100088192474,55874871.12901015
8072480.857558449,443.829658058214,11273354.911700714,444.3779640598023,12593335.364696497,444.63509622328735,16301280.721621612,440.1225797001965,13367071.083049592,0.0,61609295.90392491
758566.2066080907,430.768127368992,12418964.077092163,0.0,18705253.674623746,430.3442898098185,13002510.670139207,429.8272036783054,10149222.99006683,434.9623622531056,55036243.52051314
3527621.268304466,0.0,13023928.22865263,434.48691024789673,15460888.428762792,434.43806288226796,9097864.183115633,438.9483288917397,13026054.41775233,437.25899797297603,54138101.65888784
3556849.9371173377,440.809861976643,4368294.951491996,440.94338469692707,13605672.601364795,0.0,21900174.62976032,0.0,12492352.853974648,439.17947764832456,55924665.90643342
13981892.113661017,439.9856111145835,7652012.497066719,439.97339965790195,13724483.42199126,440.16366765976454,8084437.430809948,437.16224719920893,8748324.311064808,0.0,52192907.05951938
3561024.54562515,0.0,16093812.53702755,0.0,21776836.219038293,422.35148848221513,11877121.081815695,425.5176965984005,15194894.598101113,429.7735266724318,68504966.62431955
8177292.286429198,426.44479497874096,4769174.010314095,438.25691262772915,13198435.644016184,0.0,26125229.981845137,0.0,14047868.569952887,429.83977612853266,66319295.03404124
7439748.912752054,433.92222718184155,14714514.906414656,433.3924072704728,14823520.631287001,436.2728024278961,11128302.741727585,434.74576886068036,11992477.26911486,0.0,60100302.79450189
11273501.906438077,0.0,7071386.814215175,0.0,14912915.102062702,439.0896320269325,15425271.553782525,440.2926586249331,21441221.13363992,433.4232903354421,70125609.3157194
3172624.640200746,435.8724155833359,11196152.655645933,436.89272933350435,4515153.64481729,0.0,7243536.045502426,0.0,9714946.730478069,435.3472392510681,35843721.82902863
3428844.8251659516,434.68494362149016,7411014.957105456,425.2659345933174,12059697.869904494,426.4524730340977,12671635.318112802,422.7305162300358,5978234.203711476,0.0,41551136.30786766
10033544.670668475,426.22387580041385,4390479.458804385,0.0,10633230.597901706,439.25987178709556,10469794.312916033,444.089780313782,18864073.520709366,444.6923535166367,54392876.82688139
19409235.534914263,0.0,13778347.15076642,444.88918352735277,7073268.130249797,444.242255472858,5154741.3392630555,443.8172322953982,21944094.596488386,442.9985699615348,67361462.69892319
4629348.005678991,442.50024232095336,14628598.45655123,441.0883913771051,16892770.110160265,0.0,12616485.734161628,0.0,11328982.871992327,433.2499916072936,60097502.01716975
18347160.3652544,427.86941101661773,4851025.704974562,429.0549974575509,8371456.717588545,429.3616238090414,20312187.831727874,431.4792790854276,12874647.81175584,0.0,64758196.19661258
5288714.879085781,0.0,7346809.970502041,0.0,14012475.930442473,439.00709841553106,13116460.52002961,439.50439708310665,16823784.219226643,440.3727865878373,56589564.40356864
12453694.779314019,441.43569341966173,15638693.46751751,442.19224585540707,4321171.383782138,0.0,14855276.561863871,0.0,10119202.533532389,427.81913099800016,57389350.1730802
6379684.020764543,426.1960852719907,7814466.202001747,423.27150068717344,11071698.029451407,418.75733482537964,6315020.273529749,433.2074809116942,17993522.836629707,0.0,49576092.79477885
8329239.890959512,0.0,6762479.077660263,0.0,2685729.4731437564,434.59589539214346,15585278.312632872,435.1865088817768,10125694.051985191,434.2959898181504,43489724.88477569
12123835.483873332,434.68935475617536,6497487.526817354,439.3606215967962,14957818.491214849,0.0,22442480.162329298,0.0,13455897.059055636,435.5933640177304,69478828.36663085
5797082.300360203,437.3589269285622,9033496.509451559,437.9895692627192,21390264.077930577,438.0976495781827,4842088.857933714,438.56718787475063,5951416.86814808,0.0,47016100.627157785
4429698.522788302,443.98587107321225,9964925.789183859,0.0,15857244.40050837,438.86393505410086,12659912.325608276,438.91636640947775,15170780.227447867,439.61236245913705,58084322.64407166
5658616.641845491,0.0,5560831.057424796,431.7529901325412,18411727.66462273,425.70412586659944,16218936.40266097,490850.98602959944,15692660.276572576,417.7414192243983,62034898.2276914
5014237.720233807,414.98025548524015,6433885.372830867,425.14335236899007,14224602.006234858,0.0,12688313.231182082,9471688.655728227,1890075.3580095628,438.21446295454666,49724080.68229021
23191187.189281113,441.71520833237344,13603285.942776935,441.46434533432944,6828099.286361947,439.4152816437068,3604500.7154331524,12060315.715215974,5352764.5470979605,0.0,64641475.991002396
9347059.808936263,0.0,3757174.338617317,5454635.30399625,9923642.122654313,421.7324441184055,11020173.90402369,12203161.634228986,11269056.628867602,426.55854881617563,62975752.032317355
9717754.402992774,427.489285514083,7465831.847803505,11221701.154692477,4076955.970939935,0.0,12109419.930537935,11587508.201649092,8487042.913777117,433.6497761602961,64667075.56145452
11836056.93405573,437.18531538005016,10735713.001286564,12112480.808486499,10814440.762910709,433.41274667949153,17153356.449519247,13959645.924447114,6381979.164377579,0.0,82994543.64314552
6291807.6268508425,429.1163608577357,4235693.505207261,15159094.632165175,547039.848541552,434.0508606783752,9471935.53151723,13517076.183448736,10983304.973475145,433.3744952435198,60207248.84292271
9856111.946500376,0.0,8298996.515573403,17460540.28484642,5455625.731535614,429.0901123671179,7297345.293122672,16418320.094866855,11658107.313414207,429.78976599298426,76445906.0597379
8518702.214401724,429.88025156523645,10758128.70206219,13485149.571450405,10688776.664345134,0.0,10192272.445432695,18714627.998954035,10433780.552910013,434.8400440614268,82792302.86985183
10321997.141267586,433.48068294441134,7097797.1337220045,13386936.470502546,4281950.9193654945,434.3261585139335,2528128.1454426306,12312114.945687009,8855527.191719586,0.0,58785319.75454832
954380.3352783725,0.0,6398819.207040785,12995927.768596595,4418619.531991126,426.8533802831235,6375101.98331418,13168088.819996376,14018511.816971267,430.5713438189521,58330306.887912795
3384318.6399220354,429.30998548044914,11934539.524908397,15272917.680872303,6741562.071802856,0.0,9828932.561102647,12278270.801017446,12835104.716664687,422.32490934744004,72276497.6311852
8469539.843040718,423.99488156457664,6968100.414972228,16945556.847130984,10815709.671216333,427.31652649649277,4419643.324996664,15288514.614431882,5427373.9203250855,0.0,68335289.94752195
11851604.076678425,0.0,4903736.222039399,13050629.294270527,8440188.000952853,8241219.853692377,7741977.909159595,16645334.926044902,6906355.061681548,421.45002363408986,77781466.79454327
1631232.0139203325,919.0138281566847,10788143.647663966,12133694.074586274,11377853.108661754,12574535.383147612,10871001.001844106,19537787.69823199,9794462.13894708,421.9406833530234,88710050.02151462
6831248.608450167,416.0242018473746,5347398.969916066,9983119.35384077,8649908.953844026,12517870.068191208,9913196.044012027,17767982.481652275,7289670.811633882,4485689.2843067255,82786500.60004899
7463795.37428425,4026730.099921748,3824223.2418211303,9855643.003032017,9433983.328860251,11794089.130087346,6284596.960007363,11416651.968607549,4862091.720613233,8831857.952011298,77793662.77924618
8086604.832100675,7607093.540031997,7881243.18819533,10252685.269992786,7062303.64821662,11165097.838770332,9763639.967800017,10893286.610529855,8048355.361457271,10270193.42746508,91030503.68455997
10577698.555683473,9107589.25078972,7844975.740442488,10502156.560256481,10147232.709691642,9472136.445359241,3243697.4961787118,10462693.009452017,10227988.19549356,9449228.801254533,91035396.76460189
6492168.582941177,9603376.211780187,7162126.906845565,8532660.853225172,2011312.0298643303,8211036.293809041,5969392.38059084,9595144.04202413,10107979.818550117,8610735.145427126,76295932.26505768
7433291.033920351,7942039.094760428,4038357.0715717413,8223431.379199404,4143558.7940592547,7755327.974957859,3661535.0925951493,7927868.854350312,11060070.596225724,10149010.546989983,72334490.43863021
5469574.110300853,10119987.775790006,9055660.865443828,8014802.480472405,8560642.150575057,8335231.539611031,6062430.30920729,7595517.138680743,6543480.301919875,8818691.834626071,78576018.50662714
7288412.87146389,8553336.997557607,2816112.412191128,8191656.93698096,7773681.082903962,8196952.751165258,2318058.9177176044,7043218.451775394,10106521.746437337,9363044.789478917,71650996.95767204
8033332.90302344,9435563.60851171,4341023.57019085,8172580.716192902,8467261.44829047,8331169.826383945,4027885.892234193,7432081.858571728,2717514.8081408585,9112285.460698035,70070700.09223813
8994230.372671917,9874578.434878096,6025841.111133864,8221610.303725576,2371065.3385832813,9136684.819409138,7566946.8301524,7321821.712381366,3097785.3900447767,9257077.694959173,71867642.00793959
8919791.773965701,8717771.646686027,6466937.284011473,8230603.662181652,9905324.845844105,10221560.509583443,8794270.275214978,8901727.306172026,6904253.675372973,7525573.416641294,84587814.39567366
7133651.091733687,8928788.10127384,5044702.291724788,8849810.132026926,10635791.699270258,8750851.949851759,7662107.960613122,10273344.913221695,10461321.12652202,7243244.129975102,84983613.39621319
9520262.080301968,10293099.580216164,4548049.821479911,8929735.87050431,7705662.753627366,9180615.576379804,7561647.263263142,9422304.312696053,10102261.701554213,8695350.522706753,85958989.48272967
2998564.233126177,10410035.741309399,4436037.839033523,10270302.799138194,3322467.995783159,10040013.522873707,7316539.2811999535,8561608.881753895,7655312.879371776,7870334.534682482,72881217.70827226
8274706.154890378,10887098.356789475,5286728.398726706,9967292.49053888,9253890.09559584,9481857.74141805,3218390.8361562514,8677439.928875593,9943833.639307426,8860844.243714226,83852081.88601282
9593290.827176614,8434214.150540031,5852837.908489352,9677433.606423505,2428225.555275162,8988949.471451249,7861841.284479595,10059003.268563446,4376221.994619854,10838097.217544613,78110115.28456342
9631475.626389159,11457087.581935368,5421218.08570769,8401224.002594799,5420303.00868395,9553933.21430296,7438897.5315576345,7997260.785172149,5629291.84066871,10304636.156975484,81255327.83398789
10003766.347228868,7688208.477145409,5178495.510127685,8154193.152498239,5640962.347369155,11252297.93178581,4089993.668020811,9605345.884984318,7566903.948280604,8821310.402698407,78001477.67013931
8701667.924750585,9584207.992796134,4533364.56523887,8305389.168854925,6395076.135407733,9625171.377448184,6375224.664529492,8285737.578959474,3281078.208231784,8401565.203339523,73488482.81955671
7444266.9776590215,11453186.766739646,4541743.1246610405,8992673.952042665,1695736.4251108363,7879409.1780677615,1291985.8382875284,10232010.376017442,7455586.3791155005,8911095.94233431,69897694.96003574
9541323.952586219,10189566.443877185,5565470.151448554,8437410.538911927,8643731.167131035,8494508.606961945,8921423.076516485,9431261.466588505,9288901.815802481,8252158.3084173575,86765755.5282417
9787266.364398109,8481861.142542453,6117309.856340661,8114657.209027701,9840701.073784843,9283339.966376407,8089922.66537948,9465184.09507999,4899926.281989601,7732489.298930379,81812657.95384963
9204618.01768222,8863111.059597313,5843665.994213988,9690078.657456899,8603732.57265212,8930126.762092048,1268622.0520869705,8453948.738402674,6504486.483550709,7634423.700547604,74996814.03828254
9907653.769445218,10730225.42770632,5011612.48687622,7468948.498457904,8542414.038686039,7940255.461524263,941428.716041698,6498829.755712951,8453874.584162105,7844182.38125243,73339425.11986515
2931696.7345372485,11640685.593231563,4409571.97522298,9861456.195530236,9532196.521955125,8888251.1106062,961542.9365034777,406.321454087502,5088065.876170336,8958507.17033544,62272380.43554669
5930597.499593663,10659237.332879359,4414105.862607192,9360792.310878228,9838826.543226505,9904713.05450702,1834782.9136195204,407.3686389432234,5091190.082286424,10917619.809281096,67952272.77751794
7502713.069957544,11045287.2702392,6282662.468100958,5192447.452756596,4643548.094237153,14201207.704635464,1059276.5093975298,429.3022041852396,10255901.005527113,9434943.862185545,69618416.73924127
7905215.041108614,17903964.69174509,6196519.932621791,429.3082461076289,1965953.6705280517,13529105.609238554,1015636.0038220444,0.0,9805122.347826293,9456704.167057583,67778650.77219413
7476002.201987364,12871539.778463038,5460533.221532344,418.36957165487263,1871841.9215513428,11423836.39976868,957710.7732016391,401.51224679949456,5639218.1671304675,10149910.085639356,55851412.431092694
4658079.690672475,11672419.48692728,4470960.9534121,0.0,6526853.893698079,12812827.948542703,1006247.5648904137,431.4268528064435,10371171.939005071,8686891.606962094,60205884.51096302
1188300.8981013761,10886574.911686659,1500045.9155793844,428.8950413244268,7066948.32675107,12723623.694164027,988562.8794436471,0.0,3989740.7201693514,9070388.143338304,47414614.38427514
1609183.402752676,8867574.69465549,71222.04573260933,419.17260884556,6105413.871076469,16255476.872036278,1008974.9500683207,427.46822757245405,5902274.031523078,11167742.661233217,50988709.16991455
1619074.0530937775,11108133.530742051,2488924.791578651,422.68409891055126,5484218.011326597,12870312.53765559,1541434.127024772,419.6812469786629,9662371.920805613,10932216.306350231,55707527.64392317
2870928.7603751,11462718.400869614,2239840.508472709,0.0,2095071.8598602344,12898299.79797374,1379687.2802158415,406.47912814575915,4940763.436857242,10232572.843569703,48120289.36732233
1598618.2574541436,11443638.10896077,1461410.211890627,426.0352781719089,4022663.3984158942,12917599.361225601,1005013.9864977194,0.0,10157299.454128051,10657817.094660494,53264485.908511475
915066.4613006728,9916269.693810366,1488539.1641290365,427.6311175777143,2127012.074418723,12312809.917983785,991810.1203241674,415.16740914695293,11204913.984990502,10203512.211193703,49160776.42667768
733430.665616813,11406073.71276975,1443115.6889049571,0.0,1263857.9063132056,11357742.187701352,1012860.5183734891,433.863408616902,6720467.699132087,10852763.86392287,44790746.10614314
10932689.696211966,10597842.58499505,1474366.8066314242,421.6932234073548,2801994.787895723,3223940.246393333,971834.3399218773,419.1397091475516,12792815.636158872,14481038.304385114,57277363.23552592
10958592.919136735,14057005.60247536,1469082.4689809354,427.7318736706849,10864921.728079218,0.0,1025629.2745916543,0.0,12012551.071876414,9803735.852730222,60191946.64974421
3565570.978555826,9568057.118331553,1505498.0299455647,434.9841650379421,3093597.803186595,425.7440962507113,1001978.4837211597,422.4016435610826,8237008.473541638,8244420.011390616,35217414.028577805
1967349.1875207163,12242992.528313309,2091034.8385165532,0.0,5603920.591156527,437.61636873340814,2051484.4363254479,442.52640630295934,21942774.93562504,442.6281737282881,45900879.288406365
8712882.334528886,441.38401322267083,2415418.550068668,442.75199223076186,15482840.57303552,0.0,1068687.8507191348,0.0,13812758.305734662,440.7481965753156,41493912.49828889
7759305.436371087,956.5237000813316,1188216.7803409644,441.5929375519154,11887795.609618459,441.5418015552588,1044379.3528931307,436.3171461475879,19939113.14177491,0.0,41821086.29658389
5880559.670806622,0.0,2275063.629378728,0.0,16712356.114406466,430.6214439120673,1013727.8931478238,437.78013684421563,7415691.047163572,437.5866923402449,33298704.343176313
15346702.907291166,444.06901416465837,6331667.307820058,440.6097776626123,9724124.92548389,439.620617994813,1032406.2001886091,0.0,15398539.879859416,437.03337599616555,47835202.553428955
9683846.978948785,875.4749879002117,10192848.190234419,441.16465232468323,10467608.450701283,0.0,1052067.0013686419,443.6205674376154,8608795.991392044,0.0,40006926.87285283
6679905.764869832,439.44261676759635,8828347.09564042,0.0,8749749.258693252,437.9884258408191,1033190.3895415236,435.51006678453234,20650697.279161368,428.936983993368,45943631.665999785
7391010.040391302,0.0,1618322.5859559905,427.9947533455925,11129918.309490552,428.1920114135425,1010665.740128578,432.17534083783715,12936464.736879688,438.9487117041671,34088108.723663405
6983857.235503395,439.974265014406,10773338.67033776,442.7118799114077,14424648.72765467,0.0,1043375.132667037,0.0,15180567.990358198,437.0624080889935,48407107.50507408
11006524.01398705,437.39950047883815,10372644.159880958,437.4252548105534,11777053.534889158,437.3241555903737,1035774.8510416079,438.89407198481666,21631586.006540082,0.0,55825333.60932172
7485592.751978245,0.0,5282802.683717986,0.0,19559220.241661593,429.0087350239685,2021802.6311161446,432.4582033767238,9267785.599057311,434.1710498564384,43618499.54551953
8253674.208926633,433.80656894200087,19313658.919133775,434.18003863756644,3276644.057083844,0.0,1049350.8031301545,0.0,13563347.875685133,439.89947232145784,45457983.750039436
5061258.581932418,440.0697635937475,5134809.786484986,439.5022862888596,6895743.464504605,436.0792706026738,183101.51743517834,440.68992463731064,10012260.379088076,0.0,27288930.070690386
8154967.44612264,0.0,13657685.342762083,0.0,9247964.197906418,439.30271596360967,4127403.4583281316,432.104845309513,19357440.80401838,428.12708825270664,54546760.783787176
9957940.780730091,426.12635422233745,13720742.759196421,427.4044310444423,14134426.998250132,0.0,3797886.504664531,0.0,19474752.925360773,439.51955701931143,61087043.018544234
12863026.484364439,441.39610956227534,6864237.514457622,439.77196040958705,17776052.425865196,439.67409449582397,1294625.0159066257,439.63616996233776,19997756.007794954,0.0,58797457.926723264
7407624.964340668,441.8473407288179,7974131.955839942,0.0,16092539.668709336,442.9646504572846,3459877.520784707,443.12483905005524,19605390.14663435,442.26024225542704,54541334.45338149
7460808.144959013,0.0,7320033.102802821,434.1481114248248,11099029.282076282,434.04468452805975,5570335.801715066,433.2519495376566,20451171.028929915,430.50707805133715,51903109.31230664
1844801.7882178046,430.3223977910897,6952958.191792196,439.2987858364165,6002186.08204029,0.0,283520.18155682005,0.0,14332330.654915443,440.35024765062724,29417106.869953834
10128518.827025134,440.55992957224066,13140437.784586765,439.85718436823396,18858715.030659396,440.54855383271473,17637084.951415658,441.46473254783604,20930825.74361214,0.0,80697344.76769942
2736489.172761515,0.0,5464186.927413667,0.0,2659958.266995229,437.55426216753096,5544859.542039698,435.32182315424575,16559515.05018833,435.4752120146731,32966317.310695775
17512186.83745627,438.98259324858503,8529990.454608496,440.12421537398075,15244796.184744734,0.0,5174558.438065893,0.0,22578521.047089595,436.64986954286866,69041368.71864316
2957738.0650481437,427.79367726688486,5133740.288497331,423.19863114481865,20674643.464568757,424.2162665133818,14269065.66369539,425.0489269512774,7200530.746467941,0.0,50237418.485779434
5057745.214999519,0.0,11888121.536401587,0.0,5540070.795432212,438.26254140413573,12345803.35966711,441.19655636018183,20927096.57541907,441.5365724049555,55760158.47758966
12500259.783237688,441.50975074770423,7731860.1474827295,441.87750087079854,14276827.869444873,0.0,5492549.9836327825,0.0,9261647.59707318,444.9653876798661,49264473.733510554
9021271.107952919,445.10311298886063,12265675.452225221,438.6583490191627,22310017.327669222,435.3037512908197,13341851.549689744,434.7284018942413,7914054.338272437,0.0,64854623.569424726
11536986.993682882,434.2956150780982,7995535.031589154,0.0,16340010.036202831,442.74644227760206,11042410.695738161,440.12161754482617,7087788.073224106,437.34819092538737,54004485.34230296
9810849.969919724,0.0,9182429.147936301,438.9986744558106,10724620.670176527,438.9432566901117,12990544.029016022,439.0219368580997,8920549.67497838,439.22556413286117,51630749.68145909
3399967.163145062,438.0705768385926,216461.68974705704,438.12577445313326,12744316.258333424,0.0,6430518.977002654,0.0,12740755.998080498,442.68248180799924,35533338.965141796
4763324.691298472,441.6926286783661,13180540.866179425,440.9700409962548,17908945.409112476,439.1904953667487,17347120.572995197,430.91242053894393,10392701.186555052,0.0,63594385.4917262
9623921.295005344,0.0,2804208.877392751,0.0,19279405.755209677,429.57480911730516,20626019.951106686,436.9159587161359,20976821.533771902,433.08558860883664,73311676.9888428
1900435.3959664167,432.32206380857855,3738752.1062506144,432.6187836186134,6299680.596031661,0.0,9416430.852719367,0.0,8901886.123538168,433.78245397514604,30258483.797807626
