550605589.27339,599796298.5413493,677521607.664364,736625181.7769817,757904073.0195763,751991017.3665346,792959401.6993016,760756052.533575,797065536.851474,800003938.7163382,7225228697.442884
6007315.866049873,6115084.971235806,3837039.1873613405,4461985.111626255,7620114.370950078,4585278.902406008,7441284.942197131,4888269.888876843,2136740.119245342,6496334.811902977,53589448.17185165
6191860.223082977,6865274.655260184,2396766.796328807,2282548.78914433,3318146.8062376073,4080786.2746820766,4392905.870133263,4021298.1243272587,3207669.856503639,4678195.860772246,41435453.25647239
5131370.832643766,8122673.088518158,4478322.347659877,3999417.7845920385,1127187.6768946827,4450315.09175917,5760659.19214187,4161299.228774765,3087015.3894713796,9054527.671365825,49372788.303821534
2883966.2526923236,2319717.1607761253,5587183.934595078,4766869.54151838,2907634.069222874,1808598.782795446,5533887.007457467,4102561.0284637404,3167707.441804006,7996417.326397653,41074542.545723096
5994677.293397711,139509.98007730115,8081585.007553563,2034086.7141781535,527764.0823880489,2357455.9866833393,4573401.085107846,5698968.1457731305,3483247.645866122,7418909.819788486,40309605.760813706
2226880.8901830036,1338370.8220640982,4439680.2271784665,2529535.428707582,2645944.296855794,3838367.1643042224,4860216.16475252,2574123.324902739,2918056.3800037187,2675609.6716674343,30046784.37061958
3629058.3389967103,4552945.763049165,6801522.4972485695,6490841.130247198,12509433.676691607,7187894.201439513,9961835.302177658,6900696.433740336,8807154.664999267,7366262.136629715,74207644.14521974
7753527.951393759,9058871.082089536,8574139.733191494,1232823.6397078042,1652021.112030871,2329345.1271874113,1987186.5039610988,1917663.21870392,7479932.012766951,2283680.7226786977,44269191.103711545
1647905.636532245,5126197.172872646,3057926.9602371817,6336396.4595276,9288485.84558757,9298854.56087979,4296772.46298279,7276949.738362841,3389722.138089393,7268188.698185296,56987399.67325735
7795939.190553185,7692879.980209085,5745519.0859269425,6461806.190166745,2998975.088160369,2929309.4495672383,8289700.061143925,2984177.2854287713,8475681.599588713,2224464.714114403,55598452.64485938
1999738.6444072712,4540524.78336254,10202275.465413278,3374828.0676527866,7424022.804245043,6687020.255484402,4437825.1717051575,3068906.304069565,3020549.24061941,4394124.414885986,49149815.15184544
3003443.7257937104,5187492.237092057,3046880.906494064,4024076.8853776357,623524.3991254292,7797422.563560305,6618102.970986915,7025280.62817544,7852975.40843281,7698392.163854519,52877591.88889288
4854832.808615705,6747087.0154541675,3830078.077315497,6622335.20535276,4612840.5052425945,5056973.031637519,3748349.6599645736,5286090.916359994,9819360.232635997,7595351.401568368,58173298.85414717
8664505.974291304,4456640.900208786,2126537.175757494,4725914.880351683,3138219.1238665977,5135809.065646733,2097032.2975121445,4611592.418526325,6914858.610956006,6503380.971710781,48374491.418827854
3426271.641730435,2462769.999103243,6431042.548268461,2449502.067516621,4938497.531788126,5013725.300321784,6785377.52970571,6601706.681436126,5156592.960041855,6496955.32134699,49762441.581259355
6248573.788580754,2898368.69376903,8895914.30518397,3128670.4558181064,5887783.57977019,5971605.49947665,3686662.234284739,7352395.396857969,6359739.716882078,8199107.081151464,58628820.751774944
8867005.49838634,7257354.128964448,1772908.5306408163,6441618.877946568,4201029.250113607,9115272.286931723,8209744.791803098,7646424.3249620525,6825039.983890162,7427049.2354004225,67763446.90903923
2903763.536618733,6741753.996830841,3153592.2901239707,3754624.159467616,7198581.004347736,1192593.7765831843,1979867.9530786097,1825885.3950351707,2786628.0555984695,6649262.121453681,38186552.289138004
8343927.664396136,6241741.076370189,9282626.987009155,7238474.863699303,2500813.057776154,2983502.142526045,12439375.762757797,11239913.972446967,4790665.343024815,2563308.0266401744,67624348.89664672
11437543.841548007,7811445.585792309,10419127.875781832,7731094.530203072,3937951.6352630546,7230819.342132828,1781916.2511508733,1727397.5200114087,11108005.080910427,6489212.279484699,69674513.94227852
4150723.2523733787,3406118.534484576,1755720.8965868067,4146594.661053093,9672695.647259455,8034070.014914526,3060362.095516701,7602885.384633947,4933316.263070478,8173166.128585483,54935652.878478445
5240387.895583183,8567882.768265182,7157990.485772756,5573804.417253944,3062329.3332711575,7207482.199881412,7503001.294721966,5586678.808692065,10450227.057632392,4628595.187970107,64978379.449044175
6661486.385531926,11725826.087974362,509249.33525394707,3104933.9267614046,6834416.08084616,9833292.152297731,11189254.30142693,3356163.2558042263,4278383.355792658,9888697.933794424,67381702.81548376
10832814.173403192,5527167.151315593,2141922.920439328,4756976.738024655,8881859.270869661,4611459.540952911,5743847.49425974,7414582.121427424,4887192.692685221,13044592.288337875,67842414.3917156
8793142.439606166,8167426.994797306,4816033.863037295,6401548.918395026,5291372.64134691,7782511.48903535,7020725.874144272,7831030.730803817,5712237.688054973,5703023.935040809,67519054.57426193
10462509.24931957,6467057.612145851,6211189.752246542,6162950.434260674,4488070.037937641,9116773.85732954,7751561.4313695645,6494712.674628158,4579560.038232895,4300547.431432061,66034932.518902496
7455730.721680524,9641292.095516132,11988779.735157821,6603395.308860392,6726094.269455746,8480467.291624052,10006430.424025001,5057483.852954575,6182148.72047334,3858610.5796043803,76000432.99935196
3215619.9557409277,3371906.8968841378,13688268.679527394,3770259.0184010467,7771869.828721975,11969069.993354894,7732689.477474814,6801843.157242357,2284276.410855846,6678847.296569791,67284650.71477318
10416821.54384686,2283541.1783269057,9010519.684816565,6818967.012007948,7847694.283450275,3463775.3964707605,5781163.01242052,1471448.9819532637,5880085.761799294,1727680.2653138977,54701697.12040629
1746371.7989169487,7199276.782550447,6177823.944489475,2586196.098238361,8444879.144107928,7308148.772047345,7621918.709278609,7690948.585707206,8131503.757027608,8648268.305757606,65555335.89812154
1975529.2730876317,9105601.969022445,10019935.844199255,5719836.962540564,2124536.241320825,1497541.4871936461,9472169.532986244,8354367.618852652,2779801.9327583984,1795838.1815810846,52845159.04354275
8294674.565935696,2800705.760797088,3161604.558336522,6163568.480472541,6475892.090186218,7701209.983626653,2667396.2268589595,3935153.9627433824,5147837.366295911,2667214.0832203208,49015257.07847329
3465524.632445867,8266812.154755004,3830622.095536221,7369340.640407626,7920336.748046313,7236924.764870657,8562791.454152025,5829394.697247542,7881843.750550548,7606240.606015737,67969831.54402754
4869775.379822191,4922416.029428507,7208906.449405295,3586163.353847349,6571453.453993251,3407142.389012685,2622289.762957742,6375050.433093013,3814430.850080637,4067168.4277854417,47444796.52942611
9561625.63825937,6904820.288579231,8049342.076987934,5797731.404276289,4910400.632933682,4284538.210805771,5531654.736187535,8146835.422523608,6775185.12566814,4901739.142486035,64863872.6787076
6730720.713937116,8926780.103991192,5604484.497931281,4758696.442270208,6958382.283133208,5896922.899231917,6461557.396917806,5846707.00286682,5348368.932984436,2773413.067488982,59306033.34075296
6875588.81886123,6977690.264617781,3387275.697459698,5985593.6829678565,7538990.143010145,5738457.159926096,4729670.683291461,8325049.930439761,3217496.0178792393,4472453.796497871,57248266.19495114
3215743.1274799854,7317419.149268961,6527774.552748215,4904579.519858735,6353670.046922871,6390326.503565756,6797723.221133863,7956000.589697362,7026497.022226201,7300070.249762565,63789803.98266452
4126034.4989345483,5570453.278316573,8860828.597255716,7472552.358554224,9050967.546745075,4119811.167094312,8311148.964310119,7396903.856345921,1146116.0653292406,3748885.3430293784,59803701.67591511
10265699.59554944,10997262.425109023,5404283.040781613,3633940.485684212,3611399.87716395,8208492.735680578,911185.394287748,927499.7873224982,8853141.293631522,5213080.561823242,58025985.19703383
2895880.03025139,5131301.265916565,9978034.707290882,7713630.309300531,6446360.963213567,2859793.8777544494,2673997.573269224,4405245.184347969,1730348.938232819,9182413.765002808,53017006.6145802
8902883.325631846,7885565.790430633,1731294.7094222791,3648044.9018047675,12318251.764808333,6601452.309852213,8590467.2660372,5696741.626586958,4941147.86437619,2227084.2488112524,62542933.80776166
8566781.788660247,3971828.0431984235,3784284.4033519924,7096175.766309472,2652903.4210978593,2480020.5162080643,3015943.428753066,7253984.61583508,9022995.593024028,7638515.369592287,55483432.94603052
8053457.9120729845,8357814.923780093,7585900.865170209,9422659.560577163,7009616.768371269,6178832.213716932,7362546.439697943,3099242.7459140667,3394039.1486553247,9443545.675153438,69907656.25310943
10300483.218220806,4146217.689404236,4046188.552236549,4981593.696001641,8319944.908068198,4101177.94375754,6502565.487506568,5838799.255133942,6542222.512721952,8020088.818956483,62799282.082007915
10104678.45795887,7841895.419256817,7502664.847766893,6432362.209218617,9955614.20097366,1725402.465863676,5872134.577769663,4629324.625731379,6458572.175781503,9319648.407610036,69842297.38793111
5754300.977289365,6588537.068231191,9573145.748482132,7674282.695817553,6526259.4949541,5774416.648553596,4568691.475907731,6893832.584751745,6164357.12475662,5798018.22739489,65315842.04613893
7244425.317872949,7768205.517461955,10193585.827706145,6094707.3702329025,7923557.638595366,6637479.383481475,4260407.691137144,5967530.7735846,7927201.200479625,1741078.2979330444,65758179.018485196
5398234.747373882,1917094.5900867013,3028807.1235156134,7070532.747737217,7782260.125213432,4909883.099887452,6460895.541973824,7687573.215144371,8418206.982953176,5867163.393335798,58540651.56722147
5534589.704078072,7709924.712839706,5305601.850245862,4756335.1481181905,4575220.141625149,7692861.649491267,7221816.101885604,1614729.6766629023,1897316.1736402372,7460913.496452178,53769308.65503916
8412905.67255971,9703610.063762877,10331641.994150925,8405989.691485919,7201551.688454531,1364383.0209169216,10664089.110931598,7096619.204100075,3320439.0453365897,5745397.54618145,72246627.0378806
4773751.50034441,5462002.105035442,3064018.5182537204,3667274.7676182413,2032738.4781070836,3829320.258561884,2384800.2932374054,2541788.8370202975,6572531.069012342,7324044.049301341,41652269.876492165
8448862.206570681,8183830.548220108,9483210.992932104,6589344.809880139,6446095.495173426,5402655.045003197,8926326.39357191,4571266.350926187,7528331.1329991035,7490880.765460304,73070803.74073716
3894121.6519388272,3920654.710322679,8601613.117957152,8291460.263480658,7438835.25031367,8312774.738950214,336468.17578997853,8152880.92107373,3444909.3376232814,8038922.590912577,60432640.75836277
5974405.975396168,5311823.440736462,4424044.554976261,10069212.30975029,4264727.5351553485,4727658.123700078,4971823.642360631,4421423.883583071,6151328.651973499,8907096.331265034,59223544.44889684
4989752.671601742,3142874.15667641,6250185.373057689,8127600.133933279,7442284.560763687,3273609.475314925,4363295.564882315,8429325.633718306,5335597.497999211,5616376.050846748,56970901.118794315
4889171.882278524,4481770.964961774,7569356.141265583,7914348.620748269,4995128.957405176,5013523.531482093,6288223.383999015,1163425.2582065728,7765475.968444781,6926362.906034061,57006787.614825845
5188483.328570551,5190827.332448745,5996153.597804885,7013659.424696154,3361316.9344305447,6600257.726051713,6807913.794002791,1880367.9310415785,2559008.1658378094,8487683.905470477,53085672.140355244
5742939.790016788,5893784.935789522,8511869.27166399,9345577.162895374,8553696.87318041,4902302.057607776,2033131.2135755643,5028301.828395548,5121812.094660144,2781740.8392703477,57915156.06705546
6442513.913270657,7186853.1816162765,3931262.3717762525,2931820.551378313,1859160.971203424,7232995.138261775,9340950.802472023,9550339.683453238,6083908.234211774,8499482.810331887,63059287.65797562
9089103.104604064,3754826.591992753,8198942.340278861,4333016.374317659,6300397.081470557,8137264.100214453,9429720.46994091,4561866.123411061,9092271.604778161,6102450.074920452,68999857.86592892
8213013.862376362,5654829.628387725,7586395.779530523,6881095.803889113,7082033.976772248,6175366.652952731,7645893.0942163905,6956444.634601555,3003280.6877533346,2334813.140764695,61533167.261244684
10910895.537611442,7225785.433832905,2318744.3142285603,9474552.232104579,7759757.911085647,7688134.806870403,11535905.8045569,2387351.6184226093,5283760.333944065,4239169.327392841,68824057.32004996
3477190.90325835,2933845.8260879647,3390765.4130450017,9215281.324875118,4982477.169879235,6986747.481475767,3961132.6792129287,3089636.5476375464,8936430.258115895,7041700.759918221,54015208.36350603
7022615.454407398,4133539.735731964,6512482.344194681,3674511.9721550043,7641448.936468056,5960356.303660733,6876142.520763129,5710070.521604947,4644374.059136784,8011898.8099158965,60187440.6580386
4949699.2727055615,8774349.24054877,7163917.780499744,6267130.522360374,9559588.655818881,3837274.485109072,6993184.672915414,3849215.30497434,6073173.1647293,6271608.992189873,63739142.09185134
8868277.171353173,4121942.1686438383,5954307.410834929,6950438.319480862,7645234.310120224,3733309.3351062466,5124801.804293923,5466155.626341435,8224045.196144718,6935102.245422164,63023613.58774151
7326906.611498099,6389952.731632174,8121509.417795663,6719298.18290896,5772554.959153775,5173491.854780051,4396943.363864433,5026190.464900871,8350493.589212115,2767766.4924704214,60045107.668216564
8734436.013869945,3465978.4162607696,6543767.7163476925,6661645.157325439,5182544.51683838,6973710.9800093025,7335024.74030951,6411837.320416075,7997144.394754937,3929161.9101739535,63235251.16630601
9716181.763293818,8341575.847563407,1518127.2387206112,6967702.1251705205,5489050.326348099,8529320.712101018,7937861.141040669,2678912.9446332147,809300.5166536297,4751895.246938913,56739927.8624639
9992571.95863125,4245704.323248225,8617991.676672356,9235837.408671595,7696284.479296106,870328.1577800636,8468406.233081099,7258722.640451987,2578244.9668364218,5614130.732304399,64578222.57697351
6489125.61670388,1189407.5824969278,2084821.5726331382,2450488.066393147,2457336.976763391,6858624.909468376,1731300.0759774386,6381646.56320837,4567942.935276968,8271337.541503149,42482031.84042478
9942939.821813554,2829487.790343898,8630775.050462188,7777730.64215812,6553886.013170362,9532611.561355611,2537200.711435743,2494784.655852363,6524538.007304331,4788638.300658325,61612592.5545545
9952471.717205819,6204815.880201492,7558019.90978335,5682199.234960892,9814913.735080374,3591447.5468290034,6195314.905987993,5810384.700881788,3743542.534565596,7738802.40885219,66291912.574348494
8216007.483582047,703855.4210941214,4309330.147668468,2646642.4088176265,5422748.862864699,6041206.1467749,1265833.718305622,7347055.074795638,5408985.046191149,3789492.3806705214,45151156.6907648
8970539.00632571,4786838.694563272,5437311.193470288,4320980.641984794,6795115.171378334,7069502.124847619,5392984.952388271,5795824.256428046,6488299.988267751,7833533.696986237,62890929.72664032
6432107.225721794,8388606.177497726,4342296.154875559,7566279.361911437,5885699.086165279,4499301.293371709,8547370.306327539,5333996.326083419,6502024.056919731,7882573.295110711,65380253.2839849
6865824.11684083,8976894.511424933,6149941.094836512,5391129.412610514,5400150.128069432,6060668.3548900485,8095972.717298868,3605763.8987246584,6826457.179345982,6704759.799963828,64077561.214005604
5892837.247998082,7657573.1990088355,7704886.535554631,5984550.649857196,9335679.765988411,3169526.910548229,8196030.622288413,7481058.571677323,2585373.6049434734,7815933.765005576,65823450.87287017
8148544.756259583,5820083.613711638,6711051.933854404,10151513.800328292,2320347.12371609,6618678.526073351,8598042.34012818,4502983.561920876,6327500.872687505,7111343.287675547,66310089.81635546
1697445.733243566,8507659.948341459,7319054.627726831,4158694.5776449624,2461114.2190765887,990056.9896436194,5504516.360320293,7254419.40460142,7688155.23383019,6300795.651355134,51881912.74578406
6725464.466352121,3953710.86769928,2939010.1247127503,5737232.38745731,7908701.7310014395,8984660.097168129,5480968.356102457,1757517.031961368,1662066.58618202,7285772.6070853975,52435104.25572228
8380859.200071999,7816630.5627638865,8318634.316154743,7616859.586377242,7516192.237667265,1867120.9368385335,7373173.610715365,6285174.781806183,6467757.695491606,6545301.606315428,68187704.53420225
3300046.286217452,3150747.7452195953,8679988.480164835,3529080.02462468,3306473.608357571,5449563.950745685,3217488.118434704,8116025.1645888295,8734755.996846408,6598199.9975011805,54082369.372700945
5988849.223701566,6412384.933968533,4387507.670768178,5976537.112843987,5539456.126524329,1344777.890530155,6182758.278147258,9803614.50707401,6177322.184813821,3716074.5331806033,55529282.46155244
2363453.8310255124,3415468.9379717875,6214170.342967503,6025544.012217434,5978746.323837289,3704657.3723518364,7302263.751346177,5208016.523711024,7761783.973887977,7545043.962900624,55519149.03221717
4300833.1540788235,3634092.708975447,486281.7327256643,5683301.182715024,3789332.5485441885,8393458.464223236,5355347.058204156,4136276.6125878994,5479432.362138789,6720585.937031886,47978941.76122511
6711114.505767624,5999673.939922641,7552287.9740593415,4761794.58779877,4993174.810652978,3969688.9297322105,5581193.223191527,4442865.586587955,4491748.555113576,5348986.992634747,53852529.105461374
5576787.504930714,4629964.5441679275,8110393.448082812,6596412.436344813,6471370.69678348,6083212.643574514,6207618.663823513,8112759.506969022,7186436.158222583,6169723.875035194,65144679.47793458
5268307.953114645,3950320.243734922,3608974.911878253,3088309.644955462,2697862.210282036,3118566.332794616,6960956.795316815,8530972.56146624,7726369.853157083,1452923.9870416245,46403564.49374169
9512134.777670396,7098632.6867579175,4083012.1508239903,5084750.3550122455,5985917.040733904,6005293.834331229,6788891.577688078,1404588.4627403482,1694693.2254492792,4653798.104221882,52311712.21542927
12142882.372343812,3543391.28540588,9367267.403465157,6389797.096585831,8088319.486386608,11190384.74635884,7595902.300330651,1982568.5914652548,3775461.246970926,6778829.027120451,70854803.55643342
15034692.745532906,5773180.098928182,4310076.528168661,9380499.475341871,2332377.686145301,4427395.5723576145,3033214.1687506014,6793989.646876509,7673485.96801417,1466412.231320074,60225324.12143589
9939637.363559386,6062175.273015955,7395373.410073939,4947461.42198183,6513582.578554839,8254506.553618305,8202574.330759039,7820858.993800437,3515538.3132370184,3252386.841179325,65904095.07978008
3999410.995462448,1065818.0216054113,8742193.83801119,6209537.519769255,3630625.830940577,3929468.7010048875,3303589.559478146,6882597.7027368955,6023935.071792117,6394875.300360566,50182052.5411615
4247780.116233562,3278281.1739687263,4881523.948188161,12498356.123807807,4432186.818613609,7695327.296034038,5203596.38638837,8384811.010176283,4092940.9801989994,4559446.973383964,59274250.826993525
7412535.153147639,7302947.340573163,7558163.574771265,6034614.56700885,5894056.641686686,7733378.464995041,3477699.1158549637,7360388.666154491,6805012.71974336,4102463.796518671,63681260.04045412
5583449.257036468,7872704.590130596,4628043.951402055,4482062.882791189,5257212.719658036,6682239.910636205,6614325.692818333,6997686.743393366,7462657.958571963,4310117.903331257,59890501.60976948
6217536.438582089,4833483.674318798,2650000.8418817595,4683667.7082469165,6395633.462031038,7408475.380734918,7402164.797935248,5726786.04624607,7418053.218963486,7054805.006960295,59790606.57590062
7300023.913881527,4460734.373294038,8296393.205875614,8265009.063068134,7458947.284166486,6722399.379080196,8543307.45660621,4949343.541109274,4078922.8434172426,7234142.50872302,67309223.56922174
6740402.52868197,7056595.79746799,11165335.742858022,3050366.1135734515,4175165.650414185,6828102.126130275,6910241.596812932,6935194.315838755,6500204.8117047595,2042493.5239116484,61404102.20739399
7908733.622037625,1583246.6145380624,6414554.540459734,4769744.326854482,10485882.585941749,8576976.125974782,1365404.342046962,2112262.1699731327,9202360.269343175,3165473.8737534126,55584638.47092312
6223130.2316314755,4105427.0347316833,8761584.916581204,10853007.649561012,1078290.8071848508,2543559.22567747,2697440.5254836124,2827217.51549706,9606232.337571733,8018489.568825465,56714379.81274557
12413474.059316782,8675974.120387932,5468800.447288043,2704433.098831699,6584048.539413211,8103264.687023563,6623836.058997086,7815848.497201273,6011192.19860842,7718173.599448876,72119045.30651689
7597562.24505774,2497398.8676985614,8057470.005221106,7336522.416687585,10907375.970374353,8424279.110306593,8464473.574856449,10437055.19789787,3368864.38234651,6229164.679268751,73320166.44971551
11498227.355150202,3159629.160528105,3475087.291227717,11269959.995348042,8471678.039656285,4962966.4685361,4059312.3630273654,6417701.149043312,7823812.306464305,6984357.162973096,68122731.29195453
7292021.807884869,4028478.7895364626,9130126.58673767,6784941.537942666,9693002.310858766,5148673.342095876,6896281.889283843,6950649.877070907,6644919.180455199,5301262.09091545,67870357.41278172
10768203.373210143,4882083.148126221,9692838.712290065,5275185.29952293,5810873.625032421,4210106.920027758,6766474.718742203,6848449.019243715,6110251.836278722,7062404.734369275,67426871.38684346
5173931.272689087,5793953.268451841,7945675.289552959,5101779.156085249,6328733.209803235,6586110.958344369,6782289.282077419,6210503.239977996,4713528.716995066,5004877.382925791,59641381.77690301
6286423.428048037,7306602.409379514,2702662.7601397685,6316983.575072901,6640954.362487555,6884440.084239339,4801117.021819271,5401756.336159124,2464207.3076597354,3462760.6212939606,52267907.90629921
8508966.241079938,4820624.334204734,6031264.307839024,7807079.935451188,4535953.142885088,2121682.8138867207,6597184.690777445,7067106.54657149,4805200.232431873,8173373.55314901,60468435.798276514
8267484.506167556,4047906.015095196,7423701.385457269,1795801.3654794553,7043036.4141607955,7862874.395129874,8431030.356703283,1430353.1501198136,7385172.618633957,1550841.2097062098,55238201.4166534
11823877.981583863,8389550.503283123,4241885.746661279,10636327.59784994,1822970.4722685874,1939355.5404798198,4797898.576807346,1777101.969395306,9105554.935847402,4448029.876772159,58982553.20094883
3681990.8257025494,3539897.6774400286,5336442.219383901,8675217.459711947,5817450.239127961,4445405.209932632,9396801.845309544,7152678.444513855,8586884.287701232,8998721.270654567,65631489.47947822
8364166.931039824,7177038.829879567,8221949.496733348,2130849.0422923635,11389245.47223982,7300233.641683012,3348663.3152283835,1860791.2624415883,2282464.2251397893,4049861.6762679336,56125263.89294563
2416316.9022115045,10676995.199183647,9072248.464026771,7640563.931144134,12037716.114054158,1957520.885064369,8799788.674347581,4998864.308825495,6438232.942978485,9120939.410629498,73159186.83246565
5702826.75743439,4085945.4341889867,10393047.384424582,2375918.4210234173,6119086.323377084,3228007.6801231923,9902423.01536759,7173796.435899969,8783296.837750653,8410838.99648387,66175187.28607373
6598243.973268591,5719961.632728625,5648570.364764655,4001635.967892181,8436354.718221512,6279102.7546651,6087250.613883742,6562129.266084322,4301741.450339048,5113765.077121366,58748755.818969145
7032432.389893369,9573500.061475437,7899729.539428911,8101578.624898781,5179548.445317252,4210777.765628712,5185911.419005177,5032575.63315477,6656897.164257505,5997721.545523533,64870672.58858345
10210228.635084664,6030151.5709404675,3943015.77665133,5537733.665078478,10162319.43161896,4935277.656842359,5313645.373055759,2981555.979260822,4935906.317439732,5017638.544991398,59067472.95096397
6827894.322842825,8389396.08738915,5357896.815357673,8887936.000223223,9927656.52858089,6093016.879500478,6851514.322339645,4969377.023956444,8325158.438606841,7951806.13968149,73581652.55847865
8701683.056162404,7239518.496187438,8243511.156193651,8052970.366820031,7428207.7348524975,9918184.086583545,6892325.059325384,6205250.087378941,8572332.582061363,7130599.924231515,78384582.54979677
3127589.545277524,6959381.60458652,7422998.092871922,7564646.010646515,4815667.640064201,9217473.726762006,9058967.799879886,5979015.689342286,2611011.8409237936,11098961.482624836,67855713.4329795
10551354.269444777,1008060.5614896183,8679467.44708601,4423296.061990028,9518757.600693708,8855692.892335953,2348904.3164962037,7141676.522104492,7800845.966405583,3650623.8469325323,63978679.48497891
1538944.3807856184,2746427.9303503726,6340519.70326555,8076435.212885432,4338663.385145915,5030948.38440017,8750859.079246152,3096900.356205487,8949747.220128568,5130625.424485187,54000071.07689844
5137202.165145117,8896552.730591515,6937350.090575765,1971286.235901314,7923054.753290184,5945460.98022231,5607279.9452724345,9628459.192073861,5118699.89220471,6416578.42670693,63581924.41198414
7016586.550511416,3020284.6229315423,8424413.903799372,7079220.965428796,3839917.496682766,7524412.611267128,2722955.7409345084,3049231.0012333095,6213862.71249154,8871026.034809923,57761911.6400903
2053399.4542131096,6761191.519909423,5808631.964810913,5062685.572220725,7388987.345233961,8095548.70285788,6706813.567116814,4847762.601937657,4132122.043108259,7177269.234255028,58034412.005663775
4603078.547893745,3983402.1266015884,4453636.568487729,6813633.5683942605,2821178.4617301347,4937135.640876594,4238875.361627965,6646942.74469436,6432983.042821173,5739385.965159096,50670252.02828664
5788043.960885307,6483082.102346895,367265.64686868474,10423856.930967065,5123930.073828889,6950283.293450934,3969852.1177816074,3392373.9672604827,7634784.063181309,7165527.913395891,57299000.06996707
7997451.662861209,6486327.808958483,4803342.51159997,9384291.832129203,8770922.98344203,6218858.761278948,5443967.49612877,4621912.4599445,9263576.596831586,4439103.265614197,67429755.37878889
10974660.218566664,2528015.384590928,5721808.0115102455,8323680.512467986,3070103.0070538106,5397933.617376155,6278896.622853861,6132837.188916088,5966161.519169332,5887611.076510775,60281707.159015834
2801350.113071313,8418564.285927305,3121804.96097344,3114187.5908223633,7006040.9500349695,6030022.349122005,4600911.758804942,1751042.2401097415,3435202.699347312,6178836.287607473,46457963.23582086
3548214.6018319037,8140329.042548798,7051745.006953223,5172365.830824311,5468512.808318238,6550789.544068015,7496103.32755233,5444360.3492909195,7454390.325365244,5142348.853508692,61469159.69026168
8714002.53372889,9703100.432840172,2616488.4683957146,7807173.653655852,9012221.112397267,2735772.7740091616,9564691.061433788,9910006.032030566,3327701.4418647005,11520004.060080769,74911161.57043688
11676780.309997179,4038388.561518072,6184243.667149833,4782597.966593816,6818687.544563411,6233059.473048089,4282334.443129247,1618059.9411780261,5049432.584220733,4899228.758172188,55582813.24957059
8818684.309905892,6553237.376486699,7943082.885201804,9749546.433329722,9018842.162344202,7633722.0847975705,8816644.17438059,2971489.729126896,9299118.140782567,6380564.145345983,77184931.44170193
7476057.091165189,2384424.477234805,6591950.475263933,10513546.376492416,3275439.47090212,6262679.043749046,8432917.264347317,7046758.531200051,3721243.8285896024,8122661.65377881,63827678.212723285
2886732.715477338,3966452.799753431,8831459.915791314,4368133.228846872,7838829.845756355,12834211.344005933,7379775.588728477,4436535.600090302,4742414.02908158,4140580.8200375736,61425125.88756918
5718165.98314734,6646970.031230398,6411987.9238467,5900281.658682168,4608373.436237807,5093447.135905181,9459402.823387558,10289609.085944068,7857920.917778582,7105292.0331120975,69091451.0292719
6283992.207231326,3552696.300183631,11338620.389475401,3057209.1864221063,7406881.622195195,7424393.725486727,7744713.630642352,5023076.2374190865,7956271.84514235,5925344.339298216,65713199.48349639
5196525.475842972,5551570.861953689,5575776.604902384,5664352.63369914,8243696.978243772,5274499.389836449,4761732.7828906,2487587.3766368655,5617303.219911903,5431463.798585045,53804509.12250282
6641090.5797526445,9398888.632997418,3663039.432926671,7654929.4295959,5905860.450359168,4832891.337947335,3095817.8962997207,5968330.107709291,7685768.1383694215,1579419.856399712,56426035.86235728
1616248.4962892972,7577271.506729142,6336833.46967034,2594621.5064975503,3419068.8993021776,9089898.145262726,6793715.379777673,2897758.6955154445,8657577.63501707,5878737.336905324,54861731.07096674
4855466.153037267,9004867.92695555,1460207.8738105588,8828407.135158427,2565269.3925412567,9635207.671660755,6718571.779896313,8622660.384264292,1302884.4651531973,9064536.191877784,62058078.97435539
8444113.788080197,9744966.5888557,6869763.321145183,974447.3839340941,7834438.998206109,1170577.3477046918,1995539.359404809,1035148.1934428894,7521834.4205131335,10000706.750985455,55591536.15227227
5381891.945054987,1808806.2593166558,10955523.95340897,6459596.984904364,1506174.8817206023,8504082.540283976,4367528.180893325,9863913.044030184,1737912.5545734067,8241335.624627415,58826765.96881388
10389116.061492728,10218907.378878387,3898291.6599396504,9433324.66714165,6733491.079030585,7885961.625710003,7100814.087650871,7348225.312283075,7997767.518582423,2680316.4675531806,73686215.85826257
11417951.175891649,7592075.4041248625,9026865.49289006,2674364.056342807,8234438.49318895,2948464.30093856,6179781.609249867,7228042.64918731,8284782.652963652,5725290.426216157,69312056.26099388
5572846.675530105,5606338.250523446,4131156.3726219363,3796595.242276099,4490721.781778584,5603412.198674645,4858659.87218629,7091365.348960864,5431394.140073257,4899625.901135115,51482115.78376034
7615261.520621278,8234577.493881486,5389512.08132779,5286759.13153393,4021231.402741507,6440902.959386237,5924858.8616535,11174692.549010813,6496206.750748911,4460593.276611511,65044596.02751696
5145291.549742462,9670813.968330208,4591901.5229572905,5951777.485286586,5586886.268398027,7220091.785645092,5718995.616029175,8777122.773257406,3323402.9616354955,3930620.323759571,59916904.25504131
8177327.244417756,6753292.126196246,3979753.167533931,2774040.1320567285,6510592.147692943,6504228.760358741,5887537.303190071,8624260.55164215,6780761.870918731,2875153.6689214665,58866946.97292876
8124613.727508723,5138077.26766064,11148831.148346229,4615262.645713661,5719251.457748986,8823296.484510953,1347732.9683904024,5780929.762137456,1493236.791596604,6447923.416511781,58639155.67012544
4103949.6393382214,4563917.11990466,1071456.0088437393,8514957.237618214,7806174.351263651,5576658.433830394,4449081.780032828,6742670.838379033,7283659.188955358,10080657.344043719,60193181.94220982
6846579.641326458,9114387.892481523,10146490.919738822,5541643.804916594,3291607.7908980595,7327899.004279469,7237909.468040713,1088904.4003311852,7981540.35976763,6986772.894964581,65563736.17674504
8255228.060269999,2924653.3198785423,10739421.828332406,6600419.06359218,9089362.008317297,9561348.84882221,9222826.852653727,3418858.676362884,2974740.78147059,7393012.969266393,70179872.40896623
4816600.938917846,7922581.7959622145,6983550.366527858,9279495.442778192,3117515.242378831,9535867.832621101,5094349.251238081,3494609.219623243,6299222.093632569,2183576.9313828363,58727369.11506277
8720903.009395134,3184149.5247119726,10674318.187661542,10147146.25684026,6196397.737598507,8653593.581521077,7663881.676622181,8149108.247412636,4641204.785413659,5189102.540931597,73219805.54810856
4943273.5360522475,5026834.191461901,7724667.862181481,7306048.195019534,4882596.688138299,5797399.52031533,6223294.337049014,9173495.465604989,8088359.305540477,6675713.317731038,65841682.41909431
7682995.304230539,3940032.8606456565,4527591.810861151,4852006.082382601,5549240.793528011,8006817.116246658,4541006.586375733,7838247.372045418,4723142.755096796,4741672.032352786,56402752.713765346
7149455.944147265,5331936.014298919,2680758.343471018,4613490.030970365,4281161.3111937335,6068121.115018272,4396753.849115199,8906351.396881422,5406567.453558618,8087218.852249999,56921814.310904816
6716535.391948599,2651794.4682017653,7088140.219408103,4764568.832840843,6965418.716240288,4194802.3182552755,6791100.690509399,9279616.466581285,9644926.363259986,3781340.5245832102,61878243.99182876
5601867.464871199,6395899.810462937,1383048.4315038996,9044054.404553955,7011766.403042138,7034479.995129088,5072497.858253199,4953544.540010061,7884113.738371593,5436497.026310875,59817769.67250894
8570224.651549991,7741539.607240403,7607115.454109382,8575852.170739947,6177965.709164386,4239153.655441757,4330994.935974031,9539908.048507342,7901269.905702193,9285021.157945277,73969045.29637471
9813269.89289282,6124943.026867068,10649155.900012847,1918251.446025971,8525748.065136384,6966896.921019266,7955062.722496686,3110138.40651742,8348715.425198228,5312747.56346173,68724929.36962843
4170966.8617233024,8184993.361881379,6101685.058227796,6232891.790219531,4550080.166404669,6488942.939593286,2417091.2284704745,7169247.899575974,2778734.0352110895,9143529.46953829,57238162.81084579
6955696.880059115,6379552.440379663,10135267.95617301,7094512.19981637,6122876.049248494,870265.2121094271,6004047.569754633,2627184.7828264195,6410521.765442264,4477031.214163557,57076956.06997295
8836044.888233071,6899705.09370978,4403952.4665525695,7765586.953912468,3248883.0595745663,3815533.2728708405,5287284.153070239,4030427.5911190887,8690149.293202454,6382113.461047297,59359680.23329238
8638374.367920458,8294199.772428181,6826311.177544862,4924335.578914192,5772575.788580821,5930425.814746955,4539344.618707909,8077485.394002063,6249535.826534365,4906646.6075088605,64159234.94688867
4618313.618727944,6360741.105216924,8237441.280829099,3709535.9274969823,5899761.274986366,6594913.883298341,3465168.535570298,3618309.100014988,5863196.79638269,7333555.199412834,55700936.721936464
4262322.5574283395,6107799.338154913,5723084.574807593,4553614.844835051,5175817.682252435,5633915.851710107,3296021.3218253157,5576396.904143052,4209545.719882403,6973341.204436362,51511859.99947557
7794955.690294355,4489394.960448047,2986646.297888036,5878914.559058303,3447280.6910299,9842618.390834585,6886273.937944701,7675467.915987331,5801725.792314779,4180041.0214462974,58983319.25724634
8747400.919435905,7316110.198738457,5987567.061761558,3957879.150350892,7845257.776143176,7340300.641190884,954419.7976804224,4753457.417489258,9265689.999345187,5426115.673237838,61594198.635373585
4615913.1171018155,8072518.839033109,8376319.467241476,7472753.717253334,7614711.441434135,8119300.721787207,6689151.063352615,5405809.698248921,2738388.253886273,9430265.621727126,68535131.94106601
6260417.761245508,8614199.522804674,3804679.187173591,3467843.7483917223,6043839.523782687,1076628.5620487824,9665691.938847449,7687542.568107392,7831436.025529964,2490666.337117559,56942945.17504933
9232145.077121839,8451112.011085818,8450330.233041639,5138329.267542526,7672058.851049615,6739344.568751355,9746541.452778256,1984166.287001217,8984386.246264823,6250244.291942687,72648658.28657977
5192763.2491242355,5982857.276291584,2974243.1901943223,7656170.878592592,5326573.421872157,7421353.342334136,2991631.3178326753,5018395.912441374,8199568.411552581,8287443.768944978,59051000.76918064
5904927.203516219,7720621.292187938,6701594.854069552,11484062.435757935,8187015.711237027,3415913.482795825,3221596.050841956,8764122.934181146,10779668.934728788,5073918.939787537,71253441.83910392
8455402.090619896,7295762.770335888,4702986.7230360545,5610530.0205405,5454215.634146902,5988765.20039098,5830260.975839622,11954031.364983672,5845818.96405189,7415335.514352184,68553109.25829759
6545180.096668779,6460314.521731421,6465943.182626111,6880126.857207206,9853478.07959433,8844192.186415676,8878002.154857695,4702470.681795141,8766911.98186091,5853078.070436238,73249697.81319351
2869048.628055539,5352687.2081904365,9119562.761313725,5165872.720824802,6191767.335233941,3828096.518881174,5691801.244824005,7013127.03386104,8880629.280068642,4777221.134979882,58889813.86623319
5583149.575384618,8106570.5784440385,9070197.935341047,5601772.402409999,4221650.331842649,1449739.1959751104,7837511.885017666,8796825.14884845,9061362.71177508,2783197.8357496196,62511977.60078828
5291340.315563105,8045777.484532645,8928318.759259362,8542982.386812814,7637726.126516609,7347001.86041284,1411653.3231647334,4785441.18626956,1172596.179132878,7004644.132681479,60167481.75434603
8893122.760896023,9587463.056401499,4332339.682782962,1791914.439601089,7985319.737497888,1039927.5475301517,2013815.7264276573,9143052.817653041,6059772.256805558,1543277.854358862,52390005.87995473
3514173.225390153,2987918.474121204,7386379.970028065,8147593.207668008,8908686.711695332,7393206.121010358,4755910.564311544,2195943.7832832215,6987945.702819229,4849689.535986159,57127447.29631327
6544182.732576877,6371420.84913322,9074950.032419512,10957016.652090205,6292491.764567682,8437519.687848922,9219428.9760759,9819272.755169999,8904365.532936882,7025901.30175898,82646550.28457819
8862356.378872726,9249634.33752051,9944362.498836664,5119129.178033092,8505166.082032612,7515930.592537374,4721037.803082565,2525037.6943900967,3124606.4760391605,6494200.028572239,66061461.06991704
2807212.0865920167,3225252.5858430793,5407862.282209136,9235617.104029382,4514678.196505789,9590700.66668945,8343528.1775546,7800112.358722783,7646445.902625527,7105770.739666302,65677180.10043806
4970969.63230186,7159376.603971342,8199738.114188373,5335132.400973882,8388664.118731022,4721399.135550308,8111668.562093717,5135060.015820752,4366487.567775674,6379121.125566702,62767617.276973635
7177098.30004567,4803724.51863436,6270174.8681586925,7416620.582373995,4498385.698728642,4969401.850456506,6261158.102109669,3647813.674008647,7511457.001588869,4213234.579910059,56769069.17601511
7187977.765010972,4919783.494735531,6084765.290816413,3958002.914542327,3873740.1586330314,4192225.8281648536,7864616.738720317,5165118.9717520485,8961372.822525864,7293429.808008957,59501033.792910315
6595322.248733707,6203791.478736821,8812209.96956453,3608971.8739239275,2605521.019230096,8675467.628304737,4814067.850319608,5323261.599266073,7484958.246404204,6914344.394502827,61037916.30898653
8432031.990586424,2105938.928343836,8101421.951503678,4367813.713972798,8044035.835347623,6334879.195414224,8837169.627753533,4120650.904825581,10850273.709976632,6389265.979835945,67583481.83756027
5121462.824615959,7222419.15253987,7163445.109549169,7944398.9445930235,10264164.558726784,7015682.826609886,3235815.034606743,10348019.167318314,9505032.982846841,1217247.9294364385,69037688.53084303
11528066.780979287,8754078.529784035,6963369.544357355,4412322.302409036,9119349.315140702,1166441.5037926757,8412577.151442815,928808.7753312311,6657237.256215022,3595772.8138632732,61538023.973315425
5397501.252738301,5867339.423875129,7577371.947357208,9031131.112792576,11661103.736319393,3732069.3647038345,11679360.554517396,1614060.1582013902,9399802.210371003,5353927.160022551,71313666.92089878
8638020.799892774,8314431.610990371,8302504.090911168,9274097.573891727,2476308.5753543526,7939459.822551596,7810522.461876705,7435898.357183742,3223430.6279041963,7830943.069855653,71245616.99041228
10540219.389709173,8235260.25163208,5777452.997499894,3356363.4275040007,10135089.01637586,4078640.754594057,7379924.167196155,7936116.177717827,8148235.694263934,3321529.2289079716,68908831.10540095
9586294.964932246,5476419.681640411,8082087.483070763,8458021.711948125,9488646.091786303,7708829.141532688,4058414.681854096,3802748.249417315,10072503.588485591,6959676.111140576,73693641.70580812
