4935441048.896281,4802834006.154573,5085383787.600764,4923263492.881041,5025535896.35656,4934060660.385843,5037848138.770798,5006186740.632028,5136324158.163193,5096456810.1873255,49983334740.028404
2365475.939035621,6936428.069431205,1300404.4307393108,1161659.137793653,5434173.441705448,7809694.336054335,4364251.007987451,7022816.032386216,9541755.675656954,3105506.5702578346,49042164.64104803
4104195.743480717,6392585.249114603,2333140.5275080325,6303388.180001633,8433413.393118309,4568021.281388789,2900254.8580719945,6238427.662096227,6457069.724281865,2011073.9427014757,49741570.56176364
4329461.326626068,798200.561326697,2452608.073742833,8554627.090292715,3282600.5403440385,4594509.718459574,3785091.2566601974,6169827.39476551,9351286.807485914,5187836.975402481,48506049.74510603
1025344.0101355355,1097184.6332587288,2471340.0665968726,1700667.4668622983,1117303.638623867,2743200.407652438,1154447.0098704565,2604699.349446173,1193567.8410535813,7034190.045006483,22141944.468506433
6475168.100271094,4132531.642077668,1494257.1362884194,9938187.090256331,7783439.854886753,8979805.487596633,1564462.1346328312,4897450.792923428,3633205.0593639906,5208989.480264974,54107496.77856213
7861358.677112371,3693774.0747235757,8847776.788318282,2788326.4718410284,994777.5625192448,1736534.525192614,1848989.259886752,5825220.874345669,7960168.640570363,3479645.785573202,45036572.6600831
4412349.943435046,2802266.649476823,8696356.9335235,3233731.64160884,2305296.4897914315,3213102.1155999405,8016287.628691573,9088341.30688169,2602456.8444675654,7250764.2130367225,51620953.76651313
10741859.277047124,2022499.193133491,6494445.687493323,6662548.624288333,5943923.323681117,5657679.313115479,3545452.219557507,5485253.445547409,3642315.216943019,3170982.764017678,53366959.064824484
6185812.254842961,170187.75659349994,3193746.02103411,3193715.577830072,3490567.151023282,4598882.604797956,5807564.020377153,8337068.326355751,8673827.84949172,1907291.79525378,45558663.35760029
6906313.226798587,1245701.4895345238,5995313.270728773,4729517.383851467,2664147.490876989,6903998.5063545555,6464665.2436494855,4550223.83772248,5585089.821634907,4516102.209178833,49561072.4803306
9042020.497085245,2224732.720979848,4599897.636051761,4848111.177048184,886090.5301834302,6998414.362920393,6237873.234941043,6542691.477691755,4643551.335841331,6718552.563366552,52741935.536109544
6630090.397474042,7475137.534046942,7449948.373708591,6482566.512717981,5537269.021461582,2258001.6572519243,8330402.946881885,5717164.504928494,6318498.582824147,6515393.798208735,62714473.32950432
7031144.403534495,3614103.5863435823,1505607.8304081073,6080484.374369861,2235820.8336521355,5785436.699150294,1638679.6200265207,5370898.7277900735,5507830.477248261,6387580.793591704,45157587.34611504
7355305.6144793015,1884702.7682778353,2858442.7949922243,7061391.784891661,5758757.223137651,9422137.49092717,5309557.271418443,5897389.51962676,10159555.667321587,6092774.013541301,61800014.14861394
3761885.398839093,5827653.5673598545,4709249.12271584,6601510.49972516,4816299.236686951,2974861.759447523,7654174.783490409,7135186.510943722,1372435.0648542494,9004338.118554745,53857594.06261754
9959750.67583803,5815618.89430315,9220615.166822828,8614114.250319323,5717658.0968877245,8090000.156437817,10942366.820416998,9417385.039780019,7554904.569835046,5341675.946982738,80674089.61762369
2882197.015984529,3230488.971781196,7277098.933501687,8372906.180903267,9980168.162834117,8836307.664899277,3506031.7656783294,5088865.847798185,8642471.912663778,2413204.1699760975,60229740.62602047
8327463.476177698,5612984.37579184,2418032.9890321186,2434052.637494079,5452126.9833395835,5735400.447033878,11156640.184789825,6758204.452570005,2613256.1008234136,3774902.123814349,54283063.77086679
6613126.403125385,8492941.191826487,9107008.66406044,3137253.377077394,7143778.072514768,7176448.181217621,3832837.1700730026,5582167.360175663,10434033.650144784,7210616.824551584,68730210.89476712
1372976.9567656224,558399.0993106826,8723171.04895872,5665673.780931414,2304288.3017356135,7362412.421456485,5460496.977993178,6416887.569040933,5790635.496862361,6257329.049192797,49912270.70224781
3884514.1173222065,4943395.556328891,5530356.006444675,4859720.692361958,5247933.082368213,9039437.703542251,6919923.788963068,4557360.462707308,5738316.134543497,7840172.144277272,58561129.68885934
5881603.269923663,6037642.518572017,4284875.651821648,7687822.405969228,4734850.142471477,2190537.871369867,6601725.409029636,4825473.420788607,2502826.0531807453,8509268.445638552,53256625.188765444
2991110.560427832,8604182.438112589,7111532.377695775,3087269.063409397,5668225.780131468,4972890.18559709,8036220.26684622,4162513.7198951077,4276960.73597685,8250187.870356313,57161092.99844864
8752669.177608345,9459356.604944961,9490107.972813483,5044001.608431748,6273660.020813453,6704155.753645517,5005484.4362841165,8161672.589523013,7526314.145804604,3014211.612678156,69431633.9225474
1590925.2773369865,4418673.444969613,9892405.79096375,4473319.306131752,9574258.16949317,9286868.326328961,7574213.9237140715,3767746.0111871376,4286306.9739584,5217486.814116453,60082204.038200304
5711176.395323502,4620826.166046399,6683060.557223871,11191652.855572049,2407472.3997115237,2779281.0716539514,4637218.43442935,7723812.05853008,5950823.409641944,8647818.075425029,60353141.42355769
7014119.061602597,8764179.263221003,6210239.517144991,10751404.794804545,11314118.847708778,2953031.9488774836,8149748.840087814,11108375.142344687,10527718.414739823,3214416.165329532,80007351.99586125
7623727.274230993,3288157.357030159,7837872.980727472,5113624.25142287,2435258.0383076216,5474657.935519308,1929699.380207709,6349054.049203171,4086438.624197083,6847353.154355676,50985843.04520206
4239048.519461766,5029480.684344603,3655767.6742472644,10892855.941261457,4973346.742373549,9226261.058917547,3375747.992170748,9408051.941344354,5423086.350129017,6752848.098324316,62976495.002574615
8472947.684048519,2505110.8513726303,6960246.808399555,5173998.402053897,5118326.396158029,4769374.201991919,4013328.7029434885,4853142.587830076,5866750.229569189,6671025.804454929,54404251.66882223
6393959.038386763,4621277.472456612,11312890.365025818,8424521.688122373,2959587.3278592243,5472321.773647173,5989891.997402241,6873588.764946525,6345892.103591692,7025027.062165471,65418957.593603894
6847851.157798174,7016551.717285617,7763866.759446131,11012773.597224457,6899980.572453424,5453743.27527251,4952592.595697711,4754116.78177147,8571094.337708727,7393405.854581433,70665976.64923964
5036314.043334658,10545750.230358588,3842698.854337961,6800942.731531545,3971809.3804530953,6941959.736138538,3420982.137846016,5391331.509861937,9242202.696879538,5758698.912715356,60952690.23345723
4677494.763697297,8329784.870440156,5097212.420925963,8020036.801707505,5930938.7291236855,1436047.8261796003,7624324.936667204,8180770.297705345,9817786.610252995,8531826.28048457,67646223.53718433
9935223.613089882,8217131.334910205,9237019.096567579,10306280.11781646,9721644.403563961,9113659.557680566,5070214.485634898,802443.7938902862,830232.2946988922,6901936.125513603,70135784.82336633
1580637.0526796568,9219131.12059924,6624769.652670995,4766644.933409162,6987840.706977524,5382865.238392127,5919570.83958164,7846842.188836845,7682286.027645102,8924420.45852041,64935008.219312705
4060779.2639272823,2006253.3214199103,5204472.0674619395,6641832.780337493,6259795.772743831,3194544.4667718154,2196295.787349828,10121306.026158007,12499243.960638722,6361221.663867423,58545745.11067625
8294771.617472661,4946862.896365879,10188984.824299114,4745505.1121927295,3051743.909667256,7320203.577653304,6393468.0106540285,4470422.183950022,5413313.555971291,9050002.893176375,63875278.581402674
8351176.915028293,7719387.602249693,4029744.87802785,3593471.311582706,6033742.05556973,9479647.43686377,4034021.03294971,6968234.68922137,8850096.74355282,4575539.631311773,63635062.29635771
4342849.62283464,4784981.737310047,12671386.546092566,4247434.477090442,6876751.725871774,5714494.024710805,4318451.32838336,7956390.866511762,5576376.42528003,12529930.934638226,69019047.68872365
7438075.762983778,3832920.045939994,5025507.322180833,8050078.275971717,7801794.280977157,7728068.42006255,6531405.212936452,7688868.824395388,4983878.125580736,10974701.799653854,70055298.07068247
8084337.717725748,1526112.0670802826,5758668.28391966,3193030.6786513925,2738473.8510588463,2467255.583366802,6163676.152297631,7902631.505351501,4578807.2878728,12798199.69572052,55211192.82304518
10196376.419642359,2703662.9165052157,4061841.7640245846,2242900.2604917404,7803211.246768037,5687780.045710785,6808009.935059791,7617268.315115579,5967857.912917545,4289988.682243084,57378897.498478726
9800189.445170293,5010819.751736002,6257577.45086033,2634623.8958240966,2353997.081321809,999696.2744041752,4960841.484472747,2076857.8398268656,4398988.713302755,9988154.45167622,48481746.38859529
5235226.665145025,9228410.357600976,807471.6770049359,9148300.99299262,3182553.8424998033,3406913.548251307,8730276.260991288,3648079.7802025275,8527155.276871996,3663138.0426336224,55577526.4441941
13513422.957408452,10753520.508400457,6681010.515324863,19146194.709939834,3295505.359127412,7126119.018207485,1794279.0526276447,7257430.192197745,6772045.8315159865,8392459.974528236,84731988.11927812
5455486.466671692,8116019.207065906,7910328.409358807,2932693.5998290437,7329086.601354836,5871405.310870836,2701896.0967400633,9242420.364023352,2549246.3693916905,10525933.729882132,62634516.15518835
9924705.173278922,8622473.047500497,3991648.601834843,9897826.115218934,3666081.993004342,10049027.1615397,5531895.673525808,5150579.239649367,5656096.8839356415,3728503.2975349096,66218837.18702297
15687974.064079313,4186920.736565823,6410446.127588625,9052274.704334706,6374849.103889832,14191298.382697865,5715148.869050177,7498760.276018656,3496784.851163142,4436370.225144474,77050827.34053262
10036345.205513025,5589214.044205166,4278548.315517908,5046523.496047798,4145651.3035798045,9297185.117060702,4341366.382662457,4334541.560324922,4158708.158115233,7172814.780386383,58400898.36341339
10433676.09040544,4980539.046314953,4935058.491487905,4243175.519227357,7904843.949144704,8765762.369678278,3309708.5317278225,3380450.6943048276,4981493.83050702,7349940.195950615,60284648.718748905
10285942.112449111,6636488.405393513,10422864.955251165,8612476.391503774,9906278.57755483,2827765.2981041153,1173744.407708729,5874277.461217559,5704053.216517155,5941283.789302051,67385174.615002
7236633.7392708,4124289.0310270656,7017358.445412116,9112675.94040477,9049004.400836421,7015123.394997646,5110622.132056216,7322933.455075363,5324038.036997751,4358968.703976757,65671647.28005491
7887402.762222101,3498734.3666041587,8689578.614934804,1053072.1351744283,4277921.410242677,7490462.4007434035,7463217.7975320695,7586222.557789333,8227596.80615941,8019112.989231366,64193321.84063374
6384286.712213053,7999838.915529574,2174181.8204746037,9824629.843763674,8526440.27195722,1372954.1607815295,1929204.8155834712,1486928.094841541,3310902.6136233206,2216920.277564111,45226287.526332095
9081478.637161708,2396007.0416599293,8397061.0067528,1951767.904660021,2156271.292321148,8486704.997289674,6220740.389917025,6249663.600732036,8597323.764112605,3035187.525164253,56572206.1597712
2216093.665724889,5753452.0321741635,10021665.32618937,7131534.707683134,4135603.5421493137,7308357.641192696,8001980.974417162,6322799.7817306975,7479896.32831589,5433405.059392111,63804789.05896943
6863645.604049189,8847770.106613392,3192667.682730734,3504587.510798892,5212085.456354056,3627791.651987334,3266198.036289575,6701489.165895074,3938736.9030709746,8617312.614846228,53772284.732635446
4221596.447370324,5608662.652917915,5037159.2278550295,7330489.348807758,7979862.718858313,7223902.821496439,4267752.634647247,3446542.972439396,5873240.445517784,4074170.6165778497,55063379.88648806
8226895.08192378,9753637.615464747,5113063.315362662,8721011.054768285,10008609.587622847,6131218.023327844,6745346.165439674,5985898.646253828,5723054.2773819035,7597905.732842814,74006639.50038838
7080845.899822759,5734813.502840522,7239370.446354077,5320750.952862999,9516476.076292315,6748620.509542178,2077777.7058415106,6082859.746003803,5623522.976498614,8127379.900952839,63552417.717011616
6092092.303766041,5922682.014109682,5753219.690921011,7676443.438490108,3546076.2388991746,6539405.107157639,6435109.561988474,5142806.29010662,5745529.201668992,6693843.348161413,59547207.19526915
7433246.694202665,6262649.465141199,3894379.8216611804,4995004.441011577,2792339.395018902,8862516.309103217,7788066.994171114,6165207.376823171,5862211.984051479,3265725.5366466176,57321348.01783113
4461660.601279695,3097350.774383271,7104047.377053726,9639841.64278597,5359118.366421018,6985311.83882421,6917547.843837796,3410564.9011521246,7723144.3388123475,7595391.3546896875,62293979.03923985
8478238.831583017,7770331.406390811,9791001.530807283,1189744.2070738452,8807547.472054547,7830243.698617828,8170483.538364673,9674997.111959537,1474615.5159210686,9843845.44188858,73031048.7546612
10780316.847026113,1911083.1496040092,5029428.971140604,3519939.7472694875,3251103.391354229,5517529.480977918,6445777.924095482,9602853.264465611,1978270.6294770648,2767082.0744889746,50803385.479899496
4805546.602119104,6946853.537710092,7123823.161328825,5006223.649847834,6919047.220504011,9781728.662030332,7556283.61632755,4414595.581064275,7405767.519632055,11926880.414676916,71886749.965241
7243036.343004277,9308352.255011886,3294036.8695022776,6552701.855585696,2897562.6352224527,5727549.594747967,5061073.250923023,5998690.609482922,10484543.455522405,4279737.55121494,60847284.42021784
3439053.328240128,6418435.343190059,6119194.447201485,6008943.999082946,4193836.511509825,7498032.722912337,7876632.415542168,5125794.873488938,5620391.291160218,4414261.060414628,56714575.99274273
6044470.716401031,8973833.227352403,7275997.529704374,4848812.118702686,3397407.7871917137,7002570.30150451,5759295.107229042,4081114.9251002036,7549040.998691472,5583587.558023205,60516130.26990064
5916277.630265042,5144355.348797547,5545138.662886186,6752142.574857082,6889165.654609863,5857376.469341705,6434270.783364214,1878431.0921774113,6062870.125200836,7019734.361034867,57499762.70253476
6971929.7163855,4514341.188315335,5825953.793517666,5581131.49415414,8843035.716226846,4250777.246336065,8886111.514921416,3180777.4720187504,7935775.465608919,3242609.530674789,59232443.138159424
3370992.786903146,7789035.99099589,5932930.338761251,4530584.1575181065,8790712.027491963,7283146.555549998,8471129.51849821,7364268.942945602,6498422.953351783,8110435.195239991,68141658.46725594
4555349.030915973,8310491.002760999,8526563.304146646,6291508.6235408345,5711997.493891279,7879614.981810986,4716954.2794744875,5461133.1076064315,9892186.321455983,2805864.0835209102,64151662.22912453
9515918.246619714,3865919.386088453,7210325.411561486,8180194.205067758,7373792.443993565,7192104.665934622,7816233.7916401485,8529670.389237368,1805730.0458575787,10198964.424529033,71688853.01052973
3696488.7847779077,10615410.7841626,9219776.912704179,6435750.134094382,9533147.70177734,7928939.35648506,10784326.891923603,8326831.579233183,5930403.882808529,2855032.9487667778,75326108.97673358
8782452.85558986,9124704.416478427,2063114.5344809992,8049432.768539518,5882311.373630652,6300636.147291153,2680593.4050253346,5746831.966438335,11414625.537807602,6838567.256348223,66883270.2616301
8473758.832662726,5910528.321854488,8599426.349022495,3291484.213251865,10308685.364030188,7198727.003813323,5885538.658790031,6642089.342019742,5701520.569062,2394947.213512802,64406705.86801967
4335011.958863671,9104612.298590548,7410995.406349575,7130028.226369047,4220989.100680643,3134546.500170793,4751171.267604961,3448965.531613539,7356328.1417557495,5148479.219426523,56041127.65142504
4719777.36038255,5093544.056318538,4498843.606837673,8515854.140927743,7950846.001032539,4639514.571250061,8220695.652158952,7384223.545226774,10049534.337534616,6997052.369845738,68069885.64151518
11321393.755348666,4258704.353008763,7854213.958941249,7655398.560810292,6340402.403868003,4891290.25225475,4450999.9710224755,8277022.555277195,7442900.390845749,8322930.083552596,70815256.28492974
4957593.328168015,6312359.43432295,2635511.640602132,9023207.508373698,6490757.082585939,5807145.325198281,1954076.7745854051,7701463.358805953,3752864.7424330283,8907689.89163827,57542669.08671367
9072381.2606538,6859361.256735543,7171994.050088138,6861742.535278842,3331450.845104074,7949999.155774912,5636774.719277739,3380214.668298016,4260145.394449927,3763953.473284959,58288017.35894595
1392546.5919817307,8668777.925741557,7937230.908512008,3458242.436785038,8035951.760515741,7188492.621474689,7774199.274203958,6929614.965350507,6014003.596762318,8405063.32297781,65804123.404305354
9766864.264506789,9363468.989424523,1805751.8545720084,8605270.563600691,9708529.25907127,7675489.743646766,4135338.5736595844,8630853.639034502,8384884.870628681,8257828.48275532,76334280.24090013
9413912.711341666,2331880.332206156,7077525.75842027,2897708.014493539,6326642.072009658,9457881.957515351,7320349.769712774,2704040.616410114,2781233.2434973647,1976433.899338846,52287608.374945745
10209947.326412419,6658289.747010534,9566626.465978911,6538322.496067244,7341834.68774043,3161619.642850957,2848434.8997897264,6958254.083907791,7376143.190814575,3982835.756262782,64642308.29683538
9385351.200209213,9388467.277299238,5295492.370290002,9271209.987026608,6767341.201258523,3247576.382125013,6190669.020083138,4068449.82964272,5576496.620861406,5098465.093854626,64289518.98265049
8151641.965897139,6538096.144410445,7654676.474270299,4860656.911054861,7982235.631390861,8252564.404414365,8643455.538658243,9812572.04102926,4712028.170029699,7420489.574836309,74028416.85599148
9107375.035467286,6714761.878848741,7916175.1072010975,6121318.362170417,10435672.382351836,7873763.503865907,10106136.825594202,11342708.849641971,6989607.68911874,4352783.302758085,80960302.93701829
5697753.975545134,6163119.124806212,4768575.910803748,5478856.5804711105,9745609.090496318,5943464.117573222,6264303.714327471,7969542.495489825,6868693.285760449,9321614.748462733,68221533.04373622
9069914.764351742,4679723.532017448,3661737.714135075,6242901.426753552,4369370.096658213,6875860.664158653,6531778.379918627,8743530.594203452,6502162.543745811,7572972.061403722,64249951.77734629
3849279.826044485,3954033.164549904,5421755.827260082,7535757.479065283,6567006.765102159,7385001.029597173,1679041.8251904827,7121033.446924573,7163595.664764754,7303890.051730519,57980395.080229424
6319893.018626136,7844446.144650436,8906088.866829423,9899307.959600529,11158769.627111783,3719840.1417691987,4618130.233785584,8490047.176674642,7762110.282929074,4091663.7359323385,72810297.18790914
8663715.406259447,10486447.987551006,10485281.852065967,3396028.871929695,7134356.4831229495,5059105.811295062,9951028.587113822,8945588.666833887,9005750.41998929,7843065.4617697885,80970369.54793091
5072831.727835303,5253374.516597663,7404626.688997419,10273040.022349339,8012396.326431461,8270336.712306616,4334278.657093068,5098651.123586261,6123245.767100598,9496262.096478216,69339043.63877594
8453138.485236278,6790240.654613211,8342928.898819792,3298411.716859458,944311.6641126762,4654024.2959854165,8602034.299190687,6138436.502211298,9289725.69180919,8520333.626139458,65033585.83497746
5782734.0826095855,1441310.0443146403,2435430.8691384643,5720604.067542479,2785244.6355478135,6528128.760741675,2936074.021912222,3721468.2884769803,6017057.97147833,5435818.1575331725,42803870.89929536
7758842.3205117285,4075412.676102725,7882069.428716063,8445419.901824538,6847219.261581891,944002.3358670239,4617994.618639395,8268629.554168413,10349428.92974372,7078014.478850776,66267033.50600627
8891921.727455745,4976573.588080234,5428425.14968724,3896531.897024997,5343399.253882218,5601223.00313027,7833747.463073889,7929077.97497687,6479771.29388596,6254221.032206015,62634892.38340343
10035778.73085028,5003313.329568471,6240012.4260828355,5763056.009677923,5044336.000526014,4115107.6336618233,6156981.719574165,8007229.760164888,7025347.195262125,6882697.679918087,64273860.48528661
9050469.09741027,7274537.913309339,7483618.761405451,4855734.392895808,5282359.673177198,6272672.45291168,6326431.406885664,7611617.672751903,5356656.410017228,6630079.406679326,66144177.18744387
8263063.929998042,3856890.03076698,4348318.626607338,4874961.847179447,10689425.361602362,8884882.932110671,2342670.6726027057,4577835.448948742,7316196.192436691,8203716.988020836,63357962.03027381
2478096.20043675,3865606.4657092174,6067104.477447222,6921002.386657957,3287450.558165997,7482253.291104377,3991554.379205634,5916995.781817494,8907938.98764804,9509434.802941816,58427437.331134506
9343347.84508788,5910994.852501618,8801279.448493293,5654941.8192797145,4231870.366126059,3515770.109432656,6131082.07381481,10040107.888928896,6360337.170235679,3769148.466879897,63758880.0407805
9584009.474333381,8916523.341328496,8541973.424097553,6569287.680808154,9212206.534382362,7137562.074952956,9932793.67670873,8091828.16122263,7472804.964619357,7340969.1466395585,82799958.47909318
3125977.92719108,10492644.662097009,8655867.870785808,8967623.05335203,2646180.5391889005,8523505.67603233,4757559.197441174,9619708.813442666,3938347.744034282,3109423.0799667775,63836838.563532054
6102280.4309166465,9290745.507799532,4288058.72761157,5141580.382013685,3903950.5525485603,5396186.736571683,7935168.988914523,2983883.722533571,6695735.2885991,7957398.004119046,59694988.34162792
2207346.1218861495,8769836.73517044,8707999.890570723,5603370.798259258,5869450.018409073,6895320.181414422,3636390.42934226,6916814.095813987,3757021.5423700106,4157507.051601718,56521056.86483804
3005772.930437636,5837865.575059637,5256550.237940466,5509381.6642029965,694597.2589031036,7189527.249027832,7837778.033106935,3509866.813788643,6619458.625514436,1096691.468588015,46557489.85656971
5351289.95956543,8428284.024554979,5409073.264505004,8018816.611980208,5944146.333041222,4833765.787035277,8112978.813688164,5999765.975170239,8191942.592228227,4975329.83988948,65265393.201658234
7975496.147251683,6779944.296761118,6152938.545728335,7159878.711504923,7503144.260159091,6477363.355350001,9434712.234523565,6367606.437376504,4047408.061792847,6008739.136780746,67907231.18722883
4917532.593842544,2817377.388049497,1947422.5921877092,7204382.507755939,4629194.210274625,6721439.285240855,7770139.227836469,7438647.033567948,7178394.263056318,4641029.112890395,55265558.21470229
5712635.650190602,4628880.283605812,7392429.375351923,7580735.964147073,8001056.388151661,6298778.643901976,887863.9418685785,2454829.954107964,1407133.1334386405,5024530.521444476,49388873.856208704
5716117.437711183,7745816.646705627,8352176.769307629,4313777.206405505,1846187.3666819802,8380880.130351313,5526675.190764506,4687504.968498688,9264859.163213992,8695522.075222911,64529516.95486333
8167572.119118091,3121250.3110685223,9148790.12036334,8023733.56164693,7006915.702704302,4003132.9357836763,7081734.833969844,8199943.921587819,1277101.684204799,4617297.74306024,60647472.93350757
9063972.549334569,8679303.243498307,3978458.7025990025,2916443.9777445393,9840629.032137442,7482051.2555068955,1670534.417894509,8892150.136718316,10384961.946071018,6091391.393922796,68999896.6554274
6893999.625337965,10187494.884461565,8281740.231896907,5649461.410653251,5322203.961607694,7254675.009441636,2742424.211775446,3951788.053495909,7121299.803654512,7093047.255478753,64498134.44780364
9000739.499545235,4294967.296,8522857.336039538,11805953.950326808,8278673.453760714,3005246.494689618,5335121.626902682,9081724.287163379,3438939.2191777807,3879360.6681213994,66643583.831727155
9423193.878101341,6506447.642989137,7048804.312698046,7803443.484946693,8793355.824260542,7836666.476095444,7388667.809942294,8711156.206465065,4495135.492153752,3937041.984635298,71943913.11228761
6816894.951766017,5164934.207900502,8111591.052905741,6377672.999663307,7601457.336984546,5232908.5861307215,7351409.781187218,5251150.262127391,6672541.895963522,5055600.423079866,63636161.497708835
8163909.325288019,5574579.1255016355,4530518.7688562395,7095173.540749998,2980713.779331887,5394392.300312823,6530002.244651122,3101502.2779540275,5636633.727511102,6625495.861597525,55632920.95175438
10000465.607984891,7382874.653728662,6551431.708259314,6130338.52365566,5787992.880721555,7918199.051075696,3523724.709308375,878287.7334676755,7911057.149736904,4646969.184310902,60731341.202249646
8367537.342992991,6521989.841395347,2022921.208889016,7546370.403820565,9619418.705985893,7912891.092291557,8080306.2586109135,6761092.50379327,3271590.876448572,7214270.541141151,67318388.77536927
10306789.803097285,9873968.36977384,4088178.30148826,4270025.733059631,2120722.090003905,7286085.002294001,2690267.190871653,7870528.929968996,4839986.601464247,9236043.992194757,62582596.01421658
3200124.0760836205,2094431.1691599565,4831863.581337829,7913050.103151151,3702721.833635388,7383442.287555412,5578755.076229816,3662495.9293943946,9861488.450749809,2355058.812657594,50583431.31995497
3191169.388947637,3068437.742505957,6395212.239083228,10139217.98323815,6003156.5405884255,2318014.0467617693,11258918.015895013,4609091.90212185,8756713.991145367,7401732.056631948,63141663.90691934
4363691.042392731,7732708.818436682,10087395.564092137,5253868.344987203,8529007.87290744,5000988.06685666,6881345.967733976,5094101.590208729,4385787.19015467,4127500.21733559,61456394.675105825
6676281.940088835,8300623.478249399,4707534.317754665,3837543.895863954,6143383.6777355485,4505740.657485743,9214959.705691867,1775715.9949613176,5414084.509954908,7914660.215034565,58490528.392820805
9227452.054585567,7624438.73475174,4100221.9359057224,5882973.358793245,8330374.901536747,2950353.0909164343,5002110.397415141,7039387.49644454,7529907.562820121,7579014.204048173,65266233.73721742
6331339.786610384,7854176.131648256,5256519.703271928,7005555.09425415,5855676.882642254,3432052.485849882,2531325.9034247855,6706034.205721975,8019491.76399931,6635891.595114144,59628063.55253707
2686734.6503505567,6329054.712889046,8169131.266606939,4498395.308278188,7081498.441145329,4484984.875104155,4933372.021580246,7255329.724257439,5917470.821372295,4899678.795946246,56255650.61753044
7751629.907122604,9349168.990384003,2402955.01437154,4923024.909115405,3224768.398858614,7659907.469040208,9054793.011071976,2242679.069437714,5043766.861110639,3537495.6946164416,55190189.325129144
845773.922282145,6888399.998456021,3289389.922880165,10954376.461520417,1588331.1613740672,2242749.794291034,1785754.114384086,4299734.831960761,9397785.231486728,5848342.933509313,47140638.37214474
9040239.261612315,7807233.4015234765,10862839.755893977,1204995.7380477223,6697671.012192567,3320023.154877703,8315247.858903274,7601835.781621254,2699954.497782215,6569453.453628048,64119493.916082546
7590786.943111517,6624679.381209753,10448303.243587142,5009780.081490814,1189354.4666946859,7898859.822833143,1408144.3496102842,2010694.6302325807,8835983.187639039,6265992.836468588,57282578.94287754
5559311.996394992,9325128.27654808,7967938.869592706,4574789.9135115985,7294624.569590307,9651206.266675135,2412574.6493715583,2689973.555714183,9512236.507192766,2176432.550883357,61164217.155474685
8392352.406876106,11480878.375565823,10880108.221828975,7390811.63038374,8660056.676270166,8726858.17790687,4698188.711948261,6824866.9318095455,3650772.7350148703,5301811.8822289985,76006705.74983335
6032068.805658168,6457065.098594108,4527498.859057654,4683705.35980077,8110208.663661996,6886988.621747008,4769376.841175819,7281332.115230959,7256809.3142909175,7997781.563808238,64002835.243025646
5555086.720573832,3510561.7848117496,6959197.448453784,6657147.832830217,6889468.077989747,5673459.982323411,4440487.393644383,7208274.394062857,9868087.09212616,5143572.95626626,61905343.6830824
4689457.8246032065,4341277.894122448,4522788.077016266,7327165.584576945,5282412.030788455,9676172.439684216,5139888.728871918,8551454.247800743,6613847.53803028,5439475.475393773,61583939.840888254
3856920.012300686,5465907.30623766,5320213.355003705,6479075.950247043,4099561.8234803984,5307982.488116318,10437532.95713423,5559063.9034347115,5597163.6900134655,5230454.4237909345,57353875.90975915
5602815.1428311905,4515731.245805295,5391609.477370318,6051939.355846481,2964135.1673436547,5963756.914756417,6908228.211570898,4251261.2465136275,3650826.4642888433,6056459.977946655,51356763.20427338
6829406.973218986,4802188.128139541,7523773.813777462,9952117.014240837,6838797.005727488,3576138.478870479,7311567.080323835,7526111.2333563855,7257736.871788028,1305791.2806390862,62923627.88008213
6693569.745548817,7338935.061011873,5020069.016669173,4547353.579650917,2473128.805268954,8487620.046566913,2589167.6700584283,1841544.9058969053,842278.0883268535,598091.3217029683,40431758.24070181
3678277.9084785488,1730658.1642526535,8879947.187831419,9336197.973726356,6225309.197573112,4238256.143616293,4508215.448974716,8190493.598130445,7813520.896243883,5514437.914802098,60115314.43362951
8239851.418120441,5052149.335063158,2936334.8901238292,1083217.7628404952,7521662.37779805,7934219.455674864,7950706.2889043065,10776324.172830483,10510444.893317556,7762481.165395356,69767391.76006854
4798749.61651261,7331116.610404841,6133729.931542025,1734319.4016481517,4972797.95483404,7862342.725730331,3165284.554066876,8287857.378574763,4708188.451512587,5544099.417107498,54538486.04193373
8681077.057547431,8726254.374831293,9792966.510396203,3921876.758460725,8166230.001213313,5815503.458892141,8047828.333459483,8682718.986603636,4821362.82595648,8239145.9063891005,74894964.21374981
7977542.035764521,3794477.5316981343,3424744.9799205726,4531356.121025642,3690316.467120295,7595169.536662325,3677835.3918720484,6334489.17478521,6310939.01576867,5660034.877323627,52996905.13194104
4602440.507965007,6915721.578985188,5359448.5759051815,7578983.582098491,9232497.867439128,5226784.599088004,4596322.054535103,6448876.340143961,3866673.12998236,7362646.716821708,61190394.952964135
4092892.3948095236,7910889.506970362,7765511.3951032385,5058669.227660056,6492207.317157263,4203253.114520673,5640854.51014187,5051154.316592845,4285910.494337277,7944221.051387577,58445563.32868069
3193428.6077241576,3419624.844682052,3918195.0390856117,6444120.542914673,8702105.41212415,2194380.8078235732,8927248.437410295,2537430.4514962565,6864649.49829305,6876722.001068205,53077905.642622024
6402305.0502443565,7946989.86232618,5027540.506114222,7072805.6701531755,3887806.296643619,5273457.329496784,9053951.284407515,3671845.322073245,7761419.945510036,2477622.362464592,58575743.62943372
1919321.933683682,10787816.007666282,7467945.776881605,4015801.119340064,2049169.1889433523,2529309.103530504,7097270.048855018,4371651.880445371,2508769.8539433554,4952148.2739225,47699203.18721174
5362520.10601603,1145284.1872517413,3214569.5929268263,8852741.470276408,9921981.616122248,3721371.503051059,4511806.6928161485,6568675.167395453,5230389.151793169,10174092.023021974,58703431.51067105
10000976.997721158,3978464.8786340435,8988193.778256148,2957082.507817289,10808277.481090195,6367448.4211987415,8411741.33406849,2096944.347842401,8033802.2954497915,3566071.0961454995,65209003.13822377
6493034.2561246855,7366077.329011362,2573859.666124999,8312724.171981249,3877140.3944638707,1662735.2610278914,2580909.7968484513,6975455.8031493435,2378014.864053618,4589405.274026203,46809356.816811666
8194535.853772061,8164378.368540983,8435296.191315712,6748567.717341605,6913931.14397463,6096846.213315188,4258836.560290661,6182291.985968377,5189274.126772761,9515691.558471614,69699649.7197636
11184070.72022232,4923802.163912061,9358689.976782458,3727115.923861042,3841561.43097222,7568871.373203471,5129893.197871763,3248590.4918435607,6846806.088955054,4757358.724161002,60586760.09178494
6815696.1990000615,5127518.78772415,4408803.122286002,5133730.76825433,7145821.59742565,8337779.819788592,7180458.999576411,6093973.063817312,8385697.216695377,5865095.807685026,64494575.38225292
6575520.300400263,5684444.708023756,4752081.927670023,6350792.382163429,5115133.028433761,4806159.645087408,5932357.106809022,9107251.27025729,6507412.64099289,5874372.015420628,60705525.02525846
2387301.38442424,10580881.41400008,2199192.244403819,4629652.264128864,5610895.1362941805,4857311.952471886,7767409.414327689,6963402.986009725,8034450.712276128,2707014.8379476964,55737512.346284315
4434566.18075623,9175677.543365378,5359519.529814764,7846354.4023994785,6611988.079213495,4967156.467419293,10589333.932862474,4360764.861114308,7668785.355061502,3845661.12223988,64859807.47424681
7381000.659398459,7490154.805844142,6247208.261847195,5153004.190066655,6824272.325014782,3922506.13499263,2727789.244679429,3866412.5307264794,7165340.930431236,5301269.275401865,56078958.35840287
5656677.851088531,8939310.117325017,5336685.321193658,7146033.1925171735,9767563.747534482,4003695.1033781064,6512487.909948315,5852193.071134342,1331321.7244727733,8166361.623079615,62712329.66167201
9065937.400600715,7156521.7636234965,11023336.616456898,1418430.0188133793,5274278.112234109,9798170.765980942,7403439.093241189,7805767.00080616,4224996.356874825,1113817.3410097861,64284694.46964151
6656318.532600754,9085637.395623669,8648044.680912703,7663318.858999406,6856705.74253728,2496170.9370113816,4897654.249214004,7017894.081972326,10734169.627861137,7096606.513188793,71152520.61992145
10416013.79140977,4897282.001752605,3663163.898583939,8003213.358343183,2303977.5245609554,6751244.032321123,7230071.991503625,9107965.666007202,4420329.11915501,7697842.117013299,64491103.50065072
2950602.1856994005,8383168.497596235,3805830.3030905533,6756967.920671302,5938841.918740731,7793122.248221551,2971856.687607053,5776726.665434707,7304660.453658079,6997152.38528946,58678929.26600907
6923626.915565765,3704311.8326030606,4715927.842786991,5905905.805642276,8787233.45729868,3438681.6284917803,5059944.060528295,2595682.069512822,5501172.330194468,8721708.187737288,55354194.13036142
2239870.7629786665,4356428.560289907,693986.584996189,3415280.785529716,5186485.1285657175,4786402.7448434895,5700218.272569194,4358134.866114498,8710481.316108862,6894328.453166624,46341617.475162864
5266000.969758302,6106844.025678993,4716178.8246436985,4897732.4629175365,7325241.8906359635,6694947.072060015,7544298.352141414,5932348.146183635,4458609.501024344,9210144.120346284,62152345.365390174
4269588.6175060775,4750160.972252005,6114522.087163628,4647381.516545804,6848773.764099359,5106915.787070085,7278187.369516227,8550504.296806598,4930576.260699639,6408342.79782117,58904953.46948059
4675421.518662142,4960853.460199029,8340465.47633571,6552153.97241086,8284157.629556173,8026285.131020168,7841779.854855169,7757198.529802848,7537054.502775696,4144458.1789413476,68119828.25455914
7250053.162048265,9501375.89271382,1423572.927923015,7823171.163883023,4354251.743891324,2805375.759437255,3362134.8106405726,6037388.4273028085,2600670.6528473217,9469848.793798992,54627843.334486395
5314339.244046226,3456883.1020934274,5174248.544491672,7796402.882109459,9929664.266934952,3559420.3556999,5905040.3741279775,1351679.0430602606,4525217.725811506,2924977.056781473,49937872.59515684
10207280.007144349,8287281.037294773,7548200.812046476,10271874.991950128,4771192.581559168,8131868.927603083,7509967.041038617,4410830.487461657,8139563.471403059,4171425.05575314,73449484.41325445
3666469.6995633324,9368935.001582373,2126359.620922258,2240388.8938885527,8486614.193800183,3631277.4106659964,4014505.711798456,6672500.196316784,8878166.061217554,6559385.527980184,55644602.31773567
8298242.453359379,5645947.272641601,4446955.370975781,8015606.062057383,3505526.533031705,8085126.092749676,6889079.623374749,7290240.6738448115,6854524.326376224,10710598.282984069,69741846.69139539
4043671.0494190943,7194754.677527938,7180846.539103968,6872871.720261232,6514059.785278345,10340439.508088242,4178375.9676199555,4813128.183715793,9780594.134800255,7911494.14899819,68830235.71481301
5055719.812706877,5378477.055485133,2433753.6605274016,4142090.3320750725,8605595.89401803,6193003.0599634955,5763790.0650187945,4328582.807067811,6125741.817487046,6182189.7251647925,54208944.22951446
4857862.352784594,4432822.502797674,4980950.372955016,5401469.516737562,8835164.841103802,7772146.001501007,7431850.944308592,6030938.092464368,2320717.4066384546,4532815.837287763,56596737.86857883
6276218.501349334,7933721.062190898,6475699.721127851,5828823.440033203,3069042.58605287,8460699.193731863,3942036.098841092,9083049.0750096,3541912.1805066746,6192356.574682723,60803558.433526106
2883958.1148470333,3315499.276179558,7320419.287664872,6032317.467871972,7665461.700246223,7010795.004597169,7022556.672133202,1545007.5043655576,7566700.909701831,1127333.3184942626,51490049.256101675
2296007.685853238,3514869.342895897,3710677.3162742024,9080466.608571647,8132867.748365281,9500892.890214186,2012348.0749807016,3076392.1843719217,3698236.6074124435,3761141.9649541406,48783900.42389365
5472159.267628279,5430858.785820024,8531095.279994078,3762888.965426135,8992377.578332305,2903786.82948904,9632306.882219454,8201760.634098419,9130138.564762702,7481630.1477785455,69539002.93554899
8545881.06766535,10405442.835668415,8167534.341831529,7736050.16767494,10456016.366433237,4370405.7558537135,2528401.033390292,1936044.1578660414,2355754.926561447,3936916.003658969,60438446.65660392
3502763.193246475,4561897.370492233,2440041.6947417413,2383210.687368127,9593227.035346884,8328579.460744082,9264726.526843324,5052216.604547746,4285460.618912183,5378095.7487238245,54790218.94096662
3185217.755426605,6303113.643058648,4770674.033507495,6514453.09938568,9675813.390557263,6612809.129702125,8025279.40009398,7144559.497621849,9547421.888730722,3506478.984397328,65285820.82248169
6416921.894826542,5390283.181557438,3961756.2713672803,3995935.8017417514,8897925.191386491,5006560.893473679,2668514.180323804,4630143.590794888,5164953.771067674,6414928.715134426,52547923.491673976
10938069.844653543,3901104.5961023225,5039387.729944716,4045686.1626147367,7452183.458508097,8235031.6528824065,5633772.595961469,3532993.583065507,4239492.125694586,8067507.913558655,61085229.66298604
5723683.318397535,5882934.925708025,8355389.996650617,5836822.41505862,6592535.323204415,6256737.637326313,8970952.389114317,4940933.441462611,6956594.099414196,7128932.876707931,66645516.423044585
7898795.878769525,7787873.8570259325,6347993.434914477,10182401.267002445,5651153.441585923,7603602.843800888,9047403.9318028,6011028.935034135,5760859.390827334,4761192.933028145,71052305.9137916
6728918.072252545,5212476.663105816,2051292.5350122687,5537981.951609565,6486333.780996564,8226788.197527295,7092735.458040501,6516828.310815036,8596363.261292823,4873053.44607295,61322771.676725365
4670105.843220523,7061072.831040668,3176734.6114670546,4902964.258504517,9043893.076589065,6264886.924842555,3316725.901115672,8428058.969577959,2773557.2098285677,7341463.205303828,56979462.83149041
7548757.510261539,2277491.5190745704,9649300.150986768,7295025.862345644,4919772.155012532,7109944.522422976,6339634.1972238235,10010639.270626362,7615158.111956971,1973440.8543959104,64739164.1543071
8440538.389474485,4588197.372256502,2391358.7701658956,2858255.685562493,10630750.140975583,1444970.4335799145,8606729.393860104,2115143.5615770696,1836925.5271062977,4915915.589000641,47828784.863558985
8617599.579700794,6375146.679117953,8184390.068194954,6341745.746697625,2338397.321328565,7220196.966137295,7222674.3328721095,6981316.372787367,9653947.77883712,10178567.360814149,73113982.20648794
4468187.223552405,8636611.413006237,3009955.4806160405,9576335.574149054,2719731.408415723,2318436.3267779783,9346420.109863397,1376992.767894608,2650010.6164216446,4213194.743315663,48315875.66401276
