13536591547.427862,6702272846.940134,14078563336.829668,6460717126.571654,15096642427.522978,6029427180.360183,15580427941.949818,7655058833.900727,16453552834.966131,6958000299.310239,108551254375.77939
2971620.760260731,439.595756332356,4971256.632539933,439.7879073644587,11110906.076502265,437.3043972936323,18962525.008539986,434.7790985474941,13350007.902395213,433.1910755060114,51368501.03847317
7541438.961869001,0.0,2016531.3967712023,0.0,11445768.062735882,434.1348176065964,13822876.892929366,435.0772273530398,8247631.680249522,424.5046455295634,43075540.71124546
8017020.047359996,424.7697558307931,9270693.480968986,429.31840790609215,6691980.556601602,0.0,11251894.81307402,0.0,9412350.112577178,442.45152136628917,44645235.550266884
8282382.5767175155,442.3837577612933,5218167.918830173,442.36937160425276,3962819.8346287347,444.7905010776957,3799949.1913878536,436.1631637042325,5330506.384720343,0.0,26595591.61307877
10943909.512057161,0.0,16079822.070124956,435.757413228523,10732516.877401702,435.7841064791866,3094561.337628238,444.1241662741845,9654995.283234203,444.68429928402696,50507565.430431515
8888583.79565313,438.20263574651767,4462360.717275561,0.0,2269717.3998939646,0.0,7824292.229594743,0.0,1929470.1371797633,431.3955140792497,25375293.877746984
4154121.181296,436.7602268770562,14499393.169912027,432.91786592156427,23339481.918752737,432.9190761140227,7207486.207438831,436.23678569973714,4886437.497456075,0.0,54088658.808810286
10047.701862769263,0.0,7430728.997177533,442.21099134650507,2119439.132826839,437.89249495283,10821268.9131671,437.4488260081016,7773522.138218149,433.60186391868746,28156758.037428614
6011.9318424478215,435.2682707992593,7039132.394042691,0.0,17751758.420518074,439.25632577561703,9504448.577600824,437.0105135660492,16345731.988099534,440.71220893960657,50648835.55942266
6559.115389711993,441.8289169445015,60314.02407273227,436.9419406254151,9071636.592185868,0.0,15605025.291740455,0.0,8467019.639379703,0.0,33211433.43362604
6754.039786394876,435.23552470948675,573230.8143698444,439.42026885126967,5608406.536942293,441.95093038908055,4033179.287895111,4977036.646710317,15432823.743262637,431.0049480882114,30633178.680638634
6021.870958785554,0.0,5681461.443369451,0.0,14860651.030103514,427.58180165076175,7386766.0623583505,10637753.558548873,9315805.41337865,422.0628411119185,47889309.02336038
289446.41303861194,423.80780486449413,5085843.543610299,423.01838909903944,2455015.6693539442,0.0,378956.97790791205,10109954.120370684,7242131.074453893,431.7671570461934,25562626.392086357
1931691.9159975967,430.356708541634,1295513.7027630443,429.6687804375213,5413289.971662553,433.47554965320074,1199950.406838565,10508634.85725948,4865897.0993858,0.0,25216271.45494567
5348687.57624653,0.0,2609423.9996508565,423.7688215962629,4567019.313627701,421.1541488350026,6204961.21896215,12864216.006970474,10691683.304042697,423.95068586497575,42287260.293156706
4366855.548442811,428.7240659394014,8198944.850887353,0.0,21464772.349225134,437.3947490885011,3673457.1035629953,11401740.295200106,6227761.045947836,438.1518050971674,55334835.46388636
1459221.0814810265,427.96027233639484,10218364.660151167,2129414.753556223,5258269.15418061,0.0,4821528.005268671,15615031.145878255,13677125.516586605,0.0,53179382.27737489
5166425.408195417,431.8158686921225,11640533.394674456,12502639.187155671,6623845.741193135,440.3826119748562,10916248.354965609,12871520.023310224,3195599.031013868,438.5533354622761,62918121.892324515
11335420.570974773,0.0,4061402.2978345146,12466823.592820207,10383621.214925403,435.1676957574484,4471130.94801082,12332728.249673897,12348736.447142856,426.0611542383147,67400724.55023246
10589662.45011835,425.9756940286223,8027538.021711506,13424538.99511151,4838751.756525174,0.0,8563093.545014698,15208634.78822078,6955310.727051893,914.0094244837519,67608870.26887242
7538086.311951323,421.8455536793044,11925548.488217346,11847184.591197977,6589711.154186418,430.48931167585977,17195925.677874885,10788123.137562232,10632240.605986685,0.0,76517672.30184221
7717907.131495853,0.0,8481139.386286214,12481575.11348082,4509338.926677459,422.90971345507097,10600595.372904241,10511693.13593391,11821814.151914468,422.51644249110325,66124908.644848906
13434054.55291903,423.36228905916005,10024821.732233452,10591904.6713599,8737286.707878131,0.0,8568911.735770611,13841824.075878233,9255877.716273744,426.25212118697124,74455530.80672334
8729810.748853654,424.36523725270234,10952870.388552243,13719972.733686242,2381313.8456024835,419.7742650854825,2100175.654211162,11107787.641366234,7428260.092609243,0.0,56421035.2443836
2422537.0888483906,434.6049017734848,12353402.012797141,13453817.738732703,7103239.628112581,432.34453114531044,2765092.969257423,11022890.898695799,10810810.006686505,425.19237677755194,59933082.48494023
10857240.35495462,0.0,6974969.102378573,11793947.866911262,9582897.852816574,415.3386223389244,9488745.523121793,18379006.25166696,12183874.167415861,422.39730104263595,79261518.85518903
3671053.091995198,428.839039178101,12488368.602498094,11873302.317408932,7964792.000345591,0.0,9059608.332697771,10097436.379869947,11501955.491823396,430.50615747772537,66657375.56183559
9985464.118195858,429.43800538422374,1233704.2509901312,15255343.037285425,4834953.72625723,436.2783803532933,7887382.233235604,10685040.142259432,7460341.570651268,0.0,57343094.79526069
9105788.876067782,0.0,7075854.689626378,11709175.335552653,6949433.716962097,434.0717298804789,4806207.993553657,10160993.594011305,6637424.384767353,429.94827847999085,56445742.61054959
7798734.722109186,424.54868822715184,8045317.377804323,14769531.346182344,11245170.53057711,418.51933572105224,8118533.258100173,11045535.11671708,4245192.142470441,421.4329087045277,65269278.99489331
4006568.576190976,419.9496502446254,4791257.359432857,10648879.12344314,210219.87842588034,0.0,5267977.233482175,16370672.796508808,9909455.504378613,0.0,51205450.42151269
7671774.236815612,421.363757373415,9601500.989382602,12805841.778111018,13169739.036673255,420.55793334253855,5863983.402104628,18844353.319578633,7282553.271297303,433.5521883310402,75241021.50784211
6478202.950752777,0.0,10531847.782994067,12920265.32333805,2128147.46836935,435.3103398172241,13523574.84462638,17245169.896850903,6164356.941617256,437.53571921436526,68992438.05460781
3154976.144308267,435.4802985793277,19198450.331285417,13920980.545168547,6959605.738325876,0.0,12156466.441581728,11185776.112371342,12248315.063209852,426.0794587198776,78825431.93600832
4581436.31486585,422.47840566419814,4644815.830319866,13104768.675104605,11275978.953226702,422.81041694143266,4379026.522136411,10546457.021276632,4931806.345376772,0.0,53465134.951129444
8830425.078289812,0.0,3417345.8407052164,12386112.889049448,9642668.11494493,431.0660398870769,8970305.940751415,9618551.652489342,6508852.224049118,429.39724684585076,59375122.203566015
3890183.1486916225,429.1666718182603,3245308.212138375,11534139.463067178,6564215.57352511,0.0,11349561.44535854,10492747.019416125,7759819.34357396,422.7015818666707,54836826.07402459
6828216.921211614,420.15385241462644,11464126.363899585,14887943.734634822,9317233.636047008,420.56513731110755,5637229.125629632,9648876.242421735,6677144.088168062,0.0,64461610.83100218
6682168.388695181,428.38006272289897,9255527.693333186,11181399.894941693,11118446.680301748,422.38586912509066,9252458.990329813,9687026.356646221,15231887.144888198,427.55673935162247,72410193.47180723
10099036.341221448,0.0,8551789.885608917,13240035.57545176,14466240.055729019,437.43827568225277,8781122.446145078,10508225.763127422,1925565.3715353655,428.5392700213475,67572881.41636471
5069984.206569674,431.22752740278526,10224431.503528895,13499067.749252873,1321212.2918217292,461171.77406377246,11834564.186909948,10529647.951272583,16511153.84315943,420.3443863250155,69452085.07849263
5841610.836619016,417.7193172467281,13066594.60936636,12989373.692405574,9287373.664863175,7435535.312336915,10072978.08007859,10537303.437175807,3582162.4082775954,0.0,72813349.76044029
10704183.786041306,0.0,3306841.7183444416,11977164.942082215,3837416.684237685,6534812.306522429,6328425.806120615,10648103.089941515,3962404.4861567197,416.143559452921,57299768.96300638
5077741.698786342,414.4064129206915,10777271.773797465,11581082.227832958,5376972.113836123,6054057.592194979,5834750.18322536,12566539.59310171,8146951.539471255,417.66532891727354,65416198.793988034
6385324.668230499,419.0237723475844,9737148.110467782,13641314.80676643,9452966.016055211,4990088.973553837,6504590.7177123865,10580119.069227591,9663553.859121652,397.132721465453,70955922.3776292
5427151.85604275,398.1252261776365,9666975.869787656,10816272.77217652,11140094.508013193,5139438.799132071,7999484.485062487,8805218.650429279,10904254.807940697,0.0,69899289.87381083
4500000.069263302,0.0,11145669.960670557,11434317.11512474,8115726.719930103,6218198.421261379,2992721.509368182,8836836.099376326,12849801.799510345,3239464.191451718,69332735.88595665
11342359.599162817,415.5821096645067,5647550.359258961,9313653.169223836,11388737.77390426,6355991.303638227,4160342.435810621,8616406.383607207,7887969.105585733,8874393.334033987,73587819.04633531
4488181.828438351,420.78559259916466,10541146.045203304,11709076.393836217,3684421.833021384,6945365.35011808,6886247.9895135965,8932844.044210777,9557117.81396342,8309261.092719467,71054083.1766172
6670451.469247351,9555749.030107984,4556289.995139226,10062425.223196654,6507884.5475843735,5786621.100779342,5578092.521394329,423.6711719010748,6062942.515514961,8729117.56245473,63509997.636590846
3620580.5622651833,9574426.737157702,7628993.584737637,10596416.678170761,4358523.666450108,5698905.38799953,5163682.241361831,410.5509526766405,8128509.910158455,10063652.976171512,64834102.295425385
1504502.1745821298,10391861.959335433,6358052.935694225,9853759.53775743,5704940.076757425,4973570.968430356,3000548.798986398,0.0,7688181.169946809,9790462.561495686,59265880.182985894
9197137.87055729,9907958.9157695,6942989.424451715,10999505.530351857,7762371.1336049205,5842941.236427819,6910858.2469375525,413.6313743054407,9576514.756007677,10466630.425095089,77607321.17057773
2137311.022356293,10287681.89454191,10653255.666870346,13384757.063715992,11086451.299100092,6662157.719603872,10753717.78327026,406.51729348145864,8931946.824952208,9932035.8508866,83829721.64259106
2690870.250810929,8963122.920518404,3992604.886626412,12641193.66357615,5099771.764108468,6572922.789092044,7338384.60510032,403.4998072956678,3999162.113454176,9192302.924956439,60490739.41805065
5673959.916895171,9568083.00168791,7401321.848241057,3455891.489627553,6401032.36924056,6471144.8747421475,8390562.72704469,0.0,8744093.659608748,9407308.87195281,65513398.759040646
2503367.278472319,10387030.513956644,8667868.671796335,422.4675012637727,6992688.396858704,5294102.197152784,13290231.153693125,418.27656666267075,7983170.92827158,9836877.323734278,64956177.20800369
1774951.246913357,9599552.372118162,4821918.577900597,424.68741081002065,8078382.423313553,5260691.93012615,2819835.6722865487,428.75118274335125,9452941.608309211,9697900.497256598,51507027.766817726
204404.1209570787,11414613.723723566,14782053.39497481,0.0,5332487.101132908,5477810.965523535,6380428.402377383,421.4288507292289,1293060.7340902037,14795178.386014521,59680458.257644735
11278003.410928044,10532055.484768476,3414026.784790124,420.1176424434304,9525230.162433658,6409336.287236771,10495058.382791182,0.0,4011629.3480276815,11600623.105677629,67266383.08429602
2750509.7270941837,10796586.931601165,11002496.976058729,420.2462906630602,11973710.285541331,6710434.119289706,3921460.753960896,425.8593682080119,11101399.251092266,12412584.604052084,70670028.75434922
10014499.621729987,10945483.686854042,5287893.648120973,427.98110584383835,8890218.194657186,6088178.549721392,7435669.927602265,421.14674847785915,4360558.4394144425,12154090.646909783,65177441.84286438
9736783.315504495,10569298.183695072,9960230.28010434,0.0,10398486.979274584,6969632.142498832,10200766.454087507,0.0,9305773.4583516,9298426.53956058,76439397.35307702
7622460.746218396,9434202.912016055,1254444.301881696,421.10781278760396,8486468.320050502,5258261.352357948,7370857.056381524,419.7637623879631,7247846.724154512,11308020.591382483,57983402.876018286
6138032.76022146,10514021.748136997,5160936.468252762,427.7780429051663,8382378.975810626,5332726.119882808,8338950.19827305,428.6601678473669,5823182.146700731,9432125.232528578,59123210.08801776
1403631.6868334461,11272494.372043194,5063312.853020899,426.9632775251022,10189890.122540325,5354648.308175579,8845872.678955253,429.31199950869143,8031334.809265434,10692555.221571589,60854596.32768275
4529328.719348375,9752993.455820533,3613675.388872638,0.0,5591300.003692516,5988937.747118559,11007177.054254752,0.0,11429499.331930494,10258983.701487953,62171895.40252581
229550.62140985116,10225524.10226806,9900487.022786967,414.3254785156471,9493106.143412275,6713808.006131224,4903611.742853129,413.26924434883284,2948564.1291248878,10087352.105824152,54502831.46853341
3532564.920279614,11045253.407262929,5268842.9748797985,420.8209502274077,9915090.975647423,6844953.806179523,7838804.9459196385,426.47487646995774,6174664.33404407,10818564.667720681,61439587.327760376
7103655.656809975,10952130.412165647,9418132.338938417,0.0,5269507.212211498,6445755.788654196,4346629.949956275,432.346852284253,9300683.41137914,9635101.009791946,62472028.12675939
7213825.645455968,10666760.311185831,3516073.382574907,424.91875689372864,7104870.522634588,5544749.0086980015,6196644.629544057,0.0,7381951.69874415,10068822.316531878,57694122.43412627
2575169.6275429367,10380280.375825519,2137048.592015616,414.88917863411297,3031829.1441864455,5224744.039897222,10340936.68428508,421.3118205988618,9761038.40415378,10546394.549469821,53998277.61837565
4711724.301012759,9787687.438416468,4161003.7481884575,421.4416424381941,9688570.655371573,5216996.024734089,2347750.2314199097,415.42106742303343,6949480.876746398,9897905.009861667,52761955.14846119
5866163.606635245,9861544.929989344,6093182.369393462,0.0,3362671.4866525233,5627676.350627104,5396094.644325235,0.0,9735825.094381701,11274357.616711859,57217516.09871647
11742382.563042477,9547921.45769529,11952458.144984124,432.7324141043966,11977527.424778393,6848665.221376142,10415888.685024034,423.8811520970187,12666341.250021482,11079427.495527502,86231468.85601565
5996368.083244771,9990210.73216097,7458623.882267664,421.9227327425379,3131934.1089209025,6710106.752315772,4341189.380709492,428.5358037688716,4783406.276531341,10104765.646332966,52517455.32102039
10815223.19161151,10124032.934982814,9903047.99279889,0.0,7182525.439669699,6954966.79181671,11090425.838445144,414.81600405489354,8226191.099754222,10144697.777351739,74441525.88243479
11294120.282291282,10825672.930344207,6675725.175661822,405.907015820218,8609959.773073237,5478070.98618116,6449845.511817606,0.0,8432170.147690453,10010562.540002363,67776533.25407794
7540827.781236081,10896923.300293585,10972483.458386319,423.0310997103681,3524533.1989072165,5302817.73006758,7100307.341519981,429.08032716623376,9322795.012515571,9787265.92183378,64448805.856187
6890268.73094499,10775712.34130481,10151110.140389599,428.5290538591788,8009330.440052407,5344498.6841121605,9984343.703219363,422.9066041808238,9314241.80419928,10372781.5068856,70843138.78676625
11087575.391272904,9763465.085415611,11053274.64160067,0.0,1134409.8487591336,3301812.8440319365,6483006.748713503,0.0,16186898.363852523,12208008.48499532,71218451.4086416
3280263.945631063,10314955.7836562,4417398.297735178,429.2783127944502,5776506.760632919,429.2315446286412,16296954.651608119,430.2393571495888,14267530.79881428,10930663.18475169,65285562.172044024
10525531.73031822,10754793.153580377,13563890.22299717,440.71703267836506,9795187.516728995,439.6670851651285,12621044.583252314,435.57941610643434,12255648.122930473,11384501.119877245,80901912.41321875
6175224.265475011,11246260.126961015,4138667.3461638037,0.0,15922993.183614299,431.8871964398146,9844394.002909293,435.0575775485485,4160684.3530563945,10883088.91164327,62372179.13459708
13271500.090293111,10649092.541462403,10181644.035595138,429.3345212933951,20535642.22363327,0.0,7604616.520241149,0.0,10895478.659407277,11303296.782974482,84441700.18812813
5583487.94608808,11037945.221740846,6879928.555007311,422.56441944421124,20391906.436156232,422.4936550380488,3896578.040522652,424.4853125975154,9318908.616260082,12081972.15482163,69191996.5139839
12634076.333849523,12140016.11957978,5475103.956279781,434.9961011088667,15031754.244678587,435.30497485921484,7865839.081179157,434.3539886357973,9190926.789977424,7518188.950476426,69857210.13108528
11473079.838844392,9665326.709839802,19954191.88595749,0.0,6066237.814664274,430.6408792555196,9191504.179231633,0.0,6473091.154869345,868.8198815661032,62824731.044167764
12940238.639448056,9605648.83636927,13184686.245411364,439.86362314543754,17726179.685670525,0.0,5213160.205747352,442.94603592559315,10396897.435579678,0.0,69067693.85788532
2395826.94931789,2794958.4852161864,12455774.006705862,439.31373986635106,3509823.113596913,438.7321465812505,19978944.026621293,440.55019267422193,9688770.66359237,441.30525807248506,50825857.14638771
4706503.373597033,444.81831251639125,10604753.186543304,0.0,22879047.133728445,445.9084433671408,3394842.4238594263,445.6661142140301,24978598.269491624,445.27066248540564,66565526.050752416
19063714.733836778,439.7358438722396,13491401.191743625,438.7882761145886,16622210.37555295,0.0,16922598.634329554,0.0,10057319.542094085,0.0,76158123.00167698
13650388.760646485,437.42202347340213,19143540.147357408,436.8497851842208,13057884.624468902,432.86145984262095,5006781.980213148,433.16013232767966,15494007.80303381,433.12220500432096,66354776.73132558
8785926.292329712,0.0,12184986.69467453,0.0,20782760.83421478,442.84499898706815,6698874.040945815,441.7954671583927,8220184.640795892,441.32818511151436,56674058.47161199
11044995.386307498,434.8267078354797,14326836.701371798,432.66871045005144,10092397.916754305,0.0,12970188.031362575,0.0,15667264.569469793,433.1031972476087,64102983.2038815
16625729.119849235,437.34971103539783,10918737.317994822,441.0661656454621,11560724.715068603,440.65732222985616,12563578.090575289,435.4220927735319,14999002.344116878,0.0,66669526.0828965
8356956.707881326,0.0,12275732.658199167,437.6824892735213,8610170.942781225,436.9100800266669,19795319.903625954,441.253028145507,4535245.401912632,431.61451816914996,53575173.07451592
2341078.006092481,425.8092892842844,20427267.270425055,0.0,7685476.190499511,0.0,8661409.55177593,0.0,13428450.069320532,429.30174647077627,52544536.199149266
4339995.05569728,434.13322614771346,12758527.600781197,436.9601487682086,14054886.725866502,443.109429390936,13819328.786338208,442.7653321609922,4079593.251976472,0.0,49054088.38879613
24685260.645240024,0.0,2060605.957668273,443.6216427036853,21024845.318986002,443.39126390122203,2644851.1671973285,443.21458747301546,17619813.48016695,442.47301172233773,68037149.26976438
5547353.775797219,440.21650631024846,7352870.558702403,0.0,3307978.939080824,440.2446150959685,13944479.60379827,0.0,18971861.892165437,436.1606124246677,49125861.39127799
7417958.601563187,438.42354744289975,20974804.16010268,438.8647003852475,17142584.005249504,0.0,17741109.736166287,438.3170239832029,10267619.005999478,0.0,73545391.11435296
6610125.986853223,422.1622293763875,2695584.7511417265,417.4584307378023,6435049.55793122,417.06831621327956,6267801.865138805,1125516.96457767,13392810.889839666,403.98747382856095,36528550.69193247
16474767.279315436,0.0,6011698.250740761,426.4479564974628,8723216.481416829,426.24914306233,10736902.150010433,9921744.868913807,12668375.481322762,435.4783204567311,64537992.68714004
12280582.355205793,433.4786296133378,8628199.470821269,0.0,12950974.82619126,0.0,17395444.10673397,10769386.542266179,11601767.80310883,425.3281957037174,73627213.91115262
7684461.586731797,423.9008763040389,7909480.168418923,421.76045075691076,8742667.292380363,421.1856913687794,11033199.820262527,20239376.10702747,9461070.76011954,0.0,65071522.581959054
10034463.524245573,0.0,5473857.125849745,436.363768774656,4590255.022734335,434.38932022411785,15085421.12231756,15273736.645427385,12791410.439428277,430.0637256158519,63250444.69681749
15541894.418493826,429.16712924474007,3069727.3668217417,0.0,7026863.510017168,435.8236335876276,3307830.4884241973,10162676.709171603,16627080.63452824,436.34863660687404,55737374.46685622
4293214.595047651,432.88407635642744,10167231.443981612,432.7762270637937,14950999.076135555,0.0,5988728.79420232,11461532.961668922,12227494.790627865,0.0,59090067.32196735
6471387.874757593,430.8010342994727,10470700.642010188,5421761.448508224,14757223.010073684,419.37736623722793,11333534.139762819,9521173.648555188,11714405.016086534,421.0391203055006,69691456.99727507
14990216.411777735,0.0,11780580.309222132,13504034.639390009,5760866.939035537,432.14519190894083,2803315.9111057306,10986828.584344015,4727174.92154963,433.3395150854554,64553883.201131776
3977209.0984563194,432.30321904184797,13574656.048230328,16624656.749176133,11602998.548743255,0.0,10685413.379390948,10120110.013884576,9651077.509780996,428.49658429253446,76236982.14746588
8002744.537693624,431.7712313634255,6071235.95793545,8952473.25727617,11328251.248574566,425.31067450053195,11216234.036815602,13488169.693874437,18469030.11285036,0.0,77528995.92692608
7335595.990725482,0.0,11054534.712332912,11344588.592347387,7800191.789435792,430.20543282181336,9682167.34395851,10924583.135249717,8088190.662632055,430.48286827510145,66230712.91498296
12159160.244355679,423.05136716008434,10996473.252276478,11293557.47880858,12867547.810324633,418.129581450043,9724692.775183251,12074065.214481482,14283568.514159981,420.08319177655443,83400326.55373047
10135257.631453302,422.8906143497051,2670524.4917561947,13590256.60134367,13266893.954467744,0.0,9102908.981272036,19869095.628058538,22894278.59422755,0.0,91529638.77319339
17662408.744984336,429.16264650728425,5939760.83433283,11622318.087781003,11201440.939606152,423.79585042256105,2715076.7365711336,11379020.18865675,3341893.921523454,428.6310548913799,63863201.04300748
3337470.8395423037,0.0,11848661.126566328,11452811.189423602,6236001.696669368,431.90387385696283,11056454.877500338,10863472.578560134,5448692.86682518,427.18741141222705,60244424.266372524
15034630.739104051,426.5955160626006,7529552.944161271,12069771.596722623,9721306.552518623,0.0,9870470.757354233,12040356.350431386,14217512.082347086,432.93927801804085,80484460.55743335
15663396.374877142,431.73521336010754,7251912.171777263,12180804.679045614,4040712.7536672577,419.76840101456696,4730021.255449894,11713902.313886523,5805530.890698761,0.0,61387131.94301682
13061957.000018198,0.0,9098150.050405264,12617821.794241609,10144701.984746724,436.88836817381565,6795905.800011117,12287654.940210138,6481242.888029269,434.1315410863197,70488305.47757158
13275765.768962076,435.01160958100496,4657899.939018173,18585949.801928125,11806879.875953222,421.79880026347945,6358501.298028808,11754740.906637534,9782718.90600229,409.7444676030184,76223723.05140768
5781385.986524515,410.6935786044872,9106279.573437631,11793782.345682617,10418555.98837753,0.0,7887846.652065092,11271454.711108357,5460750.718500638,0.0,61720466.669274986
11505429.00876754,438.0372171492091,4313984.41142896,12238400.557625927,6830765.929388329,437.1756321434737,9027709.552486593,10903454.387187166,11057005.484693622,438.8696751027654,65878063.41410253
2918671.7304920764,0.0,5782426.336048148,12396648.110240316,9662664.994892094,437.5926843645507,9660533.348144775,11396612.870070567,3772228.4019032917,434.47022027730344,55590657.854695916
16393843.69598747,433.02969765485057,13490362.610245313,13248686.987711063,10904450.888516227,0.0,10922097.304342808,11327832.772079881,13397921.15311426,434.6895424660202,89686063.13123715
13749583.839611743,432.6769862150514,3681014.992315327,12533530.366651446,12051020.421541745,420.0942364131654,3841170.643734063,10008199.869854912,3235284.134743932,0.0,59100657.03967579
3903822.97501909,0.0,8911431.604184452,10322029.261108465,5308335.127985539,425.9860592099542,7221675.887961137,13088951.085063767,6876565.291841318,433.55947088180983,55633670.77869387
9733218.058166254,434.0814632887386,12341993.940700075,10048624.602444215,10530310.931154937,0.0,13446795.519744003,11778457.62292379,9663000.220775466,428.7547437905858,77543263.73211582
10759855.246846115,429.0757547954551,6192990.979533141,11526402.547553968,8206364.303913399,426.9467983855781,6211486.3389500575,12272689.777295263,4928502.000795156,0.0,60099147.21744028
7669886.580581689,404.4313879264349,6726874.505436028,12076249.340597035,12474446.467633478,411.22576069781087,10764340.477439493,19923754.255295955,13345092.0505078,427.05837432948175,82981886.39301443
5339515.838727652,0.0,6690440.635310511,14969882.654044708,9222962.852187773,428.0909474232138,8043322.646608378,13247538.59758656,13992827.407474106,432.8733727734316,71507351.59625989
11018543.097283363,433.5871094543317,18095228.55934713,12322786.589505132,6556125.885108066,0.0,12736133.018636478,10977480.69144979,11816065.289047167,426.08658256395324,83523222.80406916
14903153.315831296,426.6854753661423,9882435.710245939,12567932.9011727,10806233.965821097,419.6015624706912,4627706.888293182,10050284.565201795,12556474.270165427,0.0,75395067.90376927
6524726.188573582,0.0,12651122.831928968,13317535.120811205,2545757.0001339735,926975.4477332261,18523933.20069367,11477325.73362552,5961178.843254409,425.9500986981993,71928980.31685324
10492560.864020258,903.3596356471666,3799364.4424757217,12633286.133186117,4677666.855113188,7715740.35316388,3602451.6301837624,9900776.55614903,9809777.928432256,1394.235814537528,62633922.3581744
5085936.547718092,426.86197810930423,6967418.074937767,11082221.810961397,9163649.306331074,6124204.8187936675,10538312.232132284,10567292.046972994,6173066.855962625,0.0,65702528.55578802
10733383.558571497,414.16941303097406,8768014.959445203,12529936.371644137,7664774.409184443,5964539.147604095,10322906.683577744,11186560.848518908,7480983.125810705,429.78371050963096,74651943.05748028
5639948.141839588,0.0,7363019.5657004295,12180289.321912574,5903677.585963011,5312384.412167812,7347878.427215811,11111149.760003325,6402645.419791128,430.81403253938925,61261423.44862621
8436417.985688098,431.2393505660634,8599596.821804455,10611103.630375026,8101656.680232696,5452461.260488174,4291534.619612414,10247915.576350447,9452941.105138857,434.1037394617609,65194493.0227802
7035663.510959943,435.19695086771736,10848645.66631901,11056141.929877467,10126101.061640684,5414859.585531331,6281128.68292792,11271925.316273266,2363755.8685618225,0.0,64398656.81904231
10237384.90058061,0.0,8950100.935342481,9539284.888179334,6678591.685373195,6363672.1714481,10341848.922471737,5858880.574606027,6896547.1214520885,11949231.383293482,76815542.58274706
3072952.0712098354,423.2648266083831,10273949.687123967,12286704.213089425,10899252.155692821,6913564.276706455,2309833.1523054074,0.0,12446140.726721052,10631560.448625555,68834379.99630113
11048108.628992945,2254324.4192062896,1551801.5247146473,11549389.829171022,3269219.4411683385,5943660.41704665,3953139.0513195526,412.0400328033052,6412298.2713938905,9940617.525520712,55922971.14856685
10479794.306085577,10446002.408502853,4246255.88961071,11472268.156493742,9681560.762250312,6224777.712200053,4844581.662702197,405.5287069552785,7060725.830642735,9362051.498257209,73818423.75545233
6692873.443189174,10992636.944188328,10004739.02590036,11124799.061589008,5937830.239659857,5790591.247934335,10457658.887231933,407.599155188722,6432253.692554489,11406112.00437701,78839902.14577967
3615477.816480985,8717238.753621498,4178250.9464128115,10262190.835078,6992044.886038761,5277638.08180844,7539633.262054911,0.0,2356099.839652199,9230311.390739655,58168885.81188726
8343194.675239312,10067882.983662495,8539427.310348546,9570186.800757678,9112710.690371651,5515443.973945428,7536385.947887547,410.8817484229674,8339589.4412025185,8349425.023422383,75374657.72858597
10958973.88358125,10330170.057303926,1645386.2653897568,3189653.0360539127,5024392.798849627,8474247.519055048,8185106.44979401,403.9891762057123,10069466.22037408,10853276.858634967,68731077.07821278
6209517.68724236,11390659.347512558,10897361.070005784,0.0,6995789.940335962,4826751.519411384,4591223.549912901,420.86766306938193,4018069.3605411593,11535038.594916634,60464831.937541805
9061669.288147146,11080805.670554314,12108309.41646576,428.3842556705541,10045025.554056164,6432032.6070940625,7057687.868026894,0.0,8841571.373924693,12925634.927912127,77553165.09043683
3968047.9537546723,10115490.16940225,6436488.628422043,434.9582274887537,10303979.393996768,6122063.660675722,10547593.681825727,432.0452203397105,6487308.764077351,10417283.324168205,64399122.579770565
4994798.365260984,11452994.542830657,11464279.512945963,425.58983758905714,8376536.326559998,5286023.5264069475,6754795.833765049,424.8030075372002,8115575.183882093,11197616.823708689,67643470.50820552
8431339.44727837,10968924.247279324,4920571.583085967,0.0,9071553.02890873,5381351.945503378,3373012.161742922,0.0,9442439.086237146,11404022.118732588,62993213.618768424
7559537.624992833,9573054.099229857,7777972.939075797,435.9482050206025,13636824.611392122,5480703.908012375,8374804.864987454,437.18541031586545,4687927.0283752605,15350866.476287827,72442564.68596886
9076728.1156458,9535597.712473603,12368620.783078263,433.3114417636825,8117774.757784104,5564406.2782132905,1915860.0483308474,428.32337483599593,10379516.919884397,11550316.108840168,68509682.35906708
10088176.735127566,10525764.856547143,8216461.63068176,0.0,10136178.012766762,6989447.009325856,10117724.685551727,418.10526761744495,5732526.49194534,12829578.165419828,74636275.6926336
8229488.363211985,9975121.449812185,11674131.995406762,421.7034695557952,10159836.813239466,6200509.473361047,13092068.302332517,0.0,10912360.025576659,11037545.91986444,81281484.04627463
8625270.70092024,10374759.126250826,6455501.202734907,430.68537529604373,4443004.959499766,6345592.949884056,11220977.603947442,418.9621225442812,4821541.535983314,15743920.456577629,68031418.18329602
5270490.7056652885,11566967.832302151,2867719.7707522875,431.3056831425242,6325605.171554146,6566169.043605298,7002797.427094137,428.92172285729384,5417586.645534853,11237775.53572485,56255972.35963901
4954476.087176601,11178213.300560033,8343838.103372009,0.0,7557144.441173956,5291702.110509204,5777630.464926743,0.0,7396737.23660224,10595211.328944417,61094953.073265195
708973.3656501147,11264238.448782988,10244977.489423672,425.7080865606294,10189107.174346024,5399248.9152630735,8234745.699502342,436.7201507689424,9697393.547695685,10872422.888343018,66611969.95724425
8833255.441942023,9548202.807453053,4602220.436799226,425.91928023437066,7046472.770937592,5309076.061997263,8759893.345669283,422.1681605209785,2690097.759485046,11333693.125899147,58123759.83762339
2913087.450642206,9523856.240213163,8724757.17538581,0.0,9715273.271630798,6209244.599167805,6076805.569489891,428.9718967833488,7199209.202768897,11340925.663680125,61703588.14487548
2652628.4896423877,10243120.590740137,11247407.807464913,417.39351962423376,6082895.544839097,5930300.120125182,11848230.248330833,0.0,9260154.95752709,14199800.399397656,71464955.55158693
9878751.747240487,10441116.373804355,11454247.06754759,412.4648990178363,13103612.16040092,7463746.64167408,4767151.019412221,429.01111190191966,6115436.528031627,10490163.950742014,73715066.96486421
1838886.1254988275,10258686.761587724,9582571.299568377,427.6055045715674,7550708.649734725,5616032.059957497,7696056.674113704,427.71351780725183,9027280.99507737,13224814.94040016,64795892.82496077
5127854.900732529,10037914.382098433,8706105.5089876,0.0,10457278.63233299,6525540.977966693,4895128.748732792,0.0,8219501.914874324,11080677.862784794,65050002.92851015
4319169.213982247,13543579.881769063,6814259.136661609,424.90647066284885,8356159.669481658,5319057.481565467,7340370.15383808,428.9239160076357,8158838.092077222,10033317.342630964,63885604.802392974
8682589.878095975,6203355.650946545,9240631.31415039,422.6738050544942,8441084.156230947,5294606.930324461,7105295.545758368,419.28242824303254,3064682.5342084547,9403407.331075415,57436495.29702385
6375412.271321452,10631884.373692153,3428259.7058824874,418.4768829855806,11275005.562215747,5328897.170557937,8149819.417476841,420.176563547433,7909186.529373466,11935200.313408861,65034503.99737547
11436852.886603221,10327277.247080144,4917503.314831122,0.0,3152324.024951879,6772868.771034354,11605212.241850188,0.0,9124689.183941292,9592723.499415897,66929451.169708095
3617384.9321474335,9736630.331367197,14874065.426757094,433.8841662895196,8685291.27242909,5833255.725805907,5570768.633195023,425.871169093579,3193681.4428583286,12682430.114140408,64194367.634035856
10442878.665896134,10528202.202568296,7135990.130471629,421.1007663732807,8018375.0620278735,6713805.319243008,8718171.140312571,416.10210330121936,7427101.110705077,10719069.971385857,69704430.80548012
4094981.742794157,10677193.336293036,7965045.166508841,0.0,7040592.237034558,5384799.438691307,7325451.916956396,430.6335101984417,3671632.2206106326,8483257.870961782,54643384.5633609
7913987.923923839,10790488.065148626,9401254.664291734,424.71625929458315,11640174.15997616,0.0,9124784.132865543,0.0,6907135.478998138,12450554.173273247,68228803.31473657
4836123.73557841,11713615.22339451,13827665.744334927,436.45202913631636,9047743.597351747,436.9426044373007,5776575.038177886,434.6149405759301,10135857.00232326,12885464.72403693,68224353.07477182
6144093.49268788,9618399.532570872,8209850.630743289,434.60527704747494,7971421.120365793,431.0299548730781,6660764.894498361,433.3057529291087,9865700.334602388,14224212.725648142,62695741.67210157
10895530.522723028,9087230.05135414,2963622.2257755334,0.0,9611402.310977487,0.0,9108980.059948398,0.0,11803842.340425415,14746873.082593372,68217480.59379737
9368617.79217238,10592135.640903361,3216765.3296927074,432.0788790697345,10753275.072389603,434.2617037807486,1197996.2117723797,434.8492484127831,6710825.597669531,12225993.99125872,54066910.82568995
6531411.2157216435,10750795.139184946,11124815.136656968,421.36649124257394,14341297.818797978,418.4332213294193,8966471.387536524,415.68130106547363,11515237.325060824,9860813.197537795,73092096.70151031
11077080.94283697,10698783.13572594,5846469.246190195,0.0,14722229.780279148,437.07588180840844,5690220.476328555,0.0,15049257.888623634,2245812.0043775905,65330290.55024383
12608267.96995419,13211300.82706359,9933183.829375021,439.5831825854601,7312308.776003617,0.0,10382396.799692372,439.4365739737303,4363798.649489822,0.0,57812135.87133517
4809002.867577689,12258452.401727308,14791924.763376698,434.0188588945946,9092699.66822441,430.7179931406576,4852014.498631019,433.340074723532,6738879.608950969,433.77722007289424,52544705.662634924
13041891.016215764,0.0,5357179.270322831,0.0,8058404.712885188,434.2042914767229,8750750.48695228,434.8158140607729,13324024.416318014,433.61297712126765,48533552.53577674
9838579.563601758,433.87088863037746,7808920.804324981,434.5150423137579,3388050.5710511184,0.0,18411893.684893306,0.0,13826009.425420782,436.7134247671224,53274759.14864765
3486848.8552876143,437.88268512563485,19004825.7633381,437.09049509103437,1195257.0093031963,443.7116902917994,9892675.510105442,443.1332270364928,7217945.500909708,0.0,40799314.45704161
6271428.238254309,0.0,6582977.096076196,434.4773461753024,11591986.701661676,429.50955761878754,18729939.256802376,428.5937340336392,15634979.896045696,427.04659814177603,58813030.81607623
17348611.421902206,428.3000478449865,10873495.154579232,0.0,14140173.993582318,0.0,8390489.260919074,0.0,2920488.09187901,444.0492293576363,53674130.27213904
1621173.2397722579,443.76587333513345,20578788.198074553,441.0286768784289,11244128.156275846,440.16867186972206,4674870.829622454,440.2480808112615,10844898.362383042,0.0,48965623.99743104
6270134.6199788535,0.0,5381156.329717523,443.30320091775644,19300689.4591343,444.1942282234578,13965558.389785692,444.12926094342833,13187922.878914464,444.18325202448443,58107237.48747294
19478740.6586046,443.6368924927514,11340717.978029568,0.0,11055316.681405809,443.14415140189385,14910826.7377271,0.0,14933094.839777406,436.09476194385496,71720019.77135031
4759796.666185709,436.6503430603346,18325584.253545757,426.09505934701144,18133353.462300252,0.0,6102846.337119927,432.50577027846856,16961390.314111914,0.0,64284266.284436256
6518895.160648325,431.99766198469945,8353498.230620488,438.93741901824,8153745.119426251,438.97139453235553,15333112.081238797,438.82882835754526,19809012.859629545,438.9647904290843,58170451.15165772
9514264.649270093,0.0,8943476.004311142,0.0,10503531.033109173,443.8953206868907,8560901.658731278,443.6813770332986,12376693.065524526,440.9576782538017,49900194.94532218
9609436.836298732,432.2466945976085,10768089.533299293,431.8854361209325,15202290.711536346,0.0,9466972.627018135,4104543.1639267276,14312113.632548274,421.77538326105997,63464732.412141494
9208675.35172816,429.9691223424135,3571234.7862940435,430.1122374162321,14222892.229257043,429.56894300311177,11987345.942831334,11413156.814207342,17459795.93210514,0.0,67864390.70672582
8384745.012419687,0.0,10480728.46205498,430.0155002995614,7853098.07393748,430.2438624085345,14499225.44770187,13549883.075168174,9390645.135263737,433.3560250163859,64159618.821933664
5350343.8508389685,442.5560755275075,14609802.53392289,0.0,16201205.443622693,0.0,3557108.6793348077,18789765.835028388,7639681.557215437,436.413428572915,66148786.86946728
7124749.219517675,431.6010089511616,3202384.8308816785,430.69541811728175,8776765.197173819,430.54243105655013,4674897.401950926,11966445.310923018,12871113.556838095,0.0,48617648.35614333
