79819622711.2218,13953604284.28821,94174131576.89828,12662449825.74584,94244355559.04826,15370551442.270733,94563901560.19975,15272413924.72414,99206734186.18161,13835416384.801786,533103181455.3804
6754031.738504451,0.0,199819.61205351065,440.9871374931495,9578699.162568737,0.0,5080721.949316711,0.0,10597509.291542705,0.0,32211222.741123606
10165789.089234542,443.6713061253813,1387028.8362478816,443.9543455581432,2238496.6983419326,444.7338079626659,14404706.126085259,444.8671629311305,4638436.9781916635,444.9131727290326,32836679.867896587
5731735.457924698,445.13568764932626,1391212.09778033,0.0,4159343.417628172,444.05853387401476,9750678.433205845,431.12493326797716,8908210.34912067,422.0420489541846,29942922.11686346
5578483.238287496,422.27512677067847,2602493.5168128894,422.79656532089655,6774470.669300573,422.8694740958919,10968299.209663862,0.0,4395730.32014385,0.0,30320744.895374857
6295875.747094762,0.0,1414407.9280789078,442.2275042355318,5352721.216241201,0.0,11820658.048616262,441.3244121438716,1019998.6654193442,441.88099234283857,25904987.0383592
14839824.60016731,441.74312113813806,1380074.4083478707,0.0,4112123.3371074637,441.18195727433334,10320841.050959297,440.6317645441804,8334271.480777536,440.26897252870174,38988898.70317496
8445857.792324953,439.8841900546866,4296007.52931139,441.7575635230614,229875.52350992593,441.47208973352247,13778772.666988868,0.0,13469209.140696116,0.0,40221045.76667456
320409.0574024972,0.0,3171998.6013696617,442.2250757921549,35383.89343202754,0.0,11643561.733890455,429.82582717733106,11197122.113181252,429.9112787156896,26369777.36145758
1285313.3807963282,427.85649892571837,838629.9928886635,428.5909968182439,5672620.965391318,427.52187495288433,8505587.782745106,436.0670861137151,13975515.510433558,432.77418040107904,30279820.442892186
553343.7611967984,433.54667989746133,5398845.790623246,0.0,17111.706727771474,436.12782641415754,12166554.439356623,435.526459875529,630785.904041849,438.03435798367195,18768384.83727046
1832603.6526747944,0.0,6662528.228834946,443.2819226514666,405499.1603669359,0.0,4891190.980827578,0.0,14058175.347689344,0.0,27850440.65231625
6182335.107259876,439.6005556620628,10166506.735788582,439.0665539594516,1505133.2418749013,440.0046508009081,11500967.610927084,440.3404237077016,4421212.98242895,440.55568770237335,33778355.246151224
6140284.602805743,444.2300026367846,12605888.444227176,0.0,10056559.450122569,441.9912930654074,21917163.718633216,440.1714627285452,4627385.96431416,433.6973252832393,55349042.27018658
6235099.786400322,431.7104023961587,6359983.471314448,431.5654818940071,3952487.701952612,433.0842843221825,11544123.736236451,0.0,8633313.37801608,0.0,36726304.43408853
6992710.782518674,0.0,16759038.148984792,440.0476403950157,3595800.655348222,0.0,15391467.595452605,437.06117462097603,19415368.938147075,437.009470109722,62155700.2387365
4083215.8670420703,438.7782348537436,7956828.203316339,0.0,774998.5535403597,437.01155702735946,7015357.89517977,441.36736974312214,5792555.817228043,441.92386435848834,25624715.417332567
2277956.2705729855,438.0203486120527,15482022.730699359,436.0345974717232,6751770.439886034,433.1990916285489,19455440.504609667,0.0,5784035.167115542,0.0,49752532.36692129
4232381.292184886,0.0,6393378.974144375,429.71004912732144,7994819.159371148,0.0,10617073.57038382,439.37318261455584,15387325.93030816,442.48934967932,44626290.49897381
4605944.082403877,443.596130977759,13654217.424544139,442.7743881921312,11746086.242162645,443.073055143095,14669551.713475382,443.172147546927,4271250.3511760775,443.00042203804327,48949265.42990602
4626569.57167594,441.9567514739824,14674573.858143646,0.0,5486665.677669947,435.13364813857424,4473608.960420519,434.34789756352876,7212172.407153897,0.0,36474901.913361125
5619904.724737212,0.0,15666533.101343991,431.77873201213197,9137706.546752311,0.0,14176222.207567746,0.0,15865924.541552024,435.75137704571017,60467158.65206234
127461.74635268547,436.340598069605,15684139.367918195,441.4685079151229,5648803.171715464,441.50916980923535,4955366.825684536,439.963784814666,6363517.425413913,439.77148009756263,32781487.590625502
12490860.931601828,439.99743860464275,15950408.889993055,0.0,9550375.368718015,440.037926127981,10306281.44130881,442.47291447620586,3555138.3498623534,442.2174992202361,51854829.70726249
6411870.722296061,440.8307105217406,4948104.639145924,441.38923876003764,1430424.1652669047,0.0,18370697.82481059,0.0,8478334.65866987,0.0,39640314.23013863
11060205.27379465,0.0,9469639.27547327,439.5649471314479,1777678.4811305187,440.42895132688767,3825794.5213242667,438.77746982413953,20770116.573002443,438.98431617872,46905191.880409606
6834307.4004425695,429.590941757467,16587928.356881002,0.0,2916049.2467972944,433.2712500839312,9045568.659539646,432.657831555222,3947596.3632773054,431.5381929447573,39333177.08515416
4274904.334475884,440.371149065959,6506044.550187851,436.2188268238494,266931.99558324734,432.74041326087126,14769571.237262834,0.0,10499333.590515047,0.0,36318095.03841402
10005184.089218527,0.0,15520266.098976215,439.4813713325725,508080.07622319635,0.0,15501520.506858177,434.53173572823016,11776826.235223955,435.1459686230519,53313186.16557575
13130200.10595431,434.8658735858736,12459963.661249217,0.0,455204.6019362171,431.4554221618355,8635452.420282595,435.26243636505933,3308206.822441256,434.6741507971104,37990763.869746506
7865054.677506033,427.67254084657355,15689281.648201412,427.50707746093065,5725610.808633952,433.79619356950303,10290980.452560078,435.8698677040139,11677410.822726252,0.0,51250063.25530731
7768081.841042325,0.0,10535422.488047533,442.6827738229393,2308946.445159505,0.0,9261003.480861062,0.0,11452700.291375276,442.66554560062195,41327039.89480512
5831650.846805404,443.21458747301546,11110048.579882182,442.89020171611037,5912863.370501958,442.65454749332974,18995916.88112893,441.7178250080631,13929255.279675663,441.0401740443694,55781946.475329876
4095330.4032531106,435.91214748123474,20169045.613598086,0.0,9884781.381634448,435.82684135249104,2768256.005299535,437.1425035294649,9061679.512102462,433.6210088659799,45980835.41838887
2181054.2776300865,0.0,3612328.3079713467,438.59948172362294,4735101.5835683895,0.0,19431566.225717455,0.0,20357919.504160535,0.0,50318408.49852954
16948745.319103133,428.63205872058415,17527809.800023295,421.97826962715294,19998593.3262317,430.53920853693745,10588057.343103927,433.08754505354796,8725636.71603532,431.54790556501086,73790988.28948487
11642337.682925317,430.96693595153084,19708123.130542237,0.0,5287143.573735144,440.85300906486907,12516230.788878433,431.0982538651322,10643474.604724606,430.7801097028267,59799043.47911433
8587486.734329462,429.2941485532587,6371536.1573685175,425.4388372451772,7122414.418730306,424.0090797143403,14677545.214975914,0.0,12529676.1920161,0.0,49289937.459485814
12712699.466643523,0.0,11909759.684322115,435.57922762726355,8257629.7400830025,0.0,11178206.197059784,430.1181183781668,6559104.637704727,430.29259879072333,50618695.71575794
10346977.618736643,425.64850390464534,17708274.36462928,431.14025926245563,11171417.251092568,436.11979601041,14088267.339548945,436.6115180384788,14427251.414949145,437.25652882416983,67744354.76556262
1732411.4458117294,434.7640760842454,10006569.947919851,0.0,12849876.822044825,434.62732553194337,8886339.558951763,435.54389066501557,13895017.578973167,0.0,47371520.28899361
12711393.32204762,0.0,15830429.006847087,443.23185845929356,9110834.48753164,0.0,17429238.785454903,0.0,12769051.269840281,441.36785354748866,67851831.47143354
4644802.131043276,440.8242434009357,16455480.966555698,441.6785781276223,5615162.470591205,440.507297605099,7470278.078702516,434.3005804362753,15752196.350236526,433.54303880634427,49940110.8508676
7853871.026512866,433.9790036226964,1948680.3623428945,0.0,7297541.926247862,435.60005556250326,11669405.191992907,442.3980476408334,12640365.891107745,443.2159534907067,41411619.5912646
5825225.983090625,0.0,12565934.564474149,443.974611446725,14105134.184883598,0.0,19796361.347023237,0.0,9025414.209849505,0.0,61318514.26393256
9319119.842407696,437.99690636197306,2643426.6197765474,438.4980300687586,15036373.450159973,436.1323613610472,9439536.162540147,434.0439359157225,11476650.957200794,431.2113639707843,47917284.914682835
3487929.5667616683,429.5629853948673,15189320.176937848,0.0,6990739.840846119,432.30999554219073,17667613.887335837,431.5300531807152,22258913.959968124,436.47483316744564,65596247.30971689
1797304.450770645,439.11750130867216,7739828.614443803,439.32946186739895,16925828.98600545,439.6271458471859,4059457.201868486,0.0,12002597.589874992,0.0,42526334.9170724
5956966.843849199,0.0,14940527.91798591,443.61910117410224,4986566.398513451,0.0,6788718.589103255,439.7602410957037,14612045.807941142,433.57627770198314,47286142.51301293
10670218.956101213,432.13183495903337,16952066.788028114,0.0,1928873.8160757557,430.66225094731044,12102223.710032936,431.7660458821115,22589832.899134792,438.84738542103076,64244949.57689002
7903325.083563728,440.24172704157274,18630581.906125207,440.2998805026935,14247177.571691085,442.84850576517874,15138521.16636398,0.0,9950904.38905393,0.0,65871833.50691123
258044.05133494985,0.0,9574195.059852948,433.3219804912486,6630780.117644147,0.0,9038636.922537183,437.0831883275776,7174791.058002862,444.64707680401716,32677762.261617716
17290166.21200672,444.000166726175,12115730.083771154,435.99550418721293,11494510.324445529,436.5381481344958,12255582.460197115,436.77851463719844,6203392.129312427,430.5056051354481,59361565.02767177
3123316.8319180864,424.6536397691607,21255124.62047397,0.0,20141358.030081715,431.34588063388543,6711041.645534389,428.22060934571726,7810640.653533191,434.4450002265807,59043200.44667132
2077142.0114416985,0.0,7486502.84532011,433.88173510805524,5971320.583836271,0.0,12500523.967889758,0.0,22494115.310075823,0.0,50530038.60029878
5913737.2421835605,433.27171630197097,6674384.986966554,440.4242302399131,8988970.460563047,441.41836855955245,1859126.7208621325,436.4410537716273,2150873.993528272,436.42828141288703,25589281.387753848
15644339.067812966,438.78091247836625,19948450.36049781,0.0,25392657.353766892,435.1256543042897,4234718.205741175,439.8808261762909,12255101.570757365,436.29577683330547,77477016.64174598
16477563.52688786,437.16110809286135,1026754.2961399382,440.4202800204234,8944024.505780086,440.5003580643912,16523940.671867894,0.0,15584755.742548011,0.0,58558356.82496997
2117693.5751051195,0.0,5764326.319021115,444.1687485935411,17005960.479642376,0.0,10998197.789145932,443.64168270698065,9982455.273109226,440.20264576479536,45869961.44910083
4684764.381386655,435.02335915974874,12451054.882830685,0.0,11498851.14779669,427.80067674100167,8854831.6621168,428.4745150928462,8871084.148877831,431.82957661195616,46362309.35113627
10235444.402339388,436.5630438021115,21746518.774711553,441.90407624066347,10037780.348957347,442.9587053320959,14247064.289303957,0.0,4980455.586050027,0.0,61248584.82718764
12111280.849920744,0.0,5483701.568976023,438.97235166525815,15326368.132988028,0.0,12233599.863069147,433.6694858281185,10790691.30580929,431.92073788834745,55946946.283338614
10477737.135792777,432.9036233956406,7378256.5826343065,432.4458488426567,15063257.881960608,431.94863129203594,9680636.844191857,437.1415543595039,18721258.42098444,441.14154894950747,61323322.446770824
10472750.15821791,439.3537181371506,15058569.22259489,0.0,10045699.576328512,438.1683976711586,2511046.649616756,439.12947373587,5693498.153912429,439.7749383675561,43783320.18719842
10570746.288088068,0.0,11689325.69263577,439.36023806556886,16478652.244807433,0.0,12111309.719631236,0.0,21538256.31125004,0.0,72388729.61665061
10801811.049557453,441.6267441732931,17713711.57834098,441.4920328121433,8171755.755012521,435.98143609731,20820650.115826767,433.1230436202497,5271177.543058316,433.4474587035971,62781291.71251144
7782067.752769682,430.2210612512843,2878399.625892261,0.0,19396785.95846329,431.0134371511056,6089808.135807653,434.4305632998034,18399720.8595734,433.568994586595,54548511.56656258
11548523.45764197,439.64010612859903,14502903.929253768,439.04204215468116,5372084.806866968,436.74165641844087,17050181.588783313,0.0,20720987.448385943,0.0,69195996.65473667
14105546.938901778,0.0,10381991.730807487,437.2726737636081,14179337.073372139,0.0,15503239.06916854,441.646991877445,14825181.07284573,438.2365929940166,68996613.04135431
5150122.323258346,435.1541513150813,15081272.626518488,0.0,13804766.297666728,428.6527751547939,12292233.25516789,429.3883634274273,17297733.93220071,432.6772651789377,63627854.307367235
9158420.585726203,436.2274279956881,17073603.141777247,440.5528919691667,18117359.45436162,441.3764654426829,14076923.687778538,0.0,19531493.960294433,0.0,77959118.98672345
1818801.8607850058,0.0,17185882.18160122,434.89424263547824,9159478.63618483,0.0,12361246.647688324,433.4488584986092,15623447.58500324,435.01518138579735,56150160.269545145
10719687.461685732,435.05099667110017,12748717.732579948,429.9067804192543,16928705.039924935,430.1503746386242,7758241.092362554,433.6256786217823,11151786.115127154,434.15766100797964,59309300.33317167
2930707.164514964,438.44789474807493,13494470.019842628,0.0,20250148.159306638,442.69688833769817,15594968.983598985,442.9206992866685,4907414.679340598,0.0,57179033.072086185
9357227.885143483,0.0,8279294.874420597,444.3624671241693,5803430.104036845,0.0,12790108.909901606,0.0,23387616.97601092,444.53868587609145,59618567.650666445
5541535.4871757515,438.0004320685357,22087896.507368594,435.46993718424216,22556720.000058852,435.894970332529,7955407.731912349,435.723273271486,18577188.93997712,431.6532924706925,76720925.408398
11240486.166093603,438.1560008017653,6909108.633483702,0.0,12132686.666703397,433.03957067420924,4438401.155360327,433.68779593990007,21749238.380317952,437.77299738784285,56471663.65832379
10466006.769781,437.5722360682731,13941577.66082849,439.3593751227556,8245928.254726478,439.4513455410311,5624109.931958417,0.0,13568061.875144538,0.0,51847000.875395656
7686279.081964642,0.0,14811838.870327305,436.21154917413503,11903706.191314077,0.0,18777789.134126227,435.3217290260698,18152983.670343414,434.5425214814367,71333903.02387536
8953768.631512532,434.03186489831563,20635287.99209658,0.0,4696992.044969976,430.41632843290785,7666444.861406016,427.0025790688204,10312509.111493692,427.35353453018973,52266721.445785716
3542623.97076915,427.7694081371265,9195628.03356809,428.70735931344336,7950518.137202909,435.638323838408,11364691.227488985,0.0,12006992.515631123,0.0,44061745.999751545
8525282.300987726,0.0,9663960.649489973,441.1231839759998,12880287.088947264,0.0,15979575.715146227,440.88264741667695,14828132.241319053,441.44575988478755,61878561.44748152
14657793.9584778,441.5252430041857,7299824.965908551,441.6203505471596,10365418.996699933,439.8241285401384,15886572.5714687,441.1316896683645,16525941.786190294,442.5778679181781,64737758.95802495
8055220.762384162,442.621069893453,16617190.82259139,0.0,7602876.710107882,442.08339801947324,16262134.523374692,441.15440534083496,11794560.791043822,0.0,60333309.46837519
17540609.580119256,0.0,16787633.11510775,441.0851056930804,7543911.791167462,0.0,15207709.104830198,0.0,5108530.442560886,437.8533535071597,62189272.972244754
7861648.090535633,438.18756651931756,14577010.112621874,438.5013728311424,12470940.792108703,438.91885433982833,7067053.320708771,444.31902261843464,14463652.68851616,445.02371377945656,56442509.95502124
16466738.973450076,444.95702853050966,26320163.573221195,0.0,4701396.85023306,427.3372973732522,8854179.352337642,425.3838238581548,4515689.54907471,415.8225331173462,60859881.79899956
4963505.488068766,409.7418824633693,9778950.430862484,417.0549246583004,8802443.054618001,423.1895575741346,21058562.228074767,0.0,9237243.739854956,0.0,53841954.92784367
10720616.933849597,0.0,14894964.376287736,439.48837474303804,20629170.56247093,0.0,7447374.695341854,433.7373157209979,5289214.839663714,431.35669365164523,58982645.98999795
1079040.1056175858,429.7380246359129,9662134.977945581,0.0,6653430.210265683,435.1209521860265,15751606.664876133,435.75713027871785,15271630.654376756,440.4252900669542,48419583.654478915
10225632.924276382,439.7355557322323,13270332.076767882,440.6598299360898,11672646.954317287,440.6654241528489,9809532.908086471,0.0,9888482.23767737,0.0,54867948.16193521
11508466.028357381,0.0,12912809.251482554,442.5903216764769,9922590.525901344,0.0,7168611.735164541,441.6147320588373,15682405.764586937,441.0383383221989,57196208.54888482
1874325.978419358,440.42451928314574,17621209.310824983,440.6821111948241,13079765.053360702,438.7371182940981,4510259.355116659,439.70357453847595,7092257.450698447,437.39702974298007,44180014.09277321
2265998.6290325345,437.5132795883876,8142636.6876336355,0.0,11168763.289323555,434.1881850419606,21531563.68716294,429.27510917030565,12814118.56336453,0.0,55924381.833091
18071788.91675113,0.0,16196413.53122192,432.77808768306,12991988.468200142,0.0,2338109.2851432343,0.0,22803918.040870152,438.88976645559285,72403089.9100407
13253505.708823705,438.8016651773065,5721880.464901799,438.46918892171954,14016045.752718695,432.4932272085444,7457331.004371037,431.4034638858211,7385045.537445804,432.0963132007626,47835981.73211943
6442490.562795277,430.1819923064645,9074680.957206238,0.0,20010342.857923362,432.14361500381324,7273810.175480115,430.16921600317255,17060674.74057482,432.9325748731426,59863724.721378
10825612.674003018,435.815331356657,12010857.544696609,437.9443133709601,6202204.269447058,442.38638236383747,17980389.308946017,0.0,18647501.01183718,0.0,65667880.95495698
18533108.21628395,0.0,20369524.39432158,443.76156950497693,11926527.359103145,0.0,20471045.08907287,437.7089430844817,13153180.880992578,436.4031173231755,84454703.81340404
11419341.529506698,431.19363177072523,12782862.670820735,0.0,9493500.684157796,429.9710507313775,12341777.059256751,434.2907435162679,3045295.4367650365,435.88874159108906,49084508.72467463
8579868.83172376,435.7244991994376,8989725.44558058,436.3005989293085,15004324.37419241,435.6698106633901,17338722.501901273,0.0,8523214.358029798,0.0,58437163.20633662
13816868.447005903,0.0,10132723.672335897,437.39674465986957,18291030.222236708,0.0,13273591.195503367,436.97740997131916,9319064.400850406,436.38760406729756,64834588.69969098
15130687.060964016,438.96593895450945,12215579.320835616,0.0,17094529.115576364,438.44331151932226,12913747.651309216,437.16015884210634,9369443.677993547,437.6135150591548,66725739.009603135
265602.5949266025,436.9780738909809,15529276.042953474,435.4764365471561,4673756.884518878,435.06688512942014,17992419.322643943,437.5811760185025,15098211.754667427,0.0,53561011.70228191
14023330.133105002,0.0,1379258.9631131878,438.0824922448098,13604557.483206805,0.0,17466502.421248786,0.0,7608238.9877888,435.2048532442258,54082761.27580807
24600556.38117102,432.0792499940444,13421707.554264233,436.0847491219349,16002836.097706465,436.22137878450064,514857.376344888,436.57430931487056,12604454.067375092,439.01715015412634,67146591.45369905
5596744.318441952,433.79516540646387,14542621.333033351,0.0,3062216.878665328,432.60363119878554,4018332.938705261,431.6126675413547,18287478.30686644,425.35605289606394,45509117.14322937
15309227.39691363,430.3598363352293,6410368.027775634,430.3500851288047,12268359.732132368,0.0,8453900.80608285,0.0,8054877.585677417,0.0,50497594.25850336
15398144.32468089,0.0,9071751.995807063,438.0757242145543,18651750.768350054,438.0855426930107,13881112.32906932,438.20816774822094,14179450.525604088,439.364169292392,71183963.67711537
11754074.870150696,442.767669165822,14696428.23044044,0.0,12509121.742707053,428.134280732653,10265750.97503805,428.96357934650183,19881209.889747135,429.0717311897783,69108314.64534383
19054802.379119832,425.75165905962547,21436425.127751652,426.910856544031,5885203.501293714,439.22527666119436,10600931.353982184,0.0,11221713.36644947,0.0,68200367.61638913
13342478.17892421,0.0,14784476.486020071,436.0243041154781,4871516.601729758,0.0,12929427.426364066,433.77432278845794,12244543.641043337,437.03641185143505,58173749.16912019
10798077.959276127,442.29220778792813,12139460.496992335,0.0,12425801.782283692,441.90562818586034,7977759.388911638,443.91959435562325,17068495.30469343,444.2036368257734,60411367.25322438
7125672.5931416005,443.59505583535787,7972695.708620191,440.34995870487285,16441757.299733112,439.46669367585525,13336731.182019364,0.0,5217092.014254333,0.0,50095272.20947681
17690798.759958874,0.0,16319693.194991652,428.6157242659621,4286657.252265262,0.0,5000967.268078164,429.99501929489276,18536003.94667825,430.7239828297973,61835409.75669859
7042021.883984395,435.5964741467721,11817170.211140227,442.7895797859495,6544491.249560027,442.4493821690738,4049496.870106584,441.60272059781556,19519318.852520596,439.5417231121906,48974701.04719164
6106467.594306594,435.73138338452986,10121462.531457536,0.0,19840085.513428476,433.003061376798,2787206.0281243827,432.84210272848003,17819098.56236695,432.5217521326758,56676054.32798357
13323440.730339924,0.0,5904839.556107522,438.11995850487864,4918190.629593722,0.0,9782446.921182327,0.0,23581624.217440046,0.0,57510980.17462205
17953691.106933583,444.4462419119481,13653818.676620947,444.8919362551632,13668739.953724938,444.5915002153102,18864444.931166306,444.5678401957695,6226509.819715034,442.19933593200034,70369425.18501532
6208766.099087707,443.4771150436513,19293682.295768585,0.0,19397947.61209298,440.1921546822891,13208390.09390594,440.0493716955575,16643721.767225666,438.8388719341737,74754270.42559424
6981786.543340065,435.1893309907258,8751884.673824158,439.17401689713165,10113243.23332803,438.08849785521664,11537610.313226515,0.0,10837898.790454378,0.0,48223736.00601889
12282347.150140295,0.0,8619468.870243018,436.8290271325474,11713617.988165557,0.0,15251842.31297002,438.5717736937439,10517606.83515962,438.7640822378938,58386197.321561575
10014254.822698524,442.6745002154812,19102976.512341335,0.0,18234679.731188845,445.80121353515517,8387674.5303805135,440.4159444952325,18349916.862742357,439.6145703045845,74091270.96558012
9480393.971588656,439.7830078757289,14268486.138418483,439.8879384369326,5533052.127581902,439.683408609799,5854228.531050954,0.0,6723078.195367311,0.0,41860558.31836223
12575570.864047118,0.0,22930996.449014753,445.33557011350246,12075301.79052309,0.0,17490306.25382792,444.76907979645387,18293723.182742972,439.34345922981674,83367227.988265
15719714.734792158,433.8100275097918,10990553.915036762,433.57693132686734,1894195.915675679,433.0795330586628,2762657.850298878,432.6552281401506,20856933.203548748,436.61047648665425,52226225.351548746
15857840.946048431,441.26850239049145,21181638.405131113,0.0,10954621.107040718,442.0266164554455,3061540.668761512,442.772927516891,5977826.91586375,0.0,57034794.110891886
2677027.2003803905,0.0,7058881.735925859,441.6071763861519,11673977.375198873,0.0,4662976.067242514,0.0,12826508.729722025,435.44375331054675,38900248.15939936
20314399.060772642,437.33593542446283,16321441.155318229,437.78146956853016,21661082.09431323,441.137295872219,11653406.694794245,442.37345406724376,19365668.22013235,442.70107419442013,89318198.55455981
22736858.237029195,440.5080686786744,1485137.9675041402,0.0,17353920.53294964,440.87685459160883,6961892.163671406,435.99229393909997,16030235.431851955,434.9182934703689,64569796.62851701
14809638.261045052,434.03354918601974,6366838.661489526,434.39597482691727,8143175.195551317,0.0,15597553.10432823,0.0,6391899.775684375,0.0,51309973.42762251
12869868.330064397,0.0,11106180.955486339,442.30192467097015,10651447.89283384,443.1910737741926,11640232.334494596,443.37993676779297,15270676.8284445,443.559481335288,61540178.77374023
12774885.490202684,445.04919321448205,19872647.44445996,0.0,5314111.231971867,436.9457338633576,8428484.892329328,436.3186590987406,20301110.481731866,436.41267176737443,66692994.26695364
9493691.428131633,436.261930610361,21231185.712768644,444.03845619421304,10392483.075148938,442.4509379468153,10387743.476219047,0.0,6368314.983498454,0.0,57874741.427091464
8371017.9439768465,0.0,20092828.907792572,431.2564398774477,20700821.07241639,0.0,15543836.720336154,432.6474180829181,6122172.107444673,438.51980669341583,70831979.17563128
11952153.31457734,440.910261975166,15046645.669860594,0.0,8768075.112093398,440.9682058578601,16312514.884047996,436.365376629164,20613580.355797965,434.06957735874767,72694721.64979912
20708018.61262203,434.80060125434096,23340993.574231498,435.2817282358695,20511507.72202719,435.7755227803871,6180955.814627026,0.0,6716519.355170905,0.0,77459300.93653093
13083300.683526073,0.0,13922046.362051388,436.8916864395709,21163742.067278117,0.0,10562528.051330838,434.6039635913449,8216171.065794394,432.9460744740927,66949092.67170531
17598489.680612452,436.8034377292346,17667201.023427516,436.53795882470797,5165570.8038844,432.94663309640896,14714141.603562154,433.70339812246095,16017921.51913849,434.61794292469386,71165499.23999572
4905222.898311949,436.9982769825445,8411054.315191925,0.0,15693693.919293553,436.4375531248638,9463907.128556456,438.18756651931756,23533185.60394467,438.6865459337625,62008814.17524112
13167501.230770638,0.0,18207498.53206453,440.0090743982638,13929726.057549845,0.0,6286078.534304525,0.0,14124857.373011816,0.0,65716101.736775756
8958812.40063612,441.6529987304976,14735906.030586826,441.62054429068615,12012938.092777902,441.995853735162,8366804.470265203,442.12893087009496,21288178.368376456,438.77527037888785,65364845.53624051
14874109.819529142,437.3285254547844,12648479.7713106,0.0,15135184.139864262,438.06209346440244,9857035.10174693,432.5724001116418,25228859.613127913,434.7719627480092,77745411.18056063
16147993.23014915,429.74288632528715,18381449.337936252,428.1473006464532,9504070.789945353,428.2761767583329,12255030.70667023,0.0,21278767.367031023,0.0,77568597.59809574
17420697.491430443,0.0,17741979.15470224,438.0825875706731,15063540.624735981,0.0,13321406.678829307,425.926488832172,5668348.105921167,424.56095377578424,69217260.62564932
10224961.173153656,426.5183350059203,6372623.117485661,0.0,19282410.086733285,420.96147195361795,13501652.367905512,423.8049500110937,8229975.357889826,424.61557540676404,57613318.00350032
11433609.375581518,423.2327939597332,18150219.94415751,436.5619078162883,4949603.358025634,437.4221185120487,16117430.639259921,432.2179275687271,14711354.851790475,0.0,65363947.603562914
15217322.029342683,0.0,8963319.339829916,436.897185390942,19874701.330669295,0.0,11109747.887028532,0.0,22787678.921802916,444.0849804180641,77953650.49083914
8529736.62668309,443.87457271967236,5840885.1095366655,442.7589055249145,23849919.118804313,439.7519803153433,3296414.2762831934,435.3818852292038,12326414.708143836,431.0667782624587,53845562.67357315
11354377.132086605,425.7545402003637,10856944.805162407,0.0,13558850.748410963,428.092950029886,17065688.95772695,431.76660146343755,20793202.832700536,436.31790262185274,73630786.4080818
17102270.8537773,0.0,7673090.627708385,438.27990565926837,16415611.85604933,0.0,11391841.428810045,0.0,9816709.511184594,0.0,62399962.55743532
10722745.183754867,434.72295740126583,11764459.963318264,439.08819556189104,20272952.845720023,440.00676642332894,12210857.780571574,433.74236176746166,15127707.231355878,429.9265185420561,70100900.4915203
10310983.906370206,428.1499411451339,12813525.778695172,0.0,11786234.915315866,427.64619617212685,8749491.352191929,433.8499452425683,7145186.509716125,437.43000686368043,50807149.53837871
15344142.803091388,436.69106940475353,9139135.487782028,437.1114678079421,9337040.342477925,425.30330704110384,18767973.06777823,0.0,14826963.94872133,0.0,67416554.75569516
11962966.01859576,0.0,11558677.76156752,422.04479163216473,24394261.432225026,0.0,4895727.270599736,431.1427521477196,18679867.405789036,426.80089580310647,71492779.87721667
7965187.591041246,433.67723941120744,3835273.0783967488,434.4770648854237,2963458.2890773886,438.0093895242776,19522542.424507055,434.0166133325745,16033254.22670487,433.20570981375045,50321888.99574427
8708899.236565681,432.94467792460875,15225463.470799794,0.0,17876860.05954943,433.345111531269,20821167.949692477,438.79525745248594,15818936.685649943,0.0,78452632.48730424
22566992.625110626,0.0,21338494.938539043,444.9322479569633,15939216.173963318,0.0,13683216.30985045,0.0,1198478.859004513,437.01734358506155,74727280.85605949
22228548.026633576,429.5829669486717,11020314.799461763,429.58305861145857,8253747.995927888,434.83309409512884,14815177.877323238,434.2766915463773,6989085.971385626,429.90430180634183,63309032.850845106
6014687.789523184,430.70048577367913,12391637.176521545,0.0,6173554.093532909,430.3664600482212,12743222.106142975,429.47052617162984,24204671.890310194,435.1948812451025,61529498.78838405
22645990.833698105,441.3796587027125,10913686.67761592,441.55671499754465,18545801.59379347,436.20361019684634,1268075.3092062133,0.0,24182301.01851573,0.0,77557174.57281333
17438055.53774674,0.0,12189421.79763592,430.0255119041313,10326804.705586428,0.0,7550286.634924283,435.9615157243736,15115689.244058784,438.4244067135187,62621562.3313865
16587735.725583544,439.59949980053597,5649725.59117198,0.0,16687241.342031779,442.6497785724242,9406273.53557975,443.114208221203,5848305.367066811,442.2761758642688,54181049.20109632
13148691.307018325,435.3832033916045,5896827.8513203235,435.8926109398275,6405056.190767931,435.44497766611556,19829424.88579671,0.0,16476808.609953832,0.0,61758115.56564912
25184913.94810823,0.0,25597929.407594655,433.70349155208504,3793552.534415496,0.0,14977354.489128204,433.9906974859241,21198898.645044208,440.3244366592866,90753957.0429165
8047519.371328901,440.26300326425127,2336785.513257813,441.67799674478266,17331777.09754675,441.0687746370536,19439459.995923374,439.6902264072815,23525167.673887435,439.0050881230465,70682911.35703345
18453633.494831443,440.62154229999015,16825513.165662628,0.0,8530399.664036948,432.0971478487066,8094819.439191603,432.9066952337312,19980452.28631579,0.0,71886123.6754238
16881656.688225288,0.0,24192208.254543707,437.5276368804684,16774582.457154084,0.0,14443133.071243355,0.0,13513588.756954603,435.2980100232885,85806042.05376795
7199253.481615344,433.20328622950547,7713015.627395732,438.02673372471315,18088511.915202346,438.7706803033024,19991904.690023437,438.817446193113,9717357.489240903,439.39466266018434,62712231.416286886
12731200.184069417,439.7590884100451,12839114.859653108,0.0,5857585.763169119,440.5346723701771,13583507.07129722,440.23248552213465,16446422.295332385,443.57062218591284,61459594.270389736
12149140.843347853,444.13092653372587,16462272.853410913,439.896300442919,10460486.13673521,439.71855614014356,17228616.193968493,0.0,5983518.864037918,0.0,62285358.637283504
15244535.347312754,0.0,8198680.333465935,443.5642698779445,16583465.145696012,0.0,10167765.37358382,435.62635249742345,10555441.813358845,434.91735393470447,60751202.12139368
18783203.7352668,426.90207570414697,15166321.00594422,0.0,17796549.066043973,430.7028814345796,11560050.842849648,436.110537794287,12430267.802199382,436.8513018315387,75738123.0191008
5288542.413892366,443.7119836661505,12886450.219527273,442.79766291778975,14240965.423777869,441.9748948390166,5278910.0081121195,0.0,10464704.674338782,0.0,48160901.22418983
9006800.436166843,0.0,15295315.119554196,437.9637484397019,22068301.26237149,0.0,4352938.687888141,438.6431528633972,20944760.426027246,439.30338696796326,71669431.84229618
20186925.685052842,440.5844183270289,8618423.63153607,0.0,7764766.3303299835,443.74738701916084,13654306.423588322,444.3256907491163,21875160.288865477,444.08233562190446,72101355.0992044
13857350.461089864,444.0123089626371,16057501.830445347,440.92619502482813,20867725.53957469,441.04751708586934,23107769.49444523,439.105529534289,11035497.648367511,0.0,84927610.06547324
20622998.443319216,0.0,3407521.175180968,438.74027347800336,5503884.476517777,0.0,6905324.24908213,0.0,16292925.7888128,440.65780447883833,52733533.530990854
5457005.0431636665,439.955420242881,9905772.10616022,437.25396473761714,12306581.969635375,435.56848458414544,15205175.180820014,434.5402704974257,4889127.222070892,429.67464927877336,47765838.51463951
11133080.587284962,432.94076763398476,13897376.781939592,0.0,11923484.493794193,437.8177418242954,15900675.734340284,438.17555003029605,16589672.236957733,442.7513106500723,69446041.5196869
13656119.1756664,443.2789946095763,9051544.439740524,443.27421222434157,15198484.19301718,441.61628197237116,17546781.719846282,0.0,16074292.278057558,0.0,71528549.97581674
23279748.764719095,0.0,13963360.541043023,441.97790270657595,6934759.3159383545,0.0,16824540.9063767,444.12161898339366,12402126.111086471,443.54374828020065,73405865.28243361
14771568.470770596,441.36349934637286,22516462.87948123,0.0,14431249.340367746,440.83679171888093,9986521.092992863,440.7274523144658,17596228.753711626,440.7702937730208,79303794.23536122
9370219.172527213,438.576837313624,11872092.635309618,438.9404813841216,3778303.9431537692,438.5160815911174,8501131.24001437,0.0,18126399.784958575,0.0,51649462.809363835
13387228.769400498,0.0,8799989.948779946,424.7739680231546,19528112.303253528,0.0,7034294.088821799,430.5663712839684,15185455.009958792,437.0647801624416,63936372.52533403
15520108.381675549,437.41746166693355,8169076.029376606,0.0,13609904.037156293,441.98071655522745,17313948.978314947,429.8838313924923,7934160.055694007,425.9529825253285,62548932.71720954
4664688.318960299,423.2586866417819,21638501.45932437,421.47711040969574,9868982.857533794,422.5252211930637,4849911.400660452,430.87460915011417,20664220.30483601,0.0,61688002.476942316
11691253.96346044,0.0,7045986.484386946,438.38431100663087,22398641.790351547,0.0,14206877.769018056,0.0,20107636.972532246,437.7932740523995,75451273.15733428
12516813.062562274,437.4244944916345,5956955.157882146,438.28668000002614,5880864.17969411,440.62809991153586,12492624.83957391,439.08254555724824,8676861.744528761,440.6027384668919,45526315.008799635
4293701.881017291,439.13158095061937,8381876.008212014,0.0,12590650.211841466,436.54581531889113,7251695.712049174,440.27754159449955,7539607.89944305,440.13633898220604,40059287.80383984
15684938.744903337,0.0,12067987.79122753,435.9204534013219,6491101.756132454,0.0,14343360.806231603,0.0,6457003.404214158,0.0,55044828.42316249
10664444.753894594,438.45658404895255,10505531.718979595,440.91731100056177,13105342.48295701,440.1027601487889,14060722.05096929,440.88795764005215,8266798.032490723,440.5743911061683,56605039.978295155
14186565.003264539,439.4259275507892,14733850.969234977,0.0,10828013.733459499,441.9045612223665,12300512.39906132,441.5791839036366,14305457.675060298,441.45369722907634,66356164.14345055
16830484.10077848,440.7544684804758,7713313.043062659,432.94542274987896,5045057.6282626465,432.4414831234776,10052002.019993966,0.0,9114622.655250028,0.0,48756785.58872213
19190657.861441426,0.0,4244385.125385944,434.02400506186666,3833512.637174855,0.0,17202900.31009802,437.9695602413583,11856103.148988316,434.8558231880377,56328865.93247706
12236795.282798782,419.61310654013937,9989907.354133978,0.0,10676113.555435205,421.599794442277,11186939.744291045,420.7124334926452,12239372.285123808,423.3378079675404,56330813.48492526
10618022.482258119,442.75442646464074,15694158.677395932,439.36992243406286,18200725.9579048,439.38286755371143,6399381.872329942,439.9571508178451,14970416.902018841,0.0,65884467.3562749
14665462.687192552,0.0,21687747.638534456,442.4103940624193,5712668.063175004,0.0,13700127.449237943,0.0,5744131.8060628,433.18967737548843,61511013.2442742
12152303.148341777,432.748040638981,6490861.361489507,433.2595949590136,11454840.585503817,435.9531138380266,6536846.185556843,441.173642995009,19813841.30861803,442.64899998285046,56450878.372902386
4876763.265017351,443.02537784215065,20858835.61837705,0.0,12650805.533172341,435.8230675163769,9020056.504510935,436.37909116387283,11024017.217590567,437.26460114486076,58432230.63080591
15620889.606552007,0.0,17642185.397331443,439.7176917892202,17086182.118971154,435.73987103543703,9975609.49925738,0.0,14114509.946006564,0.0,74440252.02568138
