73234684566.77829,14139141747.3044,86793657003.19301,12867910464.15128,87274678715.32768,15695133131.830362,86640256632.36101,15331511203.711235,90366944787.79059,13907092317.715431,496251010570.1633
9682140.501754547,435.2598956119577,4154360.736853243,435.6384181035462,10755629.53800246,435.73298658214895,13963165.958961846,0.0,15361007.67273597,0.0,53917611.03960836
9499779.202818563,0.0,16825297.15046541,433.3087372171436,1953241.813008807,0.0,9888820.498367932,432.6276152731544,2778644.6795271654,437.61475164676176,40947086.89529201
8394017.758454762,439.776571458404,6239779.615283629,439.4759030713627,6769545.513666159,440.2450001727509,7052202.991265216,439.07622538537316,4295504.649822857,438.3653158393587,32753247.467508547
5078138.064614258,437.3245355751166,13569168.579372058,0.0,5748464.900246569,437.11839588967575,14710091.373245755,437.78308788753526,11996702.094213,0.0,51103877.23771099
8719011.669264577,0.0,5550593.79460178,437.16803774826315,9676148.792315695,0.0,4307743.428344102,0.0,8108593.24098521,433.18594907154886,36362961.27949818
15022763.980818601,433.6872354033329,12044628.277880304,437.25548419268495,7512273.234852712,437.7416817236004,12327815.003031734,440.9726488507751,11471708.184117889,440.5161651141963,58381378.85391653
13302578.88062898,440.25587887018105,17972324.25046456,0.0,4155471.259744412,439.6485547234467,12712566.199114205,439.4244888845527,3147387.0774130165,442.9939885756533,51292089.99027622
14800281.666906593,0.0,15977859.94457783,442.16864627952043,10802498.426959367,0.0,11741646.44999664,0.0,4709423.747510026,0.0,58032152.40459674
10343406.095410692,430.16002488744243,9608874.670240913,432.13600891718187,4894528.823816995,443.27362663324095,10077406.0315523,442.9868729939779,5839570.328051628,444.1263216969076,40765978.631927654
12912132.165323572,443.66182229030164,12374932.520750491,0.0,8261223.765056371,443.77242705503636,4574342.4184856275,444.3923830655228,14871527.294509716,442.84909023359677,52995932.83984843
2551470.747211672,438.3684656778659,16713026.388534235,438.80807308927376,10098097.331058247,438.51178347479805,10596674.512169125,0.0,18486716.035278346,0.0,58447300.702573866
9047140.197177716,0.0,10753491.599406755,432.65792453491116,4744912.943565853,0.0,17685736.14356252,441.1914320676851,3177288.0840020375,440.78911191083444,45409883.6061834
16006933.583474422,442.2347897256925,5705192.882818944,0.0,12633770.299438413,442.25324737516837,4959799.470245092,438.13826496225175,13091607.915155508,438.39003851574165,52399065.16747295
13273330.979716755,441.16494234058695,14853041.670237277,440.72195300068364,6400344.257226801,440.8192242737789,13874379.897120494,0.0,15002754.270060463,0.0,63405173.78048141
5983011.471068119,0.0,4113834.3494776567,443.8779000932616,3959100.662541669,0.0,5033118.943718027,443.9407381011813,11243478.365108045,443.9089253597271,30333875.519477073
9515292.070470266,442.938824433265,4477071.2239468545,443.4723283825773,10549513.6278118,443.4966535074454,10288400.359262947,436.8759488265148,17052755.174207192,435.6520869804188,51885234.89154119
17677487.544179346,435.5290979594706,5018428.16315615,0.0,17340820.072787475,435.44676712125516,2390134.364084863,441.96519231947076,12747988.367421286,0.0,55176171.45268651
13844216.689586794,0.0,12662678.305734871,434.23922407192276,14662488.45555929,0.0,16028142.7766555,0.0,11642542.256374378,430.9147263260971,68840933.63786124
6933138.863644404,431.8658882809911,21399756.122097585,439.5564057812045,7856015.179248191,440.0196529265201,10035030.014207618,441.69853986685854,4759544.64161572,441.0569861055825,50985679.01828648
352370.9439273851,440.4530400809644,16418329.644725064,0.0,21134544.959474172,441.8929219552924,1455673.517332203,442.2443097946043,14066133.074446082,436.42430794263197,53428813.15448468
13681520.45811354,437.15275482769596,7138199.834126373,437.77918490324464,3495740.624093922,438.2609195384784,10964418.305233045,0.0,2935030.9529436114,0.0,38216223.367369756
22468748.95820163,0.0,10835354.577949625,429.40979415580716,10615152.103138259,0.0,11132225.435095845,431.25625512089323,16916828.543449596,432.43981116926335,71969602.7236954
8137778.200425066,440.1469236307128,12005134.750746675,0.0,20995988.9197298,437.55426216753096,6227848.860501014,437.2354472275702,13839389.685352987,434.0878276763111,61207889.441216245
23447989.300185442,431.2690036945425,15544688.807276387,430.559557255895,10221491.173631785,434.04758542525764,7257450.508534354,0.0,17441040.278208148,0.0,73913955.9439825
5854563.227992956,0.0,5871293.171212774,433.3707637575967,14488679.980195852,0.0,13023745.84402229,432.94411930733787,9662663.223959241,438.41848736201877,48902250.18075354
6511678.824746802,431.2151507233091,10154411.716415668,431.49666486203574,6024597.411672166,431.4201964127638,6009934.897383609,428.32547074474536,10962835.063913176,428.9517892469407,39665609.32340341
12090739.076800408,435.83278527690237,14799338.82436356,0.0,12190159.352039566,434.9716657603253,7798681.660946675,439.08398198532217,13927378.73641044,439.74506455185895,60808047.28405822
11563361.169105932,0.0,17509293.371024076,440.52368349939223,11867040.636848977,0.0,14717532.900015395,0.0,18916220.868596237,0.0,74573889.46927412
8366617.725640552,428.92227114277665,17436233.486601293,431.7066995117834,7743521.695490894,435.16186401918003,8599010.864820207,434.9469512582414,17201456.86961735,436.32092854514315,59349007.70088477
10078184.9656254,442.14718547787754,15196719.493429465,0.0,17673797.832073662,439.29245943791085,12656812.004063433,439.95609324263813,10687751.516610047,440.2513540369194,66295027.45889421
9404516.815884111,439.07842784885656,9955202.63348914,443.274505020472,7382678.072639347,441.6039798332304,5675847.286414012,0.0,11042381.135067439,0.0,43461949.90040675
2106600.037513691,0.0,17923017.013898138,438.6691494428788,11173350.226932162,0.0,8293145.140084184,441.1205743406907,19717419.135483142,441.9132910750574,59214853.25692617
13039345.928867634,441.89040019490653,8480476.471115503,0.0,14261553.970882,439.03342537352165,9737268.437217176,439.5380765882902,8185803.761650526,441.11970446911585,53706210.151339464
19916113.68781141,441.35556524524225,14578208.15344411,441.76735386464657,18774880.934778966,444.3046083728329,11656427.975895878,0.0,9038155.638862317,0.0,73965113.81832016
5688867.668071065,0.0,10810296.546146616,429.21049770329165,8364729.357070254,0.0,2503658.383995503,432.3641223405226,11162824.14834449,436.72384542148046,38531674.402093396
16866320.149978742,433.4044427452125,18328228.63535953,431.3285994148589,10544284.128841259,430.9537439860675,10180151.340874018,430.7437039065626,12583660.570937969,429.83500401702804,68504801.09148559
3683971.893791362,433.57618432716055,12189298.337907473,0.0,19745483.515863713,439.181202124283,13338637.598654175,438.9440222979402,12542761.932211386,0.0,61501464.97983685
9019723.37831756,0.0,15095387.566352226,431.9065608946429,10440415.680863895,0.0,8569241.00786701,0.0,9383921.742465772,433.01563403677073,52509554.298061386
8583382.008027041,439.60497113794827,10356027.92117334,440.1266207986904,10909601.099358039,429.7547199534825,436994.132485723,425.70916676270116,15746208.786087234,422.10381208147686,46034371.24642211
4117380.4953183336,421.71804467651816,11699893.742151357,0.0,11864468.221132487,434.91021359631014,7217543.686869432,439.1061999364002,3405980.515976389,443.00480859681085,38307005.40071481
5376656.742716862,442.2601451027971,23530335.00785809,442.20292961929005,13102925.984664466,441.8710999820246,15923523.009519039,0.0,12196672.9791182,0.0,70131440.05805136
14883334.859139333,0.0,9171451.455277352,441.77258848273465,19118108.761890177,0.0,6850484.194188685,442.5332152814474,22477494.67348794,443.1140131648886,72502201.3638004
3916709.2707574354,444.5103205284315,22747067.73022554,0.0,10991133.41359431,445.0624751578293,9615310.966129089,444.5607721307591,11756011.438999929,443.42085388536674,59028010.374128
17755172.400718775,440.4590144997545,7194585.603357289,440.1916734519675,19227660.787422307,439.2290138222145,11277706.342942849,0.0,4427659.408152123,0.0,59884104.42229512
23313753.262519628,0.0,12798120.624580543,431.94751919370145,9670377.683342192,0.0,6527296.420315918,440.16905681366256,14539578.237642845,444.0805724419661,66850442.42554958
9260661.25426237,434.1969872477682,24736546.697990377,433.3259909381614,12504674.946388045,433.29251064686997,10511909.609073231,429.2848117217442,9476777.518620642,425.68702371586045,66492725.81365892
12372689.448483484,430.70859427196865,13376144.270218907,0.0,3947935.290533552,429.6303618277429,22944695.995581593,433.0058552381411,9624646.741410812,0.0,62267405.09103969
18065995.44105448,0.0,12359983.162464099,436.6095296256714,7891359.01109276,0.0,11171292.997876607,0.0,15418450.23336664,433.66369417586674,64907951.119078375
14942478.036075126,436.4556246344381,6665367.399767661,431.55558346946725,9410077.800808491,431.90100154331117,13656788.066606939,438.6947667336788,18816062.432724338,439.0146611093109,63492951.35762004
12770898.65207898,437.0390682593946,11040828.716725856,0.0,8476475.332284262,437.8003189670582,12265959.184418956,436.93264747079144,14095883.318251755,436.6516689147028,58651793.62746342
12482679.797395993,438.25700802951457,5995604.870819826,441.93647535810675,16829541.84490869,438.1085177458388,13326239.971782865,0.0,19571218.59941154,0.0,68206603.38632004
17077682.079541836,0.0,14557639.358509133,431.86209009087855,2630715.8188910116,0.0,5745577.571781047,432.9771733099346,8351259.669823938,431.70429267100246,48364171.042103045
6575161.620884818,432.3202999429876,4906705.750329697,0.0,10163534.073123457,433.59121819162715,16139573.44956612,435.52335074619765,23471268.578065272,443.75804825148697,61257988.664886504
13624789.448738208,442.65357423581986,11106983.218359059,440.886605934693,3718593.878635515,440.57670503970246,7161967.314519444,0.0,10844291.837379046,0.0,46457949.81451648
16036142.727830566,0.0,17568017.16707881,433.18278006365847,15500501.775106372,0.0,14156478.832132604,441.01988533245066,15349312.26706534,441.0225903861888,78611767.99446948
8740905.051013047,437.6864856873901,6904643.149993071,438.049797921007,13820652.342245258,437.28055672602005,15714368.337233525,439.6199460210151,17643468.38942931,440.36787405873685,62826230.274574615
12971859.030511795,441.7351733828386,14333620.867099598,0.0,9534853.58877243,437.57423325950833,4417031.572452489,433.27824345987995,5403405.150682671,0.0,46662082.79716908
7927225.513708594,0.0,16789414.76887379,432.55641451435787,8969857.072118877,0.0,4607154.383128641,0.0,12963736.703789743,443.3181359668487,51258264.316170126
12227238.097858194,444.02925045058714,10294979.730529414,444.4543856422886,11864381.316278977,444.12259870716287,11782230.849645633,444.30431421429324,8879302.699561574,444.4539931665118,55050354.058415964
21956784.169423394,444.42975913013646,14174002.205842791,0.0,18437789.93032576,444.4410418547234,14752568.0977935,444.4349589233423,17858616.35923389,444.6606293866614,87181538.72900863
13981378.168067342,0.0,20259167.24740953,444.0509922886934,8162112.658906073,0.0,6713767.759733319,0.0,20090913.77013575,0.0,69207783.6552443
13906546.363478485,441.0513819427664,8054738.306654361,440.6968701521265,6104982.144137483,437.8834470382174,19509638.912925944,436.5784748617792,15683962.80828104,434.5288283559411,63262059.274479665
5329444.910032613,436.1644866016832,12502442.399728034,0.0,14428169.004268209,436.02194332246853,2559882.581866003,437.4124247828218,10669370.568222782,431.4776145632857,45491050.54058691
19885114.79623699,432.6964215595775,25760475.762427233,430.7897882283462,19548275.434735943,429.3000071647168,5173365.12801357,0.0,16823232.879344802,0.0,87191756.78697549
4716599.406075898,0.0,18709061.909689747,420.9755556958854,13330083.664399797,0.0,12377532.418606667,423.4760074579146,7073087.163469686,427.68925777142357,56207636.70306273
16147579.932388809,432.6332863151217,12581448.637517607,0.0,12834686.33781301,438.4865695560632,9981740.486843228,438.8407850485135,9393450.310450045,430.8323789077948,60940646.49803253
7600632.395758859,427.8577719141354,11488827.175875038,430.899416361442,12821121.592877096,427.34355624291305,7121810.195554997,426.0223863921072,19534709.1149171,0.0,58568812.598114006
11159305.283922454,0.0,8024794.040081831,429.541172793345,14827134.909000617,0.0,16382984.92008596,0.0,15290851.202572564,443.969716135076,65685943.86655235
7075549.1287467545,439.802798637556,15071823.020396033,434.41706470384133,17041203.437777773,434.48194062821284,17824656.85161648,434.0217594465951,14033974.207129773,429.87318387622656,71049379.2424141
11759459.399480222,433.41330650673467,15350384.78673853,0.0,2215835.0733233746,438.45238258574335,3963231.3914467883,431.75567529313366,18981277.18106152,431.7381760538553,52271923.19159088
16713771.293550523,425.1935441631784,12930704.217471154,422.202157161767,8448376.678208785,423.7475042611203,13889785.436793651,0.0,1916153.2880195845,0.0,53900062.05724928
9506679.422302736,0.0,1506521.879272882,444.9954832182827,11815508.093499228,0.0,14833186.175900416,443.972947028652,19868724.13202512,441.2691794134898,57531949.94061004
18035961.79289906,440.7696182799995,12261615.977789903,0.0,10812225.14116123,434.875079030752,8330892.899047953,432.9413262426065,4524579.795178512,435.65114427171693,53967019.843244486
4835091.265164646,436.4856209667541,24871497.975156344,437.70399464649796,12636141.485000666,440.3945571534976,13857810.54567538,0.0,17905058.70469621,0.0,74106914.55986601
19135630.77614626,0.0,7372939.123010428,437.21693128587344,8024947.660474001,0.0,6982480.460752061,431.1890142496321,24342940.31157756,431.41095176228345,65860238.14885761
3260505.3389437497,432.3615224588908,13090751.298457168,0.0,15398912.350574095,441.6107604550644,9846167.556811605,442.5853595481609,17728579.011239365,442.7067203591146,59326674.82038881
11312871.091194475,444.2084392868451,26091014.932187904,443.9724574962996,7057320.717356863,444.0563791092122,7305798.574941812,0.0,21302372.816331293,0.0,73070710.36928824
14245559.052440438,0.0,18188061.702556252,436.0111784304112,6908678.4972864315,0.0,14736201.809159378,430.59040626709674,9803145.535818502,427.168014624912,63882940.36686032
6825807.9582033325,433.60709359011776,5735239.675416426,429.71601081554576,9325242.165202614,433.36992418211963,16479757.132228464,433.9457964871199,7558878.58135734,436.3481637435418,45927092.499396995
8584079.031491406,435.3083632383616,11876272.962656394,0.0,15022289.661316179,438.855899238218,16211596.144826477,439.56763436646105,5169228.62559322,441.8866176082935,56865222.04439813
6542520.997540202,0.0,11811396.279549027,444.8242093813474,17158411.983575143,0.0,12202084.056850435,0.0,6416999.021340401,0.0,54131857.163064584
7746176.762613471,440.25722671083383,10225748.574604524,440.57487317365025,20814047.40440958,440.81854863077467,20354920.937305346,441.6050453457291,11681637.02934472,442.93288000128484,70824736.8968515
2958166.5729684755,443.60619847312097,14168874.894321986,0.0,23289509.840673726,442.86535855697315,12629135.541873641,441.5720168490223,3003903.8664546385,442.76825342088415,56051361.52811977
2820026.1739343903,434.7465198959338,5959491.174952242,434.0921331031418,11646265.836137375,433.74824897006476,13108029.483650332,0.0,15068204.830188194,0.0,48603320.0857645
6701022.5737624,0.0,486934.0699743227,436.4768203535667,17729551.18883164,0.0,10967397.500823611,439.9077386441007,13231057.523476724,438.12005384704776,49117277.36148154
5852177.920384591,439.51293641220997,3944617.9074271615,0.0,5452196.4637793675,442.3479885053052,16118367.758288845,437.35332133902375,7021343.763677634,427.06824871053243,38390450.096052565
10262141.717552831,426.4895122434834,5452744.145486086,426.29291665899103,11326155.644265728,424.66241793159134,19948323.62134884,0.0,9178222.401304452,0.0,56168864.974804774
9387864.858942512,0.0,6209457.255198831,443.2977347461206,12796010.85488795,0.0,18603324.02213877,445.73044640882364,7854906.363613138,445.757684651156,54852898.140646994
5125904.6116958475,444.1599294026805,9254622.874465209,444.69392510823764,11862302.067698102,444.91759724961,9593106.226471322,443.76303671042433,8339631.840383059,442.8247386898298,44177787.979940705
12036503.158362167,443.3304361746848,17757718.91717869,0.0,11940963.11583434,443.3470327749396,17630790.80518845,439.7223017000787,11679466.362043956,0.0,71046768.75837825
1151368.4393163924,0.0,1097246.6457829713,439.76312283628755,3142048.8727009837,0.0,7274405.869017326,0.0,5881066.44642445,443.13654330476766,18547019.172908265
5037372.82481744,442.63936516354056,14082513.017824955,443.10426056811536,17778772.666848447,434.584544130732,7200902.496824569,428.17616579649706,14440368.44217203,427.73414554552375,58542105.68696865
5299490.677483215,428.01458926656534,3797448.6357393814,0.0,3197484.6053187395,435.73402395160076,14866371.766871192,441.5973931428303,18435574.96767603,442.2053578194446,45598118.20445274
16779171.00557353,442.16718959812243,16288889.292255297,442.8665275843227,9851028.34950913,438.570054000383,20660795.467235215,0.0,11717796.746863144,0.0,75299004.4652075
15915663.946238128,0.0,6003236.708439984,433.11009202535155,19027488.014364827,0.0,5007996.44783479,444.2985291755014,14225871.402500242,445.22290492020215,60181579.1509041
10407696.966724854,445.12781418268924,7446392.430248141,0.0,12929119.139841927,444.4163187189786,16725320.481740735,441.36630537724926,14904366.733957889,440.5967601485269,62414667.259711966
11495809.722031334,441.4573756073623,7448419.352042717,441.2294320113175,14777433.87295174,440.0033045063238,5966989.436582875,0.0,12070492.62441455,0.0,51760467.69813534
2013985.8813542046,0.0,7009703.32884888,442.5997597570134,19816919.869819324,0.0,11245380.889107851,440.22391821007125,12719445.880571516,437.25700365831307,52806755.9303834
13496188.890229788,437.06278761901495,4410533.778988834,0.0,13059024.10967774,437.2874901688471,11780817.780857587,438.894837421078,8779144.499915527,442.2355668588113,51527464.54035155
6211105.198299102,443.4614855120907,3577725.2625203812,439.9219651360366,9535107.184987143,437.84992539265903,5563006.392772301,0.0,12138826.34916846,0.0,37027091.62112343
10027359.819201699,0.0,6836254.32379813,438.5500874370362,14989307.49975284,0.0,8717519.221096491,441.1633955935066,18349683.178618956,441.92386435848834,58921445.67981551
10956804.109624092,442.3821052497426,1747509.8413591953,439.55794128037036,8181006.191572333,440.6449770152905,15023378.360408928,441.16996934350396,15791319.159463258,437.7606228817457,51702219.178043574
3562912.2641140968,436.25663670407766,2239485.933139426,0.0,15606639.269321999,439.6599800443009,19452483.044491787,439.5090025227497,7246484.373233039,442.2394525653749,48109762.549372174
18091774.77134486,0.0,17044638.513195056,443.3213573838819,20981631.479909707,0.0,19274045.06171682,0.0,12015736.463463254,0.0,87408269.6109871
4392957.283114648,439.40981502700936,2458323.0021962333,436.97475431284647,16760086.987699263,435.1459686230519,19913573.399116,435.70384794927025,15336163.072326964,436.8913072066477,58863287.87014623
17291718.637973085,438.2696968371034,8106877.327660911,0.0,7878772.608871803,440.06841690067944,18391015.72393484,439.2516297944757,12273459.302453373,438.9850819297878,63943600.17571948
4686731.450434258,438.26149196028086,12194186.814073872,437.96270042631005,17009166.986137647,436.5833032087996,19542837.114675224,0.0,8853040.237156775,0.0,62287275.40997337
7130014.431517178,0.0,6061850.546275805,441.51071898188314,12142514.935631853,0.0,10832600.566204527,443.19253720960745,8216041.856003549,443.7256749006984,44384350.76456401
8415943.345879808,442.4760263736264,7415499.998957738,0.0,9712110.462266717,442.4916837716675,10360877.471428119,443.28729082873207,19667942.068704277,443.5897779391598,55574145.192015566
16069716.49435773,440.42085809689814,6117293.531998412,428.72105317291533,10932195.927776841,427.4891039712378,15571561.394766992,0.0,10557864.134815134,0.0,59249928.11473035
10097966.872475041,0.0,2136010.292362665,428.1419286979463,10776278.886984644,0.0,16590771.909128018,436.6132224067288,16166723.562573355,436.77586139567575,55769053.05453622
3142119.6504344814,437.8610669610583,6381499.669319124,436.896426906661,11926718.498544963,438.86010843840717,20652959.796454508,442.1876811318861,10705021.928248648,442.7442028622172,52810518.09248803
17292645.23884757,442.3748149049855,21031852.24466123,0.0,9567588.392168999,440.27628991240033,10036725.017136075,439.5621639583927,19372418.911207017,0.0,77302552.01728967
20371977.742422312,0.0,8706826.91352963,432.5158981769059,17498930.765852783,0.0,15779571.229238493,0.0,7190137.176684924,440.59020346976405,69548316.93382978
9311233.271988992,440.5668709900416,5056812.563375693,442.19972443591837,8071828.6815117905,442.4706778269713,16310538.801303092,440.0234036177692,16860540.100798003,438.3063363148596,55613156.985990755
19816020.34988342,436.6863333929821,11223183.64648222,0.0,14256554.411856502,436.85983316892674,6355427.579213217,436.9957159238829,16507166.353632757,435.05062062697357,68160097.93357123
6166733.884683608,436.3598910566491,9901191.044680256,436.02619276829233,9517087.98242646,436.87917210071413,11813289.437594924,0.0,12477573.384087127,0.0,49877184.998728305
4936085.784958563,0.0,17974558.38432747,442.43567235076364,2653915.6974691246,0.0,14355475.090472374,440.55674816218226,14141295.364133507,438.53079133788464,54062651.84457289
9605506.120606424,440.67805988927813,12683266.969988264,0.0,11666734.039989656,438.4988896313611,10129597.656334102,437.1748726920791,8089857.158806075,433.42711603655806,52176711.72466277
12676999.238380207,429.8678603158823,7760297.67162809,427.24615635356116,6969210.25044803,428.400390169499,12553925.334360806,0.0,13829740.181848895,0.0,53791458.19107287
4546463.486131163,0.0,12979284.252192684,440.12527375761374,1204548.513632339,0.0,11116542.165894287,437.4512022778354,7364484.239629335,437.885066111259,37212638.11902195
17556475.833344392,438.1017489114185,3864256.941039242,440.01801802983204,7082883.86017713,436.71626671444676,7225642.19654188,439.6073708903068,6891557.673109944,437.15797558101434,42623008.10559271
6260031.594056575,432.1937105551893,3261866.0038479627,0.0,12980154.81177455,434.72549188965087,10150109.933747075,434.54852421948084,18837473.478669707,0.0,51490937.289822534
2982945.993038395,0.0,18268661.0809459,435.550580689853,6711832.868416061,0.0,19098010.412197653,0.0,4232734.069750099,430.40657466631865,51295050.38150346
14656182.471908998,437.48789515932407,1524641.3910815876,437.8862089935559,18212492.986142736,441.5088793405742,11732386.097309666,441.22343667439054,8629650.80501508,444.04707468313165,54757555.90495292
14348856.091307087,443.59759708943227,3837510.9826947954,0.0,10484598.954477355,443.9310469677869,16449033.194766097,443.83004943212467,20601072.98215957,444.25588142031006,65722847.81997982
8951875.941622538,0.0,12734720.689905714,444.41249276517857,15322824.409785153,0.0,13864472.389833823,0.0,7474665.727664658,0.0,58349003.57130465
16542574.925361471,439.8974538480044,22239936.125946056,439.8734258249159,7727532.909759548,440.6359114388463,9315738.641642101,440.48927452925506,20540039.188706826,440.3986032480193,76368023.0860849
7533375.992299827,438.28744331915453,6625888.42835295,0.0,8527208.941957882,437.7756627576485,12498857.26530677,437.7646207226011,25391165.617525492,437.6738306271648,60578247.74700035
19137839.217854265,440.08755995482977,11223325.374376228,439.29418480125054,11519067.156950431,436.51609464882006,13983763.00972955,0.0,16088211.948969353,0.0,71953522.60571922
5898436.002478712,0.0,20428038.280592557,430.6736746179961,16254762.609598473,0.0,18457171.35936554,429.42307495418385,10372766.685604597,431.3911695413351,71412466.425559
6213067.344012614,437.4313374570584,15158743.314245079,0.0,15072169.979606673,439.6209059842124,4906662.794452966,440.14932930364586,21985612.070437197,440.8979991393441,63338013.60232642
11780439.873763932,441.56485002705404,9936915.791646812,442.83029060611125,7066277.381706987,441.13478272873203,4130379.251582239,0.0,6236310.096587758,0.0,39151647.92521109
16349902.943183389,0.0,16727467.17832888,435.89449845194537,15036973.715655448,0.0,18683398.050966922,436.31326925815085,16148679.847654384,437.6358698369375,82947731.57942657
17584951.02327523,438.16372492262957,3367552.42467558,437.17734091875894,13745979.709248353,436.72801382247064,17003423.422206137,443.5644653308613,22450931.078968942,440.1375898686845,74155033.4295091
21338758.84786971,438.6894136196706,17738829.46922641,0.0,4457420.275782815,434.378073471614,6016065.692442399,429.4887582886462,9514282.374700092,430.2647349412808,59067089.48100174
17435028.389812745,0.0,21105233.642596263,432.04271700733733,5485533.600329012,0.0,19948598.936461996,0.0,10639058.331302313,0.0,74613884.94321935
7128874.258137609,443.6492103954898,11777677.748048684,443.50378547561644,10939454.046515048,441.78296114798366,6588665.280374686,441.03882140549905,17045008.926118504,432.1085550271111,53481882.34252798
9469921.634405257,422.87897806612926,9957303.148492757,0.0,14432004.261837807,424.3406400353086,16314663.66455043,421.76990494147225,6073420.526036357,426.4343171375358,56249008.6591628
16041073.258422052,434.5945819927189,7409542.96821999,432.5763037509274,3994994.0946540246,431.7549345558412,12377857.041805645,0.0,12336138.008363923,0.0,52160904.29728594
13042656.09100738,0.0,8319728.723224276,439.366662301951,9838985.038629306,0.0,17627101.34451542,440.8405563535718,6349306.081533423,435.66519105387835,55179093.15131952
10804877.894784579,430.81366378418426,13486630.847516501,0.0,13766070.052757615,432.7746455499962,13608016.951791173,431.51238724932506,15319120.28569444,429.59066675913135,66986440.72390765
2999620.8832115387,431.8840464056355,16296359.813939093,432.7285076470846,3752672.706705471,433.47480300278914,3719372.501449049,0.0,20991035.74002086,0.0,47760359.73268306
11300523.940098776,0.0,7543775.696600982,435.15810169034324,11483660.729830002,0.0,6420972.128247801,432.64927759477916,10202526.660659365,430.79513464795866,46952757.757950865
13024646.460485756,430.6039443929105,16624702.698646747,428.0225059501727,11286640.63460351,430.22823232247686,16124828.249121686,426.1685690015065,16294206.057372332,424.6556103454633,73357163.77909204
15627335.447812814,428.47004681262945,8796502.496968295,0.0,4533688.91183283,425.7909179562959,14315899.279635603,429.17865671393616,5702053.064136705,432.3506590060727,48977194.99066673
7341793.402255983,0.0,17226785.480220616,437.5690025592123,6239992.405269119,0.0,8311690.777207921,0.0,14081593.37706769,0.0,53202293.01102389
13568100.629797392,443.10845413211734,23254087.32661003,442.4137967406782,6414568.826400528,443.14015224134806,24895594.074064948,442.89380664134165,11435658.722549774,442.49732459650255,79570223.632957
10377424.76592761,442.59090546359397,10392672.436876783,0.0,3882485.4724941077,441.2969391452333,6304500.549053386,437.79546366375314,16420703.46792715,437.6608908711823,47379546.036478184
13667700.31052641,439.18292661378405,14339051.727990448,435.4347121287263,6672859.035713699,435.05579129069815,9678138.89837159,0.0,5703946.716755077,0.0,50063006.36278726
18909509.170453113,0.0,16236932.933729637,442.34818288780275,127897.06071536553,0.0,16276984.302811736,438.14789553566027,7059717.160347487,439.0385954016291,58612360.162731156
14907842.39129504,438.9431609893209,11728762.567768525,0.0,6894806.66577746,444.5592996455036,5109296.976401968,444.8443581829945,10166088.168965362,444.67978118371684,48808569.796808355
17006123.200552065,444.0217098598837,21875404.23310524,444.27646896952285,1156079.178161763,444.1653188665904,14593203.326938435,0.0,19668629.613808647,0.0,74300772.01606384
9226776.401369084,0.0,1986689.6633259607,434.0438423393619,4008769.5363295414,0.0,3548625.9420237294,435.9824746500907,9068029.8937022,433.77656584399335,27840195.23963335
17591048.679322783,434.1368771589419,16322706.593996566,436.421942816117,9492283.33152271,436.93890608248006,11676577.652734892,431.92898506448256,9376122.784906298,430.8108059527493,64460909.28000033
15642367.503212702,433.7801173960342,15680771.884337582,0.0,7358985.61865464,431.6964243403454,13667147.39954929,431.55900623780843,22770122.900068466,0.0,75120692.34137066
6830517.184727537,0.0,8599431.677738344,434.00108216476065,5527300.971961344,0.0,7212696.864085159,0.0,6141107.990719078,440.95130398558126,34311929.64161762
17007924.852007184,440.34947712945814,15006783.994760975,441.8473407288179,7535439.647856142,442.28686368423524,13064108.394259144,442.144175305787,11000946.128779192,443.57619282109584,63617413.2217123
10489112.48723555,445.0271567758648,18036028.552263733,0.0,20661346.302899335,435.0618082177572,16746107.444621071,435.1578195183031,14207618.27256124,435.01593335217507,80141963.3222988
20049703.571302168,432.084350267887,4862380.244969855,443.18775668969926,11589383.020545453,0.0,16736073.85658207,0.0,14501882.445074808,0.0,67740298.4105813
25604328.31680696,0.0,17079070.10230965,435.5013996719353,3775369.3076935057,435.55237101304795,10357449.096192151,441.0343770790557,17705541.279344287,440.7920071515789,74523510.98250146
21367781.988581676,440.7442405423262,11177531.452100376,0.0,13467119.008707756,440.7214706112851,9130824.370272676,443.38794381939823,17826580.460950475,436.1178120738638,72971598.25208
18124424.80882288,434.9715717835152,19705146.83935588,434.85216007443995,5241017.754536967,434.56446979776535,8862000.970125923,0.0,5614742.161257758,0.0,57548636.92230106
19931589.542885136,0.0,2096439.393553672,425.1324895156284,16423893.084997632,0.0,15761019.611590464,424.0659711471018,7925525.787874357,416.94402380471126,62139733.56338572
8897017.231924187,423.2025453542576,4694226.9693771675,431.9334331104368,11540281.456533926,435.11643824810204,4245322.616393147,435.45656229418313,15532086.297356041,444.59974745299854,44911104.88031093
24397183.108036853,443.74464843667346,7042770.815232007,0.0,864864.6736943539,442.64520439790067,14097650.082803058,438.74199450653384,6340239.7410605475,0.0,52744033.55267416
8195591.801502109,0.0,16864797.823800664,440.9491792704602,8141403.893831013,0.0,10974750.668102322,0.0,4567597.578929218,444.8413111738967,48745027.556655765
17670684.476099864,441.190175183931,10423589.519921413,441.2186985395026,14413738.183517782,440.9971835107676,3279915.473007567,441.419142825946,8230635.9439790165,441.6407914263245,54020770.06251713
21461707.106773462,440.55067468875035,22007173.238454144,0.0,12312258.345123874,439.99041896066706,8503801.732044103,437.9004002790186,5130675.200766147,436.7205297047873,69417370.78518537
13081105.636110129,0.0,17834192.32641258,432.07442802768946,14820474.324766766,0.0,8012551.223867505,0.0,9663647.5758515,0.0,63412403.16143651
14909761.4418022,443.2006350602667,17192050.957794998,443.5931010443442,11610885.602657728,440.1629940248059,1877431.146602546,435.3061043130694,13848214.845591117,436.14681713369157,59440542.404100165
13802817.322496997,433.0582002387636,19625274.292144462,0.0,1033235.727119878,435.8457115134448,14140096.214470593,440.5240690645253,8881793.923431547,440.4226886824132,57484967.33033298
12898666.922769679,444.4342721512281,16970270.062170103,444.7223138940468,9435212.391138261,445.05066894681715,4540474.458151258,0.0,14200809.545346497,0.0,58046767.586830795
15929203.499684514,0.0,24309737.13043059,443.1968300092458,12577755.040490838,0.0,7329917.906452193,440.01426743039383,8295495.519679829,434.11272545597916,68443426.42056085
12305077.225876445,430.0086118515481,15801514.358406523,0.0,7050003.120117897,427.9777395938936,25956370.53914931,428.67230701914076,12584186.894580059,433.4962702282305,73698872.29305893
20945621.09840371,437.66678978268897,18258302.947502602,438.7798605505099,15531039.516062006,441.4743162985788,2572835.3589056637,0.0,3002370.3397028544,0.0,60311487.18154346
18692847.29983738,0.0,4829767.1006006235,436.3616880393519,15905270.420342239,0.0,9340834.590023588,434.9170720747967,10289704.362111632,434.9981688412622,59059730.049844414
7571468.03648758,430.2218886703754,9932555.922843492,429.8170177798624,13950283.733083842,426.54951134433696,13750990.828466106,426.1651409937671,15840384.497918943,425.39254235139373,61047821.1649011
6725452.118465635,431.8172579686893,16984297.005141653,0.0,22973270.438914318,436.83869502076175,2131504.620798768,440.7881468390381,11824923.58324563,438.72746180110335,60641195.93812763
13503657.714522595,0.0,12685362.770120012,430.4856297089506,14297601.294269128,0.0,11249359.949172165,0.0,17984087.762373455,0.0,69720499.97608706
7871697.947425657,440.4712529281562,16644028.092473002,440.2424009175425,13277906.07177963,441.48544946075936,14797261.746814756,440.57043819260866,20766886.2513358,440.48513039416355,73359983.36450075
14232286.07253369,439.5454656601612,1018229.8462353109,0.0,12754508.6058611,440.3782771912433,4470859.017960551,441.1320762985384,11783813.317389682,439.3888129753824,44261457.30461246
6265056.133830144,439.46698146362246,15801964.8175799,435.94442908242246,15133885.748189509,435.7576961786955,7376928.3359804405,0.0,8860448.812339151,0.0,53439595.01702587
10841872.991194505,0.0,21531657.000596322,445.0973071300786,14624568.01948947,0.0,15148279.597931197,445.19277861340214,19130168.45642082,445.1262395227851,81277881.48195758
14675619.25722315,440.3531371290274,15504638.591563938,0.0,6761484.573749171,432.0014625598832,24093316.498201963,431.0854230791878,6140266.9283629395,430.9347415953139,67177060.22386552
3155374.0867324923,433.257264009276,17319792.587066766,434.63136017761184,10559641.85184845,432.9485882858683,12328464.21013997,0.0,18361727.05807133,0.0,61726300.63107148
17854096.957054455,0.0,17681165.3893195,427.4873793218988,5844445.345746031,0.0,20041313.90706486,426.6975029518353,5723690.460703078,431.57861882214536,67145997.82338902
14323374.63544427,430.893790683907,6886069.818468574,424.97436769929044,9670193.49275203,425.1157025613586,9354515.169584692,434.74623825740963,11775384.751857886,431.9727281621892,52011685.57093482
8165015.162090933,434.78294822079994,6589084.559466293,0.0,19309151.392013386,435.2841751319301,19925418.477680836,434.78661016843,14386919.381037474,435.1961042015412,68377329.02212664
11976691.822684301,0.0,5104112.571393764,431.4748403882546,22101549.85945653,0.0,7650012.528739948,0.0,9756607.547944032,0.0,56589405.80505896
9602800.18269833,436.0050407912977,7081065.155373749,438.3901339754948,13234831.489733849,438.59651966365203,13481701.084590973,434.2375381875814,3072471.2094376697,433.84564461852483,46475050.1967118
18199918.85701852,438.05332447913787,10670302.323339941,0.0,14892869.332504785,440.5628218030754,14755926.370124185,444.39218688229533,12788810.075822785,443.23595685702014,71309593.20310025
5129956.20387281,442.8648714640657,21463599.30180567,441.72935813331793,15238870.338943744,440.52599690031445,12690038.648441462,0.0,13277304.101661295,0.0,67801093.71495149
908645.2113073312,0.0,8461812.515176268,441.6904968131402,10884144.381913453,0.0,6521058.2355388785,439.74420009671786,20363278.951831467,439.76264254356744,47140260.49310685
16756693.949551344,439.92715611221314,11617953.66195391,0.0,12318436.548591778,439.74785004154444,7194693.289462982,431.99497381336164,7155410.803664506,430.6030234049848,55044930.52622789
21579374.20637349,425.70196551910067,14976319.530343404,425.3307116873174,18068544.19992534,425.3174132539963,10431749.34327555,0.0,21621607.610053375,0.0,86678871.24006163
9434036.49039506,0.0,8109417.331887106,440.8196103564255,17835670.504946727,0.0,8353163.01101371,436.9125452642809,7433862.7217820585,437.112416847253,51167464.904597126
10248760.201310111,437.6611762987233,13750442.2051492,437.30914672119025,12199330.397391323,439.2277680948083,7449157.090594232,443.1648311397407,5502038.658045224,438.5426362668026,49151924.45804861
14553520.163746988,437.53058452059133,16454221.281733891,0.0,19341153.61272568,435.35844210270466,16111319.521700619,428.4596515825375,14749011.499671424,426.52104581095347,81210953.94930261
17207452.852424856,0.0,13760803.425458686,423.8467060745021,15818904.081947386,0.0,9526964.434980245,0.0,13261691.18807402,0.0,69576239.82959127
