3948362967.2411337,3703587481.6774883,4004401337.759417,3903363658.55786,3888235081.2050476,3806317527.6956024,3967726289.277906,3904806936.958496,4026855036.6457767,3927379520.0772557,39081035837.095985
5273999.696416974,2834620.801150802,1414007.7186137114,7737086.866354206,7033280.904866699,6075980.115028341,1909509.3557572218,920322.7345296872,4006146.2483503167,1591900.0507609309,38796854.491828896
5541772.94849681,6632193.202309425,2105573.5132085825,2771771.7593133748,6857277.518542832,7739487.221871128,4500214.765115645,1836946.8500981247,4119825.7021782114,5398205.134749128,47503268.61588327
5323513.355613527,699911.1943747217,3342461.5929862973,7938623.192811637,4937624.740510367,3740911.012720581,4218779.49670773,3953363.696249816,4504342.963458515,7476597.696799015,46136128.94223221
6127136.457198382,4383644.481233196,3177729.134250626,2979238.7784097586,3833749.7323949006,4337918.326329975,7314111.9937737575,5496883.665255331,3732734.4986595456,5646377.05647755,47029524.123983026
4420059.210815115,4293451.913352043,4842864.235866274,1037446.2217348026,3949867.1779973027,7914662.506950906,5173964.637308094,6099500.420255522,6351506.433294092,7182613.227703989,51265935.985278144
1675166.2136660535,2918998.96562836,2683976.8604979427,2228258.743196115,2132566.8761788826,11684706.58037312,6014640.356651935,4730854.65899289,2088367.9442000862,7482406.211207742,43639943.41059312
2937402.736470996,2856655.065613861,11359788.682772217,6869090.36631707,3618044.3225968992,7353966.990195901,8120355.313272416,5386274.030843232,5271070.97948397,8829793.431371495,62602441.91893806
916172.1354806348,5455883.767350039,7157323.944696853,5166841.196523582,4541559.104549349,10100701.39501335,2589753.300042922,5662287.806308023,7328781.31898518,4358782.659220215,53278086.62817015
808481.7371369875,4224881.737347431,2069778.5876045988,2950787.8124580863,3948468.9706990565,2122927.295545299,4581609.132839778,2766113.73493579,6676405.305643738,4032591.398646114,34182045.71285688
1066713.3971713735,2281411.2086117007,4952621.675060019,5267009.872675233,2046165.5639944584,6835986.444759485,4941822.3569162395,1637907.1034210639,4046617.5932377987,4841770.677113996,37918025.89296137
2446988.996955811,3825713.889653922,3030261.9084104327,4203687.003713514,6630741.120930805,2160868.830315927,7180041.806650834,5437550.726211514,6952401.386138807,3084019.707347569,44952275.37632913
811349.7077776167,3916997.2262918125,4978191.30849299,7113658.997601677,6699313.943864684,1072177.9986425587,4577930.819467641,7291406.405999622,1983462.743101021,1466081.9445801084,39910571.095819734
3060018.230931325,4431651.9653612645,6732154.135913612,2664982.2101564575,537551.1794459728,4591314.4659071285,3581243.1686064387,6465672.1182688745,6911099.819462545,3326195.513715091,42301882.8077687
2239935.3192649093,1882926.2810753454,4281769.395831704,4355368.144910566,6423719.553929537,8051419.239396616,4179783.18897522,6286733.969678723,3929936.1079030954,7710468.810538184,49342060.011503905
2841589.3976045623,2857453.8082158575,4667829.419124218,6158512.311108395,7819155.314644493,5665265.446179308,6191347.682740028,11346531.56729471,2441403.367630329,3939215.488905983,53928303.80344789
1197471.196913695,6149955.683457365,7573949.723167349,6236677.067188075,3932274.3867491693,7926960.520335916,10083268.72582304,5379630.809576871,4023076.8592582713,6395871.860899174,58899136.83336893
2921173.121075862,6959654.56255501,4684766.264988659,3999072.3126483145,4837860.160532371,4832431.302038962,5615705.226948295,4242949.528243209,4046650.6527743605,2344492.8420542357,44484755.97385927
1601777.1465079507,5149568.487818649,5032840.452224064,6260512.472327128,7434269.6930679055,5029425.781114366,7634311.7303356845,1521563.5970961184,5306765.721860203,4629445.563196057,49600480.64554812
265771.66440891445,7723988.349630232,4504812.489033299,6166409.058626231,4393704.569938691,4939004.277081092,3464587.0737021617,5746768.017508555,6603543.248590799,2079290.0890860702,45887878.83760604
1812504.1221325472,3424163.5326622813,7975364.166725068,2353859.9544359464,4945629.6415942535,5448047.503591836,2643654.0949448454,6314916.740476133,6790167.429972178,4567569.923390069,46275877.10992516
404778.70659703005,6402616.25139844,1419031.7812931468,6670923.764135277,8018904.826079904,8055769.206730701,6325215.4257565215,8253990.834690829,4122698.69257484,8424204.402954131,58098133.89221083
690134.989780646,3832607.577543545,4027265.917960395,7298932.15185265,5149448.322850016,2148224.4697280494,7120232.422225686,2388548.312511277,8526487.06786326,3326815.2057185504,44508696.438034065
94376.14109272796,1218765.6817610534,7778673.16970713,1854400.8678081397,6176922.295500946,3902216.8497189386,1514048.3641968041,4653967.356324236,2961699.097897735,1746917.505155658,31901987.32916337
2324060.2930717454,5269469.66414799,7009351.905173378,7025270.432136669,8209484.340649776,8194756.074457576,2504550.00835351,5265721.662417587,5993989.601616457,5786570.894164698,57583224.87618938
2123838.5223772153,6518387.865710479,5280606.304893067,6074205.329002346,2569271.286796309,3061023.202536167,6079424.720259577,6813880.499727799,3249661.9873964093,9306180.754043208,51076480.47274257
322906.62456837116,5381869.112565329,6212253.221110441,3025395.0243374077,4085936.3414676315,4724891.818008298,5657843.388444767,4997904.713174214,5949406.184004556,6742764.485580232,47101170.91326125
1284820.2559440052,4058184.3918269267,6237006.1809158875,5173991.306638637,802245.4059037002,2037678.8681671917,5446947.63792567,4905118.691684552,5298992.741188175,5343010.43537476,40587995.9155695
1334072.176076037,5360868.98098532,6151568.375253106,7439736.536660701,4920093.629275436,3265180.1953965113,5261239.7411028445,2931437.523271632,5961259.478005081,6331745.886417526,48957202.522444196
1338729.8075801525,5713235.385290285,2501848.628409956,3005235.0372902993,6023570.374743315,5980255.762152412,3211351.90985911,2553025.6096143057,5610184.2744507,3227125.2901615244,39164562.07955206
1369831.1201764506,6445457.24152979,1981647.5804636714,5529199.129171927,3219473.2724255924,3002790.6079199445,5901043.304900023,6951623.871990176,3423883.6164270057,7474782.598762822,45299732.343767405
2461993.549438666,5156621.586385713,6103481.138286241,9195383.99185908,6761699.7538768435,4371576.776577987,9096727.033463998,4786071.168964349,4517548.307205724,3328688.5701397476,55779791.87619835
2313832.281972113,7516426.743283741,8444158.202466898,7631638.840942617,7593197.09861484,4786936.015675546,1885532.7231002382,1658176.9376949812,8026590.333073445,5712958.445371529,55569447.62219595
6164819.774325646,5582295.575200963,2621917.7227426465,9692797.40473149,5347241.430199205,6765067.339957555,4157201.7880883827,3707795.098574047,3784171.9697340755,7765183.059283069,55588491.16283708
6977547.874700436,6329945.450176984,6229900.394258264,8863535.014998777,6813853.148427208,6128961.015068621,6915549.393214871,5441523.268071962,4907237.511749813,5883392.193013662,64491445.26368061
6963033.984490406,4567400.22843329,5758626.787874557,9094073.870811015,5553726.198873079,3549165.01659685,8829099.411177676,2879205.4206840023,6975541.448492553,6065041.442432772,60234913.809866205
4961937.933324391,6863854.17009052,4825062.724907248,10964717.168837622,10737116.687831117,3973766.362190163,5957504.420280358,4100188.7690301626,5573161.428603104,4320396.975555393,62277706.64065008
5022877.122267579,6059595.714603172,7293680.791383078,7975455.609273675,5948630.687291267,7045782.628778789,9939761.932140872,3867499.040392097,3091909.372506125,5372505.635102714,61617698.533739366
6452101.064763094,3179545.07090728,9579952.521153288,6552343.176759716,7376219.794427788,9461801.461489359,6147145.303487293,4068311.8860898674,2834056.2438903456,2553718.0869054166,58205194.60987345
8372992.158742429,1943863.4390775964,7209796.688945409,6375582.413913255,7855775.109795695,3472333.8729580604,7014792.443109099,6537590.463574033,8399663.807975955,5886803.050349323,63069193.44844086
7232591.112352092,2112448.1756237936,2046440.0561546774,7338204.118787407,7322979.768361736,6173429.154707732,3583071.968736838,4095289.598095092,5212360.615175122,7203484.246754725,52320298.81474921
10437341.519041307,8120695.163964216,8890412.4736331,9333375.586047452,9385186.536915414,8602988.227873404,6303881.111671227,8350678.742219535,6793279.885708337,6504813.114151738,82722652.36122572
2408798.022780868,9863258.56651812,2490038.0501914937,6185719.221960297,2314828.44470547,3582190.6593948514,7374639.055745913,4243498.200729701,9126494.496767968,8486451.186735064,56075915.905529745
3515429.966292304,7553743.180607724,8600883.91552671,8884605.702466631,9423677.918623796,7317654.8412429355,8868084.033877857,9316493.076015819,4466065.309916988,7308199.289766672,75254837.23433743
5302948.714238909,7248616.77291517,9476259.429722091,3904510.6127907485,5833833.197062297,4706146.228433318,6236933.360838427,5271101.250094004,6281234.302798987,5158278.459766567,59419862.32866052
8751402.563136252,4457615.743566711,7960533.149429872,7900006.026755177,8469039.691135459,7641519.3026361,9024359.748172123,4179617.7357815984,6192060.155753221,6236682.997488685,70812837.11385521
6770463.429352637,8520672.94970845,10839731.65378431,6801413.591923081,9141826.269583823,7411869.452318742,8389215.906071382,5134014.872709529,5689557.422511616,4177240.6457750667,72876006.19373864
4689548.112726537,9468791.231999973,7298081.998547728,3576608.414904645,7053082.087140195,6451720.519677181,8148320.379566573,6943616.47908272,4751552.020915577,6488640.877765553,64869962.12232668
9566411.05378983,7460841.725039002,5364623.8833178105,7565260.2725857515,1929201.028533252,7788370.649728025,3987663.9284065985,6607460.758836585,6137251.713056398,9632417.306730544,66039502.32002379
2269475.4666567915,5644705.731108776,10043673.496588172,8450421.352592258,3156811.571407981,8576164.198948182,6890997.691485032,7510466.067434359,6864456.637246751,6192542.983183172,65599715.19665147
9064390.358937811,7658072.367028642,1356832.300084871,6551619.317167683,8643626.429457815,10966557.202374756,1921965.7171408234,2340802.6238787235,8770939.287970621,7806491.583337815,65081297.187379554
1598145.5293115696,8088458.951152445,8095159.84422014,9308387.099229852,1868977.7918973058,5766406.440637587,8344039.089762438,5992908.708854281,7513947.553065451,1767789.4981430979,58344220.50627416
8711417.824267706,5043142.9245666275,2313135.7140515274,5845977.055195614,5209098.133396147,8469866.058136191,2320388.003058476,6783736.003272158,9771991.01179647,3200047.450339074,57668800.17808
3353922.0441296487,8401690.65430555,7266743.50217526,9035266.136117589,7344892.739638696,6705492.859560674,6937838.2900101775,3369267.701180774,3603602.1705758343,7289595.0018177815,63308311.09951198
8594849.230244525,5597397.874473034,2109051.0821664454,4534376.374432349,3785043.3806128674,7812564.707614337,3733764.5629873807,5829942.354788267,6919167.512072487,7499288.756076018,56415445.83546771
8479639.497655332,8360948.287328968,4673536.200935284,6047757.439101374,5080453.267981878,5082104.361398725,6540312.417330859,7152311.168575605,5401190.474135138,5190640.27550322,62008893.389946386
5293499.4620834505,10554029.31590045,5306671.8239843175,5499822.204662153,5405599.577283554,4094188.2219023644,5218125.228067322,7623807.813099098,6033957.591591417,7038216.592910373,62067917.831484504
7593606.8740381645,7566306.417382174,5254648.54673294,4520010.568021084,6717999.918566454,2547010.2176845525,4564028.409106191,8248890.446039675,5897487.54885978,6054338.669429148,58964327.615860164
7044788.843331234,7931410.17999706,6343647.448158079,8981840.944476914,6054354.866071063,6025429.904181911,5563914.960418856,6612059.9191028625,3099007.049378683,8024208.552680465,65680662.667797126
8330966.925691171,7033367.1052187085,1989367.9212726702,15868073.99147574,6578583.253276821,7077895.666290756,7896315.032533488,7045231.209309384,5766749.306391556,6928833.635489071,74515384.04694939
4478297.359247047,3514572.745143727,8532379.469688682,5534522.963156528,1927015.7629482755,915526.9150295907,4542997.065496882,1111323.300805683,9151949.674693702,7311849.249461075,47020434.50567119
10650235.959210442,10047923.553051095,1836779.0290481881,8581013.623660693,8558308.363368625,7825507.121570595,6962789.210964344,2523552.3596951305,4051003.1616724203,5075438.427324822,66112550.809566356
3166734.0790329445,3861079.096633574,3463288.8570695412,3066710.605079877,7115662.849636336,5714375.458919795,893933.8251951874,5919932.760780741,10039561.596535953,5897056.741427724,49138335.87031168
5348525.714471607,5850194.408529085,7034147.100531224,6916582.687599453,5119685.4944803445,4602013.917024181,4249477.7422696445,3344831.9296057886,5315099.845169048,3604389.404627525,51384948.2443079
4678472.03155025,5528550.405883731,5147017.080764811,8213071.595561233,6930054.644645354,7371161.7182773035,5859913.412169171,6949387.428848596,4494539.689755073,5719335.738697266,60891503.746152796
5162425.529415096,4329519.164038642,5277924.329515463,5927219.533144684,9585382.267568998,6194483.369128259,3609192.3222787627,7514652.693850474,2830876.352433756,4607140.630201083,55038816.191575214
8553711.240082053,5645161.74211915,7302358.9821448345,8914905.873008369,7491486.376827594,7374848.635625881,6279050.487930558,5807611.101926985,2280917.3537946576,7281078.589171962,66931130.38263205
10783609.972755246,7670332.840680332,6276738.27539232,6866803.162055784,9284553.973783376,6044253.813718218,6355011.511452901,5815593.626946271,8906853.097446743,1895841.9263965504,69899592.20062773
7851982.6917935265,6342283.234067822,2604361.8876093137,8131778.276373055,3616936.8914240324,5479630.981506662,3101342.496955174,8190190.554104262,3087189.299943075,7072517.853277401,55478214.16705432
1840448.0608329573,7180991.0790846115,6284807.970347088,992451.7894038596,9782505.527839331,3859572.214548196,3239065.833408607,4053517.925177382,8750442.222235395,1090923.5523348243,47074726.17521225
7071132.60037914,5129184.614644124,9368991.896530526,5120373.839549339,1711565.5865854556,5625849.796377561,7288461.41058605,8349073.919305272,1547102.4520927884,4716686.359336293,55928422.47538655
8557668.35888662,6883838.600503373,10257313.841962585,6941532.221184495,2457319.803530161,7819098.921386623,9183838.452312207,8687951.481477553,3946109.5133087575,7539359.861215729,72274031.0557681
7877165.944834903,8771919.583030714,5856734.044120876,2317431.8350056317,7289898.483634117,8648953.670274898,2417330.8426792216,4706557.524763758,4590437.528930483,8670864.242404109,61147293.69967871
9430336.147312893,6778039.449574328,3419195.8883266165,7758230.76187333,4388238.081985541,9335832.829292534,4724726.429725752,6876607.649408262,7316912.944164761,7476503.905034989,67504624.08669901
4538570.75586252,5629873.7217804175,7870864.170034699,5778329.39335537,5914511.97855138,6981317.711832724,4456258.104257614,6334780.19672247,4606893.607911273,8766964.2485243,60878363.88883277
7404010.437495379,3741760.0748748225,7342126.044423045,2278035.2659393987,6644431.664145074,7367531.300781497,6861189.170451058,4840386.873165991,5425822.488550852,7991540.509969344,59896833.82979646
9561806.859376619,6594589.59767027,6644087.760934208,7388422.691338879,7298098.0838954905,9334446.113576598,8136672.826888451,3827168.102970981,2855801.542463436,7260485.712176426,68901579.29129136
7645463.484577178,7241939.249550383,4058184.8774341275,4590040.653418646,7544714.529605062,6919390.813343192,6799534.511452541,6208032.333957579,2186523.9559439844,2341526.538681788,55535350.94796449
3889777.433199849,5703326.763516303,5287965.729470111,8024426.651154137,8361465.171542456,8513193.990532786,8792163.802226502,2136761.0166150425,7876208.514174187,5590433.516738005,64175722.589169376
11600911.161751349,8849668.631305,9643153.579891136,3190485.7292714007,3560882.6955491095,4189502.6571102496,3722627.031816001,6657418.522131485,1911034.6455390344,5909336.653835355,59235021.30820013
6453407.757711069,4066989.133621377,9745034.359709956,3337566.539515731,9275125.415595401,9883804.676938528,9211710.2303234,8671140.560313316,6882239.696819145,8345565.164720617,75872583.53526855
8788254.836453771,7694821.61761646,4117247.1649341756,3073900.734314853,2631574.46722852,4235912.800225058,2576572.6348825004,3785987.4377797674,8261902.04862097,7954901.762256463,53121075.50431254
9821382.752022348,9247497.510148402,6950044.546070161,8580806.523991223,7343673.7921676,9640728.05803302,8172976.9284944,7370181.603513424,6218847.586729847,2905229.687740939,76251368.98891138
7771836.375154374,8409737.28143865,6924755.216399932,7692933.293847724,8558181.37773985,8786776.724245792,7258345.801539161,3251841.6738917297,3012118.0046927133,3827806.78800735,65494332.53695728
2706617.5260983356,6597072.535066799,4319681.840557638,7106364.544019364,5158763.842434435,5685774.147903084,3414451.439872851,5565938.839140183,5951338.664699724,4283500.253503961,50789503.633296385
4700686.065231666,5551624.418359074,5908626.037037894,4910458.137095268,7752549.025298095,4408390.402744039,4802819.796259969,2934355.5739460434,7153763.695868947,7230185.743179667,55353458.895020664
7537888.23749852,8287688.728826533,7078036.832823196,3625314.3536468404,7175392.422629061,2657827.373239803,6188002.531679997,3480573.2086347574,7544245.00892095,5511040.590550925,59086009.28845058
8194143.029027523,5139129.065896014,7557690.334278452,5372188.171224608,2758578.598874334,8069249.383170089,7770463.568951095,6585605.492670032,6566040.192536053,3264503.6028433503,61277591.43947155
4219132.427532826,8143823.190890435,3753958.3090135083,7687395.936844711,2485601.43658231,2786872.0304332157,3051995.381543179,7843652.968180956,6521833.712291277,3416730.539039146,49910995.93235156
8800162.636810461,7885529.594342476,5803509.368525506,2870563.771412622,7191478.402954876,7067980.4376159385,8491852.77235122,4002829.844918907,1023352.8889574981,7251622.535093776,60388882.25298328
2720290.1749945567,6644469.923068296,8623003.551408174,9344755.299721833,8793087.246907923,2688599.305723435,9759241.466183215,9224828.650322912,5296103.161574555,3127045.112333223,66221423.89223813
4983131.352669628,8528923.182438,2037853.113855468,2856599.13546436,11546677.396949384,5340542.193423813,1792016.9702434433,3590508.2629690515,7674473.6623195205,6762237.765213801,55112963.035546474
7427896.541607179,7631151.730000845,9191354.191389605,6347391.466888574,5425460.223625456,7489473.563465032,2909690.4781931597,6981529.056133942,2990563.716473743,8311100.412664121,64705611.38044165
5005476.799354788,10236231.679548513,9746351.415268917,8306523.789730438,6444273.963526713,5626650.385750485,5084094.531353541,10106691.222122988,4810347.656698415,4887653.062913941,70254294.50626874
8260894.92374742,5357611.4837221345,7086497.180400942,9165534.96072119,10943394.837948987,4882151.7716926215,6621328.596664156,6131214.986713487,6000440.3010402955,6836959.333696407,71286028.37634763
9862487.468457853,4276738.97448512,9051003.791664459,5360302.489188344,6111169.332908913,4943851.400863136,6811179.290697642,7571871.033119733,4988805.149469128,6324478.862126972,65301887.79298129
7075189.983341479,7202956.88900718,5666984.450557256,8597939.88089966,6480861.156487417,4130822.413671229,9702223.729543928,6545241.734358275,6203168.4066200955,4135174.5820021657,65740563.22648868
6202789.563256894,7632531.46996564,8220893.575908744,2542675.191364414,6564709.715709507,8455136.062770056,3702966.835807053,1813299.3851083934,2752803.1028435715,6219972.939439904,54107777.84217419
6470633.54456475,6367269.807317483,1686484.4366710724,8543450.063118622,9685765.269014392,3853256.551699511,8196015.413653445,7724585.995276912,2260399.856167198,8843113.577130603,63630974.514613986
8811312.111705875,7837108.266575977,6586068.340375252,2302411.9598057414,3291797.8996302886,8479590.427620545,3499729.906847259,10068336.679485112,5319368.043363392,9735949.907195758,65931673.54260521
8808656.748822886,1660457.279207918,9963226.72098849,8588888.920299346,9140717.700863488,3017529.0023888648,8324006.841047078,3167668.1941346177,8348825.543319707,4736302.883088857,65756279.83416125
7811582.135245748,6341646.427343146,3383682.978370168,3762762.7188579957,11534627.511021592,7927074.071802522,2970709.8891556254,6648010.773172392,5279024.20921846,6582136.109920592,62241256.824108236
9207804.83466482,537953.5737722592,4400126.949456584,6070591.9970781915,6959631.339464393,11911930.302556993,4277935.259315395,3665368.05004144,4624152.382022068,4785596.863266635,56441091.551638775
5491039.127737343,1577170.6249264607,5520513.788164705,6695274.111984574,5178998.002281012,10275030.427165383,3713560.7554000383,7836034.633968311,7579749.152227821,7739684.467140815,61607055.09099646
9961905.184292875,6709568.262170554,7718726.179748158,8213094.550868637,8519660.29080502,5422597.344627683,1554722.3686056954,5469160.448339633,5018129.234921137,7466555.449250846,66054119.31363024
5515203.226730232,9838128.961906616,7445671.001589859,12614012.331499323,7674543.0004994925,6644175.833423897,6070388.12908727,2778196.5740410867,9024851.946237836,7679705.248223924,75284876.25323954
4340601.01989539,10075674.108960282,7923009.343405854,7797133.863398568,1491080.1927706408,1083834.5981811257,1101714.6944201984,7364041.3560348125,8652753.464128947,995160.8531810233,50825003.494376846
9344519.877030678,14105083.793952616,6678045.00012409,8223757.697650949,5694424.968986717,7129428.087629805,5040004.669265332,10941176.76414326,7429412.263342043,3371241.818580152,77957094.94070563
3367640.0796797215,8107720.00914423,8550090.042840023,1684978.152796124,9297832.314442731,8769138.58989317,8073245.112609401,6245219.243680174,2643714.431879544,5128258.620097481,61867836.597062595
8693293.980002118,6991237.821482924,9180204.244173747,7962414.774014187,2058796.0499824986,4615153.479481322,2515000.4747928516,7247763.056355631,8260388.582472553,6835718.364796566,64359970.827554405
9840236.434582895,2202474.670605817,3373358.000692218,8334419.613152811,5382938.379105996,9771350.085155707,6613252.283402232,6974961.054385312,3443022.5928018177,2434350.5703497436,58370363.68423455
8896501.907285677,6210963.646499058,7539421.409431885,4506890.253319079,4130606.9060713537,4036384.171658219,3738180.649360613,5387691.264408357,3632752.190042073,3511978.627570296,51591371.02564661
9209878.204349518,4678883.493799841,4012656.1102628154,11113558.812369158,6592873.58668069,7567392.386707923,6063524.505467436,5610290.556413683,5430427.6399445245,5871405.324314795,66150890.62031038
4078825.066040599,6114764.45607187,5151423.496337881,10652017.196775053,8255495.842166533,4879122.951843298,6620760.919534975,5301642.145396038,5017348.441172257,6758478.563656643,62829879.07899515
1916814.858705694,6875286.84798363,7565358.723586221,9349803.088587176,7662673.934483571,6143327.496325097,8020383.023894014,6859990.863863282,6169669.921943099,6828720.052316152,67392028.81168793
7315649.128518351,7990545.65800674,5374406.526205099,2800807.7190828403,5099386.56076363,1825946.622417223,2424609.095199187,6404911.500793246,1505941.987742577,6473887.350723907,47216092.149452806
2086597.586406232,3872097.5416556513,8783536.616990611,5674872.1113350885,4364691.519001076,5462248.813255948,5240977.79222028,1755553.0539296248,7147682.943615009,5823791.576042105,50212049.55445163
6452410.589766097,6485105.808658828,8975994.168777362,10733402.85403429,7283276.302563884,7596091.987190358,6874544.153006195,7324231.357428111,8211749.429209164,7075655.442032139,77012462.09266643
6843539.935941728,11217006.836498288,2874533.4478219836,5291995.787261509,6167093.835967428,3073292.6530542555,7279845.831240449,7796900.513142967,8604537.795619031,6651528.962121566,65800275.59866921
2262605.555677325,2311158.5707520256,2427001.6892584665,6898886.4620697,2622167.871061799,6035009.605640015,8514437.888594434,4543549.212079998,8099987.394276658,5057666.14373965,48772470.39315006
9658900.713291464,7776875.07182614,11457435.457106132,8603975.180917634,6664999.103646723,5895269.488819013,6737200.451521874,6056498.857809745,3530407.742570076,6449493.681294643,72831055.74880345
10624233.48049252,6903058.461094722,10043396.375089312,4520502.909823708,4401143.572785788,4581564.377823899,7055109.783515918,7275959.556211775,6119498.0289315265,2327886.6518209423,63852353.197590105
5074740.817469474,6133655.077241236,4907618.908822287,6719187.717306458,5099437.15911052,10300677.802539691,6299123.725453426,3967951.7649758523,5428047.608307805,6871705.104789459,60802145.68601621
7035510.556070855,6896230.357155762,4781186.805171235,5408291.19581875,6423536.798268948,4627375.459754815,2215411.1919341288,6828839.6094604945,7009424.767053259,3602692.4038053052,54828499.14449356
7896863.556668172,6033494.133571135,6239297.026447366,8232825.966119939,6670512.080892417,5944361.86124765,7170714.7632834045,7624746.35257019,8860271.17604186,8852176.849435804,73525263.76627794
10033039.600474404,6508534.202010687,1482396.5573106816,9102065.30702207,6972742.058569895,917281.667279769,9669255.245174408,1567945.1517334424,8243599.691549819,9776664.25195864,64273523.733083814
4332362.886952549,1513856.721337756,4154469.3451810367,7294472.180082759,1270954.176858536,3767944.3985628965,4275420.390596277,10019252.381117461,7322420.352896208,7880929.896458913,51832082.730044395
6328969.68692859,9204330.589965392,9317338.241568426,4873442.7929905495,6344609.298982817,6894268.0251942035,6379463.0611652685,9843855.391427696,5162244.612258726,8212722.046456728,72561243.74693839
9476582.0288555,9404924.016390247,2387524.532892693,10045064.841338348,7937957.543614635,1930904.1315917892,8783566.906702107,5405871.304903064,8568218.87964222,2903893.9760406883,66844508.1619713
2965152.7752239862,4378618.136250106,3219939.2627698057,3442811.4708994976,2947306.6495334366,5492649.438811732,10568434.35021742,7449821.676984416,3501689.4116870197,4059602.163909756,48026025.33628718
7256418.356471656,7167424.445792293,9540664.454546997,5983562.262220909,4428300.481323082,7477473.484621219,4713575.858287181,4145389.74471987,6768622.271766001,9231046.815922434,66712478.17567164
5591706.357797355,1585003.7883014036,13017125.051792126,8539321.85944266,7311596.406677093,4630749.193992556,5296507.521730517,7441775.261697473,3783179.235954192,9481731.03467387,66678695.71205925
1874624.7529016964,5818909.465022303,7371589.022235434,5507519.292814353,5323409.256780833,7322023.442955671,4699153.028254896,6208385.139579959,10339202.989105916,3023955.5490989108,57488771.93874997
6001370.484777176,11105282.237028705,11914149.683520637,3134697.204773364,8947163.959557546,7089125.351345397,10956344.681723481,6478839.009552007,6777293.769060192,6512248.209850524,78916514.59118903
3984908.6525140437,4665100.980724237,8251967.491054371,8243369.599466338,6568329.690995569,5789868.495030468,5198031.260433741,5945154.534806712,4804359.472825826,1462024.62896626,54913114.80681756
6533424.690696603,5748781.257367868,9823678.494108973,4536992.588530789,7959195.023930154,8085720.390713488,8513053.875545451,5014232.117997595,4376330.956013193,8590068.95012884,69181478.34503296
8414302.14891732,9648428.588373287,6788189.069132619,5687372.834702247,5623978.044719835,3316037.618653023,11328272.986793887,7962524.890193554,8180038.848252921,8616465.84166908,75565610.87140778
9945326.557837645,11344500.872954506,9705805.99249639,3826970.677765614,11051581.567394944,7644097.12319738,2609265.8614166314,4945333.0241676895,4206478.0359598715,6767155.96173949,72046515.67493016
1963402.665422372,6145785.859023688,6843330.914045285,4150957.9667285667,5832880.082674237,8445642.312535023,9335557.05812555,7595062.853173787,6993434.6388000185,6767720.610908913,64073774.961437434
7557375.117687544,8818082.337905858,8783044.171020297,8509912.711412061,6292645.773336374,5363128.888538258,7811113.19725167,2613088.0954391337,8430091.681579247,7336757.42618314,71515239.40035358
3778604.531765847,4396957.6833150005,3990800.6310986024,4154049.9626323543,7930025.26359373,6045161.947319324,1716463.1184941456,4507965.375584036,6793546.581720583,7610659.775449331,50924234.87097295
5116571.7805488175,6755567.4136268515,4863015.436146445,7084825.08895956,5871832.904176427,6109684.152895857,5449024.802727934,2764720.394900179,7285123.535262176,6994929.699056457,58295295.2083007
3407525.5236292994,9910480.031385269,2285867.3935753335,3278866.455261649,4997911.17390916,8238901.538660043,7581981.645463214,4411506.545131661,5094633.620499129,2532783.6643824144,51740457.59189717
7384079.435875396,7844454.147451621,6064204.457505699,3585790.23090806,7602675.037842707,3064140.044888813,2691724.464933229,4505559.050081969,7229229.641160422,3623788.251913395,53595644.76256131
1896217.4022170557,1378034.0534524377,9611831.145342931,7150906.426112294,10806525.853023184,10201143.439251307,7687793.709853392,5087188.147106858,3547136.075674196,5602839.195279314,62969615.44731297
6403134.910092693,5218804.880724015,5935468.106473286,8346435.0477285925,5493971.551071275,1321776.5053787236,2640999.357173187,8990325.001624003,4636307.58731184,8264484.693751534,57251707.64132915
8277664.829764216,9283384.337938536,8256408.029245013,5549738.259476777,7395528.099747667,6449488.513191024,7411701.72808579,5715373.8934947355,6828549.097107219,5715566.177518808,70883402.96556978
6828940.678704586,2662839.2113367873,3809609.0418367614,8212455.118010449,9726401.030518936,8096673.250475634,10046438.129303828,7826081.152396058,8741858.850443728,8049516.589877909,74000813.05290468
8559953.908059977,7784113.794097319,5643994.059656466,3243438.873864566,5496018.285431161,2739264.319417582,5936702.548264804,3006623.543477865,7215654.31036212,8334510.859167319,57960274.50179918
5181602.355835114,11098298.003129143,7786421.629997407,7718931.575516112,5063505.525470164,7792316.701289627,7672042.283540748,5977253.134874695,7996536.164246306,6913333.257439918,73200240.63133922
9771143.716315543,7651869.407994917,8027748.585456813,8889076.095546719,4892857.699581844,8022185.58132643,5141261.909423574,3202540.6127308314,7745926.158577739,7613085.844327674,70957695.6112821
6937424.7867011065,9359520.374663249,6601813.6215648465,7902890.375173924,7281134.091557931,5387951.110532868,5993359.664929189,3795042.951955165,9103174.547735227,5914850.074138657,68277161.59895216
6266225.113310857,6899314.285839757,3922088.486500359,3432657.4837456644,3595591.216373674,5690940.674879235,8074364.326176324,6354999.934313541,2710865.8140480584,6666327.551321775,53613374.88650925
9136182.483691946,8029277.749391386,5889686.018962047,3938647.2904176214,6618216.266816429,6376116.575652374,3885672.3372801864,1360296.5347856798,2879928.2265504193,6317542.137200514,54431565.6207486
4308205.2077735895,7625159.184544564,7661522.057423231,8014729.818087736,7208542.406581986,1972099.392516213,5055290.601099998,2093383.5606679888,7211621.501500211,9540762.445402112,60691316.17559762
4264393.457755998,7954529.49672291,3575121.286910991,5446848.410497275,7138341.767359048,6564317.3580639595,9297843.561885532,3961738.3499571523,3645854.1420825836,2657403.4595858776,54506391.29082133
9451680.212592848,6314668.382179037,4693107.368976018,6940119.621586676,8892390.637247527,6299487.726573308,12373975.688487176,6398882.072333127,9418526.27967389,7916123.889542506,78698961.87919211
3225254.7597263632,6694799.011116342,9615573.579116318,10179371.895548793,2231844.644738179,1585945.3205224625,7870802.031169893,3372593.639377549,3245326.7492088913,2491910.390358968,50513422.020883754
4950360.031033856,8188860.753440125,4316922.756755427,4787011.539782288,7445925.022797926,4409625.687884766,8603857.025721092,8913687.945216717,4108749.8105370654,2743349.3177569285,58468349.89092618
7244597.0588965,9371718.753981259,8027339.757137406,8713034.997847876,8811224.155983057,5719876.2341401335,5542664.958126012,6206653.794197757,6860831.030948272,5931272.273256685,72429213.01451495
2782726.904424438,8407176.714381058,1899063.531275179,4003566.377819183,4339684.948417447,8847895.474333711,6099053.643800414,3747552.761007147,8090172.512191872,8802349.811885236,57019242.67953568
4632504.196585486,7572550.679574345,5223970.623576176,7783514.620589245,7462321.631898882,4624075.8938983865,3855862.939590263,5009750.964538148,6593744.322533166,6746605.988960061,59504901.86174415
7903963.11432783,7467183.384760987,4344915.315795315,3410402.8329674033,6538145.212075854,7971954.212935352,5995859.159910054,6735554.604818879,6554233.653557434,3766231.2233011597,60688442.71445027
6715078.46458609,5968198.669250763,5462946.4426488215,6126643.902736904,6084654.431551054,8589121.63244047,9014541.724582482,3987269.578273182,6050355.197936328,6212878.168334466,64211688.21234057
9501625.025114449,1629573.4627697393,7275877.623714183,7012784.712208003,7948927.965515645,6996683.715830557,2211443.4908553483,6146559.081614845,6532922.15699054,9835712.264035318,65092109.49864863
3237868.842398592,2981041.5472376617,8725999.19237366,3144327.0023932443,7334536.934983842,3092725.732884001,3778552.1101342607,7245528.328444639,2933293.267291359,3195586.13702098,45669459.09516224
9559273.425562307,7770416.537363583,6949682.596719561,6094554.483435745,8865565.499481404,4169237.4562497516,8235325.777114967,6514674.132454323,6628316.361978513,6814357.79974842,71601404.07010858
1487176.1575209922,1365902.3095935707,11565380.392361272,9130307.7151196,8122881.133585248,8374414.787350595,3114388.3732080734,8792685.15799309,9731456.406948809,9987993.979090042,71672586.41277128
5002686.910743012,6818577.739700117,9893410.424785597,3702094.219067327,6631626.797876545,7651060.044049668,6693642.901198652,4966314.009581639,4551363.04944886,2256771.7250550655,58167547.821506485
7212755.858610713,8679953.405363586,7524792.835432562,7806868.449791139,3656961.101243254,3099590.5475758137,8312209.835175903,9174225.002069065,9375792.376879413,6765260.904478889,71608410.31662035
8446056.874634447,6333586.472604217,8419640.846634455,3790094.24478515,10575423.093752384,5121938.274061954,5565614.056962074,4250220.402080536,4064605.610158865,7417850.087104558,63985029.96277864
9998739.784713915,5714923.618389089,6297570.541457616,6173397.004579061,8663333.850367954,5356630.13152689,5300939.296433438,6989021.355153204,4945169.658957887,6064999.840225826,65504725.081804864
5684116.624219542,6355725.324738898,3631336.395966937,2371100.5087864087,7527752.373786179,7997344.18386345,7489794.504739325,7430801.751875656,6763651.739327921,4833960.0844195075,60085583.49172382
4646389.731434395,3916204.808292292,6440924.674464948,3621485.8340503196,8575143.002598742,5599310.682526843,3010869.583710543,5826221.07726087,2428969.443957904,4812899.501132853,48878418.33942971
4578375.900078258,4040392.471419158,7142154.595477903,5426349.202347472,8469146.31680648,6980893.698597512,8341846.0856062,6240011.06359049,8580591.26394416,8159086.931957638,67958847.52982527
8609017.54493059,6630852.7624936635,1294801.5701705602,7345854.553642577,1001252.1034946153,1384488.4767671493,1932336.3729747017,8254652.152633115,1557295.1105822332,8549774.248503389,46560324.89619259
4488250.802514992,8917691.599401636,3461053.4216399896,7120937.067105768,3968101.1337311156,5349467.540988974,3041763.736168147,1657099.7646103457,4028592.110722848,1694051.4643123168,43727008.64119613
6501386.676367046,7102936.394024651,5316617.21905649,2018536.1827684059,7396087.226590373,8788653.425379429,4120493.10182479,6906185.019781235,7113856.154865134,5030957.985141186,60295709.38579874
8187099.939862259,6270331.694253815,7166945.58571348,7345354.652118072,1815340.497070486,7625081.509062715,5482259.477474564,7311108.854068283,11287734.209407972,5841113.8326290045,68332370.25166066
6481792.075948638,1558344.626430504,8118238.275271296,5190890.751595634,4033688.7037919993,8211780.822940608,7334530.650223968,3602627.8660007548,6411716.532212344,7865408.428211572,58809018.732627325
5283359.729254031,4883500.183521746,8787924.97640814,4948879.150715355,4360347.763806412,5189506.958435421,5987343.087486782,5973924.574840561,7841925.485585279,8319726.192382319,61576438.10243605
5913319.188843883,5382490.034484728,4722591.81928069,8604456.972283915,5467491.728680152,5196141.662749077,5371296.37131534,7021916.743321133,6794361.827134314,4970263.788789419,59444330.13688265
3830084.676399612,4107484.8904907694,7002072.525698539,4191167.3138929093,8919716.212360082,3527547.3380342433,8438152.05222924,4965054.649373031,4545578.114741276,5882079.529615784,55408937.30283548
5310436.247276986,5266555.605902228,7838807.035149597,6567727.3959485935,8211531.194119515,3074541.032372299,10463624.80043359,6980978.646530625,5759742.835554742,3498188.9224102744,62972133.71569844
7993563.314270024,6695205.11800468,9173691.431935959,12543390.759156877,6911550.409621667,7628765.803048911,5171375.902367502,2759171.7224125676,3338091.6658569523,4756711.829023063,66971517.9556982
4550632.897645417,5832126.618355749,7038462.397646271,1470869.7573326668,8141060.587699584,7751713.298037308,8354534.88821226,8218022.887294129,7322350.753475019,6558808.718700301,65238582.8043987
5290680.565863965,6832924.585594081,9602477.569065362,4493720.974200832,6638106.712968197,6411451.725605363,3117941.089247607,8015060.92477664,9040308.676091464,2128100.6583892745,61570773.481802784
7430135.283209766,8200969.41233379,3637701.406886799,8213538.579843092,2230338.3816704964,8721585.578182992,7078553.220544601,9393545.812108357,3613850.572606435,6801762.865445507,65321981.11283184
6861540.688597472,5554586.359979502,9728839.603239752,2675143.307369493,3656289.18413214,5084767.129578383,3818533.549370272,6776503.660083591,7079386.466831477,7190669.613003062,58426259.562185146
9744581.116269583,7544794.929309838,3874665.41459084,6055679.013424696,4465127.187656746,8136728.9570615105,7170859.017032612,7007133.066419688,8717190.23073261,3143149.814497734,65859908.74699585
8949985.013277605,4542243.680195539,8703981.514686821,6381146.518376822,1665886.697075013,7156255.930518831,7918331.096356538,4008051.2114803167,8048256.332848477,4962480.456579712,62336618.45139568
11155345.32457097,9121952.40235448,6404964.400396613,4572745.067890267,2876353.668107079,6299219.5521013625,6202784.87771971,4661997.708567907,8505476.14272098,7899317.543898221,67700156.6883276
7104044.681117054,8071200.756293259,4347161.206255516,4401410.390278402,6688761.925228226,8835748.204167979,7180272.235284527,4442975.311524533,2263657.0790119194,2382356.401145823,55717588.19030724
6535889.112797241,7657122.591305155,5331843.027213985,6521864.727167274,9023116.870652327,3291763.864658098,4261039.5383952195,4496690.999211302,6640834.90385903,7348170.86154318,61108336.49680281
10406909.835145505,8620837.010703249,9452127.17298127,5499008.937989767,2864360.8913303777,9397014.851118958,2999872.4513302613,5289386.913602314,9624487.072761016,7974675.781978342,72128680.91894105
4596548.019743279,6977746.377095273,2969184.1802884527,8797280.781097103,4862067.586590904,1817657.6379041746,7414733.408896866,8410155.757118307,4057813.83391175,4721304.57224673,54624492.15489284
9410227.369317623,8634906.781210767,3943084.965185579,1865593.4636658602,7554724.619736786,6828219.196598028,1457060.8994934116,1573128.7310180375,5077198.670866458,7768049.93972593,54112194.63681848
2045769.1918620553,2196353.183826915,4227440.048277912,2618798.3553101434,11639091.735541226,7763134.013038934,5627015.810996353,7567888.769022322,6219341.995554308,2606530.7434908603,52511363.84692103
8498384.322467575,3740967.256820974,8089545.931735026,8081007.7891041,5140535.614265739,6214050.049854117,3484568.042272737,9065020.261975285,3480420.235437764,5515685.708634173,61310185.2125675
3659800.1781483283,8483472.139703924,4595451.427570836,4581633.363924857,7750184.182892727,8259174.085844633,5695044.2488167295,11534657.903848926,4830736.3175753895,6909837.026535784,66299990.874862134
6208743.972271875,4827608.912611555,7365559.302632354,5288366.120973555,7228862.825510291,6555089.4028318515,7371250.477411824,6700639.96351966,4465778.177108794,5371915.620180876,61383814.77505264
