22335112507.17938,20850438942.837814,22014608683.831768,21659795173.54453,22034598508.012035,21003112253.40777,21894877826.993298,21309123787.25029,22375439140.395817,21771436718.432613,217248543541.8853
2039359.7973088291,2012662.9134724194,1506359.3135123549,5267647.683079762,615245.1510560942,2573709.5655431403,4803118.917743724,7380405.626841094,2206334.819214532,3068963.8652982297,31473807.653070178
2223059.8424960617,6310110.630185381,5817393.546498434,3202264.4369720947,6561148.915067887,4204945.519146202,6856085.8890907075,8335060.95023054,3097634.9067925797,5092582.530683264,51700287.167163156
3541401.7048739637,9023529.764418682,4970072.150991682,878334.4763412303,5955607.61758509,5166087.048921728,2871691.541615652,1527365.443213546,3210478.317020286,4896251.44387618,42040819.508858025
5651479.150126459,9404985.858746195,5730993.370809346,1851394.5066441272,4099932.3775485205,5334272.016249758,7811302.775168069,5397596.56008941,174596.3164218511,6397106.707059998,51853659.63886373
9999284.63392237,2508795.842971749,6480390.125774522,6638697.095734729,8927911.968305916,5496245.986102854,4669834.566635649,2549812.234895125,864063.7593574394,5690095.510937378,53825131.72463773
2248977.030227854,211588.78932709066,1536043.551326621,7304823.635231978,1681888.8505373877,1011624.6563523989,5733863.582257314,6036570.281729851,4120092.717892913,5802161.13794421,35687634.23282762
614695.2540793323,424.2603387944632,7436232.875638055,1658746.1346227613,6389617.994296003,2906042.0134592117,7748606.174490843,2325828.5977555155,5711078.890262803,7804138.112029321,42595410.30697264
2550812.8180902456,117824.7062731135,3581256.389299053,6844251.616890663,7150971.497930705,4580231.174200092,5316289.73841588,2758373.935349174,3992607.0679914067,3592177.2827170696,40484796.2271574
9690207.355462994,351263.4146987748,6150550.111059395,7693621.942327221,4978548.300421173,6713025.214625204,7347427.2425675085,4835592.281781293,3769210.15264313,5411131.466918464,56940577.48250515
3496024.5706499405,2462810.0353143364,3590379.0855419165,6792760.808828678,7987381.2011990845,6131971.852868913,5163151.193262407,795014.8702936587,5278006.337866502,5068804.78781877,46766304.74364421
4345125.364775944,2625415.607844157,5320751.343331287,10030991.842637174,4715404.895136396,6107146.148607826,7252564.682976537,5236664.017433093,2770252.7633196046,7804020.942356775,56208337.60841879
5959068.566260586,4931510.1722594965,3628718.8251927667,5249865.890033021,8623934.281176217,9719833.018438766,315675.3992025893,3297215.5119401463,4956535.843823622,1960846.7270239186,48643204.23535113
8044442.715127638,6594660.562668651,6665383.322657855,8119674.924341401,2349961.2859270857,7060831.464079817,1439611.6238522204,6304528.950596813,8580694.516399795,4631978.37764362,59791767.74329491
2150955.989847957,3584691.7998944535,6526922.218219999,3196498.462588353,772985.008988567,3957756.2488463605,8070413.880807506,6455327.293538434,1605953.197681905,5094496.782720898,41416000.88313444
8439076.70042067,6744561.096694428,4213422.931966611,3849618.1664498565,9058690.29103055,5353995.840090878,1101759.201829941,4249006.005937159,4107482.758592271,4027296.5043679955,51144909.49738035
11489064.35588622,1808375.2057396632,7879403.985918046,4025825.9335175045,11552290.383591583,7985916.178643848,4146467.655728818,4844731.538454591,9123191.849934895,6150746.168419933,69006013.25583509
3156010.0373883187,2523410.156699815,2432701.360982906,4781834.176769536,3465208.0697838035,2885784.3863564203,7480090.7534790635,4268452.853475095,2633650.7796548153,3458258.375024533,37085400.9496143
7076769.7296986515,2166334.5083749606,8720689.539240811,9070229.417464975,8487779.447597006,4557594.340381961,5797241.889561557,6087707.256250004,3687064.2863729633,2626028.5502917957,58277438.96523469
3278819.1089693597,460160.25690455316,4273996.68740719,5252645.746120846,9085748.386286663,5751785.676957377,3790101.292636952,3834075.494131959,8738449.455829615,4113818.6816071915,48579600.786851704
7549337.022586912,999064.6819464789,9025026.197317453,7025699.842370675,5512509.235149406,4159827.640439284,5008372.032234227,4349452.186432465,5827627.5832879655,5913012.1741314195,55369928.59589629
8074870.929788361,451801.00583717955,7833012.4129836345,8781737.358507648,6472456.84387633,7097996.034546963,5825420.960469611,2101636.4039006927,7022424.558921334,3689341.1596710547,57350697.66850281
4334908.238808071,478352.9362137893,9617639.79479453,5653879.039127128,10550511.421680143,2698759.26431062,5874893.067764862,3103202.337032783,6979909.479360093,1858979.6233709075,51151035.202462934
4309641.673814431,5840470.829841864,6890860.962747683,3276361.3265498057,7951102.793834688,1804934.4399224676,8968267.984204695,6065058.0094707515,6499614.555952195,8586753.246486118,60193065.822824694
9540271.534136292,4036554.3262701537,9339130.456549121,4117637.948730126,4175390.9432144207,4553967.683432112,6111720.416244511,1641039.65275546,908324.5606241507,2218352.4615349756,46642389.983491324
5002720.048135987,6549087.875569874,1535514.5931020088,6085986.591040711,9893665.921963997,10127874.844604423,8336591.10874663,4060386.691483438,6425964.387208083,3042340.0651301127,61060132.12698527
8788428.547228068,5255561.23513906,7879025.837801222,7599696.017329431,11743976.452471435,3417659.3189815404,1758115.4750957864,5717371.767942061,9557915.126246797,7929346.1782812355,69647095.95651664
4496142.0549153,3158086.6951100687,8479016.792202242,2389468.0019413037,5058497.145955737,8706651.604815949,8154894.356670633,11930073.244441353,13809882.549988016,2573613.3007795624,68756325.74682017
7029408.982976483,7264202.502349,2770982.5101013146,4693047.397590632,8516961.09988707,4423563.286695251,3569668.1991199655,5558404.071467597,12689617.553527456,6254620.62185807,62770476.22557283
8293515.877015546,7129468.984581472,5617942.446765727,7616283.4016705025,4168619.8931239783,6178440.832663556,4638730.734222415,3820216.82144117,4104364.031717332,4529786.275769604,56097369.298971295
8527607.530487431,742374.3057087724,4688588.4168552,5657907.049210688,5802053.549745509,2217741.929508535,7258506.937257785,4608130.925386963,4708772.420096031,4763654.95019223,48975338.01444914
5753860.78426157,5448905.876962361,7090312.229982059,3614468.9001179757,699411.7864499196,5566008.463210327,7733278.87086621,5837641.624262151,4588682.829799218,6950107.855010672,53282679.22092247
7003692.212265484,6704937.010945492,8548008.16367455,2946631.250751736,4260417.977651938,2077572.2114951403,7594821.689490432,3523283.825391626,7631577.825843002,1656207.1356234492,51947149.30313285
5434760.811586707,6951529.182998898,8701503.594997043,7056056.656118643,4771764.967581191,4016272.7864397685,5195641.253206926,7128922.890717063,3126013.9360380233,7804341.958495752,60186808.038180016
7823135.252070751,4364915.747834595,10743558.06047489,2806716.378226129,9350097.900395544,8804053.587157307,7200738.385051772,1712747.8871073262,9021991.837493356,8367929.755965405,70195884.79177709
6359897.052081815,8516920.825444257,9924442.69213327,3944921.3294632407,1114212.2835516615,2477600.0955309975,2797695.0739721158,6337931.758321134,9480588.516097892,2561892.888387023,53516102.514983416
5797359.841480701,1308237.0452701382,11867690.80925424,5694148.389991679,3301403.2414591694,7074440.536769375,7764331.270052538,7498127.57037145,5219260.703671276,2225348.378500454,57750347.786821015
8941354.20085525,6803347.9772359235,8880899.929798637,6016206.317574845,8842710.263859585,8764443.20900067,3252503.9749333765,1618606.6248841127,7210343.9962729905,7813144.578341094,68143561.07275648
9683884.697882649,8531096.47878018,9394884.423455723,6796279.519641457,8158232.856387859,3256511.2409897456,7069766.778183533,2656687.8864234462,8140263.188476146,9013408.138142634,72701015.20836337
3817784.74408599,6880723.647414681,3006267.3446892556,9023206.613766233,2696040.78757066,4885328.301831605,8204026.345666968,3100625.820228679,3039223.3482559863,4792938.543663715,49446165.49717377
5660964.147432316,3308974.5573863257,4851030.62666993,3782755.4102854882,4272513.395777163,7526343.14569512,4589393.376683785,4177775.588878529,9259193.905481411,7758039.8589030355,55186984.0131931
6155902.5443325685,4815273.125461967,5367874.196387588,6265453.1107713925,6479131.899267824,6628300.67967163,6750105.942862694,4836472.720843845,5225213.709366859,7018897.532961817,59542625.46192818
3612822.8401123234,8219371.420206195,3740805.3397140214,3648834.6917143506,3895014.379929958,5331862.4017952625,6625328.301949216,4993263.114510634,3713135.362218565,2758430.5553477528,46538868.40749828
6680766.515603961,5781305.247304447,6961273.919560075,2538191.2670799643,5634930.85009385,6800328.614362713,7409251.168486209,6269094.170160697,4739594.725801244,6631258.883175907,59445995.36162907
7689531.644574451,7721675.572650776,6556113.649340651,7347594.115395615,2806148.0718332124,7930759.906933084,4090021.223182308,6595908.561008152,7833418.868783158,2488156.885725375,61059328.49942679
6575182.863965934,2319360.105855392,10180141.866621116,9142388.046999449,6665488.9736005375,7052238.690821387,7837120.794196229,6546928.7346758135,7495694.850140077,3313504.897442773,67128049.8243187
7189660.627668331,7899565.260763028,5176373.077309859,7940625.255777188,6920235.530726158,8205294.487848785,2445768.105291114,9882235.146179942,8537187.969846483,6131059.358057024,70328004.81946792
7328905.727827027,1158905.296416746,7793770.236181806,9761907.949330363,2721953.2006230927,7507492.973930715,3676879.0594031475,6825113.455303145,6470124.829870122,5710387.88055696,58955440.60944311
9668055.93855008,5864306.662481009,9904234.994062122,2558124.417790318,7401482.237676928,8777285.015389841,6196396.262826947,8509399.787237516,9817710.169531975,574865.0137132122,69271860.49925995
5416950.842704874,8439872.019132456,3036072.114378372,7262947.555142625,6431215.467774707,8405762.389889691,6948089.419656991,7041804.712458561,4037821.4671546556,2869743.4168721777,59890279.40516511
11103039.280965868,6856002.459987074,9142598.896085987,3208122.236815326,3982215.248628458,4429084.538388153,3105727.996123988,2968777.142064578,5935271.74867104,6304953.572831254,57035793.120561734
4476477.536979687,8575457.23584516,9366011.116326354,5853461.629609236,5189538.160331929,4028152.487390908,3942773.6314524943,5660988.581829769,3272434.5521304356,9134789.150816072,59500084.08271204
7986514.25646687,6122965.21104894,5430446.17190998,4525910.651091666,7037853.77755071,5513568.767385873,5808896.6423713565,8488930.691096358,5348850.697629956,7535254.194096471,63799191.06064818
6431823.437263431,6068239.054449502,8239718.05682059,6277336.4496983485,4977702.395852213,5184412.52575539,5748600.985621606,10120197.162831059,3780110.620974118,6150022.03149353,62978162.72075979
7341322.045311679,6026146.605840269,6738292.904696954,3779213.6584845376,4588768.5458521005,5526734.596347027,5666135.979370927,1944559.8480978762,3942707.918751075,5362104.397339001,50915986.50009145
9253973.00829917,6495874.477398076,8401442.975074753,6660107.153444824,7020846.165447297,7020799.020406304,8152953.67049224,2159215.685996286,7228811.590959705,7899034.365139444,70293058.1126581
10608739.295261726,7652685.348973071,3319626.306416074,8024963.186294285,9612330.251218973,6757603.6363937305,3115995.9845038033,2815871.168149522,2759299.900855926,7128654.0440276675,61795769.12209478
2181805.31826482,4250732.269560348,4260495.648954846,7678242.88408857,1693337.604908578,8397625.404887624,7236072.341885451,7619426.6915581245,7400186.698461923,1895034.0388393283,52612958.90140961
10325459.698789995,8425544.110241044,5624113.678671936,8135458.757163862,2651185.1470283545,8649892.145089716,9191247.713292554,2184921.189578913,8997142.067578217,6107524.921971567,70292489.42940617
2645616.8695375663,2040554.692488893,6960024.435583275,5974313.63665648,7356092.188193298,10169709.897091726,5543145.898630261,6010945.448790353,2603473.795010169,6085542.272391093,55389419.13437312
8782110.946441948,4033050.202921418,7168075.418998478,3343723.8231954933,2977138.4530201787,9555475.240297083,8052576.892276995,7647698.513836899,7083431.91499029,3380129.6976940986,62023411.103672884
9933982.395672819,8146727.200816986,3955816.4908399945,8846446.237314949,6848271.575746701,9209473.7299126,10091566.18705108,9300486.1839701,6768272.276617919,6669983.547719747,79771025.8256629
4792817.037460067,4030911.999799817,8647760.878415182,8509316.768209908,7556278.897686713,7571301.052400268,8065263.569640203,5302462.829727416,4290256.88311169,8801264.189151224,67567634.10560249
8448614.973210717,5355186.359150363,9442499.77025825,7123924.2378207985,7816752.138130333,7957262.990155155,3843119.60351426,8503328.18739241,7239590.354049026,5293500.293393811,71023778.90707512
7178123.960816087,5252300.3581714425,6051565.8207072755,4573908.145805365,5462320.598449181,5557820.484000108,4855010.8778502485,5423874.72586216,6281727.952271845,7356662.664587271,57993315.58852099
3717563.232760554,3828778.770932115,8459377.368980944,6301530.583262962,8050755.263420555,5566949.602985069,5951200.805455527,6614898.443165076,3134308.3332429663,3633702.8060598182,55259065.21026559
4008537.5544419982,3451533.8011240326,2514232.443921057,1973723.0419318774,6369603.427480162,6566125.579999331,5327149.870282671,8086462.429402227,1549972.8283490208,7136059.036344098,46983400.01327648
7965771.829341388,6402289.542201575,2098795.7902981234,8366132.501719168,9423824.191204822,3627985.6600080733,8308467.870585,4073579.1544184564,9911086.329442179,10875161.718615081,71053094.58783387
10458149.137498587,9157131.384259947,9512855.232681274,10000410.570008371,6075678.452088005,6794720.048555595,2322262.6643414237,9157696.39103417,9418001.015592715,3273633.0313299377,76170537.92739004
1126024.7131695757,8388001.036713708,3783159.4481251403,7675520.725441822,9315366.955058277,7812808.0902633285,9619293.005569577,3791830.2010802957,5783514.650675304,6430612.305079737,63726131.13117676
5038988.921350413,10854097.40444937,7403802.032479611,3027378.350429258,3459644.8302384256,7277452.956703314,3148871.400874775,6069499.7077830015,5539167.135898317,9175672.261635121,60994575.00184159
7480208.383019505,6470791.685699021,8812970.538710441,3705361.373817961,7340450.747044812,9204158.521330861,7046408.5406733975,10777298.457447886,6875356.703108864,6853904.666859787,74566909.61771254
9379806.073721467,11895623.992676549,8066302.880564763,4500580.776428681,3569034.6592197483,4428717.69157324,4488528.350102595,4281727.742422301,6639291.895134802,9573179.093538458,66822793.1553826
6672681.790885657,5530107.325952893,6419896.8823521715,8151595.434135087,5638587.708226713,7152218.17052771,4736723.214001981,10996421.035132851,3497272.473916739,5902637.46287206,64698141.49800387
6133191.782301625,8361140.075295516,5056636.2775273565,9776801.816999843,6770830.3152848445,5243185.571135585,1056481.1447533637,5036458.634273228,4258047.6664471775,6057336.961166978,57750110.24518553
3388297.977556348,6881035.515342123,7331103.068830842,8344511.346642107,4729088.408927877,4443479.1373992385,6468091.478053549,4408904.322462533,8195264.1567915045,5994325.797893975,60184101.209900096
6450521.746113731,7340197.11705966,8259591.181656374,7064731.625392557,6171180.920971607,8066794.468872801,3095902.693552583,6927349.517652071,6108763.464397357,1925533.3543230335,61410566.08999178
3992027.8557547517,5060972.4651206015,1898178.7735363934,10252588.704960281,2008985.0060118595,3518365.702799683,7642621.2888756115,2085736.336996266,6643262.737924815,7930233.126326611,51032971.99830687
6719432.433864203,7280880.255626687,6600491.048698686,8386373.493314714,5393360.946375679,9321778.814732753,8752347.913736427,3841327.9115412408,9328670.542102206,870645.9791358574,66495309.33912845
8261315.496670971,8394600.722001504,11167891.303705651,8799601.604314273,7229951.708106286,4616419.398072667,3459804.0572641613,7470209.0273975665,8073155.828850893,1889685.4800187785,69362634.62640275
2248437.085030717,7205737.431279934,4412588.757585343,6213324.738197799,6153615.04264575,5021069.533440249,5149961.330201774,2337490.971898589,13229735.41109183,6722511.957400707,58694472.258772686
6313042.727685168,9616263.76909899,6215534.562595307,7275000.87382704,7541904.140320632,9076122.898525376,5164431.771575535,5631563.703440924,3284599.4272707338,5929810.880006898,66048274.75434661
3812263.9243102963,4074884.386788813,3990784.6356665143,8805249.116081946,2868137.1458507716,4706087.2536391225,7366342.080895947,4760901.070845965,9133874.76715053,4773204.895809712,54291729.27703961
5169695.436561265,4756957.411203202,6809949.259409812,7780370.889625744,5845759.364150869,3964639.3883781964,6452179.462687877,6430449.495507363,6109971.405850909,7702084.702556027,61022056.81593127
4217488.2615545485,4205751.854809741,9527681.38555645,6816804.083762957,9322984.579466816,5751700.3937251195,6229494.455520985,3822671.8085821127,6495179.762834831,7735459.48707828,64125216.07289184
6771319.106365361,7183686.14832509,8914763.375789758,5011628.106296772,6672151.925820482,7042629.507544567,8194399.069549156,1990201.5376891058,7639106.621184837,10959084.136902351,70378969.53546748
7367067.529179584,1290865.1743434677,2077209.343948204,6034039.370097789,9399615.826385735,4831635.852994635,8229571.982270646,7270459.297841854,6949580.855372218,10433056.846404592,63883102.07883872
7301046.633214306,1399933.1361447962,8950736.054818695,7916233.142107018,2666220.5015717554,8966137.531858066,8332896.93726027,7952057.2011781195,8373982.487906238,1709657.3842741316,63568901.0103334
7623278.865428393,8334932.427123022,1811596.9628580417,9263777.6946126,8136789.919591255,1586866.2925167507,2145115.027532957,2004755.5876545033,2728217.538269806,7370690.656670523,51006020.97225785
1663134.1146426674,7893503.455387408,8496308.789060976,5215499.250780233,10082318.49460316,4575994.045017406,4360738.199279846,2394217.7272616285,6588575.431757233,2648773.8031386677,53919063.31092922
3154704.277454074,2717729.961103351,6496768.275281176,8457217.100382611,5312948.13693832,6496761.335808889,8919281.131590564,3554406.7224181783,4124340.115305668,7406856.93422886,56641013.99051169
7504233.019623171,4691544.649824191,3916318.8447513003,8666091.178857608,10087769.291354911,3919248.9753413866,4930815.622685009,6866900.348490909,5195015.9851363115,4854164.649544062,60632102.56560886
5164342.811454746,6275436.131293179,6562473.689477782,5049719.031853566,8220293.508192532,6350231.195045335,8113361.771570387,8316934.082438432,4199799.793748548,3900085.2750572814,62152677.290131785
6937622.3865199145,5096930.336833801,6598855.240140889,6554471.301836901,5811797.560166568,6207841.278202248,4174945.3227358502,5295258.587196111,5046493.47028081,2552408.3662516326,54276623.850164734
10050832.533118315,3936592.848946108,5457295.379662513,5925131.670363063,3066476.501500113,4558977.593889835,6691527.454742924,5716965.515789249,6147889.619558929,7175633.981255166,58727323.09882622
8495551.795201486,7115563.889447554,6755781.611754382,5848272.716586,9467405.422861686,6304385.367969808,5303759.897771747,8381925.720779314,3980987.4547917363,1907635.2001716443,63561269.077335365
2986505.0412635193,3806185.392730595,8165117.692127738,7710249.419160386,1969593.741664849,4328645.949515384,4595811.60360784,2937040.6318066022,7774301.547833975,6600970.2242439,50874421.243954785
3872570.647837832,6319090.269518793,1881573.900597633,5329525.345324454,7554552.5888344245,6345304.979928341,9001076.071755894,5863539.836309474,2311384.549787865,7820389.083659025,56299007.27355373
8156775.220986853,9470791.327970687,7376793.290309961,5632915.551243832,10143176.756697882,6967255.9247974735,2230007.4733890574,8699984.121387657,7510613.122813703,3690008.79072233,69878321.58031943
10610252.448431538,3793775.5989289097,2787826.8827296374,10689060.019547632,5159901.9592519095,5523899.304498794,3864927.849403231,3750967.579940608,1939832.0489750335,4356348.776678642,52476792.46838594
4915653.087484553,5623769.109440259,4742293.156567585,5574327.524167235,9454892.56418772,7150424.978744285,5025445.292273282,6114780.3386360295,3720079.1566675063,6323287.5065902965,58644952.714758754
8364992.035858364,5342480.694628332,6328392.221857144,6373503.135719666,5593803.3409857415,4135925.719434689,4473283.089187699,8117814.887022155,5885264.713844092,5723788.422739321,60339248.26127719
9275188.033942992,1516306.156694808,4169678.895369627,4132851.3874539444,8828111.083794648,5108329.590963988,7249225.40569199,4273699.407718797,5232100.7704368,4924675.483016962,54710166.21508456
7537968.587031288,3328291.0209143753,5921999.535000821,7458464.803201264,8008427.004234699,5800573.7460869625,2651540.581224196,4292591.397960575,6515058.733499918,5195488.811076332,56710404.22023043
3044002.709130051,6455089.790530428,9316301.420977104,7761045.922665646,2824651.1224547243,1194634.0804603621,4553779.541122213,7809981.557110146,7998901.313095938,7418105.493825643,58376492.951372266
4331736.843481441,7649951.374460423,1220450.766291536,7041172.151878242,10063487.078397734,6900056.176944223,7911593.4237148175,1895949.181142341,6399527.255538229,1122154.871369944,54536079.123218924
5702340.66157797,9610158.340317184,7559677.380253512,7928237.009032863,923044.406225507,1279979.2185238963,3725272.755390842,3780978.489159455,4726848.287873421,4500182.628130675,49736719.17648533
10539201.535602478,5669000.352720099,9596565.564109001,9892237.880782297,3763588.7505497006,4037000.1366183003,6926757.454656644,7728677.626562951,6203808.6735721165,7711620.068859798,72068458.0440334
9768351.295889737,8367357.626080208,4320968.7245177245,6252285.634634318,8558721.260015598,7497185.483031036,2791729.232743474,8785449.063793411,10001150.295157446,3024865.319396071,69368063.93525903
4931255.641530331,5664333.956635134,10002427.094654303,5856225.321554926,9872212.752074827,4255328.021556784,3747889.7016188945,4057881.121755077,5769675.997290322,4038215.4516394795,58195445.06031008
9803252.202912107,4986170.985355333,8320400.695001587,5353572.326349498,10151517.94695759,6327080.251700864,7766653.788022094,6176959.850051339,7635676.490682817,5988221.777339371,72509506.3143726
8164468.600853649,6762971.5822300445,5607157.015815244,8646846.16950495,8497878.508368254,3586137.0840742257,4337731.375471945,5382205.925181319,4426764.004438053,4475356.591111686,59887516.857049376
5990274.877035541,9644352.791995026,7560854.9736582,8978316.336600943,6490783.714712073,6255122.593905239,4107874.750070738,4407113.085511065,2016748.0698141283,6852767.905406161,62304209.09870912
6906866.22758787,9251287.242323454,1998033.5104670858,8717614.056998909,4536138.1169623835,6728507.845800583,5408655.199796933,3752043.6034994503,7291083.057599025,2054186.3594132145,56644415.220448904
6582355.825102219,8562935.869236194,2231632.328155521,8607041.712181445,5584068.119557107,7627277.723166082,7487154.227860178,4247002.093319614,2300696.0404117196,8194117.779218145,61424281.71820822
9426932.725306112,4621785.894154565,3806267.042558757,8049084.433001731,9085750.359330805,9780131.227164404,1224970.5064937575,7221646.773600658,3568774.6767869475,1470285.4304706797,58255629.06886841
2064344.5202474415,8587364.22567842,10219446.332874114,9563541.926862098,3318125.0168593233,5181230.048755979,4716737.388037141,2906899.0926242624,7098132.483076352,6555583.079432619,60211404.11444776
3500962.926394871,9158634.162811726,3431023.190638022,2248399.6962365457,7594044.825395277,7403386.879472609,8717642.75234845,4065472.649337101,2117895.386455325,9534247.09189746,57771709.56098738
8016180.360411933,3698995.8012994807,9980473.789838329,7057097.233702771,9474626.716456287,3193381.3349602795,4093394.8471260224,7084750.127470216,5658449.52397711,2995237.97859024,61252587.71383267
3793118.984771662,6571338.373274156,7344051.773918008,9128626.645665308,7712145.097974155,6352606.463985596,8053019.011907224,2743243.0536390617,4996504.61904786,4962516.402081853,61657170.426264875
4374458.069515108,1471178.7456310508,5002635.98187238,4566032.685489407,5377612.888649102,7705664.325873715,7065785.599785387,4173439.634013592,2779170.1805829275,4028877.1450954312,46544855.2565081
6621108.209717881,4935369.8779333355,9171760.089000769,6371128.066798603,3548981.5065383078,4977004.781021107,3026053.6433502682,5385467.837459753,4405141.933135602,5466438.371684131,53908454.31663975
8039461.879198463,8493167.288401319,9247964.810445463,5532393.355663222,5094613.614654833,7262933.591584596,5699367.279836285,4936445.813069574,5623954.81569714,6657684.372521654,66587986.82107255
6455616.435269596,5038910.258485763,5945760.361045398,6961477.798711139,6776500.737962429,7126165.884155012,7031878.459481421,2598419.4217844345,8123064.478880825,6786136.328620147,62843930.16439617
3189756.165992851,7591756.142160606,3105937.156800867,4077336.162289899,9620334.900869677,8864459.239427432,2060269.5323985277,2527231.14856762,3063312.575181607,3279905.8029519133,47380298.82664101
7970501.323442356,8808238.66772929,1939536.5993046113,8643102.511957726,8460472.195930578,3793823.6148276716,7182219.632532021,3247831.764040404,1466720.1135314484,2435703.399658224,53948149.822954334
8730780.881040763,7433286.701948442,7139048.89347677,1717412.0117261645,8538707.717015784,3959623.9753458593,903946.7893372631,6007585.821859244,6066542.336238049,4722630.223843648,55219565.35183198
7062306.054893729,9100429.735228414,9471647.633619506,8762895.024139065,7404894.582189713,8791747.804087268,6090934.460998183,7199838.828431816,6525740.319391274,7746770.131735278,78157204.57471424
10330796.573106326,1501292.3331787118,2820153.8642993644,1683707.8534892942,9619621.61762528,3547919.2955887886,8244538.944537815,2967586.2017955594,8187732.189205695,1950294.6631403847,50853643.535967216
3648385.169501549,6354941.5999198705,4869163.965290492,2913868.437981628,8081437.6509115,6211123.070268845,7250511.851956426,5161099.31917289,6354210.74147915,7637443.353479904,58482185.15996226
6334586.08408423,2777760.6907450086,9421959.624883696,7754227.074023097,9496190.418869944,8987033.58913311,2825197.3297063885,3120399.4399789614,6896998.912820644,3952145.0629108083,61566498.227155894
10432692.038869645,6676198.909398145,8218437.4662912125,7598277.689009288,4126755.1591740516,4901509.175352316,4279559.702445361,4710870.284454548,8177315.502303052,5345535.741868792,64467151.66916641
6244999.611463493,5953626.934355335,4447095.072911113,5810716.753482808,5464344.673474799,10095907.550318219,7237002.761754861,544210.1050377899,6414699.917215215,5506701.44532969,57719304.825343326
7743613.943630717,3339788.1173989982,6330356.255008729,6095691.813613191,8954266.190226762,3973355.1835158686,8474421.40971872,2325707.2097793636,7816649.297224689,4370302.406721694,59424151.82683875
5540816.507320953,4546259.270754824,8950564.386355717,5849565.9550819835,6546681.713225267,6637909.151606204,9094289.848907784,6651354.550084876,6546106.06260979,6878651.574416417,67242199.02036382
7401763.048723826,6863327.4154767655,7433658.636849658,3167326.527466131,7835341.026759454,8704222.38542105,7055541.672658066,8297099.189766054,9456548.173925161,2209954.5757018486,68424782.65274802
8696701.343531497,3289852.334013229,2592333.252977509,4833616.9895166,7613231.103480866,3740048.9992679637,9557394.866390003,9592506.626317363,3298998.4377262327,2734730.5079685305,55949414.46118979
5079884.281623988,8305910.403323371,7832144.468208371,6353632.391336338,7690479.739149046,8129449.907665439,7942165.970808279,3395139.924783067,6415218.7662629,7727039.656165007,68871065.5093258
9265125.742669465,9633618.021536417,1831593.1338494495,8772429.657023251,3751294.2806483777,9564405.7200672,5430886.309372115,9477914.846391305,8445623.106615772,2356257.0464334055,68529147.86460675
8707960.77823576,5719650.472827827,8251881.2011889545,6554093.648123266,7483812.854034006,3663500.503137694,11007947.652699843,3374944.313812314,9288067.847775277,7091752.713632525,71143611.98546746
4642897.689457912,8749832.765056951,3264770.277569343,9337978.70614594,3209468.558608521,6766720.591859855,3818542.6253940645,8488244.58080411,5102847.034534529,5363530.4151708195,58744833.24460204
7850683.434958855,4175655.423748941,8262103.068230887,6677660.535048865,5152556.670451517,8119635.959360028,4773724.470807357,9102952.049280731,5235036.2949833665,4480808.14911122,63830816.05598177
3107061.3914180775,7219096.295378635,9259733.66233224,4483774.639995922,6520550.272575106,5913899.73187859,7729592.110441382,8137413.805592868,5156911.229431457,8318627.623028485,65846660.76207276
5592893.699435388,4777398.57177612,3685785.5905546695,6350289.257257746,8226425.536551238,8008830.651158868,5634386.740026762,9103770.296780048,1727667.3696704712,2977243.7614339893,56084691.4746453
5312399.704596345,2868670.6186385783,3276811.113617279,3494426.6878082864,8907771.636077996,6126970.927768284,4252329.579267002,5485926.96303679,5992136.377098045,6231622.617882785,51949066.225791395
7945556.1703041885,5218502.896345816,3106190.8993752394,3866789.1096573137,7735236.77869268,6018087.358402884,7044698.898675899,6097486.507053986,7976950.8253288455,6536654.272403475,61546153.71624033
2948353.762589733,6994875.922403747,10588852.275091944,7379487.709735901,2547155.250840452,6421664.174121269,4641565.95724078,5323346.312053198,2589619.2434443133,4001329.0519305733,53436249.65945192
6753450.671467295,3074458.2260818686,2748333.8667542995,2811951.065565634,6838943.061584171,8825228.481159104,8359980.415021116,9735068.618825391,8135626.752232635,8634412.594026202,65917453.75271771
8654009.972777698,8212678.551605576,9333755.180214351,8106429.391703638,11143108.673174333,3980596.6951953596,2112514.6915835747,1431189.0450835829,1465136.7762656773,4060287.082202873,58499706.05980667
6755564.11040642,1805608.541817728,2446342.0529930196,7366119.019529842,8577208.933776924,8094935.078150105,6255802.487730532,4123585.3836439354,2944415.6358660865,7360155.064719899,55729736.30863449
7556305.994566217,2917595.3794828835,6819064.869227292,3052416.090080456,8637581.013669653,8635911.813592665,10525727.989161804,8676469.463251272,6645803.393194864,3280561.767206841,66747437.773433946
3304590.1775265285,6905099.982897621,3876564.715300727,7520398.120247456,9607860.88752054,6386829.768231167,4241957.266242407,3244112.5395415965,8086255.360688734,8263336.008758141,61437004.826954916
7016348.694336723,3547745.024049028,3855573.321750244,9731202.28520947,6417981.020280656,7716956.5433371235,7681834.305806286,5507665.0975264665,5931667.475497662,8197591.370216361,65604565.138010025
10439453.754210794,6213970.9157272335,8766031.472255955,6852870.879471277,3755520.2135734106,6216454.118907185,8720025.222572923,5379184.03577214,5741659.727718176,7806896.236669809,69892066.57687889
5739265.212536575,6912841.07968436,9882221.819548994,7499716.727364028,4877939.116561706,5836336.056898523,5894653.151051778,6018527.938985432,5099396.988286224,5080713.149925592,62841611.2408432
6242909.843165038,5749171.7628728105,8409985.880029025,9989781.657773625,7577613.249614649,6446384.379971341,2893139.2195585878,4322875.157463097,6211532.481674714,5218859.552931419,63062253.18505431
8115042.212923066,6909095.005243782,3307688.429979606,7783496.656449139,4153324.186564488,2751604.6767474944,6693411.299142919,6867489.94125206,8451786.868935075,7597824.933641556,62630764.21087918
1807533.433444506,5598168.475913746,6512442.187472424,9509856.508798365,7191110.661081975,4900021.426367058,407190.1663868199,9149938.0687409,3518530.1978349164,3400587.0035101813,51995378.129550904
2124885.602599359,8298926.615948519,7651270.5612877,3156464.108180026,7751422.526105847,8945343.833649427,9444964.646577228,9428339.964384062,4745562.725742828,6574896.500638603,68122077.0851136
8789169.232558524,9841716.336782508,2512693.0879943664,4685113.769821962,928315.3260519388,3833530.2120491904,8927428.343039924,966100.7781776673,8275757.893229894,8504082.961520217,57263907.94122619
5664475.899109254,7295797.369654382,3577716.253937766,10252349.099759035,4251585.266230305,8153636.201184661,7409504.925771196,4453583.398187795,2527008.2908154037,12516963.564229371,66102620.26887917
9960071.483521344,6374091.860040987,6726088.860649075,2682300.1759895002,8603964.296345161,9362526.340932263,11703182.400616858,5073201.292140232,8633744.443589462,5642809.534544705,74761980.68836959
7638878.085456223,2881715.6271833857,5335738.383982859,5439344.14315168,3989425.5794029986,5295093.9240629915,5494044.425657343,3806437.540525862,9988253.498998329,7377799.761616019,57246730.97003769
4113455.1097293557,5164187.90723836,8443971.836854236,7571246.168395556,5567864.8073710445,6089244.852882086,13222587.024325954,8938412.551921444,7410778.735177116,10314567.939226912,76836316.93312207
6321694.85465132,7562512.30608035,7100762.553886028,9780744.739535524,4601806.5727886865,3654898.2770093274,7102062.201061488,5496721.393536698,3450974.4265910485,6292695.439580235,61364872.7647207
7565402.399676231,5589702.581343924,5244044.779115909,6486422.794544119,5480563.899979495,6282538.565331424,3628388.079471572,9700072.283746293,6617026.0913455365,4943567.2174415,61537728.691996
6597646.9573423555,2498506.009536134,7726840.852688783,6659405.665256765,2439071.582331886,5581370.659957873,8912125.696151119,7732263.666567228,1475403.661360225,6208993.195324486,55831627.94651685
8005497.081300767,2563935.285414597,9748401.949436152,2322183.9697421356,6815739.280456379,6966865.0630584005,10058257.682295779,5905531.627323986,7238359.924508959,6160754.642795278,65785526.50633243
3228287.8360185027,7227967.865865469,3642721.0754498867,6432409.846852688,8938686.109107321,8018531.9818738485,1270096.9516983612,9484563.074025638,10600458.025936158,9543062.299193053,68386785.06602092
8528990.473589722,7864544.569573025,11196373.307175731,7819577.029107308,10469363.992651742,3642206.560949245,9393443.871239148,2585053.774446737,8397299.674423935,3973116.374714393,73869969.62787099
10246523.851229137,6084237.678159389,8179773.883125042,8375425.447783135,8206277.46214233,7898189.760820257,2620697.8894569124,5617168.517334783,10070286.826722478,5377444.767816401,72676026.08458985
6656983.257457812,7978106.153753667,9666917.936373034,5289971.1827501785,8162967.052597098,2700975.786728536,8043430.223981985,8008097.3297261465,4115415.3483456937,6476674.8621500805,67099539.13386424
9579892.68688172,2832207.460787533,9652600.236186799,5399433.972109604,3691962.768448621,6883213.9835187625,7718853.98508116,4015134.700056767,6552022.718143926,6851097.52388061,63176420.0350955
5278625.32382107,7455658.3657681625,6336353.878360183,535952.683081081,8827119.797077335,8325142.991443523,6700188.92904446,6403444.831735825,6878040.288140169,2264090.9368350594,59004618.02530687
9529983.349877235,5672191.700752487,10797036.091001874,2666655.3482631757,4319472.770134312,6537392.465378024,4917273.258003694,6299496.870270953,10911007.939719222,4271021.099144719,65921530.8925457
7256020.359576209,5399459.901583541,9993497.455822576,4305296.821339056,4560133.599462355,6988432.171403048,2131292.9578446653,5107716.440784296,7628455.86719336,6550370.921118788,59920676.496127896
8149718.554828843,8001151.675561149,9082522.764801713,6472361.9621980935,5120270.521621441,3108437.761260354,6197782.494397711,6230139.795765189,2672470.5490523353,6589570.01321966,61624426.09270649
4480797.324692827,5916008.577450043,4911664.406240016,7521466.9592328165,7231418.792495706,7853020.562846016,2580216.6745535596,8267545.263155341,3378133.933786687,7262626.808676642,59402899.30312966
8966604.837034268,4911007.350464413,6643572.993794854,2820150.542421901,3679837.109749515,8883229.411273008,8791925.604727227,6168075.907277608,9743943.193585923,6826870.410682934,67435217.36101165
2641444.814503143,7377731.899714139,4027280.831979379,3776629.039959692,8343687.506158612,6748939.497329517,1338255.555383524,9388671.294098645,3673483.035961076,8498236.425511172,55814359.900598906
7989857.614754468,6659703.108830587,7765984.460026903,7961558.760130447,10239351.581687104,8204852.530775802,7780399.90295069,4883283.899135332,4082547.797290025,2282792.8528344715,67850332.50841583
9480895.302938122,8105665.5057411585,8362681.743848437,2457400.882331261,7920285.697726074,10237994.65332416,8623573.78140409,8465762.219990017,7139426.760135935,4807717.679084394,75601404.22652364
4446108.503765996,4991620.377097768,3636634.944267596,5491369.6827614615,8123147.212399133,8566416.540092327,4466900.982213418,3293858.778063793,2862832.2854767707,9603635.04574915,55482524.35188741
7298036.454957782,5370459.888465388,9411341.619630188,6693493.794191054,9141074.937358962,11095678.788774882,7149059.686774924,4785301.897212156,3901579.2310417383,5243718.0024149455,70089744.30082202
7380510.22713065,3625910.628076045,7575503.96451231,8030338.780630745,7215525.599504177,8838453.760632686,9005546.386659482,7517931.358691476,5747064.524635951,8484795.146447131,73421580.37692066
5265863.595540985,7415096.590685517,4532307.048734271,5132830.687175114,7582932.8426592,6614267.59470844,4823744.206114024,4504746.916816828,2646275.2721127733,5263945.36915236,53782010.123699516
8026217.960241655,2505036.9977327287,7470941.730167422,4682496.745687933,9274346.328993423,3832448.9306495534,4542613.456594278,5905180.739623424,6548137.017181157,6767672.749384372,59555092.65625596
9033180.861653557,6791698.067659394,4994646.717796786,6855776.514640407,5453588.284283859,4636095.127149527,6636213.668155734,1664976.4584342488,7713251.640345143,3953072.7728249785,57732500.112943634
7438599.7039575735,1968896.4291113426,9181313.367699191,3322017.342014384,9903465.7231304,7399436.753111016,1321168.3041975615,3805005.2839088747,2452050.198668233,10231242.271004383,57023195.376802966
12586029.725086026,6640429.632065428,11589345.556974063,7780293.476167789,1142323.7698448966,3868672.825161839,4774016.420002465,7432476.402396794,3161425.6176610687,7722223.738348144,66697237.163708515
12888806.396974232,9061645.929134384,6800666.203157029,2543683.3774078256,4979328.178627052,4468850.017760245,8780591.087779464,7777789.20363573,7426410.767448682,2331688.9890102264,67059460.150934875
8161768.796290919,9639050.547388176,10692858.876966065,3133135.2107502706,6899677.991034036,9908761.780870946,9288875.4012837,6414349.560660676,7543301.833394968,7838456.183476218,79520236.18211599
12071668.418087363,3916384.9510967913,11406699.437935296,5669217.450327381,8000231.417061597,2953068.56769207,7142207.464301442,7475561.181835919,7250879.712061187,8739755.194385076,74625673.79478413
5243706.749829593,6538071.927003563,5180025.89048624,6613569.135773888,4493157.72334976,5754191.541801266,6676480.274797299,4958781.324562169,3818020.554003995,3976888.5179086775,53252893.63951646
9417783.509411236,6410382.453387032,9719053.707983512,7299368.693205772,6650915.072827988,5219940.647524941,6100398.902257635,6076373.718961088,4196558.792600962,9789625.350724597,70880400.84888476
11501598.227414342,6391620.0686157895,9313620.601560147,6399658.82617912,6411743.653938471,5807205.85493647,5196722.054428573,6760061.184157351,7184506.789660751,8813152.63294206,73779889.89383307
9225516.980401274,4216679.691661363,8894095.715862522,2235675.3488646024,8809322.920508036,6206288.69507388,7525699.7266665995,9752666.425532792,7394070.542558297,1843026.4087480344,66103042.45587739
8669354.136847714,7276067.309066451,3571802.067660161,2483882.2443419676,2888311.6745833163,11432693.678817611,1659395.1290814634,9896113.006590107,6075513.645657526,3398316.8405653876,57351449.7332117
2358207.076146427,3000733.3482227363,11179954.54480802,9065245.482024515,8368496.623435711,8974514.405947581,2240050.11315502,6545603.50847681,8222463.970522694,8726603.247953212,68681872.32069273
10381993.619604375,8806941.31234066,2288764.093998747,7545686.090043577,2720242.272279439,11009162.049394771,5173964.887153023,2318473.9809181932,8717936.014082272,5494791.561303314,64457955.88111837
7304276.48370433,2362159.0880792695,9510556.49479502,2036034.7618534206,6416138.861691669,6059029.470848467,6143090.796060952,8090522.269689281,2167225.4634516807,4984802.975551448,55073836.66572554
