57402641532.252975,13672053973.32864,70476408807.92668,12668590414.510674,70701944464.70172,15547049328.004576,72274854288.36775,15693272198.557104,75856760737.13226,14169220711.408854,418462796456.1913
8247308.880615706,437.4472101594288,6713972.770812163,0.0,12040116.141341805,437.56538869387356,8106809.964701805,435.485667859822,5671893.825428903,434.8954639028278,40781846.976631
5411470.443900497,437.850401516463,918583.343217796,436.11828443807093,2502635.5316789416,436.33426201955115,6510116.854767777,0.0,17888019.598084785,0.0,33232136.07459777
395104.1521619767,0.0,2753553.0062179537,443.7844590148757,2966002.3696591253,0.0,4276829.305123292,436.9097007618108,6635202.890322581,434.5579038296913,17028006.975548536
7037038.058400594,430.23981686556664,740823.4894924614,0.0,2071927.6194499673,432.05041252896586,8678521.968283186,427.44626417148584,441394.2113826102,429.73839155202796,18971424.82189393
11657851.752910068,431.9162901038586,5450527.423554269,434.9163204501621,696419.8692491968,432.2812200873209,2747708.6791743943,433.8583597536062,17237020.973878253,433.9818100923981,37791695.652766675
8798484.856810331,0.0,8542294.209436938,435.71026000004764,12317765.19776374,0.0,11994711.541161045,0.0,3031298.7446844713,0.0,44684990.260116525
17653727.222752366,438.38583832776044,5099332.302653897,438.0370265370121,4640120.747051293,438.3359195292811,2855126.783233124,438.1229141314169,5629700.363888394,436.3263185749683,35880196.62759617
14677576.583591353,441.6905937156586,18154467.63104144,0.0,7819095.521617784,441.7419580341327,15151612.211133584,439.73344271704957,6793368.645031826,437.85373441208446,62597881.612144865
8943620.795937834,0.0,9206073.193607884,435.8994060599552,11455325.855293116,0.0,1905905.7715109903,0.0,2661780.5735286833,0.0,34173142.08928457
9181746.424981384,443.5492205205959,17966552.91004375,443.85275029999644,14359534.771781852,444.00516063012617,3619982.1184004964,443.9106871769091,7808709.426932685,442.66973086464867,52938743.63968967
13875089.419889098,440.834475052568,6835053.73131118,0.0,8510011.849284386,438.093073668905,8720679.517273573,437.9601280510673,3463716.2863778337,433.1807295538484,41406300.872542396
7666199.439080481,435.137692190148,12531302.240325812,437.2408598759729,14011620.458434932,427.40252560892037,10414657.70247013,0.0,8458721.237692408,0.0,53083800.85908144
12136829.852239192,0.0,7815692.537642684,423.09911001204404,10031945.569813658,0.0,5183080.270853705,433.5190464788174,11052217.114547255,436.20219255273923,46221058.16544553
3787891.9410185064,438.2020634784513,6379332.225597625,0.0,2343209.4503385862,441.87430040323113,2677575.886868687,437.5204105759468,12248288.713006506,437.6796347368682,27438053.49323911
3595239.404491213,438.59116894705403,16779310.752448276,438.77785233860806,2720648.6002827394,439.5409554179203,15446532.051409116,439.9191774401309,5587684.559793839,0.0,44131172.197579324
15767474.146194765,0.0,4027238.4232281144,439.9113913042338,15020628.03841203,0.0,12091784.422905188,0.0,8624557.743914194,440.294584435838,55532562.98063003
13433759.512314556,434.7615411459431,17626092.929840066,433.05363584720067,12434374.804995555,436.97371102727783,7161455.939173636,436.181779499261,10427035.086342009,430.52107125497747,61084889.764404595
5043307.612127464,435.19657457123236,6035238.978085414,0.0,4557321.847662171,437.18493563720136,12440324.86976204,429.64338120745214,9504430.016675912,435.21068613478246,37582360.55989055
10168786.508575594,0.0,13504170.93796917,422.2146416777135,7247761.867714337,0.0,3709769.1374662328,0.0,11361139.548070524,0.0,45992050.214437544
14487727.712823847,430.6471431523314,6967020.677125966,436.4000902598091,12632993.918180026,437.9610807791153,12717080.548459878,442.5541298827024,14731648.71269228,440.6154670399476,61538659.74719311
11680058.241641501,439.8604517838541,7370566.667570483,0.0,12033971.234270414,437.9348822680682,12253271.465761553,428.8575831305067,15887904.562470885,430.5484158638167,59227509.37304787
11929036.345696324,431.782899151797,15694972.011091454,430.79421284200606,14389046.466019597,426.92715184321014,12928577.456878062,0.0,12664192.843226962,0.0,67607114.62717623
3469757.9434271893,0.0,695888.4861491934,433.34744342635474,6850479.518598768,0.0,5883586.38006417,440.8247260153395,15296974.585219113,437.51708275282505,32197998.60271063
8387480.784778541,438.3992028416188,6313979.345974542,0.0,12544764.498878365,432.75957523368726,4136169.1054833517,433.5120453273553,7920767.256022374,433.10152017270144,39304898.76348075
22923301.123154003,429.06469006142083,14888448.191046404,429.0387221832949,13204092.401572831,434.7275570501855,17708402.86535034,434.4318757080434,5332341.310132762,0.0,74058313.15410133
5146715.411098787,0.0,1649991.0857288244,438.1765036958233,15093582.247677013,0.0,8594371.3135144,0.0,14742430.65292799,435.4185142835392,45227964.30596499
8556666.395259717,435.2545318972624,5797809.488162386,436.3904417755819,15625708.401102114,437.0670573771755,9950022.762272697,442.66875754037085,10681534.31852136,442.54819577170605,50613935.29430264
16559869.610120218,442.15747863407415,16576807.666156057,0.0,11598787.46789811,443.2835818923749,12901807.827439534,443.0272301428217,5272356.308363056,442.6994193113712,62911400.04768696
24601295.127315216,0.0,7437022.369514008,435.86231860682767,1727861.691186532,0.0,13193412.125116631,0.0,13954584.62012023,0.0,60914611.795571215
10299300.304468347,438.8648917184512,8451450.537507067,440.08544355540323,7484384.996448484,440.8401702342341,9690952.191731583,436.59277086591175,14640428.461208755,435.2505797710231,50568708.12522039
17020057.854726367,432.51190271078036,2596422.7701562154,0.0,15796550.224363085,431.71327217524083,6779158.07203759,435.19883235990363,11580983.708383374,437.00140720611955,53774909.05508109
10530266.75174167,438.18756651931756,331092.03264485573,438.0616168800947,3721933.902293131,443.35601498270523,10140921.170610463,0.0,7552952.917820822,0.0,32278486.380309325
7687914.963622393,0.0,9525747.157265548,441.6850703399714,6069010.492003044,0.0,13922665.76506814,442.82035569636344,6973072.4664348755,443.9531707807582,44179739.302990824
5680440.877061661,445.54775992994337,16380735.526711537,0.0,8605074.876702044,444.9709934030105,16150465.64584151,445.0800872533564,18957203.234370034,445.04506121600843,65775700.804588586
15465457.862492623,440.6363936409662,4234123.875329233,440.04917932815795,7971850.439435893,436.84798417920854,5687226.005340832,0.0,6415584.787179188,0.0,39775560.50333492
3691619.6967193806,0.0,7229809.67898219,437.31969081910694,16367752.141006736,0.0,11071070.451541668,432.2582024813883,14518521.690500611,432.24994272854315,52880075.48658661
13019646.633236924,432.6190625074538,15470331.90753708,429.14910737904677,17864094.934628278,428.90874717667043,13672423.53018708,437.6738306271648,20470755.63041735,438.044269917122,80499419.03102432
9658003.664701452,435.2123795839072,7401251.504716193,0.0,11558401.66379455,433.0436690408866,1474686.743566382,432.2812200873209,6224921.197637014,427.6374758914841,36318992.949160196
15504372.609308396,0.0,11097942.938052608,432.4085108576473,8976893.266749075,0.0,5253570.002821346,0.0,13700285.654913146,0.0,54533496.88035543
10329273.211740844,436.813294033285,17758188.706765886,434.4300945844965,8180466.106406218,435.1865088817768,7689274.657265897,435.0016464355319,6354636.399936868,434.6617631723656,50314015.17542282
20904707.98819955,435.6739589676605,9993934.19962588,0.0,10686456.0194618,444.2668612091069,9364840.647498187,438.4037851482406,10146763.04286222,437.79213165517064,61098458.03438461
1982936.3066697957,434.1028970438759,13727964.521073911,432.96506844159615,10781197.78895343,432.70832540784306,7303211.835994144,0.0,15179191.612820005,0.0,48975801.84180218
5657835.121568617,0.0,3485463.3641715283,440.3714380395232,12133275.455866063,0.0,7599939.117477628,439.6372260000262,6424927.939917365,440.7733817674845,35302761.78104702
17901911.796966545,437.15522280463284,5590228.399277331,0.0,15119455.69386025,440.22391821007125,3397717.307807024,436.3541218964267,16546198.480478646,435.77335332763056,58557261.18500602
17266962.647076916,438.40006201681376,13777660.128426235,437.87687562937845,15077202.927770358,437.8939236051071,2018831.9407156336,0.0,2234291.205773268,0.0,50376263.020623654
4764916.96126093,0.0,6531010.043089211,439.2463589148361,12694714.796998093,0.0,7547063.013945709,435.90837216764646,2086584.8246348535,436.94459588505947,33625601.73925576
3194250.988546877,437.9219270718117,19072419.942183733,437.9168785631785,16595454.719377939,434.6155973361777,10427197.572614929,438.6322581544758,13101401.124160346,438.24460614567215,62392911.67815109
11601418.419862797,437.67811233254446,16446350.282416657,0.0,4141554.75029266,437.75434070792903,6025964.95700707,437.67697053625193,21820350.325019334,439.9740727126665,60037391.818094805
20981500.33367526,0.0,3092824.350818362,440.098623283148,18873385.71366652,0.0,11347357.123010255,0.0,15272425.436010301,0.0,69567933.05580398
5365459.094119186,435.27156450054156,10737259.688097738,436.15834464566655,9491498.048819039,436.6679586397974,5198572.227734447,437.35094613256217,24023193.337171346,442.1462144501442,54818169.99097012
9603312.735945486,440.3696078800218,10743291.12735211,0.0,17363366.521687437,435.8761902741219,12854004.816045195,435.3085514831942,14373565.527485915,435.70281072349576,64939287.985676505
9837568.765811753,0.0,11843384.824309442,440.24759945865225,12014018.815413713,0.0,8334440.64028473,0.0,18529897.61187492,0.0,60559750.905294016
10340213.821558325,444.74756232988665,6313758.255793604,439.8036633231003,10551365.895406071,436.40198216949193,10307404.064412242,434.2971140421875,11051202.194073742,434.2967393001951,48566133.77830515
10480227.307616362,429.7362817929226,3424809.7816012534,0.0,13857043.893501373,436.3168624704149,4829653.490894761,437.1917711094149,18209667.111102477,433.15276999355626,50803137.98240159
6662136.242783289,433.26285833078316,15926658.085498523,433.03323698738154,18589715.139066868,433.02038389832916,10165627.835641509,0.0,18493664.310016856,0.0,69839100.92948627
16812758.483775094,0.0,18582056.69745455,433.1413076170736,12999522.504733369,0.0,19473734.182316273,430.4998976815735,15665824.270213125,429.43397498178933,83535189.2136727
14884200.024060728,430.35891639121706,2800796.865520163,0.0,19809597.071063273,439.87448300272456,7522515.797584183,435.52052430350795,17681945.007208057,429.7684808057831,62700790.28784091
3262426.2819667533,430.44458004377856,18976592.981120285,428.8753977970262,3932526.9876572597,425.0687599892744,14004962.147238022,427.4994521595108,12625822.711914716,434.626293425316,52804477.624380454
14229274.182059875,0.0,5096034.7958798995,431.35872692921293,4336335.116497705,0.0,15262831.823849445,0.0,22450485.414014872,0.0,61375392.69102873
11967126.03899106,437.1347204574609,9831304.75521788,439.34825305211774,10134208.686827907,439.5494002023887,15027752.07529876,440.0947751058613,16809188.577545434,434.1339750680873,63771770.39500493
19216664.31154112,432.541266463079,6236337.348169341,0.0,19047856.28310733,436.9960953380868,18171812.208544116,430.859855286164,15907971.763161972,436.21419556411644,78582378.52593653
14366550.076524235,433.16768130987407,8143905.725843716,433.48964316220037,13891856.048488358,0.0,9573944.483510947,0.0,8941276.179822186,0.0,54918399.171513915
13553858.490749126,0.0,4912805.86346787,439.26399289939434,13018364.699401386,438.61591710578745,10846998.90723949,438.9104337663068,13928046.170912793,438.68874448960526,56261829.61085893
9504983.915928029,436.9926806339703,1799951.7180252124,0.0,8799181.588811915,435.21096837538806,19883872.972060904,431.7598419877631,11255159.47176648,426.2323580471694,51244879.86244158
5245386.083513952,429.0598437047461,7413064.773407274,429.1906422790104,15515015.6698932,427.3962650118235,2646689.6904655574,0.0,14142741.451314747,0.0,44964183.31534573
20514322.870803703,0.0,19912463.835940372,436.7990783520118,7939317.590942421,0.0,16058313.40745568,435.8953478377315,14614283.296678273,438.00491075061035,79040011.70115739
8591674.114361817,434.58482555979674,17606011.79033001,434.50735252064067,10109635.317396581,433.20692161604217,3622378.5675016097,437.0910644594855,16702560.31561735,436.8352827760568,56634436.3306543
6557013.750670325,442.07611751654986,10351815.752759684,0.0,19094887.634499136,440.85020955684314,7364215.773808888,440.9229117567636,6320404.22270455,440.8482788823684,49690101.83196029
5537393.456130942,0.0,18656502.320746124,442.45696668890747,11545670.51227685,0.0,8951753.65233349,0.0,8326175.222636124,0.0,53017937.621090226
8014252.677005914,435.7264795591628,10531621.952538941,435.4176667550508,15718362.726625793,435.34752166881503,11474912.83789132,435.17747837909695,12587050.379000127,439.4563335672571,58328381.69854203
9663352.417781025,434.83478460702435,13660358.777943559,0.0,13581645.336036514,432.1836905157763,13906669.520676266,432.2268356587057,17198220.07700041,429.8459249668851,68011975.22067353
10307466.931105888,0.0,4972640.164880741,439.6887860099156,18390494.43081321,0.0,16200157.177583132,0.0,11176893.824442526,0.0,61048092.2176115
15377083.973505879,442.29852371334056,10113276.475719512,442.7311562839069,13775098.401314601,444.30245121925384,11623328.844991112,443.85089108989473,15150718.225939214,436.79803590513296,66041715.902528524
18877101.89105155,435.89440407595123,11885152.681876164,0.0,16540742.301525608,434.89414869212004,8819248.782957502,435.1596066140711,10393642.550217614,442.2903616284153,66517636.446149446
8103682.1512092855,443.6789325961552,4847967.544892182,443.9705972832059,4084494.0414781836,444.3469712693579,15751626.674905231,0.0,17225067.320822377,0.0,50014169.729808405
9532716.244936993,0.0,19972941.757752012,444.54801091593276,3149225.75531417,0.0,3297232.4262639615,443.90882748140484,18671884.98054964,444.0218077879916,54625333.64346296
18319029.53720666,441.2594111400545,4294226.381185474,0.0,19800125.28958527,439.5355816331142,6022174.427171108,439.57905548182896,5981410.583822394,433.57067528381344,54418720.16369445
9070712.995603845,436.1551319991161,21314735.679166462,436.79197085834664,5270275.835024298,431.53634297142014,9147007.309655035,425.1578968930828,18143417.101316474,0.0,62947878.56210883
6321149.3072269,0.0,14644639.958999723,430.5484158638167,7305315.861147235,0.0,16612785.672799792,0.0,22186997.359204568,435.91271378391326,67071754.62050786
14214461.213909041,429.6579601817514,16762930.10891595,429.73114507476396,13342863.813911991,429.0194311821621,6142550.712577206,432.32020710835525,12718555.12729697,433.9790971711016,63183515.684451886
12868586.524107605,439.0996875453927,18584293.021113947,0.0,8573880.13797571,424.59399370595656,17391321.67725687,424.22744016032965,17792903.5056473,422.4604092729248,75212695.24763212
16526555.57703561,0.0,10972066.623183597,424.96997212202143,10296469.335331434,0.0,9287929.094753312,0.0,15076034.470548945,0.0,62159480.07082502
2783993.2867647107,425.4036881621755,18270110.816044856,429.891909170478,8583995.208253881,437.4405567906664,3420300.550453729,437.6067615116893,22583696.235005606,441.4895156251953,55644267.92895404
14134045.491348766,442.197587672817,2867186.8043371984,0.0,12493712.50894289,440.9111310209106,12438340.124793338,441.04191316367985,11809575.755813185,440.94483332603266,53744625.780700564
14302051.184261901,440.7067100062234,5457251.746251737,439.15016362890367,13920859.649785895,441.25351169923505,2985965.904670633,0.0,21123213.68768014,0.0,57790663.28303564
12822170.781054487,0.0,14496078.515997395,440.732469352014,20327730.37780809,0.0,13998045.947422186,437.60761758363384,10671635.884033345,438.4627909033057,72316978.30919334
12106291.677781038,429.03698500785185,20546676.576439317,0.0,10964302.539853457,431.85495708512167,16474899.771427957,432.0093420141508,14877284.155082762,431.499069388231,74971179.12093803
14372250.584841864,440.23450707135777,17240288.550730735,441.304677672034,22325239.24654685,441.50636196152055,3049278.266090533,441.4339511934574,20508518.606606793,0.0,77497339.73431468
8376718.03859551,0.0,15732797.805773849,444.5699017570668,11653780.489771161,0.0,4592330.911308941,0.0,6464687.9966978645,436.79490859435055,46821196.60695768
13292886.073223438,435.80778414843303,9523431.218652487,435.5181689626237,17696107.307339784,435.15283453926577,10767213.948943883,430.8922228983081,13104118.279993594,436.22676635504297,64385930.42593009
17957334.498774692,431.84504537742305,16917458.767379537,0.0,17409367.626473136,432.94104693811545,18819640.13972477,435.9938990572471,15469983.06477382,427.6750846421408,86575512.55220197
4944516.552063676,0.0,14857465.663712645,421.556008347926,17157190.175580233,0.0,12879658.3189999,0.0,11578858.089777524,0.0,61418110.35614232
10160341.792035159,438.2810506035637,16769599.124612652,440.3527518630498,15193547.610792737,441.3894323008348,7808851.657059911,440.82916611743644,11597719.517356379,439.79482447557626,61532260.349082194
4806285.056075003,440.1891710712566,9929573.912787843,0.0,16706093.25726124,441.1994569558629,4003712.0702291583,438.68568563530096,15855041.972180046,437.637106550886,51302463.97995351
4443012.703391067,434.1534479048016,8212735.712849706,424.56748972252177,19304333.402258743,424.5336482297619,12039668.506229581,0.0,17687696.056173965,0.0,61688729.63548892
17571197.802427996,0.0,13533582.5678316,434.5853884190197,3942185.762358939,0.0,6816173.442758249,432.2484578626301,21541302.725576635,429.1809439838293,63405738.315743685
7612546.4571428085,432.28214826800786,8631215.911040612,0.0,5619515.601368954,429.06404997030194,14875503.167091956,430.78352018124326,2679874.648848459,435.1944108790717,39420383.10962208
8210124.35201543,435.7210100380064,11765480.620108124,430.1895297621706,10750972.561774801,436.4374585135685,19941375.196636267,437.0885972069103,6096880.403127498,431.87265107754405,56767004.44290872
15971618.76329903,0.0,18730512.198480517,436.40794179221405,7656472.9907812085,0.0,8285989.4807746485,0.0,7489868.8795415545,0.0,58134898.72081876
578500.1520905964,436.26230875144046,12995342.947620872,435.76222343143075,16188738.069244849,435.6935702027558,12563424.596473956,433.12462768141984,14201314.399462739,435.1984560601649,56529496.20607914
6697325.208892704,438.17717126416244,11670631.003945079,0.0,15203024.90626074,438.06428576557454,9542666.885853585,438.7024142660343,10362249.262813859,439.50833089012366,53477651.71996815
10696656.865439817,0.0,19203867.172123328,436.6082987125335,16621602.817249889,0.0,18120786.567568056,0.0,2067369.510785649,0.0,66710719.54146545
1878791.8640231362,431.59517989225054,12356396.015550498,434.62591811503046,9874101.60999958,435.22301098225483,6858375.15714257,435.4170075685075,17386649.509557173,435.8465607091086,48356486.86395023
13576820.087875525,439.08225827276124,22785949.872017138,0.0,12510532.739832694,442.6931892743869,5644011.157631687,437.27447827208823,2321010.9971699603,436.73047700591275,56840080.63492982
923410.6163934824,432.4125044137622,9209097.640075391,420.75709973008645,22020143.98249849,420.7181481317399,14926579.777642928,0.0,5569364.942004465,0.0,52649870.84636703
11821898.993055576,483.12161682131307,23006984.68829115,415.61531120272844,10960346.526012283,0.0,4846670.885928072,407.2281479048219,20766760.91788743,409.9617358496867,71404377.93798628
10908803.912621448,423.62811332375367,6794355.227635458,432.32744832941364,14398806.013701996,439.18589659967114,20022083.220703945,441.3859485924542,9422418.800615562,439.91927356698784,61548643.62195883
4491457.082696963,437.7407299498611,14030942.627648562,0.0,9254150.001987686,440.44263341592637,2237687.668226647,440.9067858264454,20945695.75668428,439.4502903961471,50961691.677683726
10786992.292528223,0.0,14173567.794135591,441.52737327447664,17356322.22889315,0.0,4171009.3938511903,0.0,15064107.113270577,0.0,61552440.350052
7195776.292077591,443.1154760914322,14760838.268810743,443.1607340572357,8934244.501893261,443.3614825917167,13266856.961568942,443.3878461706855,15930338.59449744,443.4122596876526,60090271.056646585
15309787.358363267,443.4506431718062,9532986.423939906,0.0,14322956.627345718,438.3540531507571,12477872.148512833,438.4841820246538,22690467.890338227,431.1032386930111,74335821.84061699
17546318.867319986,431.2666017317362,11727443.558125233,430.8145856733804,13909070.22796984,432.4269932831243,16820766.235203564,0.0,15582782.419386676,0.0,75587675.81618598
15161446.33742177,0.0,15733711.4346558,434.75421815689424,9061032.818444025,0.0,12333062.625229888,432.3757293363297,16373643.503654918,430.41862891398324,68664194.26798281
1368489.8259041493,432.5671024281578,10006520.107852282,0.0,19254494.12708025,438.2243830406709,12565988.042027343,438.5677610968802,9210184.969326477,441.1278234039001,52407427.55926048
23315451.183353376,437.64205347657753,14186690.8116906,437.05111737234336,2027496.9363038465,435.75713027871785,7221579.424435736,0.0,14318039.094729284,0.0,61070567.900813974
1827303.88179327,0.0,21764931.368593786,429.97591769472797,13649573.664566198,0.0,19631956.83123824,434.72201870936357,4300457.952194642,437.46821712332564,61175525.864539675
3236887.8036132157,436.5522521754799,3807388.7816374325,435.22000026805836,7113148.374724144,435.0288111798657,6680695.404769123,437.6513768328443,16808009.811470058,434.98228540143367,37648309.61093983
9406860.300268125,437.9885211257494,16890449.847503792,0.0,22437342.317486405,440.3646954218401,9888909.266291782,438.65032073021166,10398496.96183731,436.16826635290386,69023811.86519104
11547382.188363861,0.0,19684291.159233905,430.0685946774666,18153985.041055128,0.0,15683520.851038028,0.0,16200144.025338614,0.0,81269753.33362421
8454377.52589113,431.6117422334083,11915009.760252316,435.1516118260013,11039977.841393128,430.7308942165809,15382260.314749476,429.7195879078835,14626068.091400227,425.1122914706879,61419845.859813936
7662472.61465103,426.72825324598114,13781361.808526251,0.0,8769442.258050824,438.0686704337482,12642038.815297611,439.2049629495666,18519078.626985393,443.9738281896067,61376142.09922593
16055897.587158253,443.05179896423635,6881539.000812846,438.68358269771113,14136575.38425818,438.6591136334371,12624021.039593665,0.0,20565069.975381024,0.0,70264423.38169926
8903722.68808665,0.0,14177911.427577294,437.4512973291618,19582476.57184621,0.0,16383883.903230885,440.78254950595306,4437393.026344024,441.27459567226634,63486707.12552757
10370225.918595452,437.02085353898894,16268992.089732032,0.0,9899072.337278046,437.21617169098437,9351984.019939767,437.23601697372305,18485703.545829203,436.9690637248114,64377726.35348042
23567980.639217883,441.625097312497,2318764.3507257844,437.6177004607964,17712222.559737127,437.16737325123574,16385501.748185793,0.0,19529473.837593365,0.0,79515259.54563098
9609312.369011411,0.0,5940348.192608439,439.5375008268894,4025872.5066832467,0.0,4702209.592297491,431.07047017731077,15535548.299452055,430.4505621309556,39814592.018585786
10984915.721376477,430.18438220284713,24142736.51730762,430.1382435115497,9413596.597660378,432.9317369946249,8372332.450266305,438.7647515978037,18041687.298756998,440.3605536304933,70957440.96503574
20531746.18319961,435.4504402594622,8165979.4543684665,0.0,11435907.583956633,431.0013495646455,17987351.133145824,430.2350358674171,7528359.428087944,429.4678693591791,65651069.93745353
11928117.562178819,0.0,13716279.017100973,427.7674085563429,11677852.490202354,0.0,12044611.156005248,0.0,7860564.567983536,0.0,57227852.56087949
17354603.406194024,425.2455442244476,14816476.583649304,433.9571144046972,7481077.100091432,427.3499060081748,8985119.010726443,423.97005941114486,16190744.212126056,432.7338092848154,64830163.56922059
8892029.41699312,432.7918567628822,13984832.955278128,0.0,12088950.044490932,440.2366249047428,4530121.709593926,442.94993412732566,13213330.67688247,441.9322069391972,52711022.7138613
15663503.019867817,436.15088003968816,18589480.954713803,436.32452188356336,10223415.094114017,436.23035814267115,3778373.0376901305,0.0,10695463.679797849,0.0,58951544.49194369
10572141.731461054,0.0,3180293.104434315,437.4606125595236,15101640.932362612,0.0,6368912.161322357,443.62741012883765,2252385.4040286303,441.76958340903644,37476696.19121507
9730421.947918711,438.439874160639,8732702.709406396,0.0,6088181.572967165,435.80052020739026,17268692.059171654,434.6862575671408,20172358.51708214,437.2172161346373,61994102.95041413
19633209.370349243,441.080370528681,16984532.186564963,439.3837305888099,13499512.20582526,441.9354082456494,6095475.2405144945,443.5419893744637,15541263.362836946,0.0,71755758.30758965
16535515.888834704,0.0,6039756.308905936,443.49929133195667,15877671.168311562,0.0,13165180.10209232,0.0,7292664.188118951,434.9543747109059,58911666.10992951
7649838.356030968,431.97541605667766,13052005.208107322,432.1285886028851,5738900.346167801,432.42569296031786,6067957.424089274,438.46909342753474,15065629.679694653,438.9772331079866,47576504.99011417
10719441.848148555,444.54221952936416,12147204.1829217,0.0,19239525.691226646,443.88817612073575,10271116.386354033,443.16795277725925,20194118.798086125,442.59868943898516,72573181.10377492
19261070.748519555,0.0,11670391.151308382,443.55733141099137,17569040.228292648,0.0,16224222.625128182,0.0,10159650.18395108,0.0,74884818.49453124
14067717.001105174,434.9499581958766,16845516.649506334,431.6818918249005,12236942.12055309,430.80029683419656,13806064.203132045,433.8731326847144,12898463.138972986,435.746189834711,69856870.164739
16406021.544293616,438.5144578483829,17372860.242406,0.0,13102459.750015033,445.0845150943972,5915898.526548609,444.5909111386119,19453696.02564054,444.2986272257514,72252708.57741511
22917185.35356413,0.0,18006853.21457757,444.5956237959079,12765441.651084926,0.0,8320539.5738160135,0.0,19431382.580902286,0.0,81441846.96956873
17114486.080077138,442.58866762134187,5770794.559933027,438.01977682000046,10831177.316089781,440.026192634764,5991417.870316545,437.01611037139077,8165021.28704068,436.67402024312133,47875091.43822486
9223788.046005255,434.5655954122151,1406474.6716126495,0.0,13861122.208287666,434.2854036605877,10814037.555569844,434.8828757837874,22627705.265046846,432.8041380327404,57934864.284535155
16031217.836255306,433.7163852262923,13132869.933969123,438.20502021288337,23397685.329019845,438.341264019679,18657304.051822137,0.0,5247771.231018457,0.0,76468158.64475432
4430360.023257795,0.0,20897089.701489966,438.3242766264244,2101420.0966769345,0.0,19586752.421709776,434.0926946868509,11154849.478774182,434.51363562394437,58171778.65251558
7921917.1136396155,427.8422237886683,7932483.979612557,0.0,6672535.068816067,429.79417008805666,6394836.291181244,433.83246280210994,10064369.847913472,432.8708598350191,38987866.64087947
15369645.544077698,440.6740086582209,18628432.383605715,440.68799536649215,11331855.815536145,440.3076803967801,12916382.726681849,440.3143249689765,7209366.821696313,0.0,65457445.27560711
2989483.5547403567,0.0,5962159.3622095445,444.4066068110389,17819822.969798848,0.0,7894008.620049012,0.0,10489491.78532984,441.60707952023193,45155852.30581394
14015206.016485522,443.16980627034366,7809482.895564771,441.7638641881714,17995055.075130135,440.1638601272743,12557055.283129495,438.21999525487627,13012863.522386093,429.7996753338246,65391855.90989719
11198938.170549698,429.46283066723265,7607014.524059743,0.0,13005482.036771791,431.52959070334106,11825923.035937041,434.6378345330171,13970326.819538472,442.9145604604119,57609423.13167311
12052369.580908801,0.0,9695876.782864176,444.4611559585472,21837606.52542946,0.0,15130261.631009836,0.0,16863673.6521871,0.0,75580232.63355532
4107613.836713552,436.44020225778655,11223550.186006397,434.4741582446714,17589553.994362094,438.320554845317,18281197.998902455,440.4871542643501,11210864.608668018,441.6281004208184,62414971.97482254
2233377.3958367864,441.06143088770455,16938557.973542064,0.0,9454462.756630205,442.67352687023003,8518733.01868304,440.211597267244,14543260.197335808,437.56729072082135,51690152.85587365
3404950.0422752565,438.00738835876615,8527679.964458685,437.923546429426,9752397.537382726,437.47182938375033,10059158.360253543,0.0,2418187.6448957445,0.0,34163686.95203013
5643502.829852207,0.0,16931736.63612722,434.7120688244222,16252952.496259572,0.0,17607388.065778106,439.88611229401226,4013858.3772860514,441.46521656567444,60450754.46870084
4179676.318064195,445.0064012335637,18950558.122949425,0.0,12475019.685465211,438.9225862882388,26495247.323065404,437.50348674428704,16789544.62499076,437.76090843938516,78891805.26791771
3296954.8443990014,436.21495168143747,22634817.96326492,435.40373009312907,4518046.385289501,439.77340135195533,15739425.46090421,0.0,19863811.13845335,0.0,66054367.18439411
9650573.376556886,0.0,10931849.796745187,409.56400316378443,16419554.944951493,0.0,17430990.95402602,416.06968381020715,5915034.577114249,427.6491938507368,60349256.93227466
10802372.218805315,433.9377527062565,12778702.71388538,432.62984648504056,16089121.782271478,432.7883213750059,16498809.039917909,427.8369504121079,17540330.613961816,427.5403051635715,73711491.10201804
1533573.988787691,428.7990335511691,10276047.80372125,0.0,12400577.26160545,428.5853400172178,9906749.764988692,433.9493508108694,11451114.1296653,427.8367685738554,45569782.11926134
7880653.184098726,0.0,13847073.141998392,429.68675427020844,16421054.699108731,0.0,4211972.315819869,0.0,11233910.94235868,0.0,53595093.97013867
16153792.98869313,423.20058824048743,18096186.21547003,422.76504738731904,19176827.914131306,431.5612264408983,2950484.697061329,432.7749246398264,13905887.691873727,432.70358238980737,70285322.51259863
4323282.679476126,435.0445100010286,22892714.149991777,0.0,13509322.466625275,430.5444566649979,16739790.930160923,432.8511296287776,20171591.226385184,430.8914851207974,77638430.78422071
12523939.81505677,436.2582437691894,17206292.924028654,439.2070708888678,21129287.20981473,440.7041052962003,3747093.2197875394,0.0,19788190.716770012,0.0,74396120.05487765
14553672.171951925,0.0,21476861.176033717,433.9872360367476,6957597.439031753,0.0,8727446.350263922,422.372399752778,3821303.537956173,424.9030629290548,55538161.93793621
9244499.718619635,431.111085414888,23898966.52694151,428.65752105158606,19484813.355276812,434.43562548956567,9422123.297019713,440.46922920408775,9113405.567741299,441.7699711581841,71165984.90903129
12326401.881308181,438.41963303047976,14742920.272320222,0.0,24517221.909596413,440.96685366039566,11478493.589592796,433.7102185908068,19916946.578640603,433.29726658466745,82983730.62543009
7145466.264475906,0.0,18747203.91888673,435.60486229196556,12620311.395135982,0.0,12640469.41347402,0.0,13107466.242907751,0.0,64261352.839742675
11978162.552686438,431.0074394089577,10067923.227227604,430.5371829778716,19181148.428853963,430.590037894618,10556133.957342977,426.78479108538255,24141524.23069781,433.7732947290902,75927045.08955489
6328873.005846677,434.05413598092224,4752086.528923154,0.0,10232989.986494763,426.57825183226436,13593704.723787032,433.6649085417472,7393289.64656643,429.14563125421654,42302667.334545664
10008332.588076148,427.8462243679476,21182065.33662899,429.37252071720695,6919437.610096174,429.570959461795,3495221.555922776,0.0,15695594.035651851,0.0,57301937.91608049
12328436.340320714,0.0,3551444.8881418076,438.6163948969486,26530405.32242469,0.0,6466262.915482036,432.1206120492282,21331070.13427637,431.4386869023901,70208921.77633947
6964758.953509539,429.1460886358453,5139663.053971725,0.0,19221659.071436744,434.7642638586289,10301164.967512283,440.3895478061413,5477189.771155068,440.7990523962683,47106180.91653805
4597111.880729012,443.3521096302606,16029813.433921948,442.3000784303387,18794210.646174803,442.3033822402508,19085270.819551,434.0559140230052,10988053.629295055,0.0,69496222.42115614
9692627.092044966,0.0,15332886.129747732,425.23476596484386,19263260.054598626,0.0,8520872.303209487,0.0,14673643.755309008,430.52512208896644,67484145.09479786
7371034.150652409,436.68642811221076,11739893.834166279,436.76032162834326,16578951.328589665,440.15654648022934,14309566.632509733,435.96481992570307,5836254.210008052,433.2956812604678,55837883.01972354
2679586.1838088227,432.8108372009931,3637714.2891523344,0.0,13726971.930428816,434.94610556452244,8529911.946971055,436.24189007116325,14883634.795418892,438.6941931795005,43459561.83880594
5855127.5920448825,0.0,9546395.05876363,435.4812405487853,16164414.870975986,0.0,10344588.641478963,0.0,8077002.2629806325,0.0,49987963.90748464
14995436.661796411,432.144449834506,17420219.5850593,432.572307168708,13713618.689735796,435.1102317363749,15484293.526039645,437.0082369404868,2073425.9202620941,437.02739927935824,63689168.24551819
5580459.137150176,442.22575575361196,6947774.160582363,0.0,10016396.10088988,433.3011833177189,18802827.553978406,432.7866467377507,12084391.114321899,428.10797017717033,53433584.48847872
3365036.918549393,425.65489339102135,6878837.62228492,428.7526436786505,17565725.38897336,434.0689222476755,5373082.969614428,0.0,20756901.408856325,0.0,53940872.78473774
19948826.074131522,0.0,13346091.1546031,431.5436504585162,16914026.454086255,0.0,10307158.383892773,421.08834764210167,3901579.3821101068,420.8808606660704,64418954.96168252
8770480.610831702,419.114230702214,3107856.241747928,0.0,8212167.945137233,438.19004619432263,12597174.115340263,430.8094231446988,12981101.89326668,430.2130630308172,45670499.133086875
9467093.93593608,434.1625295846025,17350629.178143773,434.2873709605608,15709488.493105898,434.36589014691407,15721434.363688787,441.7514568960845,18818299.027720537,0.0,77068689.56584266
11948484.407797078,0.0,17760148.557273347,435.2742936050804,6473151.955834245,0.0,10223388.266078817,0.0,8471422.50058144,442.2885154843145,54877473.25037401
13728644.926441401,438.6299646005051,14048710.478670971,439.0863760529975,14637915.638010021,438.95483679381596,6170436.960849977,438.0840174636001,9232769.954708697,438.39719811259334,57820671.11107409
7266941.518536963,442.66856287602894,22828807.52242395,0.0,14842049.989838071,442.04913321069716,16241399.92502776,443.3542575655909,14477806.761158032,443.84570495456416,75658777.63464339
15792740.043992288,0.0,16747738.64311831,444.2686258686423,12517655.574553857,0.0,7653390.571783581,0.0,10054038.550442308,0.0,62766007.652516216
14184630.238232506,443.6881238195774,16299276.98135088,442.0049753570316,5021992.589496902,441.9981826241037,729416.3017181406,440.2436524069597,11188148.949145364,436.225348560419,47425669.220226556
20347064.326045685,434.25673931148015,4513734.747349048,0.0,21829614.527582616,432.2560679082708,13157237.09759235,429.4247236623363,18190689.001988,433.3991246623195,78040069.03721325
7258811.438091148,436.5281149419904,3489181.8502718923,437.30496721949226,4332080.6859978335,439.7516921541885,13599855.911694473,0.0,20496157.81894662,0.0,49177401.28977628
9759553.066360876,0.0,22932959.1223821,440.60428128506396,8629637.31457864,0.0,7506269.879708963,439.9964769963378,25894226.135631174,439.9996503196952,74723966.11907034
11163282.373862667,440.99583113558185,3600744.5032923208,0.0,18953729.822495766,427.5423026217432,17282682.253228545,428.10660466568186,11509330.215873588,428.43111288636965,62511494.2446042
14753907.666385023,430.5481396382804,5127232.513416718,437.0453299202134,2974996.4049988165,439.0443400201153,5324267.523692264,434.486535178294,12911042.729645,0.0,41093187.96248258
18462711.819197103,0.0,22043165.894913044,431.73354686274314,6937076.451230211,0.0,6122972.815901373,0.0,20807240.092914693,432.6331933460219,74374031.44089663
13057547.122213524,431.4566241917686,24492949.211583104,432.02760491326256,14639866.185187576,431.64977565966905,10393776.082922604,441.02027176666735,10864044.08474627,441.9293937081781,73450360.77032332
11092994.490514992,440.179354313975,19713263.4407513,0.0,15998153.251903316,440.7065170636843,9338636.134611132,431.8241118639211,24586295.06409877,431.41169131974186,80731086.50355408
18250569.81638139,0.0,14240515.224035718,435.20701704022224,10172086.027926888,0.0,19429666.54864879,0.0,19807711.078759424,0.0,81900983.90276925
12657646.175003363,434.75140168833155,19890350.02491037,434.81609578944983,19080607.052389313,431.8370792879426,16178979.341984432,432.0246382459327,19279122.95262752,432.23064026736796,87088871.20677029
