11630794802.130457,6475587236.22523,12012358953.248934,6112518929.448477,13238223084.625216,5800799956.281923,13534818029.785627,6359096872.361179,14107354480.629427,5823662334.142861,95095214678.87933
9039996.150473826,11577127.112708269,9116928.938896,0.0,6652330.416097356,664241.5542263327,11024590.692662723,429.03323641403716,12940598.47099334,1255989.286467115,62272231.655761376
3395432.665536845,8500876.1747778,1351647.525639861,431.5690898439032,3405698.2786413096,0.0,9005620.015509654,0.0,11839742.285509387,3585289.6924079075,41084738.20711261
5201308.064520267,3318961.6316955597,10073398.251125345,429.31859100597194,4307564.68795051,430.7868385363998,1590179.6551006837,924.6170780702761,5622639.871788102,5239146.569708613,35354983.454396695
95915.87025818194,5970235.165672321,3283132.5171516603,422.8464709270015,137548.07027804325,423.06399085142516,1979764.204115793,425.81874573285717,6589994.761317195,11927985.281079657,29985847.599080365
7849123.062913338,4783227.13101207,5052175.252111964,0.0,6991413.639236293,0.0,6464252.163499002,0.0,4435825.021835047,11533611.804570278,47109628.07517799
3565576.733923835,5403502.800512267,5022040.260185568,436.3109053349896,6316996.148363351,431.3855310162298,1069255.3782191237,434.44021906014916,1345893.7754475076,5391960.654122115,28116527.887429178
8765975.034886142,193806.0635817607,120363.93959978178,438.94488360993967,5244682.171648221,438.79841347266665,3107322.0490660327,437.40282651349526,3172058.068836818,437.32729048425045,20605959.801032837
13846809.831432058,320795.15834515233,689057.1993059203,0.0,8325985.260291614,443.6237932514629,3281624.090649193,0.0,6812705.419837539,443.65517407033684,33277864.238828797
8615666.028459642,442.8053567752368,825935.2930912377,443.19653731571964,10891484.17027661,0.0,4676932.56619153,443.0513114611236,6717587.570662593,0.0,31728934.681887165
8497557.784588888,441.39127094687296,831662.0067914074,441.24567825932394,11875453.960131522,441.2426803497389,7687575.645010124,441.39775471567805,6082475.91322695,444.4709683771866,34976935.05810154
14112427.71104351,0.0,3418049.4931331924,0.0,9668927.389280291,443.40532597549503,8818799.709361713,443.76421048176775,10202111.111143636,439.8969732618171,46221642.48047206
21270877.406145327,438.00662601480974,5692673.740559755,432.7712034716865,11333252.840730669,0.0,14955002.786077334,0.0,11206427.511784606,424.08044204704584,64459529.14356922
13857680.460685482,425.5484569723341,5354769.24997691,431.6657868680298,25424.200682316783,432.43776768722535,8534304.032709574,443.34029635795497,9030957.907863459,0.0,36804868.84422563
8330086.542953737,0.0,6771529.791258485,434.5119476081906,39732.67067682005,429.2686105367793,9514202.179813838,428.05053518384926,12868041.888498602,428.30533264376703,37525313.20962746
11556868.419936493,428.2839209032385,10392559.2860127,0.0,39763.59418172633,0.0,1993966.6080224111,0.0,17800866.903952308,433.9406521742879,41784887.03667872
17711651.195669733,433.85312401948784,6561240.818407983,442.8232776823672,40471.28967373142,443.67687928977,9457171.01656417,439.22748062025653,13714482.204169065,0.0,47486776.10524629
16880427.479992267,0.0,8029127.221532264,438.22419226554837,40428.15332748872,435.1435232805618,3903403.312789045,438.2987980051222,7445180.376225799,438.9926438650323,36300317.203024276
14722373.301262766,435.6588746035119,15143935.900237009,0.0,39474.37186292984,429.84941244592363,4914326.857391962,0.0,11683430.537416492,430.3932329656911,46504836.86969117
1569426.9597619118,435.0621842812244,13971742.733508138,438.7007891430993,80712.74189552211,0.0,6685676.084499912,441.3739495733839,18232390.194858205,0.0,40541263.85144669
4825345.609794166,435.16882449903835,7571755.278506083,435.07092794011726,39665.58805859646,433.7191883003922,20348678.443284877,435.02552115137536,5606915.033044074,438.07467566519585,38394537.01182535
18322483.97087091,0.0,12736167.604507074,0.0,2360188.759383845,444.6965771942535,5074748.5179776065,438.0064354292353,14167457.116975501,433.3110687207734,52662361.98379628
7500697.656755681,433.06248526534426,14465402.400760047,426.3664946036713,2457364.614504945,0.0,12892495.637622334,0.0,13262854.6666269,432.3404460013039,50580106.74569578
8956460.843123466,425.3231638258142,4762819.832146354,430.57806613216167,8516384.774144202,430.7990062760387,12107816.069523266,427.51851592312056,9956446.634932164,0.0,44301642.37262161
12192001.96029778,0.0,9190212.150179539,437.05500738531913,5649303.9389995225,436.8583164623707,13056162.84320053,441.25679989269213,8930321.522102902,439.7933833928167,49019757.378287405
9264851.090273691,440.0081127390985,8087008.9367901,0.0,14517573.316308215,0.0,11426545.311775554,0.0,10977057.733735455,434.26357719487686,54273910.660572946
6705896.5871896325,435.8757184341983,9031051.708550673,437.77156952451196,14433773.670943676,439.62829784125813,1632854.600586095,439.50055929046516,6663530.948896311,0.0,38468860.292311475
12040875.51843306,0.0,3733006.8144205576,440.10054739702775,5480813.464328898,439.441177992078,4914323.1002451265,440.0705331363442,21324076.584120236,440.461327221509,47494855.555133626
15127260.281423323,440.09140800593883,14183238.382037872,0.0,2030212.4373201784,441.8018658561233,19095152.916121513,4495670.091278458,2404926.8046585126,435.40909748566617,57337778.215211205
5332828.881053047,428.7706322605048,13570406.937965183,422.7957662166331,4570584.883059844,0.0,6584155.229395061,11015152.21082118,20572082.851554655,0.0,61646062.56024744
17900205.745743323,426.3429288410531,7894457.009820616,430.2106728157512,7098554.2118596565,433.2545601390019,13159174.442666171,16117878.429574024,3137508.7576520727,430.8817098072888,65309499.287187465
6798390.241172182,0.0,12331368.945790706,0.0,3121098.86714842,422.4412620869283,9124146.551051375,15123438.373266444,10389849.314522402,427.2363644080385,56889141.97057803
12766464.262678586,435.40250596950335,12014935.863443894,431.8066070767894,5787748.652296551,0.0,10503568.007960653,15291604.808702776,12005731.751750156,433.82171226831423,68371354.37765794
5727880.281584053,434.5065085355331,6476840.104950007,438.27236825864276,7361803.294231666,445.61343879379325,12866383.05212528,20583473.5660591,9264671.601079624,0.0,62282370.29234533
8788119.11741788,0.0,6603336.701067802,5254484.61082465,6553398.258076523,435.808067164024,6774447.4804043155,11476491.959058547,5469160.37995935,434.6871961046117,50920309.002072334
12338221.39249509,435.01555736866123,4974796.409745269,2705942.9899590663,8111541.927969999,0.0,8824888.887890399,12441898.328759296,6859558.597339993,420.66707355728477,56257704.216790035
10665415.736541433,420.6226021880768,6490745.038524131,2576642.313632533,4375118.816593469,413.85014806601487,2689570.0595830334,12525537.31742782,11141760.639942918,0.0,50465624.3949956
11965215.56726823,0.0,11041576.770637644,3156882.8138033,5794702.7027839655,432.95743341121096,8697180.02358395,13319127.355250137,3353258.8592227143,431.3226853050011,57328808.372668654
14294962.341470946,428.00985759550184,8203223.618688183,3836512.4279014533,11422304.512996344,424.2286916454422,11486999.586698137,13196994.243355265,9541899.610056465,423.5581506607518,71984172.1378667
3559491.331631837,428.03033192525066,9097182.45939387,3674618.213443723,2949817.1145147393,0.0,4274672.648195924,12331092.578455435,12152698.72248107,404.9534817577769,48040406.05193028
9894793.12019793,402.18745093182093,8192042.444181128,2480589.6773741306,5511652.803437074,408.1965751295746,12246882.473493803,12460550.476152766,5558111.05679542,0.0,56345432.435658306
14258505.077518355,0.0,6117129.910674318,2626925.927315446,6874057.075709715,424.63563671429847,10281575.80367472,11517986.899168003,6302057.591380571,425.5888479586483,57979088.5099258
11658331.62186719,423.8148529485134,6303341.296828122,2627899.835735056,11944650.776411016,430.1608520717746,9099729.042603036,12011032.105432283,12048731.591105131,432.86313505889535,65695003.10882192
6287297.650427422,427.4898301435437,4788489.70888818,2681210.320695515,3749010.810269044,0.0,3102999.9282661676,13060738.855062135,13499745.757328345,0.0,47169920.52076695
10045800.055919219,428.2516706628707,14043988.452291539,2735150.1233963612,11359610.472295279,436.4775773816105,3672895.4596977425,17769218.728278924,4789144.313194569,429.58397524147836,64417101.91829692
9698879.310916614,0.0,5865592.1387781985,3625009.2726850314,13452031.79514434,420.736699799398,6694637.49952328,17308247.80382588,13993623.395119999,425.9905659678706,70638867.9432591
2174620.017374647,424.24165388982215,9983915.841679104,4171236.736420407,11212101.183563339,0.0,12381210.810642866,20397152.948458977,2513452.128721173,429.2214784502994,62834543.12999285
15537674.391419576,431.5436504585162,11872034.258835455,2730368.014691623,11064387.080086347,434.4331881242129,5792069.83908557,17868061.752313614,4340774.1180473585,0.0,69206235.43131813
15964239.658302883,0.0,8063775.879888481,2685506.308212157,9808679.91687381,429.44414273324185,12849745.441923188,12540004.884267764,7354326.7239288865,428.7903575166414,69267137.04789741
6926141.19520622,431.127518299085,7852333.911566296,2669767.181118243,10232854.658688996,424.6403836402799,11073588.406454662,11025415.571939219,8154317.946511676,417.5056121476634,57935692.14499941
8501561.768111002,421.2889865791249,8328593.489340348,2642652.397214282,16275866.173714243,0.0,10449018.527659226,12546711.850567171,8391270.421813143,0.0,67136095.91740598
4733503.128973324,434.52864078487136,10239859.084034054,2697377.1705461927,8009359.89624001,439.139722652167,10440840.802610125,12642690.6724114,177664.9749057452,437.35797681852694,48942606.7560611
7242042.04989268,0.0,10910514.376524884,2722864.746709394,13653471.542642806,423.7882677306073,3122390.588137311,12086512.892139703,13957601.061851146,421.16745251195397,63696242.213618174
16926226.62415132,420.89564295704423,12673102.040826287,3306181.083600799,11471559.64757446,0.0,15779977.44994576,11437048.978404596,10052769.19251443,432.11875707895393,81647718.0314177
4738417.616932025,433.0734776778281,9996885.528137077,3881679.8347272077,4930705.718214232,438.52668397162523,5662244.65722607,14225329.760741659,3733529.471135116,0.0,47169664.18727504
11819470.730200898,0.0,19277654.346533965,3445520.3669265076,13471847.195233706,664957.1698848879,9137588.550770605,12562457.959013257,10733318.175955327,415.5516581375961,81113230.0461773
4657557.370306609,418.54056531894173,4653943.0090799155,2651504.848400045,5198510.269085246,621176.0260842949,9700132.083229827,10427351.72215366,11316768.646091677,430.66308006430216,49227793.17807666
10308007.236489946,430.23448422062194,6643943.611436504,2667105.5112013877,6059899.819612474,662139.0721684768,6557386.569855558,9305834.517328821,6037010.355957205,0.0,48241756.92853459
10709546.403940953,424.7979880781095,1530962.9759892821,2651814.253649708,8126912.074142084,668826.1356904156,9800151.44016579,10634816.113128379,9734203.957827015,423.0982208474339,53858081.250742555
10833249.209298303,0.0,5255570.190988639,2617377.0538381846,2868138.7017470067,668235.1652522997,5506552.388788466,10053116.037215276,10297190.416422566,419.5484854174581,48099848.71203616
10608976.769424668,416.7274018894943,10319323.049397739,2589858.608438142,6287831.589455982,849844.4105116985,8321820.1459323745,9360836.039518025,10461232.706281243,447046.404155038,59247186.4505168
10231854.457605364,411.01998910216145,8219176.342596866,4266671.3683073055,10994057.138324529,1059063.736268551,6389233.607748986,8489070.504755283,3164674.9863994285,8457359.177806625,61271572.339802034
10890142.053942632,0.0,4938370.463478264,3466929.9881867487,3073446.070077779,665385.2167693054,6716997.682448645,8303413.448835106,8093740.416550858,8870663.797588194,55019089.137877524
3584370.785780389,464134.8331119036,12110466.735900884,2476451.665420085,7142287.232442614,605454.2235091801,4842205.003426743,12343940.952275265,4194778.349974266,8137096.6889539715,55901186.4707953
7052091.036598149,236056.39971275796,5790673.3139276635,2473092.000138349,4274667.04686329,622040.7645047688,3635899.6303340434,9487849.010874722,7498949.20348181,8448573.07854267,49519891.48497822
6697400.009069259,240965.5720407177,3983721.3435277846,2557962.613643575,2479725.303701943,644032.9614023803,6272957.0453218585,8276026.3532081675,9616899.992331976,9453589.530235413,50223280.72448307
8805428.108211245,440628.2737656963,7888182.199792484,3061819.6085732183,7834647.211389098,1304094.1353636573,4276131.9216115875,6314449.369245781,2613026.566162421,9690569.54610092,52228976.94021611
4481556.932053256,298693.0519093091,2227735.0436898633,3770078.8453597114,11027368.44263973,640493.2475368356,10162655.791469745,414.28131480007136,6310936.992148071,8688088.43354053,47608021.061661854
9861452.805738762,251710.61961715767,3881966.2395149106,3507006.513429989,7065839.071485423,671244.2637704391,3758766.712123114,0.0,9489710.885002324,10087019.563495316,48574716.67417744
3745784.3351322813,250410.27720178763,8606616.781126318,2569745.2064975584,10430556.694069877,641687.1094423761,8586100.560870968,407.84521674727955,9516335.953610992,9559262.046350533,53906906.80951943
8702932.623089788,245510.66731604695,5055326.177396742,2598437.203984442,7509710.374647596,654419.114809692,7241574.977200559,418.7190138421078,6660162.925417101,9411397.869799037,48079890.652674854
10175949.794178808,251200.2698457745,2303844.4506548834,2612252.5985585675,8334035.55115343,642152.1386601926,7102573.748932598,0.0,7578906.078929557,9677542.02576603,48678456.65667984
9019642.520722406,239986.55558238062,7865741.973145101,2524180.383872177,9974541.617873304,794315.5258229232,8315767.369844574,415.3914108485163,9386971.91660326,9219341.430857493,57340904.685734466
3144635.5890185046,510175.55369003,4312473.335930886,430.35882439703215,3560110.800791074,1189211.5129234318,8204088.111850387,418.2444156787908,7922195.770166492,13072172.726485182,41915912.00409606
10212369.311983412,249480.95137889177,4915931.62025589,419.8871147137334,9608524.911736568,659543.3307642572,10808034.830349108,436.2903875580262,11553673.771928746,10124278.179005696,58132693.084904835
3495355.5625720574,253028.85136968418,6461345.790603585,428.00812874178615,9473568.569917036,655019.9978656208,3799099.0499394396,0.0,9370298.699639225,10913707.234368373,44421851.76440376
12181932.498170584,258286.59094513615,10274953.109074865,436.0694473955927,9326210.13381128,665969.7483907463,7645500.474407916,425.82279862511035,5719745.796823021,11253523.70921657,57326983.953086145
21793791.599146266,249939.3953458132,6157760.625451751,414.97897243506065,7110169.146568106,661229.1888900627,4336626.70653888,426.69307165716464,4893172.671004088,11955238.12988906,57158769.134878114
8602110.982615625,253650.5322948729,10537794.877854094,0.0,5201528.615527738,665875.6331269533,7782415.010464844,426.8110297316343,3220162.4982696995,10490801.900374003,46754766.86155756
4378492.245921895,254177.86622947158,5844103.929711714,431.55798865236005,10065484.701772988,660636.9203269519,5027568.515304285,0.0,11032156.286637634,12236013.203638542,49499065.22753213
1815030.9269028201,250430.2451826468,6739451.18809968,417.25130505932765,2401660.801648573,1192325.9610041932,9566447.541641826,421.79296786123274,2587706.3667156803,11700074.00135869,36253966.07682703
7880276.97413203,489752.8317020295,11787909.7148568,421.51937979302426,10687882.551789654,782382.0711689367,4864879.253825336,416.02970386234523,9720270.649121843,10796859.261128653,57011050.856808946
10656962.564439835,255950.935932528,4681083.242851108,0.0,3047468.3188396497,672101.2167468396,11342736.596226014,0.0,12486490.705074603,11187312.7797381,54330106.35984868
2688002.0539374584,253479.78032484106,6540372.076819587,420.1035283826648,8913335.886454446,645594.4361800579,9129122.576230189,414.1015173695007,7197215.540893991,13535963.09572716,48903919.65161348
6059382.072810253,245082.44767633537,7836165.664820643,411.44418269632627,9479666.528582761,645854.5397225978,6697905.36510264,413.89736824414126,11611395.652113847,11389251.470220858,53965529.08260088
7478709.128719371,246618.086779073,7275339.131716618,0.0,10633280.229887098,659936.6912057651,13307393.158093832,425.4260714334014,8320421.155718747,10345007.290247718,58267130.29843966
10435526.905466888,251524.33048697465,5211914.664330744,421.114859437751,5345259.370256934,651941.8640670002,15474832.106787525,0.0,5858167.773153585,9222432.249185339,52452020.37859443
9820004.454589093,255206.48909006786,5712111.300303192,432.1597556355269,11550703.90060082,1137354.1493086505,10896234.64841153,431.82355613458077,11413968.39000592,11023802.780257266,61810250.09587832
12648779.818653975,508674.5554247758,12417410.82386692,419.952015399127,3446968.862832778,878181.731814583,9275585.269662159,421.8205406383923,3916115.4545809086,11075090.566149486,54167648.855541624
5130909.00382312,251060.0657984204,5426399.318733705,0.0,10469514.966281217,667108.2976120174,10444369.975565307,0.0,8374278.239972828,11776122.534902824,52539762.40268944
8580791.902062993,249859.99461845736,8328374.113305427,414.61584624211605,12460867.034131408,643592.0809544753,4738476.675833332,410.8860251078816,4503130.433796031,11876857.097548312,51382774.834121786
7263522.018526022,243851.44452661293,5881748.9213976385,415.91092707584033,5918130.918735165,656038.9429259199,9652213.516635887,420.92142646127525,6911903.7313289335,10689577.776692998,47217824.10312271
6692337.243007971,255121.60744884826,8474902.91031409,420.88930756233793,7078480.543824243,653484.2147426931,5692706.871623457,418.6985498264492,12133290.950327616,10654106.402030779,51635270.331177086
11020189.205206422,248260.6041593169,9178849.09564585,0.0,10106054.52543029,672046.9524501244,8550872.553827712,0.0,5458078.983158922,10896530.22605149,56130882.14593013
10091045.57098422,253100.84401343772,9812304.289512092,425.1117528824281,5125076.671454441,665303.1122331419,10458411.083506476,421.9631458741207,10492542.644588375,12912759.090247864,59811390.3814388
11735041.805156142,497449.7426748189,4468854.944248658,421.7263485291173,12445184.390997246,655054.1224947318,8119243.116937699,427.15460105465456,3793444.5654127076,17230664.51892894,58945786.08780052
3682709.4444213617,254369.17608203288,15025039.37504995,0.0,6358014.877532458,428.331394076021,9838191.959393768,428.92428153487316,10725711.864200402,14823106.626781786,60708000.57913738
13818528.87966823,255916.90916580314,3235061.7425122587,424.51619242613856,12050147.9107526,0.0,7108779.299956159,0.0,4163906.172900523,13259813.41915954,53892578.85030753
8785369.678905739,252768.95084035443,7166948.448946541,429.3553056870441,7102764.757065167,427.78840508697107,10021480.728023611,426.20429573274066,10753266.564088618,17034024.98776034,61117907.463636875
6831481.777073737,257686.83951709754,8950612.005555939,430.0549983284968,14972363.654489802,431.30503634759236,5151999.669876199,433.6736895435762,14083702.098645926,13431724.524879465,63680865.60376238
9212711.561407497,256825.10594387678,14688965.26210121,0.0,5784790.2095972495,0.0,7700282.636793621,0.0,8812540.060369482,10940172.769315526,57396287.60552847
11766298.246164722,257387.29262470498,12063593.252717363,425.9261283964868,4955877.6236520745,427.51588320696067,12041764.491025303,426.8122060223664,6335004.467588825,0.0,47421205.62799062
3396635.1647294424,258857.21719125725,5431867.792180025,433.9761971892921,8925680.460557504,434.25158762376043,14816772.459830076,434.3328111816542,17340935.200314827,435.5141178358954,50172486.36951696
12684581.104752168,260117.62106390987,14094289.893276444,0.0,22132120.367222704,437.78908529170775,2937850.688985828,432.4339594313246,21896966.202276297,432.0067463974688,74007228.10736847
25340772.65002933,433.45277797274235,16507998.55461415,438.410181444742,5642154.443254125,0.0,6108861.540660635,0.0,3686121.531927218,0.0,57286780.583444886
7855400.665948408,436.553482772618,3253652.6285027773,437.3479059059368,8920707.254449844,437.2335480844512,18198513.845288772,443.70924552062723,4852064.7531341845,442.6381000164016,43082536.629606284
19247304.084057495,0.0,12751826.730721738,0.0,19369261.202637903,442.37151002785055,7619212.036384251,442.6074467385811,11283498.765425522,443.4973373848612,70272431.29552107
3355629.257147685,442.0696138033979,16428549.92879589,441.61628197237116,7072820.171198053,0.0,19561963.34725353,0.0,19088045.73654058,434.10448828040353,65508326.2313198
10355968.851581806,435.7843894640257,12435273.49483469,436.3691598629813,8635205.879722683,443.5670062344549,11879139.299749857,445.0628687089841,11479922.631663272,0.0,54787270.940976575
11600883.728655413,0.0,12929711.16574775,437.1781953114109,14590664.37466206,437.6744966647217,13084239.880592627,435.1075987242852,10812890.458434679,434.7314058108117,63020134.29978904
11882231.715868281,440.6829793414181,12993296.439934157,0.0,19826616.1735409,0.0,5576754.86138252,0.0,11857747.654682025,440.6163349239824,62137528.14472215
8712348.731532678,441.2257574306476,9732529.775903141,441.92852064376507,19819756.71093388,443.8287774694387,4779401.268835125,444.17276634104917,17087434.626914177,0.0,60133242.26994088
13858289.388017474,0.0,19573285.889307458,443.1432735312005,15156876.733208077,442.9192376459345,10935808.34066193,443.04302407234576,6225685.334088542,444.0402190397294,65751718.83103776
4988417.905318697,441.1931723800904,15575452.880901711,0.0,3586350.8574893465,435.2501092845848,18776748.341700286,0.0,7679418.925203812,432.70646538837747,50607698.06036091
4025020.5815553768,435.82853960006486,14067012.851166088,441.5484834275603,13365820.435066631,0.0,2997049.437789768,439.23840491777315,9702986.215235606,0.0,44159206.13624141
6052340.324606365,0.0,23482355.401181914,425.6179090228169,21287883.388983194,427.51116255573316,11410092.262952551,428.4814456710255,17301136.573755294,435.8619411588326,79535525.42393774
16688560.781240078,440.0166716534464,19027231.574104365,0.0,5384941.888072225,442.5255308780697,17792239.934624657,443.5555723975231,5395199.647741388,443.175952174137,64289943.099509805
6007955.132744453,443.15692969131254,22645568.65415543,442.09757141963087,17389921.573640056,0.0,8756378.41644522,0.0,13066615.578118067,430.93944591461076,67867755.54905024
12722655.51394964,427.8862342759827,10681910.251334008,429.13163584773105,18420537.689137373,429.30742219910707,13982680.68800514,429.50076118047826,15106579.74927792,0.0,70916079.71775758
19664597.60319669,0.0,14680648.99921379,443.72459913025597,9122979.025934521,443.4808272192975,11041235.982811466,442.98365643618865,9740265.905257752,438.6619809607063,64251496.367477976
16185450.605844362,438.0613309300078,22368143.395991802,0.0,10347861.595589977,0.0,7654367.611087682,0.0,16259472.870468395,428.7887136759782,72816162.92902683
10931643.600203168,429.5581277750633,20290657.23088854,428.5618020293223,9672155.282099599,430.48756273372464,9298071.578196952,15626843.584904805,9507542.371914158,0.0,75328202.25569975
11314301.044956258,0.0,15446877.1980569,434.78754913929697,12108903.10695668,434.48709778294096,9404260.90994777,14920288.584172716,14286159.669202311,429.6062505534744,77482089.3941901
15995019.062649246,427.56264144019246,2040260.737739161,0.0,2990036.442188306,431.17867136124596,18342176.20605588,15233604.558042312,5946469.535031292,441.5258239849537,60548866.80884298
6174452.101236994,442.69357864656126,11909120.82336445,432.3778650914413,11898565.12511502,0.0,5480903.586469615,19003882.24685782,14086889.556521274,0.0,68554688.51100892
15781709.167510778,426.57309995048337,19099252.849289283,432.8162339040178,18123008.206270184,432.6152510577582,8806042.75188416,12605961.363957135,4046191.340607296,430.7524591689694,78463888.43656291
6146339.762209013,0.0,13730138.855920583,0.0,6635480.035620313,431.44007375300714,3255432.0018790443,12091063.65734583,11509381.920281634,420.1908579130606,53368687.86418808
12147360.104428481,409.8035177381997,17115035.48598207,4940187.5002861535,9403968.840712499,0.0,7204883.135494001,13249075.049651304,6866671.22230861,420.43041125109454,70928011.5727921
5958943.737431353,431.47456297271356,5817210.036306905,2688811.4046186814,9296941.228527403,426.9520498413933,10099824.665467385,19816611.37585687,6255177.5340805175,0.0,59934378.40890193
9345362.285515863,0.0,5076748.706911243,2700832.648289825,6769825.20533289,438.334583427045,10002177.53329754,21268703.571619153,9599855.828058956,433.1168938455184,64764377.23050275
9140686.257342596,432.7993929140341,7097467.171785743,2702662.2780192387,9387603.073160982,0.0,10495339.625833623,20027769.531708863,7271559.102906367,434.31350963744467,66123954.15365997
8665074.328782618,434.31810062595673,9589852.36790759,2707550.8777628094,6200733.833598718,427.9047868633366,14442272.306558184,11253387.93321585,12005936.45699762,0.0,64865670.327710874
20416028.360882107,0.0,4712992.802182677,3026916.9713459467,12193112.644926498,422.6093023900196,10301847.493529052,12078625.333400993,2784945.773840397,425.94622361698424,65515317.935633674
9027870.014824579,413.01312256376497,7095318.849518472,4469214.897857993,5255232.117020441,414.43038375960367,6262429.653842815,15439348.91227864,11677524.834375527,415.09199681330625,59228181.8152216
9765510.455174245,429.61936015016124,13433203.512096647,2950068.4728535893,10845360.187317625,0.0,6857145.2224931,21233634.37085487,3665718.248778176,427.6281201525154,68751497.71704856
12343814.079881093,427.38065968413673,11831542.824664611,2672354.1642415556,13175672.455682771,435.5236333924843,7789826.149857372,14229465.39129457,7864674.641677535,0.0,69908212.61159258
8195315.6048188545,0.0,7458606.965412086,2622517.80883292,10657644.95154875,411.62521414258015,8892163.748774046,10738829.12434073,12170044.810800657,420.6901039299553,60735955.329846114
13183036.091017708,417.99276612999165,7457076.279080055,2616601.849015512,12687336.60247604,425.17558509357696,3914590.856609191,10816044.932024784,8976513.254156956,433.20328622950547,59652476.2360177
7300797.13571016,430.0042033606381,10474029.154180959,2693326.233796675,10979392.811898412,0.0,6601743.8807902485,18148027.47432942,5974650.394363317,0.0,62172397.08927255
10476544.715449268,417.2091091679384,9357921.385931063,2612683.768173929,5867968.469249717,429.341296601529,10360444.50703392,11946065.26213124,11377297.411719888,433.6658426739755,62000205.73593747
6313413.073410313,0.0,11170562.734271582,4533144.749011228,12241369.251094285,433.59056452366684,5178686.123571913,10913324.666293506,5781450.613081095,431.76586068865385,56132816.56715913
9149232.537292494,431.0594869164069,14757348.249858955,3213226.7995009418,11868914.577476278,0.0,9840403.907953506,10866112.777807252,9923572.452379167,434.94807885498244,69619677.30983438
10376874.966842428,437.8732566768483,13900660.157196406,3025530.627583124,1979768.4107294986,425.1787278212416,11576639.697108274,14112783.152886702,11482736.126768315,0.0,66455856.19109925
5332025.492642461,0.0,13681566.446142338,2652070.5014466075,5060435.321219441,427.22358115465,7962125.074531268,18122766.59407206,8143957.6758260075,428.99511419287654,60955803.32457553
12315065.428710302,431.9438122406105,14137357.7828332,2634510.5246356637,7302566.684884782,427.96072719481054,12489975.356248166,18368836.011316292,9843342.703669785,429.8027950356969,77092944.19963266
7451715.156500803,425.35811986542456,9555738.854392704,2716333.5098733967,11278155.021120954,0.0,8417593.870002618,20401582.678883854,4902700.76705031,0.0,64724245.21594451
12267257.775777992,426.170463450496,6137485.617653004,2656388.3424334065,11511584.254445782,419.70075723778734,7689743.652640781,13830673.815617146,6522593.277254571,413.05227057443614,60616985.65931395
14942876.87248728,0.0,10093130.144819062,2595015.866924867,11896189.033654204,426.23750170165494,6124152.533657984,11882463.798640585,8640429.958790608,433.15537939980294,66175117.601855695
10365795.113024479,432.2806631808219,4367693.821719794,3836407.1856976184,9540667.565869652,0.0,11943839.408644756,12380800.026176406,12440481.653843071,429.13593499310764,64876546.19157395
1818232.3748754624,431.80327299252474,7312716.723429973,3885782.130756247,12038796.035895776,671570.2173656438,3607434.002693944,10608356.927935844,8144489.779757412,0.0,48087809.995983295
2673622.2653917233,0.0,9796630.440237043,2938773.6581311817,3941635.744011892,619687.7580507207,8558366.124549191,13539633.491681453,11387700.281385954,418.2846486332853,53456468.0480878
16023388.18036338,415.4016101753143,5085468.263531663,2598835.8566415133,9975252.565457376,658603.1766605433,5400337.054131536,10676575.497916853,7786918.0280938335,428.0294219134449,58206222.05382879
11156292.307106655,425.6254673492406,6010506.838350695,2666501.573445625,13505006.425034476,654888.6882109995,4305918.140638134,14338599.84956543,7015273.844417407,0.0,59653413.292236775
17179390.727765836,420.9444846933815,7242955.866726447,2637581.2499603876,14600767.42511866,669251.1111222515,6214877.613952272,14505715.211224137,7234932.597358204,431.3893208283381,70286324.13703372
8509008.175464043,0.0,11639516.038061896,2650686.653285081,6436212.692184888,661349.3740408821,7420190.3308766475,17698800.486281756,6025054.379987571,425.7120473283595,61041243.84223009
10443487.364715237,426.5576450517586,8545697.771276085,2827384.9958652505,4770155.32017312,1068699.2263972408,10010516.2279664,11337814.429070346,9241432.944057047,5643439.6286886465,63889054.46585443
4966244.178254696,415.2089361454644,10266838.172286747,4278071.064586574,9416928.606208904,921282.0181331511,7825139.951798874,8926697.156651603,1767829.420713388,9509565.605268382,57879011.382838465
10497546.725194246,254384.1071113533,8311475.732814626,3371894.4991564397,1492548.8918466454,636825.2251071926,8690057.932449935,8695278.563140001,5147553.360648203,9358501.558380496,56456066.59584914
3594362.7451839205,230464.1340454417,9046488.638638407,2553428.9970682478,4787227.783090724,646890.8181063428,6113579.093681739,9580584.530160015,7337228.339304554,9370469.61664322,53260724.695922606
5066294.91907886,240924.0081059477,5904529.128726122,2560858.173199018,3967489.959627559,627825.160707499,3415249.0581775852,4776172.373136649,7898388.664938582,8273298.18864366,42731029.63434149
5977480.096032269,253572.30707315213,7813304.882644761,2656646.619370138,6765072.842671695,667925.8029496439,7429429.2752936445,418.33479859310125,8327527.331602498,9842172.952297818,49733550.444734216
5922322.021796122,245092.2719751657,3597384.8791005043,2585052.7197940773,8129325.023988994,650414.8962968913,9097184.689273555,420.89810677316024,8691094.597808432,10132125.72840218,49050417.7265427
10846209.663014678,504783.191348163,7889739.158997062,3570530.555818698,3490564.25319087,1297710.702956656,3628971.0517580854,0.0,8866032.31789944,9994354.142172106,50088895.03715576
4021723.2948032566,238835.01662122048,10032218.693231186,3982426.7059641816,10886273.871451834,640492.9977615878,6477526.843459845,415.4298109208324,3501069.70879,8382530.109535,48163512.67142903
5775089.457664697,249105.03357315692,7148266.892262601,2843718.791063186,4049374.082366021,661156.677968575,7379411.9118856415,426.163878057449,7912879.8489844445,8764173.741942743,44783602.60158912
7507285.927779287,256637.49785770944,6612999.198207974,1322020.550857623,10398963.644719834,664547.913952343,8615977.105263313,427.1863236952911,6574270.198601782,9229684.97975885,51182814.20332241
6437553.749048983,248754.5006286402,6071734.7871648,0.0,6320543.739955767,648931.0082804752,6952832.579157847,0.0,7205275.091070615,10018048.720215486,43903674.17552261
9084953.122221842,245883.8827468738,3323256.361606578,407.1091565622363,7886725.933687136,653880.403575764,5542414.788886004,424.2564049935527,8758729.7173056,14060235.404970905,49556910.98056226
10847688.23689149,252880.07482401145,10327167.216055771,1188.9207026941929,10146054.326379234,661561.7506258447,11235077.644825108,1920.1572162682314,8471995.89647599,10098596.344908224,62044130.56890462
8665106.679121144,491884.8784809959,12442857.508255463,0.0,7716807.216106078,1297866.4939602823,3371386.059673539,414.2392912814249,11490067.24758921,10942430.7526882,56418821.075166196
10461598.22517578,249282.33960100036,11010626.414436538,423.36264516865714,9342655.581189856,662480.9448566221,5041777.629756366,0.0,8572637.598289229,11086517.589471597,56427999.68542215
3535014.055153487,254961.54741193642,12757861.38042439,429.60936744801995,12088254.687611071,672684.0916902141,10496519.170319114,424.65498334192864,10146472.213996518,11804234.964392722,61756856.37535024
10790928.706221966,248091.68579555268,7540792.139312322,415.86333226747576,5509870.411161241,645660.385847573,9329706.735442283,408.456451572654,8337996.871742579,11462451.959072908,53866323.214380264
9396490.963696258,246842.46767441928,9852152.1963729,0.0,6382594.324484709,655897.6052116046,6739175.199039531,0.0,4143159.715204795,12765143.131598623,50181455.60328284
7965723.551570481,255536.65634312798,10268882.468728257,427.3419234766307,5825682.949011856,670116.0912325952,9883121.312071415,425.19246657621875,3755189.5756183947,11456971.506015267,50082076.644981444
2695877.5445948634,250563.05156539098,8296074.450063292,417.72018394689076,8819395.64245226,652329.3615497607,10410718.47434571,425.0840174318435,10918735.966346849,10971333.004123213,53015870.29924272
6445594.991940004,512605.4026745175,11777172.80203386,433.3251515361532,2195610.143812531,1347716.1290322582,6836874.430265948,425.02407096056686,2003850.0639035895,10125019.089249209,41245301.40213441
8793588.944034845,252363.85356709105,3065510.7176805865,0.0,7127060.358102141,661878.9513309454,10398007.033548832,0.0,5406147.619301611,11117989.091850847,46822546.569416896
11562032.635524647,253806.88419247526,4735958.163595141,425.8931511126549,12122806.32963503,667565.6276993557,6948758.118500706,424.4224032542764,9700138.84589721,10188724.08628592,56180641.00688485
4256127.433394851,254379.94873460583,9470413.98755467,431.47169636634374,12838168.298604216,673434.0812409156,8261515.838798854,435.5486019287084,10925646.331694782,12099086.815071369,58779639.75539255
7256781.52068984,253304.73852144287,3577255.2214871724,0.0,6319988.350280289,658489.9052535758,8868010.080567695,420.86062468957005,6636295.849141444,9473957.426186468,43044503.95275262
11096182.189318368,253121.92613374125,6558151.549912847,431.2924704310191,5695303.919449785,665748.403060195,8136773.712099762,0.0,4455366.49943393,9618482.555419335,46479562.04729839
4646891.586869927,252911.76182202584,14221986.453877905,420.83229759135116,3407583.134454869,659421.736589426,4864009.213370643,420.47334910300424,8072634.476363375,9727040.797984622,45853320.46697948
9277312.72775077,255228.8785022921,7069019.279968357,424.568116467714,9646820.593580369,668272.8520173552,2670702.786749475,426.157383074621,3141178.951518917,9217547.15604057,41946933.95162764
11068617.00568649,493839.43004152796,12303917.140622187,0.0,4369960.789742036,1314381.1706275737,10231495.048410056,0.0,9503646.86270251,9570162.301922522,58856019.749754906
8593439.154655831,250828.6533174866,3686511.371652644,423.26589444684583,4785238.155581111,659597.7401160217,2676643.5742010907,427.9713711577743,10636167.58939827,9141881.9597351,40431159.43592316
12000148.522676118,255147.27829205105,11472547.82729425,431.5749181980944,10785245.211183183,668176.5259561264,5790898.615991105,418.48758235092856,7330988.077807869,10106327.28068214,58410329.40238339
7779584.220179082,247090.09667679723,5157813.240247456,0.0,7095614.664445424,643388.0756606953,12035186.654204555,421.5528306789622,9777567.111939548,9722755.897427684,52459421.51361192
8998258.066863582,248515.9529513845,10622893.041567443,414.2536959491422,6031514.913411886,652188.2387326511,7150563.657814947,0.0,10214318.31912543,12261824.636843087,56180491.081006356
10458950.531910775,258140.49437798175,5899065.872273179,428.4124234683672,4845851.832091915,668622.1664825692,3993041.853348473,428.0356100700308,14489703.81805284,12108039.195082793,52722272.21165406
10065541.362248316,246481.33358071325,10773603.010677714,428.9865216302744,8570130.404298058,429.436906176057,7736143.968385126,429.8083922613966,15715791.947058184,11936352.255050449,65045332.51311864
11745447.171783634,257522.13529119134,2901075.2876971844,0.0,12439631.65365017,0.0,8901851.032178199,0.0,18157140.220573034,12053298.977716953,66455966.47889036
10175533.016450195,514733.9316092393,16546458.554633195,422.6191495288513,4778695.996860209,426.4087569782647,9207080.955862677,425.53352594301987,15011284.113649063,9736641.346190955,65971702.47668798
14584156.70028957,248400.32315735807,17745062.28703572,421.48619893530696,15712350.883346729,421.61559851245687,6306909.130079604,422.1290357481181,12464347.231934967,11998976.439244982,79061468.22592212
10816702.787289197,255510.52786493956,9149555.315629557,0.0,8315622.220288189,430.50928744406843,6535754.466856868,431.865610362376,8594705.271004753,12272159.554096669,55940872.517927974
3012141.258063693,261850.57896565754,10245650.634365281,442.1361160145453,11506927.818271132,0.0,8472730.592393449,0.0,8243748.169622602,8490469.962189445,50233961.14998727
8817875.996684175,255701.83112806643,9096542.381706836,429.4006354631252,3140817.251561245,423.9732736269124,8584741.020941032,420.98118945666096,12531761.85512653,429.4866509799237,42429144.17889742
10423858.163666366,255520.85730904186,12728177.707575584,420.9359475724842,14261937.02698695,426.6049170688294,12325559.267774574,433.10832172363376,18655105.183055215,428.3409628803178,68651867.19651699
6071206.496537303,855.0905976879926,17641362.124400932,0.0,10649826.938155156,0.0,18986660.348130774,0.0,18778721.834157,443.43169476899004,72129076.26367363
21871109.210137848,445.12151560991725,19523039.596301865,444.75728914595345,14180104.282411149,444.9047172233834,8831432.804286309,444.9473913128038,13597135.235649537,0.0,78004600.85970001
5953872.666993277,0.0,21392569.161593024,438.5290719659016,20018809.29578456,439.0458719437677,20618007.217835546,439.0971017966579,14032965.439289717,438.83561967807714,82017979.2891615
