18389297825.976933,17163797817.487541,18431601077.6867,18186862365.49183,18249195717.952145,16952050129.160503,17958471776.341957,17969647709.458023,18813514329.147903,18316963617.45704,180431402366.16058
2259960.112850787,4125562.621739293,1343107.5400778474,325359.4824801847,5786410.311158753,2788915.926216265,1803872.9612589574,5594157.389066421,2329794.129546454,2512961.207604998,28870101.68199996
480092.1678251532,1512730.0349519786,1769016.4251726163,2581600.538547233,7968291.0347512085,4844882.608181775,3884756.1423405143,6314143.583782883,1948164.1497989602,3547334.2912902315,34851010.97664256
6927775.94856651,2135825.9358558436,7355521.40895736,3254622.52005478,10941906.82683923,7770883.862841038,6256663.836910664,3334200.628035519,9456513.384655485,3532324.30045329,60966238.65316972
3209836.8026184607,6915540.665197924,5918368.675839366,5149091.201051633,976760.9388799842,1653843.9079286873,2251368.3385295835,4808812.612002771,1848162.2380548422,9028746.20011561,41760531.58021887
3676443.9036267777,1615928.2214707583,3745722.3475185283,2425912.29721202,2416377.563479137,6945132.436045994,6580898.484157017,7274852.950639691,7506445.553312652,4339906.205882489,46527619.963345066
8951850.21166617,6568751.129000995,2369764.1206392436,3914894.617427447,1314995.7453417035,8505366.28549686,8264492.811372093,2246122.5584961814,2106255.45520596,6617847.838439604,50860340.773086265
3269685.934202583,2948315.9726114934,5605138.832371634,1664815.650529828,1343923.2968525987,3556470.8241485152,7046048.108360141,5491633.725152669,2590301.4302100264,6110843.211714188,39627176.98615368
3893975.043575525,4629311.516813289,3905725.515415369,3139829.810881163,1316978.8821022334,9836412.281493915,9900259.615254732,8358402.520972534,5269285.889906283,6306842.841333173,56557023.91774821
9330564.080179932,6721218.4847857,7763429.5348545,4558749.567591713,1667519.8723828928,5210650.46366196,7323603.519781154,4544836.257379633,7177670.28896507,2461975.238786419,56760217.30836898
4860749.343686278,3165634.165117316,3583248.3762913407,2883869.933670097,5263038.782836477,4471178.261257611,5818545.59653072,5651897.19297459,7326292.009225627,3217441.362674013,46241895.024264075
6839228.7873584125,4712186.99532615,5197733.108291289,2276245.2264975933,2119735.308037739,6636873.2267808225,6784979.897301619,7476478.3823556835,7733849.507749161,6295354.396120732,56072664.83581921
8141987.4757871125,2970992.2513987846,3926356.9488203363,4078527.127193768,13632.619178092771,5870692.289415081,3536452.553008756,5748175.3465820225,6566358.218133543,7248321.16129691,48101495.99081441
2525820.4224440744,1442050.0525304864,2392007.884686471,1279093.5115423163,2818752.4991868506,7122504.271769279,979511.2126127543,6961108.7587885335,2306099.6256022057,3339601.046324566,31166549.285487536
10398706.311673822,7987803.057893903,5970037.691467261,5697789.113322936,9831712.829677358,8553082.920662913,3606061.153812106,8286827.560485099,3937467.7426750916,7794840.35673963,72064328.73841012
4588847.969059196,1071609.1514997338,8857734.510862503,1890269.1562849027,4068129.4825973124,7339277.884997517,7503887.1201524725,5259040.674556304,6097229.368503535,8026043.797185305,54702069.11569878
6469734.555056368,4865279.321382189,2605023.94346352,3737677.141242678,7362217.724802808,8012494.588317187,3519475.133391009,5890840.289066919,5984681.746713812,3060287.965451787,51507712.40888827
6041293.710780983,10618257.73231335,3370784.294837495,7331802.122067473,4179371.6013198397,7767576.185523785,3425206.383480579,8259863.193016715,6797857.198015349,6262849.751460683,64054862.17281625
5334562.221682781,6111771.322729579,6391837.616851915,1600235.3157729525,5119582.473469416,8760331.358454168,8295496.244061733,4719974.857731842,11007331.277503451,8491578.20909114,65832700.89734898
3875027.967195448,5864546.454252803,6201172.636172317,5797005.227740514,4090071.7765855878,5254100.323560718,7593325.770668423,4892312.015398727,5791782.413212444,4244250.932962895,53603595.51774987
4589625.806209064,3550210.2626118474,5035696.424174372,6806422.0395484185,6181061.035037117,6707020.553522488,8786400.593182387,7740444.189068276,7083287.462055728,4495038.119271678,60975206.48468138
7638658.521478918,2382974.064859149,7286169.930908894,4093669.070755681,4093260.6171671445,7903204.934303321,6773778.4234105535,4769038.341588269,8780146.661997799,6655297.942283772,60376198.5087535
5813214.032535079,8564036.767347261,4545220.311067508,3210955.944455856,7125516.921259131,4528202.718508455,9812395.707898084,6759356.108402173,5903798.175030975,4933899.190782785,61196595.877287306
8780883.746910332,9277743.976944419,5113635.876494062,6549309.834305977,6659069.052864519,4832214.555620345,652194.75727678,4678239.215679563,10109159.55432217,9713669.91592486,66366120.486343026
5260319.210757872,2545491.2619070974,8658298.930372374,8556929.29124809,3731513.0135370586,8916976.93046509,1582691.9497146797,8521364.94560753,2920483.199858445,2557673.8341557686,53251742.567624
8868073.07522123,2279365.7337234053,3954049.7688712426,2285049.9427090967,6398400.8226016,5779805.784471275,3598424.9950304595,3120546.514727367,6284831.847951759,5751265.647676287,48319814.132983714
2976447.4847571957,6476848.44880742,7619444.494019505,4366463.565357014,8305887.888839894,1840437.3269453337,6055429.706849709,4790432.554279502,3906050.830828311,6366722.834395956,52704165.13507983
8603441.815704975,7747094.249758652,8385622.583662896,7950843.5331643615,4725047.711865507,3539264.104131004,9630489.988112042,6330533.174504972,6013763.854570038,3853754.71389117,66779855.729365624
4635002.04361121,4212201.02318419,4741661.997612251,4591027.734209687,4405144.451149021,3641899.5227203146,11606842.823391171,7340761.358567254,5007791.609074118,3679857.0707571656,53862189.634276375
7136774.976518916,2498628.8245729376,4800010.547504821,6938901.685282267,5994759.227021003,6068803.962240828,6844103.109067509,5923095.291307145,5461046.825412761,4252483.602730173,55918608.05165836
8548896.809284912,4936136.975781781,327658.6319631581,4114474.8569418723,6567907.074133406,3534557.3715908267,5157228.528345409,5120662.315114314,2637848.4929959583,5749513.576773247,46694884.632924885
6895694.153309617,2070197.586067189,3174487.33233649,7087090.704249481,6095329.346884571,7704959.0223975275,7414675.698326581,5309177.924592865,3243862.0422143773,6321689.27741405,55317163.087792754
1376135.3870474051,9157630.721994443,4352555.721077007,4650702.85989489,3080905.1978957863,878506.916613522,10409652.98468092,6682551.115331457,4669332.811152746,5282336.107386748,50540309.82307492
8652107.261427969,1356821.806424735,9050589.484730165,4649232.709378598,4579816.105191084,5294029.406046594,3610410.7222577343,7787308.905800513,7499139.690656384,10007172.211199563,62486628.30311334
9379287.89886854,2301682.56658673,4502655.769345077,7886101.443893795,8420589.25234864,7385655.265682488,5713121.168519484,2991939.30017296,7886542.446815887,5498736.610413992,61966311.72264759
5760702.362033265,6074023.4099059645,8884811.59984147,7697306.225757899,7922435.809355053,5949213.437131016,7338442.823417453,4122268.2954809503,9692846.136508608,6040499.09361713,69482549.1930488
3371781.9124601637,2284469.594385255,8901323.043418488,4194554.947577816,5147341.008986291,6001166.405311,8034671.422740351,7130907.682085009,7940019.122405325,7037272.521504593,60043507.6608743
6298204.083625482,5391636.51788685,4727248.976070403,6250093.142628994,6144856.64294056,3529863.4116554,8291735.5019126935,6895788.655859614,7467856.89973968,5669816.698823421,60667100.5311431
7924747.607164337,6063948.548905187,5142589.649516001,6388892.720926793,5159987.051667559,4552194.637620718,5047314.400622973,4698015.131633018,3976742.8434558506,5452765.06598655,54407197.65749899
6475128.5532837,2653714.3338622847,6415633.047202192,8958352.826364528,5863546.826249411,4685602.638829586,8497235.974456282,1626146.7160877218,7931324.112130742,7312366.697097275,60419051.72556372
5786399.208485538,5382824.170287633,7413925.451210496,1830824.643001724,3535418.33052444,5989858.230240978,13062844.32641527,6590579.935932176,2190638.881030415,8773003.311251428,60556316.488380104
13286585.636876043,7918777.400112907,7728167.320236041,8162234.3645191975,7961518.5634873165,1522138.8840248967,8464901.004371671,7089518.042125214,10318316.176998269,5025411.996311215,77477569.38906278
2622003.4416506067,4963537.594917829,5742860.283814843,9509955.13233117,2019320.7208327753,5793283.670513674,4324423.820506846,2492457.407939807,2034327.54367475,7691442.299363654,47193611.915545955
8391302.234451389,8676105.085565038,8667228.65197909,4833090.568068647,4983775.2484669825,9914646.420999872,7425883.203621406,5831387.509116607,5961910.105976567,2221951.7020764095,66907280.73032201
2382998.418865306,5727752.942646663,8156380.215229796,8327264.105019323,7694962.764358496,7176554.534474634,9486308.102322536,2347375.7873609676,7575498.0938263135,6432810.514138284,65307905.478242315
5600871.061263951,8166086.783248589,3530917.76685774,4989065.520670404,1350301.0942823535,9565272.231164997,8664346.089186572,3867993.228844763,10619878.13932855,7883094.67649444,64237826.59134237
4396313.935522106,3426909.3564931494,5379113.438044235,4556446.787331525,5485675.313000836,3977155.236758968,8158220.983799571,7369077.055923345,7385457.656902223,5180022.483399165,55314392.24717512
5165116.598975006,5974004.585024233,4353554.2640072815,5669322.192446133,4459323.665184282,6081476.911475696,8019175.614699167,4734368.441348403,3978943.518119797,7169356.631125989,55604642.42240599
4441681.656507751,7098075.33810147,7094971.921860567,7081098.095354843,3417721.8395709996,2688886.438748275,9566776.816161597,3853843.091439368,5051039.815036204,8145719.3730494855,58439814.38583055
8045389.619805946,6357806.264096395,7812599.417467203,9564525.256135006,3761734.426865547,5963998.6950052725,7672455.44486708,3408864.483772179,6617866.377176476,8085287.874891462,67290527.86008258
8028619.81418483,5999270.38115246,7915237.709482621,2333739.345983048,6987205.80536109,2402866.0964940214,9725678.456060411,6858078.557586632,2836059.755054749,6235294.313712354,59322050.23507221
4977295.902316779,6942667.934257315,1264952.5111271422,9289154.841184963,3649969.3162597967,3102237.041109226,6974246.317347238,1768697.4427816547,6872913.5640941225,8045950.75541848,52888085.62589672
7825227.822789809,1599911.6170102688,3773311.80812622,1689625.4374204208,10267363.567821156,6825697.486923209,7957120.150241538,7185412.044859717,7721986.391635234,5016130.882394688,59861787.20922226
11670127.135606272,5446681.839611492,8568266.796137484,7172876.2102309195,3975238.818579766,1907364.231477438,7781166.125682515,8233879.279269002,5378540.878523505,7496081.299490607,67630222.614609
3789989.5886651254,6022899.163084104,3961617.0224125977,2288530.4885102645,9579556.270551903,7442715.980052071,2557468.6038284283,5794432.6705742935,6451195.408993276,7680096.352580219,55568501.54925228
12689606.890219983,2330595.2855481394,7252561.816480207,5549087.543053717,3240449.6088096383,7379490.579335252,6474431.377223026,6073236.009741561,7491532.701458358,5032159.273009876,63513151.084879756
9997468.722026544,2741151.5953752585,5228715.396159651,9973651.27136359,4797900.543576341,3901775.5871336753,3620982.950255019,3855321.703714397,5494867.345738013,5385024.970911106,54996860.0862536
8618815.207547804,4789368.283287923,4009743.630812298,4963674.644485247,5528463.683023443,7429611.415472398,4083219.304999603,3140230.9623375093,6445114.88265132,6953787.608749483,55962029.62336703
4697739.639592818,6602261.522322774,4887616.26689042,3721893.302834635,2640532.2907447186,3600348.1970223407,6582719.176643269,3895799.4434744627,3087927.42986819,9821479.49018234,49538316.75957597
7754428.934411383,9130074.810826384,8054462.859137335,5746868.311753325,7354531.057166747,4453668.540313994,7315598.573252133,7881047.779514567,6308021.298470138,7540675.588443143,71539377.75328915
7121437.315983578,8817999.782885777,7685649.951696392,7693691.712977901,8895490.866710003,7918867.558155187,8547094.10930523,2028789.7574997237,8237536.377945396,3266681.8665704685,70213239.29972966
9449679.236027153,6382285.005691217,2337649.087560955,1775208.1469747936,1277156.604445909,7713905.6282440685,8599360.487543449,7205527.214284417,10068181.13510871,7429554.881477269,62238507.42735794
5094848.870932394,10008827.793878632,4891971.626285655,11470173.952520955,9219232.606499674,1149471.2236622132,7331709.244338244,933164.9833887424,4769038.5452818,8748126.495646076,63616565.342434384
6525347.302273202,4500724.868757462,8890670.533875648,8667335.913211416,8562871.970837023,4371151.731463909,6477244.7306519775,9193528.969244847,9492701.45287664,4168604.728996054,70850182.20218818
8404225.830267344,7061329.565392016,4718195.8247919185,3408072.2850107597,7727968.858065546,9517319.253752302,2482783.0486547453,7489494.350635753,2270194.822792815,6478134.304780683,59557718.14414388
3836075.6717647756,9624794.306933725,6950697.724862103,7554395.3252733415,2937232.592746079,3783318.1460816544,6143415.9731495185,6966103.530103612,3946849.303183172,6546980.334377019,58289862.908475
5652050.6105513945,5959701.962188666,7286839.095493623,11441410.04935483,5497754.736009267,7057547.41178825,8093480.8602283895,10593482.091445148,6727450.994548618,4481617.298527885,72791335.11013606
5155266.602107659,2201042.086266405,2963694.680530621,6010305.032523108,5333984.691712067,4467801.447275498,7668683.127183604,5373016.426806115,7217040.907855436,5920383.031725358,52311218.03398587
3327015.576585609,5923232.794289024,7304274.169320093,7350739.068931847,3130378.319615512,9111798.255194895,7672398.01376431,3229929.7620247994,8033482.284401732,6589718.420295918,61672966.664423734
2112265.6678260625,7394556.047902438,7208939.46098747,5934594.952155465,2912162.6184692434,798777.0998588563,6178633.851165214,2275424.7767485315,10518001.4593323,3436519.1530334917,48769875.08747908
7313562.720167119,5898590.149407189,3622203.8173763165,6148348.667078313,7473741.637548897,1416993.2508431626,7386149.250949928,4046560.4543339913,12333301.824339317,3936355.9936728487,59575807.76571708
8764658.163062237,7035916.291805603,10074694.172633413,7579624.428779225,513445.87414758553,7005546.229852479,5768150.045531966,6741420.111936102,3597655.820220664,7268501.095913452,64349612.233882725
1533420.4821993706,2419432.428993692,1243679.6767158331,1329840.8672704506,7654521.592414947,9095852.169614328,8463640.258586174,7549318.85283681,7904282.221658586,5018595.119981138,52212583.67027134
3693198.867833989,3774979.4497348852,3163948.9487170987,6566720.672897926,7878653.96388424,5343562.1254811855,3728578.4467692575,1865672.574574365,9308874.24212107,5470029.927581379,50794219.219595395
9978929.55517845,4590184.884842699,8436142.385417258,8987809.848875541,9127469.350922903,7764594.131960779,9291175.215885883,4511987.99994318,6859744.180515292,7548527.532511679,77096565.08605367
2772435.842597674,6707662.638408651,3086493.851803102,4999187.1110671135,4774111.607679353,2568265.4276854834,3333795.047847493,5334733.281687709,9044600.985668821,3674780.7323199823,46296066.526765384
5794704.192460647,3538954.3274214617,5019976.281541562,8345030.370519038,5536180.04188995,5051895.707562478,6630244.06301522,3581718.404834113,6886790.991605674,6121874.999810096,56507369.38066025
8445927.74860394,8017443.057397115,6873409.150811548,8210807.832335701,5725505.402159652,6047858.11350543,3553250.6877796208,4321341.850313581,5158601.925508234,4810501.077609471,61164646.8460243
6511886.997889939,8057537.761903127,5575002.990935883,6469111.329282223,5330938.531591505,3155458.323633211,929144.1764683399,5499025.5412627105,4008879.2561333445,7136153.230357669,52673138.139457956
10123400.303426724,5044767.856023529,10400686.042278724,5934348.168322928,2796046.9838189287,3363448.5559443785,4869586.829895548,3592876.8773241425,6478248.137250759,6429807.030530967,59033216.78481662
2777019.836492871,9079423.820899745,4584366.951508057,8261630.06707378,7189970.643502613,7280350.704255537,6960515.185639262,4107680.847539092,4578754.882903992,2737603.351998985,57557316.29181393
6227978.964548275,6792947.749871484,8259101.870208115,4045879.9531586557,1630328.7080448228,8940530.29317087,7674888.283943636,7403342.073581787,3689846.364417283,5173185.476632617,59838029.73757755
7965837.433897453,7893705.529442374,1689604.4562137655,8174305.770808966,4720407.830002263,3233692.849038628,4751005.585179965,734006.485940458,8191703.204384643,7358882.08211557,54713151.22702408
3025885.5117359934,3108891.249277282,5948646.001865917,9966118.333183112,5668233.185316779,6814378.029246547,5334672.298196496,3454759.205023776,1343568.0186281304,3611070.0644716322,48276221.896945655
10757132.888095958,3991787.0014310586,6337942.365737209,4056645.169432486,9467941.85076946,6724647.604859018,8070758.436114436,5190931.261917307,2269545.5308354483,5925026.732307282,62792358.84149967
2428711.274623648,8490590.263450645,8704593.776577877,6933403.731245146,5235746.543048766,1486736.6495022755,3402799.815042391,9614522.451001592,7456168.628842377,2454907.0011095856,56208180.1344443
5967169.374492816,3984152.6491384767,3705815.548516314,7753287.584815153,8309273.248456115,3492834.491615699,8135756.698284121,3617837.2610995877,8561073.012733627,5018399.037532193,58545598.9066841
4545849.896554786,5930221.391249344,5275928.849479562,4265731.848582449,8278062.516056237,5935987.429979149,5685035.158744516,5528451.935553586,5116919.031128645,1619406.5548103927,52181594.612138666
8613564.954328453,4755739.447787061,1421976.919412739,4754645.631345817,5364079.094929008,2568268.385752521,3765849.3788711918,3188544.8106238744,3551935.653205023,6579850.684331186,44564454.960586876
5386383.9326236155,3098689.250720418,6612526.256366933,5608394.278697755,4469362.206024578,5436021.986974701,5842549.416576278,4737293.520825923,2333737.0330448104,2767279.844597857,46292237.726452865
7679793.350349107,5722704.692482203,3307410.3716906966,6975909.583522623,4012323.8865937144,2291459.8859229484,7950475.398608509,7496753.650483512,5764708.87148949,673267.1180365738,51874806.80917937
3446925.382564264,5068527.906584547,6624904.787888543,1607313.7520668437,9344541.950554494,3606799.6733857025,2907271.4637298784,5376110.156638466,8192460.091583232,8004335.6147296,54179190.77972556
10054367.624637619,8424951.718651414,10479489.607107362,8230582.615278955,3669834.3982178313,6200885.638567504,5692909.833517925,8792645.825296417,11577899.80904232,8818007.361633226,81941574.43195057
1099091.6815134143,3301878.16280594,9260138.037605675,8382967.168134338,9030591.76896157,7902819.562232119,8229232.512801506,1498818.351638333,6218603.27457297,8761009.792719958,63685150.31298582
4804720.252369081,4829396.084072658,3466040.843857796,4056793.981897049,2946077.3757027984,6665290.400193662,6175848.906136001,3231602.655144151,8160502.605246123,8327630.527289747,52663903.63190907
10972644.288518019,6410771.6096734535,7186911.4062580075,5086989.880906512,7073140.401923104,10488118.631885607,781351.3475371451,5056854.244605075,3371651.80376511,6387451.24246878,62815884.85754081
9641169.055290505,8748753.114538066,3164155.928274591,7105287.039699955,9180163.931390448,8102826.424301333,3516570.330617262,8756936.483281203,7291170.843228153,8261862.958400787,73768896.1090223
6523775.750246612,3850858.2904607123,6386791.988248491,5193617.806111662,4971586.507851538,4060974.9122792743,9052596.520406712,5616663.575313026,5920638.867388367,5789120.459040167,57366624.67734655
8284611.792525995,6463835.700238969,4833245.624393031,7117445.32501616,4891052.066011116,6844798.225225926,7498117.06950426,5805179.578364704,7005724.37000474,4596633.565131836,63340643.31641675
8847770.58358101,6855722.4768978795,4182515.4377296083,8826141.023469944,5488313.990805528,6362008.023106374,6719995.39630537,7062239.227536649,4130818.291724872,5103004.955709104,63578529.406866334
8637046.04138864,7087747.6885934835,10567943.027872523,5333674.212579129,7391143.9087686185,5380591.753492849,6816241.784434144,7481549.133769525,5050832.846050772,7184516.705281775,70931287.10223146
11959384.481294094,4550849.51339036,2561226.326134089,5426998.069058426,3677560.541450548,907847.2415707704,7111417.105511696,8515943.507436026,6662821.710320063,1660148.5791845818,53034197.07535066
5555131.674529581,8481721.088487536,2925021.4566890695,6764786.317058007,9019353.520471888,4570143.526218128,2494172.3877192275,1338420.340532861,7804707.232172052,4874995.353366944,53828452.897245295
9525716.619229097,8309113.972835401,7781266.888470586,6700624.261525526,9866480.308131384,6359336.983643453,8801985.7049707,4037842.3277352517,7129111.113026711,8464599.45608277,76976077.63565089
2848489.2245918466,10132006.304749154,1232434.683603726,10627718.86047005,5787428.621327638,6723534.3041874785,8093930.11248202,7848595.020289201,7330105.818891357,2265649.4685222236,62889892.41911469
7029314.186586623,2059292.6035328717,9930143.137952039,5041791.956309152,10045525.211589724,5372791.938544858,2602233.316630074,7752823.016480111,2366952.279361734,5226494.58710646,57427362.234093636
5291902.810324477,5920524.730075303,10402336.699062262,6933345.472939267,9055072.857453898,6611970.110345561,5477698.646086738,3218135.7285745926,8827117.386321252,3305244.169009223,65043348.610192575
3652353.818874113,7671573.761050114,6773948.688578549,2839131.575765863,3391921.830623987,3620859.874241452,5991602.8485057885,5322370.7551225405,5271414.99656988,4906651.6830730755,49441829.832405366
6919310.882783717,5260764.511927043,7642647.462148148,6405252.485523281,6854490.4177107,7941747.845105835,5933400.050583905,5191511.897364514,5360498.659963252,5358004.422935754,62867628.63604615
8036425.254496961,8083677.9137424175,8413891.10281051,5886578.788471933,6015988.071287754,7136913.107821235,5867670.493808719,6128114.314750287,6540550.57135489,8668213.942027273,70778023.56057197
7274031.403613972,7675647.497970314,7728513.208242026,7819441.263109531,5695708.991421729,5945565.209056831,4693335.831200801,3909780.225891643,6645277.829561214,7092587.448230241,64479888.908298306
8260339.158209641,7997382.423812416,3421424.219384714,1650854.0025548744,7395979.353973713,4157872.4003039687,6140384.308230938,8426061.266351534,7609883.306195086,6731081.228916981,61791261.66793387
5786810.021437233,8633163.647723759,8141588.930081973,5398232.683650224,5915868.639379346,8010465.993160829,7101668.6503909705,2473103.1743647032,3110857.549527179,3198707.409979274,57770466.69969548
10020802.200121963,9104744.794399621,9075535.188493153,6404892.920246835,6880392.935135,1537958.5000211054,2627352.973931414,2858353.609798108,4404587.1666890755,5154371.1404565815,58068991.42929286
8038248.718579037,11255103.46850181,6649599.551231268,6647555.922423284,9748454.363236494,7073190.314279954,4561359.570325247,3971261.9813323068,8461661.092510473,7687263.867035681,74093698.84945557
5205911.5544119915,12773314.040664233,8702083.37426244,2244676.7509579486,8422695.732272476,2546701.7438997384,9883683.403403662,5858770.90025925,3094553.172156079,2930480.186975958,61662870.85926377
5570621.968436976,7672328.108815334,6396322.738310479,4051484.569083296,4500843.5110072475,4796416.848126088,4214821.399132023,5428003.323305817,7898469.735669941,6987972.355736583,57517284.55762378
9557241.15052282,10471769.190804087,8929070.331614282,7285541.366357974,9337348.083967526,6754788.796710103,7791050.803865088,4477661.8844985375,8541105.242399303,3787177.0365861556,76932753.88732587
6907129.232317215,7345028.059134699,5274246.2232192485,3967595.7317232876,4579161.470641228,4773532.808350842,4352627.176989147,3118668.5187512487,7875381.427517357,4781860.186792852,52975230.83543712
6518009.403021424,7718485.4128021095,5401267.003358287,8582866.227681404,8078010.574448401,3992372.162910368,6697025.038195829,6583688.63752844,4787236.3115195455,7525936.137412004,65884896.908877805
4553251.672346432,5492545.26945712,7398536.554435585,5619031.691011782,9472245.32407444,392140.4520279541,1907229.59188632,6279927.378268016,5665723.074828127,3856287.5324256914,50636918.54076147
4750821.043972278,8623697.566824287,996371.6053387813,9147878.187633155,3320181.5977273993,1765915.310770863,7367086.431517563,3570004.916713837,7716067.7209568815,8693172.095955394,55951196.477410436
8668035.646203835,1410659.365083312,3608856.1817959687,2584371.0636576074,3836735.339615416,5990452.509257928,8435514.659033332,5048769.932849877,2012782.4299775404,2365827.0760684833,43962004.2035433
9880185.121317789,3037265.338703435,10294135.77555957,4724159.905195477,9381684.842858275,8114833.124623377,2156081.019360421,8473068.935063759,6339125.966902122,7389124.65857777,69789664.688162
6086817.0442224825,9500525.773092719,8474295.891842462,9772770.465268286,3075608.6537773204,5012777.012356152,5531900.126159512,2805935.660001919,8864320.01107354,9111056.084564617,68236006.72235902
9145666.456129672,6854956.635688427,9556401.083639467,3671005.1973133315,9520780.295980128,7956280.041019289,8153931.78070394,3894740.1950245616,4745667.112364302,5465262.938979774,68964691.73684289
3943843.363725214,8116367.139918688,5949326.11394239,9782910.500547912,7257333.8696553465,4535194.997426717,4414561.724525315,3883247.344444645,6500272.279706313,8568684.460494386,62951741.79438693
6800179.882615723,7896445.849489462,4748326.771679283,4539545.0753185805,1830940.7114336356,4860103.222177819,5870212.664243953,4721834.327876155,6543371.710437893,6014047.393914498,53825007.609187
9391848.330955684,9646570.503299965,5681964.136900893,5666872.227786922,3329715.4484372633,7839501.634445247,6544411.764138114,2666570.926464132,9043967.80779601,7560811.316531641,67372234.09675588
6668066.544271286,2568989.802123628,6924295.803565532,9116653.590385469,6102343.8889368065,3304189.330517512,7139504.163920935,3079631.2912140884,7947344.581761944,6877091.172410826,59728110.16910802
7962481.740684897,5494176.705024996,7759775.59452198,3446842.5934800464,2721560.706365503,7515189.199561519,4408332.765314085,5039573.077822106,1124945.8145948802,6697209.9278319385,52170088.125201955
1338553.4634825028,7336377.968454062,2093498.4570723209,4266979.4634876605,7670758.650326277,9638613.114594655,7591753.530840556,6426638.040010522,4010053.8312416663,7776846.461804763,58150072.98131498
6626391.861375453,9164944.667045373,8394920.948206708,6545300.784249551,9165473.978389153,4040951.935899648,8593121.053953081,9252375.101352133,8628691.28887126,1362578.378477157,71774749.99781951
10641308.134675615,2031943.287319328,2474153.5058075422,9503066.289004223,2994380.326369264,9173920.570536494,2822140.906171865,8104031.580050066,9325883.21611345,5425778.915089069,62496606.73113692
7553606.968971687,7561206.422074335,4074793.194956975,2060485.4352452762,7766947.543933983,1796838.607365706,5370176.651407843,6922890.268877547,4292444.43511599,6382309.5983667355,53781699.126316085
10154333.383460617,2465439.9030737337,6792568.866055448,7997794.777675952,6925526.651029214,7534034.304717744,8809336.772093534,7822443.601985289,5678407.681507999,9207519.188398197,73387405.12999773
5060611.300228086,5673929.391783724,10121755.994215786,8236372.006330683,3504409.889606966,7811429.755652126,4321840.416719756,4165756.3042044193,7382244.087119858,6070738.2076727385,62349087.35353414
10055532.277051248,5611589.4657536,4611586.995394051,6291559.640371115,3939710.8439683234,6829756.303670831,9724427.205002233,4997157.7435257295,4792033.99063171,6202374.358815274,63055728.82418411
5843579.575473056,2017251.810913062,7727231.14728769,6775469.773294094,5549485.735584788,11304533.255617307,3385512.583348277,4142176.4889203515,4074186.319976363,4532321.594764888,55351748.285179876
5988058.646080612,6061958.248782592,3637554.975333013,5337051.487379721,3775877.022009569,8385374.694416902,5355988.484345863,5749175.232374682,1158408.4196852492,6718842.231921504,52168289.44232971
7062660.868628143,9027906.634850103,7554391.11145369,4006013.152340037,3172057.4968228964,7889339.274253628,6895430.179820499,2245410.270961844,6440993.172205325,6860771.018754301,61154973.18009047
7696150.882136573,1742426.2085915047,2790901.990050857,4271483.240529748,6920907.7092378205,7783333.270992802,4492566.488977512,781391.3555962314,7466415.703217282,764234.6744092865,44709811.52373961
3349758.253056518,5055815.630095388,5144687.853099822,8699107.985795805,7837532.812301707,9332856.942924889,5426545.823121269,3090177.157223733,4827034.0198238315,5549092.633327461,58312609.11077043
3964794.35806916,8893063.833807154,8147036.46525371,5322236.084274562,8164610.471763712,4613644.186191448,8346643.755348372,8721312.50494581,6319216.919451692,11088471.229946999,73581029.80905262
5812640.039541873,2099562.649248808,2336584.6448170547,9634053.89388222,8511720.935845956,9153558.300073583,5150678.581210212,2581973.172971596,7699488.204726352,5717764.131231224,58698024.55354889
7665826.3198042875,2744437.7985003246,7806432.192021349,3967794.958737862,9104527.53780121,2829266.0477131945,5517609.273720564,9513651.514496041,2462634.1231295355,8931181.682136469,60543361.44806083
3657736.920762028,5926060.785757759,2702701.4328399207,10124287.861051409,3089769.8440938233,4936660.550107206,6575130.738043313,7800398.213589057,5333382.660348464,9434484.250566714,59580613.25715969
7761263.154722131,3982795.8869833522,5050821.553339235,4401904.965136005,9585660.115770705,5679821.670610489,3262018.962810106,2905686.2154978886,5269791.831493787,10598548.86345811,58498313.21982181
4845663.271749472,7702892.2660489725,7797104.786164287,9335762.473291412,6638042.5945861675,7721829.268009804,4185961.056883105,7042099.121558967,7955412.428945778,5490497.664606323,68715264.93184428
11803871.67494362,6804680.41969893,3731078.0040144366,7785925.699842774,3121143.0797145083,7568954.084085358,2412906.143157892,4741054.401722279,8736060.81119291,4835508.33426607,61541182.65263878
10887819.421559758,5945174.363380708,6073533.471856074,8206474.500336908,6736677.1731475685,7038074.7400041465,7344929.773019567,7008086.356712554,6853694.706678398,5725342.182736316,71819806.689432
2163353.6791260806,3530457.097356365,3283311.1792204557,3702602.367278721,7409566.92935385,5607559.651451395,3628236.6022493825,9170494.908859754,3150910.740145098,3243266.5334771513,44889759.68851825
2431447.447318958,4766137.23307955,2668957.110856643,7565982.670089553,1820545.3190174482,7339243.236439839,3498706.8569048983,3176654.0439725085,7696417.533760766,10027868.91903024,50991960.370470405
8532029.89605705,6933048.931893138,4270585.218570395,3100107.6111450796,2327600.251989622,6794044.924849705,8946403.427059418,7337194.884810988,7783570.5538514545,11524489.58502656,67549075.2852534
880825.1938495635,8115009.986068293,9743967.01220701,13191680.77336662,6536226.088826158,7385476.195255903,13222405.750556836,7977928.10119094,2219422.0395321166,3798925.864915406,73071867.00576884
6534949.270393619,2422107.6934494,4827615.542247157,3891770.9927138165,7027639.204574893,7709179.225652779,8663262.752872294,4391133.586955535,8252735.708637215,3457520.8074351465,57177914.78493185
8450636.321062703,4334357.151962463,8431479.090361955,7246195.82027886,4279919.243207224,8515871.060186032,9412384.313712543,6852134.89659665,2576974.559230638,7850517.799181972,67950470.25578104
3635257.0805597403,4824827.76089358,9835169.758297356,9531994.608913168,5785619.038362823,7750541.745109927,10463138.721538322,4704181.320391281,9744922.829228016,8751435.649873713,75027088.51316793
8807465.660862429,8296995.5466908,5125655.579024078,7626479.895594243,7677460.714803339,6873673.643105101,6869457.263187061,2159318.300551105,6283455.45009529,4629893.355470427,64349855.40938387
6782478.459505592,4522771.668513028,8822559.059624651,10558180.022224367,4878367.181183704,4942155.114656668,7449505.46534611,4695339.898893535,4831811.093017676,6849660.597891595,64332828.56085692
6717829.404069974,6896337.699584493,7700800.439160538,8023363.099927208,10742223.820942122,3641798.0298020504,6702720.901005283,8217918.220157538,2227765.549458136,3367332.274196869,64238089.438304216
3335276.445912332,4760177.681152215,7755173.120875489,10728806.462193938,7041385.724319269,6863326.141731271,7393589.113840139,3175965.344314436,5960001.8908543885,7738824.384787764,64752526.30998124
3014377.999514544,3951940.7103158217,10090281.21088097,4957154.804675496,7879568.253234382,7914355.959519291,3225517.5558886905,2779463.510197234,9599599.820785152,1153303.8888840545,54565563.71389564
4646153.929560821,9395834.57657737,2717922.557163944,6294029.785907599,9932179.33347652,6848985.837914275,5846736.100092756,10062493.352747569,4683103.798540104,8471440.250841888,68898879.52282284
10446229.701541241,9293496.277961992,7764275.651980651,10973889.926268568,3992982.6360785407,9850340.150181713,7723477.056310408,3231036.128512018,10239775.135334326,8961125.565950308,82476628.23011976
3045679.0015052087,4085918.3859717594,6527769.979907976,3859758.9861097825,8188431.791647249,7585173.2772108065,5834148.193437538,9609189.147601616,3176109.158271466,5775603.763580631,57687781.685244024
7321620.755889062,6118313.867314946,7725913.438600924,5972874.528819753,6421059.552985341,5372306.596880447,9076647.372856108,10069852.244968189,6399114.467094807,6829528.344003867,71307231.16941345
9749608.419811927,8595316.713641174,3825588.9397647576,8234123.12435551,4351836.9131362885,1132049.5333873152,4756513.821281669,7511113.54006075,6318186.53944359,6412265.625387661,60886603.170270644
6523214.10796875,6369145.704990248,6953492.132828591,9075807.7633212,10663233.894869195,2483219.005182758,4441501.94518096,8694032.089286236,2973107.824196048,3596688.9857116966,61773443.45353568
5230730.827455637,3928895.0418575723,9796294.511796592,5548594.449889326,9712200.594140314,5410100.962324074,4589981.475628131,7010065.358488928,3476326.4854304167,5610734.3513299925,60313924.05834098
6731737.292195801,6491664.827961172,4527760.996561006,8953716.601248896,7843754.144983696,8213674.20190301,6481556.723018176,2845362.062417931,6793859.355418815,4472738.587614311,63355824.79332282
4427965.847588818,2286076.1174688484,7813090.165163238,4112130.7618279387,7186673.7995615555,9034854.411982955,9258355.87099625,3515268.094483076,1590869.9387703538,6376919.749281737,55602204.757124774
2943183.134931196,2256812.157496508,2655730.7741436525,7847563.964870841,8894864.792738957,9018129.601468848,6869050.663569045,8544556.395408932,2273398.4312988967,8403745.361887679,59707035.27781455
8880921.395667782,9097514.934644014,8162122.871230137,10647608.416953139,1511025.3796372612,2240025.5102707716,8210784.979929978,2843366.002684612,10639157.151999347,5170079.84894577,67402606.49196282
3134696.357060265,1085614.7630507527,1517677.5306456464,2136074.547379315,10249264.122307178,4729000.710230435,9072354.168379936,5836891.353713624,1943243.3796576743,7260745.553637229,46965562.48606206
9304617.66735508,1944591.7984611269,7973740.623119375,2693252.0578823006,10033582.080534004,8078737.098250401,5242212.327270216,8322506.427678198,5874410.202603997,3990967.2643894823,63458617.54754418
9504914.904242761,3857886.065907636,9566976.064745551,10729534.78371706,4051091.877044945,4024994.691092241,6924488.679199775,5258079.700369489,5012497.4970585415,7991700.58204604,66922164.84542404
4893620.652650978,7379457.063329607,4463392.610362228,7214697.424288287,5563307.903901882,4832013.69095621,6053740.260677359,8889133.090074584,6124795.4406488305,7476472.933240327,62890631.070130296
6427031.075466725,9427185.724939091,5468840.395743078,5456520.396106291,4473654.170924841,3786309.4566836646,4805532.900229217,4912582.305204864,6163223.719891738,4422218.999332323,55343099.14452183
6967894.924085525,7275345.84574266,5891231.018051506,5909056.239382351,4856454.589065434,5790639.638667601,4951985.862230488,7642059.303197966,8179562.914532772,5327441.786911045,62791672.121867344
6999206.57297196,3549744.6022173134,6364929.26461972,5842640.6632732535,3044484.3748475024,5774838.748632411,7911320.27747168,5236826.363764636,7761618.576202016,2790024.990788053,55275634.43478853
6731511.18453126,8221722.71690383,7205022.56607942,4287217.251630386,5734296.987175583,9700524.09801963,1701660.1612807424,6540697.098753386,7208759.295695141,6455913.030067041,63787324.39013642
2465932.9311399134,7414355.87925878,8038258.807385038,2026448.526426174,7935894.663640878,11129130.899815915,8810441.932868656,4143440.6778845997,7087010.947104587,10498998.416202525,69549913.68172707
3272748.146142945,4013904.583677949,3787049.85863821,4745478.756583357,4002036.1634926554,5446958.931338476,10067982.11606297,8327709.971186495,9621579.087560274,672081.0065128398,53957528.62119617
8292814.664577659,6250757.692054165,5912695.032956333,8780941.834538378,5285327.801670866,6761069.548008262,3648102.34764205,9682851.471706526,6955504.629841513,5403749.3254159205,66973814.348411664
1658758.7386470195,9537353.686198745,9680117.594278416,3068576.0103712827,7567905.322169757,8088689.736437211,3598802.3135035625,7276404.169595325,7782964.41137281,7345718.757510021,65605290.74008415
3021461.721420087,2298934.5031491797,5515122.063706718,8936184.037301645,9629381.165672354,5861058.977293994,10582085.279372036,7020230.84233918,3584900.0945684416,2826728.377617298,59276087.06244093
7627593.614238159,5553590.864135064,8732814.171682216,3656848.8534404314,8487086.227027237,7665122.4174158145,9471146.388116091,3657812.8135980447,6018658.1596599305,7115357.499740868,67986031.00905386
4139035.144256159,6260933.13417299,5040983.860411093,8152092.973592886,4718161.188328813,4681095.448246899,9165054.234299364,4035829.394951804,5680172.92571895,8106681.911842774,59980040.21582173
4996931.385046688,5539676.407363291,6587741.244613976,11251928.47178083,6466087.534020582,6172661.438414149,6537383.621972512,3964426.1550079873,3146147.054930366,8857886.3021016,63520869.61525199
2121828.2949807034,8441186.098403977,7373367.987933309,10908848.462767534,7952589.280381043,8007261.05070294,7661300.481791409,5447905.156867068,4279731.433507737,6682376.897293109,68876395.14462882
3754090.6220979393,6066943.254097239,8493037.577606238,9182980.480717987,7255312.093709165,8418405.41370283,8633659.723913709,4939992.753829483,7795494.880102996,8754797.537326599,73294714.33710419
6650881.178329523,9827493.819142463,1374471.6122847206,1006858.5993746275,8380452.325048836,2252017.587267465,6942774.207302312,4111615.9827230936,9373252.632314427,4131973.5468031317,54051791.490590595
8753348.030879334,9671550.311609462,1676775.6380520905,11382073.511280369,4277041.282099852,8946942.905975621,11895328.139072658,8247362.310953927,3042312.0382488566,9144204.41242253,77036938.58059469
5084828.890656867,7257476.810068801,9865973.770387711,10936837.732933542,8433665.456511676,10106574.871807888,2688956.6796685928,3904908.392182353,8227827.333933612,5982882.528592967,72489932.466744
8813772.989836793,8721439.60168189,9942057.691171668,2800934.6532774474,4291384.570722777,8832488.372212606,4609826.234385199,8924901.203556107,3417688.60894521,6944252.746785638,67298746.67257534
4435155.3015943235,2114224.9764893744,4630993.011402635,5968522.0465068035,9295280.686090304,9609073.442917477,8817308.050767958,4471002.190608144,8521391.971644137,3261431.649428465,61124383.32744961
7924103.434907475,9234383.415668702,11003598.623679489,7973353.1402538,9981198.159630913,9044256.363863736,3760740.5641460395,6882013.826277817,8578033.13967057,3638771.077466546,78020451.74556509
11828042.750531819,5478013.763392902,9578845.92654536,4263335.612477637,6991822.5162837915,8173893.823477703,5903066.603934624,5121027.628225857,7468770.409701008,7615440.36251938,72422259.39709008
11450854.40161173,2415907.0420082244,2020818.1001346605,8865275.87987958,6807230.375927852,9449425.573330756,2693756.7837067116,8988981.475223703,9539566.500575343,7038644.704280164,69270460.83667871
6443374.700330707,4089768.0759596378,4452146.5171023505,3922541.6858082586,5968518.996172456,6141028.610236847,5450592.1022030935,5814330.19002874,8649970.216988107,4326745.960324629,55259017.05515483
