50148332357.07932,14210112803.940535,61308014380.56557,12927172168.177954,61708535742.657745,15620105758.955544,61450229837.00847,15365872163.686003,62535207905.33516,13783979775.045435,369057562892.45166
8532740.255024875,425.0170723252689,4905100.6006092755,0.0,2719198.4419402997,425.9323459975581,6629552.844190887,426.1788533556252,9114914.0944609,430.2021234177256,31903213.566621337
11178713.081425536,435.46551019304604,1361127.82748047,435.6761274308783,17080173.827360652,436.6759145286725,10093550.326698449,0.0,18097265.88855703,0.0,57812138.76907429
5794514.783474319,0.0,1376074.0368310679,439.5909571074412,4824837.095918982,0.0,4012745.746240882,432.08564853863595,7884120.614562648,432.13925538482147,23893596.092888933
6558040.019327275,435.9028980790978,834864.4914836155,0.0,15394919.146735918,434.3177258477461,1043947.5641374266,435.41484168391804,10972921.056009779,435.8631678672068,34806433.77632749
6230079.133410729,434.9767405683766,958817.1249684885,438.8252893019894,9521006.76100143,440.8083177184165,824803.5939306678,441.1527620009256,7035966.409470508,440.9598030508285,24572869.745694466
11321479.212456228,0.0,9762653.522130644,436.46906096751957,9670467.749463076,0.0,1339251.3977214044,0.0,5563528.482534134,0.0,37657816.83336646
7727965.347131999,436.5401358971818,10164423.709100535,433.92503291726143,11741990.98011057,437.3897127274457,30898.744357186293,437.74044441854636,414535.7696834495,437.303352433414,30081997.44906214
4981120.107001853,433.6844327422318,134437.3219734849,0.0,7773007.546751019,435.0348273606598,1208749.6803992076,435.6196601447027,6123780.08628087,436.60460601476234,20222835.685932696
6383579.444678335,0.0,614710.2310466025,440.05437330698163,17624769.690988064,0.0,3527011.199366537,0.0,16835548.11722864,0.0,44986058.73768148
3392503.112144656,432.4056318280675,602540.8681313205,432.64360613357314,3208183.372477594,429.7382080938921,3055053.576116954,434.25692664788227,2073731.580079676,433.78768800370256,12334175.34101091
2910159.395121246,434.32109887492686,1207899.079898439,0.0,11164593.146628069,441.9956596621913,14411762.537172602,440.54489058402237,8544050.835600324,439.0086300793055,38240220.864699885
8266323.6889397,440.3388827368182,614477.1783186084,440.2514503089991,10627108.553623065,440.42837322916705,5754903.657801751,0.0,15386189.59647742,0.0,40650323.69386682
5466782.712884941,0.0,5660267.1800655965,442.94389194388623,3704267.501808358,0.0,4417319.637035928,439.7783006266395,14671868.725944413,438.80501257065885,33921827.28494438
9417730.301192926,437.48257145800005,6846609.217852312,0.0,10007838.38741874,436.956450116387,14627742.585377604,440.6958090176386,18644480.170538016,441.79595190173194,59546157.59316209
10599000.22999234,437.50500793402784,12450168.587954145,436.87187240078754,16051809.518907325,435.57319637991935,8891304.181206532,434.11019810750366,5546117.902283921,0.0,53540144.48061909
11351559.91352362,0.0,14599707.11055685,430.35201693648645,9505335.387132388,0.0,13404536.735420331,0.0,9347653.67629365,435.36399667151636,58209658.538940445
10348893.030790135,441.9045612223665,7954930.83733286,442.35712466736965,5924779.266790066,437.8317382386048,6437963.708447126,437.55359649586075,8050712.059209864,438.1357858732603,38719476.68537654
14647933.843118604,433.9906039325177,9856326.420995098,0.0,16352020.079727862,438.1163355332007,6999323.64128838,437.821740708499,12316947.611047072,435.1404196162106,60174296.6652768
13441165.618597746,0.0,9490446.39012984,440.1963895544896,11911098.819641748,0.0,7808411.751678262,0.0,9441218.212439924,0.0,52092780.98887707
7377821.386338207,442.5283517040037,2246663.965762273,442.2958029848936,2593939.9568058006,443.17712284180556,6671625.07386342,443.3723205724451,3169954.1470635333,443.72107846346,22062219.624509804
13325054.574719967,444.071560852046,5685501.427819797,0.0,14723038.479386685,444.56499330922003,7124134.882859857,444.6468803958491,15611269.306553647,444.38080855146796,56470776.33558306
17296875.031150214,444.4603709837724,1160998.2287371685,441.8745913529124,15617175.836847994,441.5566181537607,2727786.0176510983,0.0,23597366.93647266,0.0,60401529.94243962
13038106.516399803,0.0,2398259.0453897705,437.40938370140685,5367705.45252051,0.0,187298.24787683127,436.8685544360062,7174643.633247489,437.72245669663863,28167324.895829234
12383948.760787638,435.9535858455278,1750578.9527306498,0.0,15344101.918455958,438.91751468151944,6298024.6005750755,439.4859762896653,9809431.390570182,439.1456614954806,45587839.12585781
6670896.7945523225,439.6482666978216,1768666.088838921,437.76490628545633,18456299.577922896,438.4054080714735,6549355.61727366,431.7269735819278,16085456.442783726,0.0,49532422.06692617
8541199.775537768,0.0,8712992.012100417,433.7189079913518,13656040.948975468,0.0,3979032.6538546737,0.0,6746198.76400566,442.46844120034865,41636340.34182318
10988186.9787168,442.6796590167741,8790629.812105801,441.38159403430876,14502048.810021574,440.6102598075359,4037028.4398977384,440.8466378223607,7724796.543827752,440.5839362386586,46044896.68665659
9450175.517505173,440.35776037334256,1138438.531569172,0.0,12829404.171566568,442.26403124128854,454996.8124435687,441.74593199810425,14402932.21440807,437.1791446404964,38277708.79436081
8370451.875772431,0.0,12057713.214856485,431.9811627019267,12574066.710020429,0.0,10333667.924706249,0.0,17546080.4784756,0.0,60882412.18499389
475341.3758965698,442.0743702315303,6421622.614807929,443.33687941310217,8322885.594201016,443.3910686009149,2926014.801070196,443.21078218241803,18035645.887155183,443.19546410943127,36183725.481695436
10670579.744682949,442.92674083737955,10640903.06702691,0.0,5327318.186230614,443.85646876692766,929036.5418075657,444.2416673212831,13989042.088957632,443.70856098952675,41558654.36214359
5055877.526004024,0.0,9088901.57637669,444.1745302531593,18706540.541796282,0.0,8343496.600797469,0.0,6674862.287378261,0.0,47870122.706882976
3253314.517010642,437.6173199664299,7072497.730961168,437.4214532423901,5505954.061654874,441.0470339835198,18350085.032683127,430.0693296397401,11683922.528474579,429.9571850814099,45867949.98310631
11663698.874696415,433.6119498265458,3015987.077303892,0.0,17739708.66313713,427.8334045940646,10266802.990744373,430.10984832138314,15953463.654802315,429.618993437279,58641382.4348803
7713631.012612283,428.7501783561083,8319951.596884608,434.5931747878589,21769816.93643382,430.81209658160554,16393051.69790837,0.0,4323199.415740317,0.0,58520944.81502912
2480597.7584812264,0.0,11135913.638873756,433.93036391452205,7828255.769291613,0.0,13482052.938964002,437.28673032876884,11289155.41915495,439.5212841670109,46217286.26314396
353883.1515712536,442.5043271998275,9653448.965269785,0.0,7747627.176143905,440.06187593730306,9436016.933744933,433.88631697275713,16649816.760202374,433.38802241867893,43842542.82747478
5511259.328888841,433.4445658225553,15041418.948264807,433.3799060122497,12980274.378155954,435.8042936530339,9859483.777312873,440.09285104245384,17289525.5812916,438.4505683424315,60684143.18609895
5465446.229580951,0.0,18845186.84383863,434.59355004159715,17749366.92818325,0.0,1583921.364963927,0.0,10027072.59543443,0.0,53671428.55555122
2090975.096695032,436.6680533510551,22177695.426050767,439.37634695365597,12150582.64433234,436.84428742597083,5381755.6856586635,437.2753330444613,10641415.159677075,439.71356215948816,52444613.88999681
1193346.7210769996,442.8035063294063,10684741.386910621,0.0,15948784.577777576,437.48143068171595,15055563.579009963,436.8512070407728,5378548.345446474,436.7870431318506,48262738.53340882
22344497.147962227,0.0,7989522.276518423,425.45277263260886,9071067.878488721,0.0,12689082.709333984,0.0,17807978.083426576,0.0,69902573.54850256
2592729.4835418747,434.2785650898232,11055393.934048496,437.89678093762785,12392063.993293757,436.56522112479735,7045054.522202487,436.4549623013856,19084100.873748466,435.8966691110896,52171523.89903364
15055004.32796167,430.6152728666505,15113702.092348002,0.0,13725516.073455667,429.9557159258652,13294256.217937758,428.4364009200909,16248531.584107922,421.9360850215708,73438721.23928575
5597813.070928327,423.9363130877312,6557927.357933569,422.7271433088801,8765114.095637007,426.8449637992961,10549814.692440223,0.0,4286050.478910182,0.0,35757993.2042695
6470201.757579029,0.0,11521117.195936015,431.28692687706604,15484426.463155515,0.0,8771315.794180768,429.7734349283443,11493286.9556292,435.4085324907464,53741644.63537483
10001343.072736008,438.7585361914905,3589007.8645583815,439.01236355453176,9330067.701051975,439.232655219764,17862143.68828577,436.58103103219236,17859949.991339166,436.4896901874555,58644702.39224748
9065176.646595875,436.54146108236273,9426238.990539603,0.0,13503937.956583673,434.0294320613761,9718418.303188264,438.6418148875369,23962559.126956232,439.08350317491994,65678079.32007485
17949980.95079939,0.0,16227412.223540729,435.2527440217403,9428320.94032388,0.0,7545323.621638405,0.0,19871768.654862083,0.0,71023241.6439085
11035351.274464957,435.33537803656594,15918138.231912034,437.44625966578565,11344448.824564347,433.9024010189864,11169457.163045505,440.05658559445476,7384527.419183974,440.2772527441527,56854109.93104788
1548916.6901842616,440.87743386726544,19251293.29829857,0.0,18886565.777233206,442.468927421604,14203457.31754836,435.45948209444566,23722651.501722265,434.12461374912937,77614637.5154438
19250934.30892585,430.37796003422045,6057323.641553256,428.49293633410457,1888744.5183543407,423.8493830258638,12863259.699412717,0.0,3562243.437192855,0.0,43623788.32571842
3315974.7046856442,0.0,17062730.89880898,428.39008947340085,2412334.931935163,0.0,21348308.005393017,428.9689719336232,21200766.269415915,429.2337409484791,65341401.403041065
5178063.604527839,428.15431169727685,6537455.7909238925,0.0,7627907.876888108,438.8316022518046,21041697.925971005,438.7917189383907,7746105.802814838,435.3108104338846,48132972.089569
11447098.199956477,432.0824028763916,10515746.542756634,428.2175125699165,10586746.763973538,427.4195843983797,8280876.859894135,418.39826378303025,19250784.38527563,0.0,60082958.86962004
2345950.2498871004,0.0,10345627.973221492,432.15112859616875,17192002.613767162,0.0,14034295.114471024,0.0,22345611.534474716,434.5147609750665,66264354.15171107
14417608.912176207,435.5718770668271,10824458.52040835,427.6427443518468,10699994.126433432,432.9518469742104,7847943.8836701205,432.0363197341772,15550957.757639859,431.87376279039836,59343123.276878886
10500982.768424504,430.86833863447544,4616696.7689655265,0.0,7815162.132420871,436.83215493190613,14140643.680388326,440.0165754840199,20141024.4578025,440.48619051432274,57216258.0112613
10580101.774312153,0.0,18990921.48042698,443.48747021503766,20403949.112221137,0.0,16764615.012904514,0.0,20671580.7147176,0.0,87411611.58205259
3229973.7184823696,430.2067198260425,1859317.5754475028,426.24914306233,8586914.069819616,425.6662329518137,5421286.584948249,434.8191009180534,1916967.4910918416,434.9193269642882,21016611.300313298
6109964.212266537,434.3034847550058,4144849.526164746,0.0,15848308.176893761,438.08668662203837,17085567.288924314,437.8590671506186,14800345.429522397,438.1146194096353,57990782.99762969
13553616.682359071,441.3215099049673,15863541.978238923,441.6062077288646,22630270.201286588,441.6025268699276,4956688.274337635,0.0,16467464.319899864,0.0,73472905.9863666
4250825.528758521,0.0,16652921.775161644,439.8289328577196,5281586.549398826,0.0,21597058.716152553,440.1322014852773,21777318.802895118,437.2463676206775,69561028.57986863
9458469.620230855,435.570557761727,16070945.924679738,0.0,17268727.795008764,439.4896219491377,11226758.579594404,436.76468023199055,8820301.015038075,439.70030945309423,62846954.45972123
15439965.27485731,440.8377570036977,9236642.227322211,439.5538146506882,21320796.46441495,439.89928008509276,13976651.461897701,440.5409381998107,15809164.34511741,0.0,75784980.60539952
23232017.79657349,0.0,5360808.657774066,438.6687671179151,15748276.259813046,0.0,10962802.443303637,0.0,7503456.635626767,440.9959277335343,62808241.45778586
12430854.392774185,440.31779178190766,7353930.882390239,443.4275927506852,7603565.634766051,443.62741012883765,6122050.505158641,438.56795217125637,11965917.604633907,438.1903323124753,45478523.15080217
13359322.256976292,437.1741132433231,7995168.481732865,0.0,2889090.560587413,437.6518525249372,5859643.45943356,442.67780962135265,3964914.8894827073,442.81684936406,34069899.9688376
7889406.061508434,0.0,18606328.420534123,437.70932373819176,9279564.814509487,0.0,8370605.075202564,0.0,3862889.464907621,0.0,48009231.54598597
14788659.607250094,431.796697588349,18825823.310462173,426.50116737419506,12577416.248968087,434.47425200666925,21005179.789487325,435.2122855030545,9620582.060638072,432.2229383241583,76819821.22414656
20733547.241593834,432.2410336860867,15507425.912889695,0.0,7505494.594964933,439.70876036198564,3827996.184099547,436.9424147765562,17348841.354267143,432.6901909001346,64925046.87021488
9950113.868812477,428.15431169727685,23515063.41528477,427.89014473656243,16504613.23381635,427.39953138742567,18234938.303031962,0.0,3586184.966369552,0.0,71792197.23130293
16230165.43120817,0.0,11106568.46224374,439.94042249680086,20308650.27886449,0.0,3175641.167021615,437.59972282490804,16344487.36492185,435.6655681611866,67166825.90997334
11209163.955597738,435.5971338768239,14312951.65351699,0.0,3622795.7160659097,431.7765095705324,13833082.480919858,424.32346839566003,15948680.427134046,424.852581065853,58928390.78292745
10584198.361560749,427.70334097772434,9252097.01047107,426.1757860401729,8701019.7005077,431.35345893138316,15301784.177688468,439.05879797523147,6424273.787928376,0.0,50265097.3295403
11188216.84879516,0.0,12044725.058438594,441.1170948749753,14159116.490589079,0.0,1602068.8393228832,0.0,9445777.489573244,434.4206267518562,48440780.264440574
14918608.077579884,431.0728699558771,15064897.448840098,426.4790322047642,16794276.820617728,425.5746337751284,9297976.50191095,428.3259263797964,14723787.981731918,429.72371539612175,70801688.00685829
12098221.181489866,432.1112446122008,11498840.396824278,0.0,16981974.34240282,437.8909710673428,14292080.018614428,436.17724352460925,18183905.290106267,433.8223666334034,73056761.2312635
20076187.940629505,0.0,12457779.13206494,426.38392230290606,15086421.944766648,0.0,9023422.588712133,0.0,19941686.102039866,0.0,76585924.0921354
8790721.512187993,428.77684186762707,16355223.604300091,437.3764096900078,18181594.992120497,438.43624589605577,6990652.754180468,437.5032965963132,11543564.313406752,440.72108470052655,61863939.99007455
4740087.911954858,442.4083524805876,13129076.097573886,0.0,22762536.277428165,439.27175613491914,20593232.11452963,439.2201022355379,16048178.050739525,437.90601990131995,77274869.25845681
16613147.001130152,436.789033161859,19447441.12577306,437.83430910585946,8762567.029288761,438.50395156837567,10496669.769827597,0.0,5656966.931602156,0.0,60978104.98491557
19449326.531118408,0.0,8472176.26035584,439.84334644023005,16186255.410618035,0.0,20260353.698241007,442.6152312958207,10159299.034662846,442.1948681860083,74528735.58844207
13506141.88730878,441.7296488921576,13932253.354685623,0.0,17219468.63990488,443.59955192007186,10873222.90751603,443.2671852332482,17036885.895432726,443.29051179750047,72569744.57174589
17041241.644298922,443.4262254281152,8162480.503769045,443.79815472247543,8934014.549839012,443.7415186695067,15899984.04467273,440.34408355677533,9724294.450034346,0.0,59763786.50259642
13509062.088872043,0.0,8690878.275780324,429.32417562733184,12530961.135657784,0.0,21838622.162426334,0.0,14105171.830189114,437.4114744403372,70675562.22857566
13745454.938033545,428.31535589623843,14019444.56269775,428.3649323334507,15437763.27358719,430.95549671817116,17121998.462279323,430.65939512433033,4540930.56877899,426.49222268215254,64867736.592779554
6287807.078233466,435.8355214235846,15864349.492769668,0.0,15127921.498917976,432.5898740927932,17244638.66392362,427.85331648781585,10131027.704898853,432.99142067593226,64657473.708876275
10782616.018396366,0.0,5593834.2690757625,431.53523299503127,3325795.578576316,0.0,16271474.618023226,0.0,17947071.870836947,0.0,53921223.89014161
10474791.520611707,441.0998916566886,17690993.432899587,440.6700539568936,6768427.315103291,443.5370058839651,19675093.145868436,444.51228341168127,8021805.115446043,444.3618786542447,62633324.711042635
6918750.759674066,443.10250514628706,14273681.132461758,0.0,15306678.974675372,442.8864994215518,756636.3617672187,439.7978027432069,17583064.884076588,438.9802960294429,54840576.87975834
4554136.013648099,438.1778388345356,3410057.989993332,439.4596909563589,11103817.381921789,435.56245363430264,5176494.483843848,0.0,5357649.078108992,0.0,29603468.147499487
15827804.807198592,0.0,12162939.330899252,436.45808474623306,12673988.290502483,0.0,14589749.206504526,440.22613220258484,19586733.929102995,440.1874386705078,74842532.43586347
8219378.485429112,440.4435969753638,15635896.551208602,0.0,19011625.140228778,439.3632104500947,12250763.77677764,439.4484678851002,17798580.611484695,434.0282156531337,72917997.84861979
16574083.71413906,427.92670645384675,9356888.99924878,429.0902952723181,12855833.097347056,429.45238720951266,10562162.728187418,430.0756687936187,12471910.821613265,0.0,61822595.90559331
9416388.953390528,0.0,13337510.27307624,441.54809606712223,10287578.71896947,0.0,8095637.808314345,0.0,19120154.264150016,442.2143909581408,60258153.780387625
11456795.767409643,438.09707758429533,16464029.448811946,436.5238557072671,13540741.967632702,436.34608315705515,14470730.712395841,436.98717927847383,9252911.823705602,437.2597577166805,65187394.933909185
8399005.587795101,441.3525658422889,5953542.64594793,0.0,18662314.283395357,437.5019655651244,16454320.561350144,435.7339296450828,13379486.908042157,431.55946877823493,62850416.13446051
10971975.485218232,0.0,5857789.162632715,430.75098457353477,8954106.26955826,0.0,14151687.333843244,0.0,4798125.262697672,0.0,44734114.264934696
8643842.636771543,441.4586340140064,17366562.623446085,441.8732335910111,11579504.694536148,437.12703257306146,20617122.819333065,436.87443200805495,21794085.25366485,438.2061647659563,80003313.56724863
16483928.88314605,437.40567744060445,3916956.79687845,0.0,16007033.726480292,439.6248418771532,6704040.385616525,440.48416665299226,4624995.281043693,440.3619021121456,47738712.94975309
9673158.061648952,439.62436188643596,16078655.25138045,441.578118515932,12666215.055204818,0.0,11611769.077856641,0.0,12160328.783512965,0.0,62191007.43208423
11195383.9241772,0.0,11202099.169046933,436.90998521039114,4721047.065759224,437.8674474307666,11169009.868034502,431.2718676082418,19461943.980048597,434.75112004348233,57751224.80748675
3655607.744267277,432.91795901305164,6171610.585965933,0.0,13263106.098499343,426.6235395159511,17953814.092762083,433.30304845358364,12138062.150577705,433.9199826196296,53183927.436601944
8898679.833664037,433.30537989599463,15146576.24198538,440.1770445523643,16343437.305125907,439.7167314032908,15526534.973361962,0.0,13444153.976230364,0.0,69360695.5295235
7744528.857733834,0.0,8712129.581466522,433.49150992086436,6425299.240587316,0.0,18093275.729751766,440.42625355050865,17893428.551098652,443.5879209314777,58869979.4663225
9032776.327191265,442.3340905994999,13434950.609314533,442.57125214414265,8666470.412137864,441.8689663936425,11685920.047778258,442.89916542243765,15986539.4924295,442.5586048913303,58808869.12093087
9000312.889070125,442.78130218570476,5088823.70560108,0.0,15231310.287855577,443.42202584723054,9141723.52835586,442.26548856083014,15867168.446901333,437.0978969966027,54331104.42449756
95804.98623152317,0.0,14689133.520075435,430.82574084535975,12552333.331632754,0.0,13630988.321395542,0.0,9689475.479718491,0.0,50658166.46479459
3533011.2193718078,439.75351718121374,2090553.1846514056,438.90239624752047,11540668.328112684,427.46432481978485,9452797.465586068,424.2950309243457,21051971.366645135,424.7542520976987,47671156.73388838
4601099.314961903,426.3739892427323,2151091.5455557383,0.0,14126013.875803776,434.6966755602539,13340432.170409715,437.4608026703965,7736816.595188854,436.81860145816955,41957188.85198892
4733163.184815314,433.0698445306072,11806137.116180748,437.67516270430565,13545917.129909763,434.9626441717195,13911862.834418738,0.0,13842563.274320511,0.0,57840949.24729648
4633365.948370828,0.0,12983924.760218844,437.5556886136446,13814899.330085976,0.0,20332400.36424581,440.85300906486907,7219982.08774831,435.1486961528685,58985886.048063606
3520667.425133368,432.89785218136217,10463328.494544785,0.0,9153269.3549848,433.26919873647586,10197541.607670965,432.9174935560152,11025218.812468197,438.57712393711375,44361763.356470525
137135.9888670763,441.6111479254585,15823959.568925006,441.4886442979394,12461009.595958233,443.5598722328538,7265545.043437517,0.0,9465242.730639866,0.0,45154219.58749215
494269.17370440584,0.0,13957522.100719273,436.66530674126085,10379172.036353601,0.0,7287719.854214811,442.1793289030459,12598502.728834327,441.21492744364735,44718505.9533895
499282.66285241244,438.02282639486293,13933587.533704497,0.0,14576520.599280939,435.2826693464834,9242479.216192432,435.17428016593664,16241006.31529259,429.39523201769055,54494614.2023308
488456.91844328836,430.1792347667115,1863423.6392317384,432.8488961338563,15578758.683519185,433.9608559948958,11000525.689573431,428.92035214971924,12818433.606353749,435.44271732275087,41751759.889177755
3292007.264313409,0.0,21709109.58772425,435.93102503013546,18793857.71376055,0.0,14403279.468846824,0.0,19041713.835964266,0.0,77240403.80163433
3622338.860433477,435.7063938880177,4225626.865816698,436.126125833388,16733861.374502804,439.7058793338233,5144186.230693003,428.9729936122788,4327785.325411621,429.7457300059085,34055968.913980275
5175095.92913547,431.74586073027683,11974850.359858733,0.0,25151823.22768152,432.34573813445013,12428879.28427827,441.67169852878914,14466558.544716159,439.38986782506515,69198952.49883537
5239449.477334969,438.3006109926426,18299056.51798239,434.6703030501923,9552071.250782253,432.7386459799204,5603708.588669674,0.0,16234835.735920241,0.0,54930427.28024955
3865453.597840359,0.0,6573093.727114145,432.5295576535374,7108841.016869286,0.0,9750713.916862747,432.73362326023977,11142353.888848763,431.61618374773445,38441753.026899956
3826704.1129338727,432.6744755562614,13147142.947634518,0.0,12022641.941838585,441.05601986045366,17501768.61260716,441.21086633558673,13010972.924610298,439.44760459566993,59510984.928590775
3840620.0319222407,438.11347533472735,11047920.84943429,438.0361687841783,22067390.757589154,436.11195484270525,4500171.758011856,0.0,14442156.824083174,0.0,55899572.48263968
1417375.0969455785,0.0,10617731.040878769,429.51239821228677,19941555.693647496,0.0,7859548.641797935,430.217108070666,8456498.926144902,435.9399924386419,48294005.06891341
3774615.236565232,438.15781260813753,15988193.070432168,427.97291776054965,14230245.035125928,427.282789463363,8896150.152215272,429.78233428721165,16090726.105970927,429.6417308198735,58982082.43789447
17731448.106977437,428.1578628365954,5060365.427433712,0.0,9935982.979070324,440.3685483209475,11924947.344602188,441.65038282279323,11067852.017095938,442.33175816942344,55722348.38373176
6508148.814300656,0.0,17287238.903764155,442.09708601418566,14056868.73400916,0.0,2382954.3769041793,0.0,3623719.938287045,0.0,43859372.864351206
12999302.43222533,436.4804162601626,6780928.279517274,433.3392352669592,14866443.969542228,433.3389554488243,2110636.976317328,433.9339179854676,18778723.0331963,433.8384459386513,55538205.62176936
9119278.429677848,435.9482050206025,1123888.0181202022,0.0,18424437.83225733,435.2137908015782,14365362.241684746,436.7672385833429,20748140.792170558,437.01184160858156,63782852.2549867
5983923.070136445,438.2604425214519,5308940.155352294,438.71933537896706,13265423.865870334,440.0127287414282,5503251.5436138725,0.0,6366354.775603109,0.0,36429210.4030827
11830856.825931098,0.0,11246000.08672912,433.7835755420609,8286819.095038361,0.0,12707450.873864487,434.19492712505814,9733624.472476365,432.71976487914463,53806052.05230698
9997089.954601709,430.269608555528,9397484.9434384,0.0,9351137.554457765,435.51581364721517,12844211.403288653,439.7752265591773,15621122.076580308,438.2833405101005,57212789.77635611
6716162.068755363,440.3142286693966,5205186.367399804,440.1333561277578,9362909.444548832,436.5985463383914,12549093.681146055,0.0,12331627.366709115,0.0,46166295.9746903
10065838.373285972,0.0,9190558.375248117,431.4442343583549,13021922.602411661,0.0,16456239.551010434,434.12592430947944,10955335.616110358,430.8469464840214,59691190.9351717
6805155.255049107,436.1732746241779,4874646.8848576555,430.77845057069,11795672.018214066,430.3874364845518,12845113.173847837,430.24395435357707,13437175.855117116,433.4592172627038,49759924.22941908
2723214.250204082,431.0138985228003,16455.65230742962,0.0,4703344.028369221,439.3518005479715,13311198.60578035,439.5245465941456,14180491.907865228,439.98868812397257,34936454.3234601
1862830.754839742,0.0,295816.16017734644,443.73389004699476,13995728.444725953,0.0,4660243.067261652,0.0,18452098.390039563,0.0,39267160.5509343
905029.5817838097,443.3327791488034,590593.1121165286,435.5139294132306,14683265.853858126,433.3333591620143,18215427.302756075,431.79169671079524,11862924.186546138,426.41580152193177,46259410.42462664
9187686.342889115,426.99162099859575,1555805.1997148455,0.0,8674983.137534557,432.5803004069972,2808019.815812458,434.1902451006927,11367290.420101082,436.50142510924104,33595515.17964367
5269332.276877126,436.1114824922093,7302587.550911383,435.1856622562293,18893570.38872371,434.8787425304915,19297148.238147292,0.0,4682961.894586168,0.0,55446906.52513296
5864019.26384084,0.0,5362270.543010703,437.8754470883389,6911702.43779662,0.0,14374155.059951838,420.3327142265396,10234155.144106582,418.2019318252633,42747578.858799726
9740969.013712544,418.6039188876462,4862106.373240769,0.0,13517998.689390704,422.52025541784946,11071395.734138751,429.64805737444806,17304142.280301627,428.78031202053444,56498311.64332809
9140218.042718887,433.43243480642144,6764196.126520079,433.30528663781644,10870537.279629983,434.62582428756036,14516462.979124345,439.05611695799814,10197208.48053887,0.0,51490363.32819486
14795104.382409336,0.0,8654496.527848452,441.0682914881339,15049525.23592643,0.0,19967278.60378832,0.0,8302294.363971381,441.0156346007627,66769581.19787001
8832087.99563897,442.01720280245365,18114012.966380455,442.5343825559414,19413381.70040486,441.82212962178613,12836664.994980544,441.9095080965435,11476296.347173518,441.02403953577016,70674653.31184095
15870234.07276267,440.21920151767006,3036063.775341527,0.0,7373522.112150162,423.3799171984153,14724924.00400325,421.63537734209194,5773510.5935445195,423.6331943152694,46779963.425492495
4167785.127617163,0.0,12391201.59661484,429.0347907010841,15184746.666671216,0.0,11651148.274885733,0.0,17322815.58143877,0.0,60718126.28201842
5717606.751731839,434.35352008571147,3618995.278204807,431.4034638858211,9555989.278372897,430.8796810242153,13744727.987504393,440.50768314154925,20144379.884240415,436.3668899148189,52783872.691292405
22609740.57956852,436.2205281276326,4215544.873768594,0.0,14059272.101514796,431.76493472374875,17872277.67810722,431.86283119589825,13678008.021898296,436.57374129190543,72436579.67689276
4912206.860926399,434.96771876926226,6748046.593876816,438.4782610589518,20223983.34121413,439.5136080589119,2482762.7144152084,0.0,18971941.373657137,0.0,53340253.84367758
7269967.662795783,0.0,7580408.100023561,440.98008623493706,7704913.708628368,0.0,6755583.733972308,430.31209643531486,7655027.485386992,430.4631710746431,36967202.446160756
8395456.545387667,430.25572364347903,9235588.019550202,0.0,13145364.820240395,439.6542193041016,14525018.260914307,444.1948162494258,18830144.805933394,444.17952808021977,64133330.73631324
10122708.25618226,441.37617514860773,3364919.799934448,440.85938049153816,7365198.6211837055,440.53178050892313,15030319.711201796,440.2519316700292,10433839.40556701,0.0,46318748.813337035
13984791.766977964,0.0,8520585.26846423,431.51432950608745,11511918.64209994,0.0,10877591.715350859,0.0,11034306.527232831,430.407494814093,55930055.84195015
6233772.611347565,434.19642539418123,3362358.1480464167,437.69000639816966,16121675.543461436,435.73157199540213,10502211.523726145,434.828022638308,8104652.795462067,440.230560254421,44326853.298630305
4925966.244521553,436.8277949814617,9401337.856280057,0.0,10124290.948214468,438.85953445180866,7596734.119991536,439.6002676993252,13142537.40720886,437.47876889352267,45192619.3425825
11976741.00821438,0.0,11550284.49068941,442.0560245726972,1764779.859865559,0.0,9811659.274170175,0.0,16177998.823685559,0.0,51281905.512649655
11771739.762554776,437.16196242206547,4414361.281684228,436.2778131001278,17418745.438854378,435.79787883432,20471039.380754907,435.8970466192346,10443449.255539026,432.51534066557315,64521512.769428946
3832360.3632085887,433.24644873066734,5363221.888056412,0.0,4197427.2084126845,430.40924310570335,7525256.125692609,430.9959057585907,14268583.325230837,435.1919649921014,35188578.75416372
4714941.389874876,439.5312635083978,13209917.95998654,437.94640922676666,14347185.718252743,437.69504967715284,17376224.666931514,0.0,20648793.660139855,0.0,70298378.56790794
12117984.832379924,0.0,20154449.049381107,435.5614170816177,19944377.928752918,0.0,4152140.4704837995,441.6427290485973,8958346.712668369,446.52676012104536,65328622.724572375
15047593.800271891,441.1397123833451,12083120.584726565,0.0,9456133.959576918,438.52572878119673,8900183.54644447,434.0122158409272,13614609.065714346,427.12279250917516,59103381.75718371
11958665.026775906,428.7469826098234,6739228.944962535,430.35891639121706,13630462.098355241,430.43721770319274,18028115.615584522,434.75374874293294,13265227.81323806,0.0,63623423.79578172
11598976.973475307,0.0,17936495.31124264,443.1474678336803,8507787.961121324,0.0,8363458.105186945,0.0,8821928.47133733,438.91722761294574,55229528.88705899
18766165.708457347,438.90899847350477,7333168.707929754,439.58433434914195,14508844.24822193,440.08804095753834,11725264.438753683,428.80433067117866,14137352.969121464,429.08343643402674,66472972.54162506
6757845.933828457,427.5003599192252,11832147.19688375,0.0,19205984.400579832,427.15215407526347,15154745.303994786,436.16354167411384,18414363.047438543,436.25578590969417,71366812.95456696
11487840.835595744,0.0,22676729.263561603,438.57349340059125,16253801.824572846,0.0,5897491.763545827,0.0,5964451.144176768,0.0,62280753.404946186
20995584.03847478,437.9967157848569,9536383.697056422,435.351193132869,20012995.71563343,436.8044802018972,15865332.542576494,439.23878823632595,16677710.343703799,437.69723830608103,83090193.4258606
4543240.5637453385,435.2097453354077,20318379.435517468,0.0,3199729.569143875,436.650437763951,16266054.34438449,435.2200943522465,6300615.261701653,436.01344467930284,50629762.268214956
8506074.35888618,439.32275111954675,7002607.302961632,439.81769091912815,11703018.928186733,438.4076992776701,7586646.7807027595,0.0,13506539.937345741,0.0,48306204.856224366
18545117.878815,0.0,17074245.674572226,432.79269410004986,18865949.75429868,0.0,14940247.909793256,434.69001174134155,11016402.246828534,439.92350319028054,80443270.87051672
11319751.261731219,438.42478861265266,4316133.564863215,0.0,17256427.498115968,435.36277277129864,15837705.373064825,431.5838923210723,7716029.487118898,426.76534037830623,56447779.32168821
14624325.185906008,427.0960624950147,11302626.792140162,427.0625414437771,12445188.139052048,429.9969479161572,10663334.860267492,433.2350746236539,5443391.142882101,0.0,54480583.51087429
16209675.642813863,0.0,13793332.116120802,434.7592878922682,9628755.328829177,0.0,16916591.44454196,0.0,1895797.9185968877,436.3920498266584,58445023.60224041
13650719.518925251,439.22374348532657,7803032.455977891,436.45032602630323,4719483.159562758,434.58979753337564,9286757.291629247,439.3905390956822,16554162.237241577,438.4986031101192,52016342.81634598
7758733.364048401,438.8598214449202,22464370.682450622,0.0,8736641.239055995,443.8780958226733,6026591.60168735,443.3997596311084,3897935.9539607293,443.8674288213801,48886042.84630881
8404048.338910772,0.0,5092164.645452027,442.10261969944946,14303872.653591122,0.0,19970110.14953056,0.0,9032813.278510392,0.0,56803451.168614574
16413346.472994817,440.9739044954341,24658765.332653355,441.6029143258735,5263664.38857179,442.33078633081794,5387774.843014276,442.77166160614496,17225193.25323947,443.45835973797784,68950955.42810021
20305156.70636945,443.9899834270044,8511202.923351256,0.0,12491713.89876741,437.011746748133,7118709.104367177,437.12589365022257,10636012.101580026,433.4794696100621,59064546.34152876
16605388.833554743,426.60934653267293,18174615.52569229,433.62128904849175,14965048.213890845,433.5442524965879,14592077.93925335,0.0,11609021.155560091,0.0,75947445.44283941
8432211.60001184,0.0,15970152.26696677,438.20416180200226,7023463.319202493,0.0,8185137.642146241,443.50114759764494,9737872.598503882,443.9628628801247,49350163.0950035
19510502.021895252,443.57267450891226,11411749.554685535,0.0,10138060.609619271,443.7944372325434,2087389.7147961746,444.06264757398026,8557673.377138665,435.6524640650419,51707142.360358275
4244674.188860387,430.8358824121055,24145526.10277978,431.12502558998295,13825685.102338633,428.57895348584725,9286278.970076056,0.0,8084202.67450133,0.0,59587657.578417666
13261376.902730871,0.0,8183335.185429071,435.07506484744454,7243472.830774519,0.0,12652071.272105623,433.61493833379893,10487161.844402408,434.160188909136,51828720.885634586
14712199.101393642,436.92724245043655,11108499.444477232,0.0,9222979.676647674,440.4931296086496,10731617.762619987,440.93256856712776,5762896.793846805,440.8379500611683,51539951.96987603
13465623.478993407,441.94831095090194,787792.3560362207,441.625000438715,6630993.23046849,442.25383027340547,9737900.534121895,442.1650531494334,20846150.69084919,442.13126116162607,51470670.41392517
20624387.887558743,0.0,12319036.611523038,438.1272999733198,10388192.348393805,0.0,21544602.733717624,0.0,6909970.902944762,0.0,71786628.61143795
3745910.170945517,442.9219660497745,19393324.946671646,443.3717347221023,23036886.701555263,441.66423779764796,10562097.442391356,439.024713194232,21727674.888640802,438.4899121437168,78468099.62276849
6682769.373145014,438.5502784960126,4293208.844645992,0.0,5774660.626532577,437.6119931147707,10318839.807529632,439.4110617872654,19220591.79331389,432.4236496117078,46291818.442150116
10505352.822181871,0.0,7101153.745705904,431.45042918611296,7378801.934444767,0.0,16031481.654726174,0.0,4284501.585743533,0.0,45301723.19323143
5634958.073405098,434.2304201535674,8829664.359456211,434.89226983347965,14119092.051028743,439.34269222795666,19382293.805529248,438.6387566876494,9486403.6067222,441.9597590945961,57454600.96003949
6011505.754283234,442.3339934144223,16760792.91032559,0.0,15427443.53626774,437.9145924843509,5916946.067796219,429.67336545604985,9634208.45541601,428.871652026316,53752635.51769217
13145086.235054335,430.6486170368871,13214545.882957548,430.62125969919526,20429749.202283222,434.08165047394465,8512992.033520646,0.0,10100237.002078287,0.0,65403905.70742125
3436680.519476819,0.0,13360907.977591604,428.2290801671681,13809877.40681237,0.0,10789179.96835615,430.03001268559814,11121589.431271797,433.548827236277,52519527.11142883
573485.1138564835,433.7446044924663,11020950.893759934,0.0,11738699.768089699,437.95098207270286,17098216.54807623,436.9156742597775,5156018.651106019,436.0854103318447,45589115.671559535
6344622.775071379,436.9026844807404,18895252.84040307,437.0410605865562,5713205.034758476,438.6984948723944,10322836.608927868,436.68008201473583,13508875.95645585,432.7992068330678,54786975.337145425
3892163.6316589387,0.0,3982260.0737834913,433.88248316098856,6137320.763480761,0.0,13485461.477267725,0.0,21951488.245162852,0.0,49449128.07383693
1518011.6072614237,440.02138400684356,19193411.563079827,440.4651818117377,17432381.202275407,440.9741942606017,3360647.1354705584,437.71246415656253,11790428.025820443,435.64369701639714,53297074.35082891
