71436725363.60822,14298196162.276749,86005887019.4166,13128756230.39725,87559992069.54239,16123862352.60205,87947791999.57263,16057962052.560823,92734307247.03914,14625848964.378878,499919329461.3948
8274063.648373175,0.0,297511.4187378377,443.05082395908363,12257206.192507662,0.0,6153797.95722787,438.23411279217737,17733252.62847125,438.16849303441114,44717151.298747584
8214320.9103929335,435.56773070628157,10477998.788063252,435.210403894543,8041260.173741706,435.3068572855619,7959803.32856995,439.67505469551554,18810214.210371643,434.66645537139425,53505777.83764144
3390339.2435000516,437.3232056314054,553755.9807227027,0.0,14789722.447656795,436.4008470217138,8928751.655465474,437.0255019431282,1824360.939593275,0.0,29488241.016492892
2904783.5676522017,0.0,6273273.196661885,429.0823390402485,13118602.029507164,0.0,13199846.456489252,0.0,19703027.263899494,428.56663714141024,55200390.16318618
7311179.385563181,442.28346295821535,7027501.642813532,438.11995850487864,6184357.389581933,438.9559852671554,4275450.347245844,438.2228568443415,2546972.986899776,436.0914557725641,27347655.425823614
6791968.461655109,435.67791878633955,4720639.680014493,0.0,15584115.89960297,441.18872494234404,13388554.631231664,435.5293806132171,9647809.562325433,437.4497765128972,50134838.080630526
9577232.752363905,437.8308812895624,3041910.26470468,437.47639232429214,5326018.499465817,0.0,9797237.086791607,0.0,5466640.023780193,0.0,33209913.93437982
5372183.774919795,0.0,3368037.2206034376,445.88730928266585,8210766.543435991,441.1039507220726,10513676.7588667,435.41719590731617,6845684.242052789,433.289060325972,34312104.237394944
5951238.108021498,429.0219910256107,4196695.06615355,0.0,11272545.272210553,432.1768252014466,10837238.696742618,436.0678417211337,7215965.43515495,437.54703498349147,39475417.3919761
6111115.997765112,440.9632800355878,3321171.65946915,441.8143729368809,5809036.857784164,442.0841746206055,8745585.085777426,0.0,10524052.017605176,0.0,34512286.48022862
1967799.5421702217,0.0,3513642.462795232,444.4361362519048,4705862.45459464,0.0,7036662.318339471,443.41216202822926,10662386.586876417,443.3021271948319,27887684.515201453
6481505.296023206,442.6148420614553,192986.58449294916,0.0,8139842.127302801,443.23966499646315,16254067.985992143,434.6684261251956,8203604.0246249875,429.8533588720327,39273756.39472814
6280961.1556856735,430.6455771610451,17522409.913007263,430.3107168269022,10520502.164754683,429.2595493903102,10249761.724635167,0.0,15757414.26517509,0.0,60332339.43910125
6439107.870050303,0.0,4974741.606879,435.69243873735564,8290386.57639461,0.0,12679109.591445575,436.243307973314,4877094.16391313,439.0241387769788,37261750.768568106
7372138.006915077,440.7089288575654,10147932.106676215,443.02489039718,12824044.02468243,436.91984632348937,2281843.80366558,434.6809079809439,16571397.828076752,431.5788038550138,49199542.68339346
9786018.17708388,431.4413681549606,20707182.039426617,0.0,10099033.43071871,438.4581118737198,13408592.992841942,439.61821809782475,18669368.67806272,442.0500067517349,72671946.88583875
7140523.5433673635,0.0,2226074.6899071145,439.1764119467255,15172795.494151544,0.0,11792202.151161028,0.0,5580927.174830569,0.0,41912962.22982957
9706007.128542887,428.3987493174826,6046755.938401964,432.24975711974616,12393674.918004321,432.70172241111766,15020833.168758651,436.9601487682086,12718452.507332247,437.42050286067376,55887891.391920544
7219399.483724717,437.6304474044421,16629672.47383871,0.0,14674512.259442626,430.26445907962494,9369826.2422447,426.7987243096017,8764999.32256361,427.92770698667096,56660132.403152145
15428296.800044917,431.6969797425127,9321807.07763377,431.6755052327041,13728554.43488584,438.9367491313994,8752183.311828578,0.0,12029662.384055397,0.0,59261806.31768261
3682208.3945175577,0.0,12275362.628930492,435.42953245414,12351335.121092463,0.0,12925560.68140222,438.62031282373385,12503608.818644129,439.52963223891885,53739389.22406438
7327264.708521508,441.11274562002006,12707418.53456256,0.0,15149066.463129167,437.59953259327267,12526753.071594682,436.88021493490305,15629443.034370892,436.59608464291244,63341698.00075659
12247287.037253413,438.1067063471166,12866692.346436271,442.4943096549923,8606010.421717752,443.2602560574203,15540934.916272465,0.0,3220512.179216844,0.0,52482760.76216881
1916125.8890534423,0.0,11817143.955560414,440.6019670618576,6828567.125187969,0.0,15640391.728415906,441.5279542608509,6934693.213327647,441.97751459233234,43138246.01898129
7420315.728086303,437.0106084259624,5808054.550973849,435.3809436895186,11283536.13389234,434.65031463187734,5633252.707938001,427.810494571158,16178287.830209577,424.63294982210164,46325606.43641122
6368784.823340552,430.7544867541769,4003267.9774599196,0.0,12411923.185558707,431.8118861488411,15240430.362522997,438.43118552205294,14998301.173771238,440.3525592303138,53024448.87277108
9035533.553544827,0.0,10546718.964698985,441.5490644694917,11063612.90254818,0.0,7156283.831583985,0.0,10718164.42472542,0.0,48520755.22616587
6278646.382348932,436.95407921866524,14215549.280439079,437.0282530860365,4880410.3171841325,436.03686396407164,12676252.972401697,440.0682245166283,11618716.088070124,436.8874201071437,49671762.01528486
6272142.394126078,437.8739233215038,13005958.117924226,0.0,7032771.442330752,430.29029965664677,14354557.484979138,427.7866780218085,14630521.770616334,425.3156162321929,55297672.47649376
6110733.677442254,424.6187098611155,12871919.27221772,424.834830082183,13265792.773044057,434.5035077261483,11892909.665304894,0.0,8555940.038874533,0.0,52698579.38393113
2869613.0661185826,0.0,11559220.748779157,439.99013048693894,10707857.280498698,0.0,15340873.952055102,435.1107019204585,12554081.642265078,436.43480941395393,53032958.22535844
1578258.1391778546,436.48079478009305,11689488.004152628,0.0,12200318.10398324,425.3498521085101,15945635.887567181,428.7270787482312,16920084.682410553,430.11536165723584,58335505.49037875
4071490.723453009,431.184489174908,14263832.274393717,430.90264427553063,3586419.8831814486,441.2792382856166,7638355.560317913,0.0,5050773.811045882,0.0,34612175.618763715
10511985.157456022,0.0,21257272.619378693,443.70826761970164,5756454.517152312,0.0,10812371.394033,442.8457782662931,9699477.225445624,440.25424221762614,58038887.72175375
5440617.202047356,437.4849480943669,8445270.100798605,437.7491057008148,12782960.219976213,438.20950307990336,7443988.154769012,438.8627870623859,9880158.644411905,441.8286260549652,43995188.45697308
2180575.1633299626,443.98087760316395,21135555.019626036,0.0,2449850.2444934202,442.4755401367691,23273901.884819634,442.9264485004861,12579098.133141017,440.0794792665349,61620749.90775558
4577219.453506999,0.0,17899621.497975353,441.6051422107567,10088030.93420695,0.0,2726391.629002614,0.0,14317563.788083127,0.0,49609268.90791725
8783335.801727833,433.0376146629152,12502852.652157638,426.44163350689524,17557595.69776839,428.3927329676269,3438973.1001839177,429.42948666811424,6483252.192799781,430.6670414451046,48768157.413146816
9894939.81481587,432.189164368617,19581778.933434457,0.0,12502538.600282328,440.4067920001365,9791979.110228717,441.1514086713696,16139558.996402198,442.7230755799775,67912551.9256042
9495196.90330582,435.4955589862795,6729426.718681671,432.9234514816692,19072067.042015675,429.63274559881995,20951960.42065553,0.0,19856584.36070462,0.0,76106533.49711938
5550076.358993196,0.0,1757839.4629614672,436.49536829662674,13543769.822842358,0.0,12511106.488557503,437.16870224731053,16683273.989653504,436.6586771358367,50047376.44575571
9757576.23769759,438.9037358135422,10944834.593693633,0.0,17865975.543875244,433.5884167713882,20259069.548657995,433.0361243804562,17845207.77596806,432.621572523198,76674401.84974201
4768607.396393831,433.6074671429042,19634660.63556458,434.83966838189303,17021187.093493793,439.53308670626234,16720893.951219363,0.0,17242937.41711874,0.0,75389594.47401254
8242590.927543179,0.0,5394620.75718315,441.8229053052564,20912620.799630627,0.0,9084246.401774246,441.30264628247795,10554151.894862257,440.3078729902535,54189554.21441804
6346643.377861938,442.05971299556353,24157989.388280753,430.82924424171017,15307084.79009948,422.6131169929538,19955109.14282561,422.58685972536114,19498974.060465902,423.5065624328827,85267942.35503007
5527994.639446707,423.98461305510585,4436044.078170284,0.0,18361315.589893002,441.48786978771034,5269899.163886174,439.7240304415705,3187161.177323582,437.40339669594397,36784157.24862973
6832170.8409059215,0.0,15471240.794597028,430.57686899252974,5896758.371415055,0.0,24409982.824907407,0.0,16054824.122925019,0.0,68665407.53161941
10586580.93065771,435.8809087295436,19673482.225624733,438.3063363148596,14089609.716473775,438.32036398645107,14529756.582991399,434.4770648854237,15254309.338793041,434.0078184383905,74135919.78703302
12174669.714093607,432.69521261162515,11789528.969751146,0.0,701088.8341535709,433.40313653732306,6597997.343117294,436.9868947293709,8471091.61082982,432.1864738134528,39736111.74366313
4540213.991614245,432.08490666868124,18045425.608699273,436.39611730286896,7825739.075063965,436.7455409245721,10598614.754396338,0.0,7984753.672349024,0.0,48996052.32868774
3728261.1888032313,0.0,17263426.333260626,444.5496796485408,9481361.667186433,0.0,7933784.060653384,444.26735139090493,12120654.213469967,431.85504972004986,50528808.1354544
7919590.755820543,430.63443131678446,7164911.87817192,0.0,4093973.5091525647,429.50186071556266,7840009.133146656,426.0192311802348,13422072.060286703,435.7974071639267,40442279.28950876
33427.893916772045,435.2007138683585,18371533.382526718,435.3752003856227,21795022.434502784,436.1160170992086,9268311.379474878,0.0,6012589.350502324,0.0,55482191.13285483
5654351.869869083,0.0,16876734.50685114,437.76328810086926,7722101.363958739,0.0,20907810.86700954,436.3177135030406,13372919.040369852,441.9618935598654,64535233.690953515
6803116.237655773,442.21924763686667,12177750.411419848,438.43481370288237,23297663.938915815,435.07036382248623,6359550.161481181,436.66142366223136,10897219.2343842,436.77804084170526,59537489.14774648
9490706.574366434,437.0301504461547,7999959.6730836,0.0,3368567.3150258767,443.4342341516878,10180302.976191252,443.4342341516878,14197725.707319556,0.0,45238586.14460547
2405500.6157221263,0.0,15998743.191566862,443.08231879490484,15526767.23166582,0.0,4390142.133069439,0.0,3975345.1781346137,444.64697859991145,42297386.07945626
2410762.3898389474,441.04046389663534,5200320.532083955,440.4039981563663,20925093.981420826,439.71759575043853,4997806.314559842,435.79212452527554,12367609.766340317,435.9062013919442,45903785.844627604
2932627.4676214303,438.69581825356755,7727790.761364971,0.0,13994454.392769447,440.65172821880054,13056822.427538734,444.187564037959,21764648.320251577,440.45034200947464,59478107.35499868
4478819.729384144,438.8631697256236,12409121.206184426,435.23552470948675,11685172.449367803,431.9376032367227,12576328.660095017,0.0,10568847.73462836,0.0,51719595.81595743
4415931.079792233,0.0,8406513.26593951,438.0592339741107,2025603.0337575388,0.0,10621422.815987885,435.36192545979435,9873993.64627202,436.11620604321337,35344773.379114665
4440458.473401294,434.9817215136488,10247839.303795805,0.0,15596383.19935209,441.4598924278249,15779264.335619451,442.13184373834696,15858560.331507478,439.42976404014195,61924263.646897845
4461550.251507156,440.86613826652786,12793431.378525898,438.28162307795463,5375650.323506025,438.25729423512,10420538.902175479,0.0,14531238.00578319,0.0,47583726.26655332
4439324.303602052,0.0,6008070.700557996,434.28146911411164,6112333.160935446,0.0,18479782.053939275,427.0759492328285,11449185.84057607,427.49073786239546,46489984.90776704
2821069.5238319673,431.37240584017803,8375346.812504647,431.15096964031596,16341757.756207528,436.21608586233384,6203140.677174278,442.1730163813018,2397151.3141168915,441.04751708586934,36140648.04383012
5783395.8868194185,442.02904271965866,16075883.364938915,0.0,8170040.470570046,441.71937564532317,17195935.490420036,442.0667017550563,11758495.316999353,0.0,58985076.34486789
8225655.024987423,0.0,17207341.536187038,436.5821671175396,22007599.457510345,0.0,21789108.594096147,0.0,13999406.609779274,437.3297604322932,83229985.13448778
5412650.57565265,440.99583113558185,7906783.049024048,441.6117291323245,5417064.720964942,438.76350850245365,16107849.117567472,438.69600943954345,12244805.262669481,438.31950512361135,47091351.11246193
8058373.539203755,437.48684942205256,14771004.55292122,0.0,1886965.2828857347,439.4079928516693,16932117.977815397,438.57148707724724,17216047.69007455,440.04033060958193,58866264.549560614
6253006.415981851,0.0,9433596.553899707,440.74105646979547,8079128.7290807795,0.0,16281882.557067389,0.0,24548961.922398474,0.0,64597016.919484675
8230116.819297986,439.7246066917551,9043225.074538432,440.3928231357471,13724436.86771979,443.00178673590636,20462606.63927974,442.784028890426,14157152.24376461,442.7102249475712,65619746.25807096
8823919.951954553,443.5574291343709,14462888.417770816,0.0,12462483.359213198,439.5196529716053,12644847.414197398,439.34806129721716,10414455.470736286,438.9314858059412,58810355.97050147
13307010.799939271,438.95502820562183,16587403.687518358,439.581358971974,10674107.777916789,443.2895357414156,6290378.401655395,0.0,19232035.987819176,0.0,66092258.480771914
11561250.34129124,0.0,10415456.879774414,442.4219633820571,9580937.585212873,0.0,10744406.290037535,439.04788260978506,20395470.123106908,438.29221412394605,62698840.98148309
6008333.195434761,439.4920204423024,17969280.08605923,0.0,16247016.354989167,440.2488509776257,4990532.623654291,439.6079468347714,3835505.813774489,440.7590036615602,49052428.18173386
9808074.389938975,439.46439138728635,16412943.022013495,438.9920695316946,13298704.707666585,439.05879797523147,21420127.700425733,0.0,7540408.711373705,0.0,68481576.04667738
11595225.323911794,0.0,25353945.757632054,435.96802976924033,10522808.115809621,0.0,4463780.037452941,438.1231048183694,14739467.514377432,443.04750897366296,66676543.887827404
6658764.4498375375,443.81282963299344,4461733.693045972,443.0998720396233,19352761.87238147,444.0108401084011,8693447.324915571,442.8924426086769,13161695.604348654,441.1919154864205,52330617.95242908
6049625.514154432,440.17675583386733,15101067.194768421,0.0,16675924.496054647,440.41469202606874,12098804.375069667,440.90041302948146,7778632.060712277,0.0,57705375.13262034
671193.1831310496,0.0,15704988.607287856,435.46494505171245,13029719.996406531,0.0,19226782.34918622,0.0,17125336.63400059,432.28734615351584,65758888.52230345
3051970.9520465587,432.87802644012913,13226597.840342434,435.3503458664371,9934635.241841989,438.7602573633011,14931850.998148147,442.27909067303216,6957814.844769793,441.1975232211712,48105060.34239249
12340764.193150079,439.2531631650327,12255069.18117073,0.0,14275909.186153868,439.38382648180794,20633766.466248088,435.19224720842567,9550584.875090923,435.9186600508743,69057843.64971058
9057734.151937641,435.43829088496926,6721265.105993273,435.00399619286736,12288638.035574125,434.65979247898235,17168884.07121805,0.0,16580332.077808946,0.0,61818158.54461159
2981302.892640622,0.0,13960906.339152483,437.6967625153217,8805716.582329785,0.0,19159809.599107128,439.7129859382504,16173105.205655446,440.41392127935484,61082158.442555204
8805833.519842824,441.67063269462255,8941619.100457443,0.0,10537921.72467548,444.4086668772528,19646797.43808935,444.42985723831606,14193858.335758181,442.8256152989349,62127803.453595385
15008737.956022646,440.01811419988917,17156519.516668797,437.05595617947625,16497250.532558182,435.4381967064198,17231371.869907226,0.0,18628190.83383421,0.0,84523383.22125813
3561204.8941943557,0.0,4008607.709100413,441.58586690741214,4787178.5919379005,0.0,17608362.146067113,441.5886757664763,21802175.548686482,441.87827674870584,51768853.94280569
16203726.847759182,441.32180012714,15757787.187888296,0.0,18249646.848992538,442.1257267593478,21057122.44702918,433.9776004014571,3686323.3318925295,433.24104129384455,74956357.3297303
15393909.628575549,434.7783473996757,17032270.053220525,435.091613263506,3157376.9618937597,429.58553352148954,18685933.43624501,0.0,4239520.01582435,0.0,58510309.55125337
21452977.803172257,0.0,6132077.7942594085,436.10798713034006,5545089.060683144,0.0,19655275.33636263,443.05433399771704,10301054.679201812,436.653278891546,63087790.48927928
5304864.660533945,436.6787559878145,12596519.24009059,434.80567207153973,13874236.920651266,434.78792472877933,13853594.18705072,433.410134171479,12872679.014781248,440.21977906641126,58504073.9253738
12264089.21904852,441.20796558988593,14167075.104386097,0.0,6828922.823033859,442.61367436246655,23190845.82663766,444.22617989026656,7419923.027823049,442.0008026534987,63872626.04955167
13565384.69059125,0.0,13408171.765685286,440.3305038963993,4820761.472346265,0.0,8199745.789093579,0.0,2283807.2695404994,0.0,42278311.31776077
8690935.842907451,441.59351871084885,15976518.762979005,441.6197693176,8550538.240246095,441.8806043987761,8617510.767581852,440.16645845513017,12520615.836078422,432.6296605498377,54358317.339804254
14801472.498475531,431.0408443430846,12552377.011860026,0.0,16327412.296827931,429.6619947896759,13281678.75013556,431.66948905059405,14428133.546187399,438.76819405245783,71392805.24400868
5731813.697342181,441.7387595296992,8487742.649424773,442.91358605919476,24119117.26739183,442.17466733112224,17300624.429368917,0.0,1752624.1419310104,0.0,57393249.01247163
8574889.814604195,0.0,14243297.313330201,426.89764015946434,15371335.759800656,0.0,14040647.901528368,431.94659244946376,12953013.568464058,430.32773261560243,65184473.5296927
19209629.533701785,429.60441710722154,16350396.2806961,0.0,18627613.982428294,433.82722769300983,18853779.475876592,433.6063464864757,18226490.849885814,437.29014962991636,91269644.45072949
3259416.6735067465,439.9992656720019,23634526.22207994,439.93773070189314,22103031.626258954,440.2257471588089,12162490.467941966,0.0,22735462.719016217,0.0,83896247.87154737
6504525.28108518,0.0,6429718.931071745,437.2520654336325,15127561.5376837,0.0,12642413.602617735,432.5045623956342,11564689.90282793,438.7893280827962,52270217.8012422
7672349.090515626,438.7671421855825,11891527.68298466,439.29121335059426,10634424.17268759,442.8746135257996,5543217.5356002245,442.0881547442332,12124312.793474857,435.4666404801137,47868029.76302724
8449742.195103042,426.59461214152935,10337122.228636606,0.0,12779337.529296456,425.64157467849594,12025432.958222728,427.0304748766166,12445957.808206901,431.976620985755,56039303.962748416
12722152.14021801,0.0,15766157.179430686,436.74914126024856,8055814.939080511,0.0,8721423.093272882,0.0,4026412.4569606273,0.0,49292396.55810398
9737495.254018076,435.1725870132947,16464538.8077381,431.83161435001625,7654893.618082068,431.00384084379107,13864250.737537168,431.48482758532003,18888323.86786844,431.33931915236417,66611663.11743279
6972978.35928276,435.5131757242019,5465306.479684022,0.0,11569882.313263845,441.06510273181067,9470529.558457699,438.11137787958165,21796826.272931986,437.0555766613191,55277274.72885331
2744505.329316142,438.62480419176677,12303771.653835185,438.62719325479173,16802495.70314802,440.409200514596,14959413.161639,0.0,17533973.252154075,0.0,64345476.76129039
11305633.610002784,0.0,3371743.489810472,433.6126035589874,16932898.09321226,0.0,21065401.44390606,428.58588744304905,18174433.94074882,428.0838474232565,70851400.8600188
14379582.115677133,428.01659115889373,13749408.197411139,0.0,9025018.418352569,428.0205040025155,10496809.102127705,431.4012453056759,14973187.458685363,431.71873411825857,62625724.44932848
9153250.090139836,430.86686324555484,20125834.51031844,423.30896842317736,10057536.31590249,433.18967737548843,14069369.262582833,0.0,19422466.569529355,0.0,72829744.11398199
10123267.769861272,0.0,8899712.33979934,439.26006346502265,11300663.936094966,0.0,10041500.307975365,439.99897718667324,9646422.12905653,443.95385606681054,50012889.69568419
13213621.974828955,444.7788075537458,16433725.655010652,444.57058894841475,15137216.685406085,440.1499066690628,5147667.366441835,434.08567499492233,11558488.613552898,433.3918474972182,61492917.2720661
10821251.504174257,433.56171171588295,5588730.090582161,0.0,9352429.397714928,427.37421828232266,9950883.765132945,432.35669419024146,17310977.731333733,432.9294095713146,53025998.71097178
1934450.4527295781,0.0,12017619.435620224,431.3682466200559,14216462.688114906,0.0,9899607.92330724,0.0,9196669.370070318,0.0,47265241.23808888
13160354.781898081,442.57991106483894,6886178.337776278,439.7121216092255,14766672.195678405,439.6354979409957,11801937.802042937,436.4368908466581,12174335.681373412,436.040735943009,58791673.203926526
4215869.419021697,434.55593407795976,11670952.820304912,0.0,12232029.455759006,435.5905366662318,20464272.716911115,439.8125025259118,17564258.958850738,439.2262349015471,66149132.556055635
16987516.38303887,432.2876246151957,16050473.342153303,434.90617377186015,14710632.585439065,435.3430971662108,17616994.680084683,0.0,7724432.662637992,0.0,73091352.19024947
7570649.896860364,0.0,9074142.04081918,437.50500793402784,2781716.571732962,0.0,19630968.044913333,433.6633205261948,23674214.812943712,434.40187978604274,62732996.9374778
1151686.3608193132,437.6291155994716,9446623.456884608,0.0,4693725.39027722,442.4392698804363,13022700.458833585,442.5475148183278,5291940.923793121,440.9287057922232,33608440.135213934
5497777.311113713,440.26483253776854,13776826.828177495,439.95503567251563,13309354.325045716,441.5291162381863,19221728.247208804,0.0,11801297.748788765,0.0,63608306.20931894
19724372.84185867,0.0,16742171.997869704,444.80622443199144,15528091.720376132,0.0,16571462.458109213,443.21048947046313,9351297.973213324,441.22121263921946,77918726.22935359
7554974.543866566,440.04158095039924,14954937.382542694,438.10718302953865,8208935.895374487,435.731289079155,9729577.11893536,435.10788083119917,10433685.871980604,433.15472704529384,50884292.955360636
12615013.144039525,433.09350766074135,13476046.980727905,0.0,10440733.977423357,436.78600074241643,16653356.485887364,438.20673704473495,11106736.037011668,0.0,64293194.711335264
12867541.814710416,0.0,18421154.70740659,443.6345463031151,13940728.896402925,0.0,11651136.957581732,0.0,7500503.945968495,443.08231879490484,64381953.03893526
13627145.83993012,442.69552551770727,14430008.349859156,440.22382195003235,15926375.467616843,436.3326543943276,2448070.7254179423,432.9477503453662,7439905.078690299,426.3276711734681,53873683.988937736
21058886.737076133,425.4343421536433,8794952.699203545,0.0,19857776.498838913,430.54353593152246,8728159.535553886,428.10751500570626,10234960.558520218,429.4425854788228,68676449.55717127
11658839.25932548,430.4229538849787,15127904.299117753,426.2125065098378,18976335.661108267,426.8330183921015,14414200.110788178,0.0,14194976.815777395,0.0,74373539.61459586
24791057.963239275,0.0,14909027.61569138,433.7897442637645,20486697.645089056,0.0,2158645.580918506,434.5368002760984,9072088.29472184,428.0389772303987,71418813.46518183
10975755.781965183,427.49536728850217,5068636.186590487,0.0,5247444.214307873,429.9304663841132,4411561.290133789,431.7706757701842,15306163.504201012,438.8935935885091,41011289.06730137
1812756.3902559206,441.3531463687112,19547733.922488313,445.25342919282434,20081984.16419995,444.4438871539789,16999362.76349451,0.0,16243191.34863376,0.0,74686359.63953517
7302242.9351630835,0.0,5365296.097780622,438.9036401299838,22173617.295315318,0.0,13568763.566020297,437.267830156592,14353354.407190913,440.56330384523983,62764591.03624436
8367177.966190244,437.4902718535338,7046268.883070607,423.15282248530036,11030077.684042985,424.1293109641168,11364027.658451648,424.579666817524,14992482.050295005,422.41644424367337,52802166.010566846
13781017.986034507,427.90233128145877,13506814.535796681,0.0,10387125.308771923,433.4712564484597,22088497.51559416,433.43672724219516,9479616.826649249,434.703245722582,69244801.68640722
17750441.757394105,0.0,11881735.765465282,436.3578103583253,10037260.328597415,0.0,12038053.721291987,0.0,14708680.796097599,0.0,66416608.72665675
12862304.182872238,433.01749671515836,16168672.869635874,434.9658392748848,10977735.888851164,436.9940085681188,12916468.089166636,440.0890029661098,15893081.983218927,439.01217209271897,68820447.09226446
7000030.307856356,438.21036151171097,14290479.784620585,0.0,20300272.50472849,438.42574336339845,17651780.53685961,440.2424971857066,7745010.781029797,442.0925232551016,66989332.88622015
12657842.439493414,443.01221720442743,15964915.179197693,443.98332536856446,1936059.2165412724,443.97030356677396,22261391.08659936,0.0,13300774.89561394,0.0,66122313.78329182
4163931.08243586,0.0,22148900.860488467,443.81596040617575,12952240.615482017,0.0,5255686.524426727,442.901991013775,18170062.7835219,441.91348507570143,62692150.49779148
12210440.22888649,434.14923488339144,17037816.11092341,0.0,9842899.08024588,433.6931211095563,12580068.06587072,433.9776004014571,19938769.50698801,426.57770952305884,71611721.39058045
18565675.44442439,427.7565020811334,20964103.078940306,426.92461693718974,6496088.32327592,427.13112933362555,18880694.776349857,0.0,10878618.70607673,0.0,75786462.14131556
5234738.601570696,0.0,12783444.208523594,438.64955614659027,9734489.218137825,0.0,6772738.495303227,439.7157710215566,21473232.355317835,439.975899585979,55999961.22007992
11169600.1376054,444.7640686936069,25143988.50958975,439.3385696388407,8378584.335938761,435.3688923412011,10284169.29200353,431.75863826772064,9795304.98728573,430.37750002298037,64773828.87009213
20769153.345021416,428.3526282866881,14962935.170706743,0.0,4477415.775230736,436.18763860615184,15356685.071165737,439.6605561266239,12691153.448211398,0.0,68258647.01115905
12177247.244679242,0.0,15989038.720835453,444.7200544461603,12440668.847511524,0.0,12448354.528070627,0.0,7452315.55828134,442.618929056436,60508512.238361694
9356305.902141085,441.4093679120455,16333439.635246499,441.58606062068316,11771618.847220873,440.89626115481167,9114035.292164877,439.09039814546435,13840983.664233373,437.158829897975,60418583.48192444
12167594.943459865,436.7994574248378,15369016.302685602,0.0,6531995.364538054,437.6259763769703,15588935.863168333,439.16884367915986,13776124.850661177,438.9516785231194,63435419.87046904
14454858.831901226,441.07689169717247,14655930.976948224,439.2793279499449,16481792.721132107,0.0,15830304.775963617,0.0,18338347.223337214,0.0,79762114.88550204
10842863.365931042,0.0,16663999.977172693,429.0580149193582,3489575.0237341602,428.99200620496634,12530076.956235714,432.90762610236555,7136474.3392800065,434.2619847918374,50664714.88198564
22298102.100494385,436.08578816697906,18186974.025338273,0.0,13737079.85947238,433.688076208727,18534330.494960282,433.45175143695144,15432440.216536136,431.13961296357445,88190661.06203023
6094122.574601075,429.6165181416984,11882261.328204256,433.341380551332,13137397.892746633,432.0674734580791,9955193.324023964,0.0,4594567.802488998,0.0,45664837.94743707
8698806.564454542,0.0,10684535.601059606,429.80068464418036,9283803.436501548,0.0,16425148.024030905,434.46590734733064,8401157.816831792,429.79866602820925,53494745.508136414
12562971.82938837,432.32958360757476,11955798.983603219,432.6426764000202,15749280.019280529,432.9397435219222,16499121.529879162,433.4497917003068,14105744.434874855,439.8518989457402,70875088.0107203
11453191.703048535,441.15933543402326,10451842.130580025,0.0,8611056.276691498,440.5669674001623,18812718.514433548,440.51211685923306,4525190.123499836,0.0,53855320.98667313
9671404.11634896,0.0,12890165.178463105,442.93054125211125,11342838.53342982,0.0,18029422.074538633,0.0,11154347.780985517,436.02052685893364,63089056.63483414
11889755.50573645,434.85629282244935,6347705.981970993,430.7572516738582,15376989.905776516,430.84952818256875,18705756.088867944,433.7053601530198,16926982.512898535,434.6019934220354,69249354.76567669
10741647.000594622,427.57471852925227,12667722.24751513,0.0,12499170.092471538,433.8855689066041,17575793.835786536,433.2130739476443,6971094.561689472,435.7604313826413,60457158.17185006
6552738.227564712,443.87026678084214,17291029.014694124,444.55753267607275,17245920.77684856,0.0,18698336.266488835,0.0,9583235.209704764,0.0,69372147.92310044
19143294.47842444,0.0,17945987.57237259,439.77695571683677,3278189.67873269,440.39369014291543,17972389.772463642,441.6612341978337,24090096.31683224,441.67644639802626,82431721.32715206
4236247.5829887865,439.9426336386885,5013624.35405803,0.0,7500634.041225746,437.18028384084135,3011968.8648703056,436.4717104829562,10865404.03695902,435.38668714494344,30629627.861416996
18459972.478491668,436.11204931292724,13584500.390148843,436.9159587161359,9987136.246634165,440.12969978068566,14294080.403149826,0.0,21487785.540877555,0.0,77814788.21700987
6457351.535944399,0.0,15667533.696933685,441.2468387513904,14446629.87825664,0.0,5914106.136607976,439.0678945277078,5495095.4214607235,439.4491393347798,47982036.43307604
19153690.82865584,439.41787114119626,8697684.394711332,0.0,10731857.950609628,441.18215063339517,5533465.186662562,439.81807524942127,12746696.012432883,439.92215739222894,56865154.713326655
22796670.793382928,441.3563392913319,8262896.180259251,440.88853694488614,11745837.031626053,434.6979895768311,9246103.631126333,0.0,23384587.940565582,0.0,75437412.51982597
1324049.6921558173,0.0,14119929.76561985,426.8866874745556,6530246.093127745,0.0,15911716.199075943,434.917917655616,12906676.249420334,437.9667019589732,50793917.77070678
11039743.77697279,436.79813067282544,11561728.586510833,439.73882134109397,8926087.540531006,435.7235561773241,11306956.742089152,433.7438569148878,17390701.85305004,433.8094666572145,60227398.312985584
8845197.850543048,438.0851613846624,8530456.373514093,0.0,11320383.06852789,441.14995868463086,4479078.313623265,442.2036095126453,15208700.934628941,435.71271171639694,48385573.692278534
10748031.313086785,0.0,13869234.817912435,436.796519627646,19258272.873073235,0.0,19214755.86430795,0.0,7565716.210878398,0.0,70656447.87577844
18549130.24539337,438.45266904658615,1581518.3700797406,437.9950958860658,7817529.260590706,437.7911796620342,17375898.178743508,437.67078590986216,10493711.186588192,441.89680164285755,55819981.04792766
6634905.321221414,439.8626621219467,16377550.680104947,0.0,15886400.413306804,435.9892725722958,6104309.605943522,435.5470000876171,18749222.968695443,433.9712392456494,63754134.35944616
11313168.454843322,434.1831286170409,12393573.773156062,434.03139704293994,14229618.538271207,437.2263314910576,11657780.413737644,0.0,20236260.914482173,0.0,69831707.53534757
22740498.20056791,0.0,19019500.495655518,438.64735798352575,6747436.002636249,0.0,11125096.026552342,432.4949924855059,17731901.592700634,428.6755016523013,77365732.13596478
7190716.475532707,427.968550910902,14497140.251024911,0.0,10280310.933719773,428.6635448411631,10224623.061652157,433.3952994553244,5088052.512578279,427.0369965001591,47282560.29889954
15920030.389543638,426.26601965222727,13944676.093561437,426.8042435655516,17564809.29648434,426.89492456535305,14514104.317281945,420.7342378725739,6612210.763053205,0.0,68557531.55935022
17362449.814246185,0.0,11063984.332907304,433.2691054938712,12341864.198729247,0.0,14722333.675859796,0.0,16546958.17892135,435.1141813142603,72038458.58395068
7796087.466755132,434.1207757250509,15938399.88003589,432.39718070461765,9845923.451552626,431.4416455278183,19938469.52762923,439.08857861831643,13766148.922084063,438.1129032995141,67287204.40914083
21803357.04090377,436.84883728499483,13840581.73353298,0.0,13754134.28603198,435.61598415112513,16332286.538778089,435.3196582164976,11133698.089606546,435.81287848531196,76865801.28621152
4707361.864231629,0.0,4970912.288899748,434.89536995894207,1123329.5006790506,0.0,11325634.402319392,0.0,6160051.4269191865,0.0,28287724.37841896
8734829.851939093,434.8153445137892,21526426.258813307,435.5216548761815,3096678.4077824876,435.97596017356176,14407588.699237412,436.7488570210634,7831628.458277876,438.40502620610243,55599333.142892964
17738070.22756322,440.6390939923414,10208761.547691513,0.0,12690053.189659834,439.01868188804127,18511580.974313643,435.23580698230967,16088140.072170828,437.4143254801797,75238358.31930737
21629776.53393793,437.9680358194435,9556224.696326667,437.4342837997741,9587769.503755214,436.79187609332706,7509804.22616943,0.0,22283110.21643872,0.0,70567997.37082368
10541909.338892223,0.0,23171621.889571186,436.16042344218357,9355944.722490076,0.0,12719414.77568137,445.0117128941746,14825626.261210011,445.0974055332029,70615843.25738674
21692889.611641385,445.2908517534357,11500514.586285606,0.0,12506902.900120158,444.8956721545354,6403507.878921155,437.25643385746497,11138713.728452627,436.71702457331355,63244292.86540327
13174369.818847738,436.25928364115924,2350166.2951941947,436.4255378185507,11499222.04069072,436.77083927676136,5788114.895996886,0.0,15182429.034296105,0.0,47995611.540686384
11536948.434073668,0.0,354391.1757577613,427.4125973891151,13060148.365819257,0.0,7153941.130416626,431.39514432793527,10077565.496012524,432.0640426195375,42184285.473864175
13801562.43141072,442.18408769243337,1920027.6600726135,443.74337696343736,7023606.104810225,442.1397086743468,10816021.272116471,442.80701245040524,16058740.778772533,441.33292559820336,49622170.454293944
13698076.858817475,441.383819686626,1910907.5487211074,0.0,17684481.342662133,441.0897443200491,11330393.619030958,441.224693747666,19488657.018703472,442.50860667763453,64114282.59479957
12809115.282402169,0.0,1912486.2652884522,442.4156439307954,10545536.972170709,0.0,8046965.856909134,0.0,2673527.3675022484,0.0,35988074.15991664
7087090.892562843,435.0877581222943,3225767.310616781,435.11841308441996,8964008.30875139,439.0112147861602,13094602.812326806,431.8631091109364,8812109.726336746,433.0620194974778,41185753.19310917
18566899.418928605,435.3400847903659,3682416.824630981,0.0,12507263.40500892,436.51978584952053,16141633.452297203,440.55925472384325,13596494.10445974,440.8601527981944,64496460.484603606
19335535.904457536,440.4282768796945,4494315.382141049,440.80812468689896,19964862.469439156,440.6412157202121,6362263.736448634,0.0,13279422.039421909,0.0,63437721.409525566
6669120.482065358,0.0,4818279.269074329,436.2790421505174,8341785.529342132,0.0,6087677.573716009,436.80258480075713,7263719.939776383,438.05256197527126,33181893.928163137
4818651.617848206,435.4843490769081,5531259.207748765,0.0,14745736.894266522,435.7595825225697,10718787.58758473,436.0160886661186,14104847.3139882,435.07703930822163,49921024.958496
7200704.492587294,432.06153906904217,7894487.640411214,436.17894450404793,15381137.602492588,436.15749423462086,16393724.373492386,0.0,7968041.576014637,0.0,54839400.082975924
10408401.251740701,0.0,2337753.3249322283,432.779576189992,12074526.786436839,0.0,19799199.00621118,437.8784946538248,10762526.49023391,436.93084578248147,55383714.44847149
6357230.046665826,437.26460114486076,3537632.1047551576,433.72516831290267,7594790.5274547115,434.15709925616477,14394696.365253564,434.77947412237654,11636870.453647703,429.527976328518,43523388.95209613
5673534.666323565,433.2320913501886,8647865.507859169,0.0,8700297.796218712,433.5508812324398,11889406.332033841,432.37331502987126,13860837.50195547,439.03668056220675,48773679.99735893
10433745.056276852,0.0,897924.1997824041,440.27638619538607,13927699.675816538,0.0,10542863.784082256,0.0,7825977.835093911,0.0,43628650.82743815
2378899.814752636,438.6889356694156,5329218.836116172,437.3385954748277,3274279.5247040517,437.2204444465679,17910680.575031143,437.3866719618296,11256386.180765383,435.0598338952204,40151650.62585083
10832806.872635644,433.3600360934987,14041901.394273255,0.0,15336499.07233905,434.6376468678272,13658286.898924679,437.3138012602879,14656598.453879142,443.98469612897804,68527841.98823214
3017507.101248932,446.508142097251,6071548.541208283,438.2935499678997,4816714.64315731,437.32786046978407,7900014.059519831,0.0,17401990.694627542,0.0,39209097.16931443
3712905.1561540384,0.0,7428688.101568534,444.1404304350214,13141365.33151872,0.0,17422227.529424295,441.1707427387365,20008174.18552738,441.14473881129277,61714686.760104954
