6474812138.935393,6179609346.1870165,6460819873.485144,6391748727.688352,6380284349.703946,6317677346.14148,6435263577.625642,6508025726.574848,6744893193.438506,6520674229.968366,64413808509.74869
2729394.537394695,3954348.0942599145,5606712.66187969,4607251.179506199,5734055.747724969,6984819.078346256,5498757.729303314,8267547.032585348,5425638.074478119,7709147.745568905,56517671.88104741
2337795.1200541086,4059481.9960321067,5865159.363460979,5811413.767105846,4591547.1407726435,341132.1389570605,3564319.9210292846,7559735.214336291,8042685.014869225,5979099.089500197,48152368.766117744
5402825.423690047,7761327.9725444205,3980191.4141821754,5923927.237222289,5014675.140773957,455560.47450950264,4314657.372519428,7366233.416005887,5327240.204920388,3620275.169086018,49166913.82545411
5492194.749635061,7918414.490856681,6149324.490311975,8156810.013071091,4353573.81876098,465398.2711958153,4100803.103535585,2445303.1213153196,7325980.650956304,996486.1087824925,47404288.818421304
2632599.9503810722,9716785.153988108,5626107.64004458,9754037.712560983,1860685.3650713959,456381.7125543468,1310702.9702914022,4209497.435666333,7483791.635703479,7275175.73578881,50325765.312050514
7219969.088192913,852746.7896884049,7276348.168383924,8498509.646572882,4077213.7672322476,457865.3692739572,1536046.1407142882,4903686.424731307,2512535.391353117,7919680.241889963,45254601.028032996
1927005.1218144642,2452556.030518926,5510648.488728249,5320996.462892273,844025.4350929229,903411.483113938,2833046.929480627,7299035.816004989,6077880.692126983,8005213.13751445,41173819.59728782
5360708.876874256,2856126.9410281274,1784232.536881719,6488415.476516296,5144484.678899589,283891.44433169597,2773615.3316671434,3916703.024904918,926459.143364764,82212.4766956354,29616849.931164145
9421596.659835067,3117088.270764269,7010797.754317305,154026.05619614525,7850438.193166643,2166647.1139021283,1932583.6251854228,8288497.677422203,867453.6884927736,3335263.3830375187,44144392.42231949
4882987.665334247,2277352.2928093662,6824438.604868262,3945437.272687777,7259426.194837208,3280428.3791556875,786790.4907432247,8551160.788787533,932303.9818851115,9030389.522820277,47770715.193928696
8416859.299229078,1124369.4057759617,5064352.539485726,6622932.543445756,5291515.34317303,2771688.0073185554,2947261.1489897203,5512198.858744973,957231.9026417249,6838772.85441955,45547181.90322408
6352132.52477936,2097456.0363337933,8356206.845473614,9658579.299094178,5056579.040241318,2773174.7098951484,5032921.231629775,1768259.6851516718,537084.6308992882,7138514.957857842,48770908.961355984
8285883.4582762625,1239864.1159369706,9670878.15497036,7346589.706390952,2675286.807824072,2833504.516639993,3808921.338133099,6464204.758602587,948627.4280824938,7746457.307196388,51020217.592053175
4453001.512534151,2086951.8319137467,6312568.58671624,6670845.963115212,7259978.151782218,2783512.649954857,4493816.119244461,3272238.5442917207,989438.7703771058,8055079.490837052,46377431.62076677
8529563.15362833,1282286.9188410651,2006825.885396384,4990375.561261995,2213349.835537099,2879913.885870467,6547288.895992153,3457843.4143858533,1199059.885318926,9005433.686606225,42111941.1228385
1512407.8521536496,2457741.9297847496,6373545.33351646,8360496.474562847,7474260.544250304,3441523.5176490624,1515790.7043567535,4896591.879367752,1438783.540681033,3949745.4761232324,41420887.25244585
2617942.6789335185,2236985.9191629626,8478886.127119398,3072512.683536016,2621718.2819033335,3843929.798502561,2760416.122556642,6432773.244947153,7757558.516090016,10214146.60759366,50036869.980345264
7371510.442812912,2523171.292323673,2173137.1274088505,5765288.695860913,8045765.645553571,4130958.12915774,4922764.692993985,7704547.6280586645,9137468.018692998,2920309.026344466,54694920.699207775
9118740.706946325,3985413.984632257,8082921.485466165,7525959.222872448,2533243.9166579833,4981452.457660962,7880284.735966368,4050033.9024869776,6651094.094600038,6538601.099965541,61347745.60725507
6968795.344818542,2448577.634777251,10036696.756106995,5416766.380270372,4643502.689363445,2291634.831769152,7942644.979014048,6962090.937745132,9494400.704186073,8485605.953554718,64690716.211605735
12269188.813469006,3626653.5297563314,6894344.04932465,7942195.039939075,4686834.846682782,4313845.419635192,4394915.497149784,4227932.715672406,4664248.667866417,7057282.571777561,60077441.151273206
5760219.174112634,4456907.703099798,7074757.004297381,5520294.013641764,5327763.440240829,5033852.040163269,6607027.39358951,3781983.8589726314,5987040.983092231,4649922.5221239915,54199768.13333404
4855294.9129973715,5813352.321392795,8717570.582206637,4091120.0141293705,7827164.512502357,3505444.964254531,6561836.442077841,5765094.384328617,8438105.441431468,5113819.401224118,60688802.97654511
5691473.83758458,3227997.782439311,7790480.193546744,4529364.897638334,5297287.217383359,4936328.356855308,6363607.353895189,7433393.46632106,2608719.4030424156,6833783.7888941225,54712436.29760042
7264641.66048897,7089061.377551977,5483398.737464727,7370825.501243346,6433849.057541351,4465519.657547122,1732212.2170804122,4447771.926894822,6820592.685335718,3497687.8555132276,54605560.67666168
1884613.2228984998,6420195.160634091,6462119.358986217,7749225.372257657,1092312.567364084,4569175.752256764,5277949.15973282,6594670.547680935,6203553.312021512,8233385.64771118,54487200.10154376
4555587.915833124,5048963.788583809,7567483.477828306,1951865.1470068847,5417992.493456448,8818270.695751522,6938041.510389887,3965219.621444216,3850465.2925527883,628836.3504669319,48742726.29331392
10118249.33162594,7482720.584982911,9027935.473295711,10191665.48913706,7967733.585308241,3590961.096360253,954539.4577500668,5346112.8039926635,7607956.730081818,5092536.125250711,67380410.67778537
4126963.521837763,9203154.7574792,8597127.420229342,2613001.82979216,8309017.823331411,6975706.305382712,7841514.871090182,6708912.657632045,8859836.666863088,7529732.296204794,70764968.1498427
4349616.575018296,8330602.180586065,7956877.174976149,6870945.589671149,5849556.801689606,2837644.332856798,7192071.628872373,3809314.832588013,8407663.186089871,4465153.77430246,60069446.076650776
7225850.105010832,9652161.22135564,5753249.92271087,10957730.246101044,8201382.961788057,7409530.610360459,6601064.748659775,3219632.776229725,4244724.03654788,4808747.682460223,68074074.3112245
8471322.613922354,5359805.637167112,7673798.027233829,5581647.786927062,5503052.608116239,3561954.5155245187,5701210.29978914,4278392.69381275,4685216.917512131,8077260.692886561,58893661.792891696
8275225.66097512,6154028.807339957,5646877.749777803,5941973.684058507,9546166.953785071,6632686.876963109,4666858.747435084,7245428.306680057,3813061.7556033833,4555506.368117494,62477814.910735585
5144557.1599908415,6133531.973015253,5880963.004536219,6010987.375205739,6107405.103224678,7347480.902998224,3229990.546296735,6666914.494711086,5504508.033390502,1910595.0958325958,53936933.68920188
4728949.579856166,3807413.3355613817,6815829.610693911,5937391.995333191,3778392.471407611,2028953.277480315,5339467.984066031,5730342.001715332,5483558.777846973,5259711.043462791,48910010.0774237
7883978.52294882,7460963.094841266,1607748.3921820384,3756588.4287037137,1616291.1846540489,6194423.159599855,6314455.514489501,8906117.12262772,9550301.825025123,8567824.059273256,61858691.30434534
8953960.525586063,8182896.442625349,3474442.4369319933,7468097.871503861,5949508.3182441,7282337.4065039605,7357104.409534043,4170819.535534393,7616389.6989831105,5086814.911507741,65542371.556954615
3190960.378533525,7754682.531740414,7312460.22853506,8962543.032638917,7373015.521556986,2941599.6135664303,5128833.456327088,7743419.280807182,8557469.50060655,10099822.7336086,69064806.27792075
7204990.2211131435,7119559.917651015,11142398.35175468,5750295.306635905,1728906.645009542,8457110.973734526,8400158.693251466,2648446.2778287004,1978703.5535559352,2759613.628207219,57190183.56874214
10361337.874006987,2500630.5767554576,5180761.984282693,6201260.517769151,7224684.424661369,6146999.492554714,2470219.8969903514,3513873.364255686,5248624.602543424,5260087.739621132,54108480.47344097
9801327.564559292,5988833.739602693,10459384.923850054,7812865.641160037,2277750.8070955076,5779266.8737392,3982584.5778426738,6139639.109622774,7607216.732710404,7109447.57329943,66958317.54348207
4242979.032057464,5859076.492980067,4087451.337245797,5054125.99318952,4366175.350799345,3293814.587040066,4472147.769485243,3113414.4860384115,8578757.84157065,3557610.2208195427,46625553.111226104
7389385.1980916355,2711724.414445269,6521803.00417805,8563772.73682596,6603485.070989254,1376854.3556124305,4572997.413160215,5199906.198276071,6504674.797017363,6417994.128284155,55862597.316880405
4587853.259813529,6980595.29662026,4670682.736059061,8142489.388219425,8537374.232748242,2226811.011925708,7947115.966607715,5912322.656163368,4135943.4341482595,4174036.7210374665,57315224.703343034
6155321.4892602265,3892263.2432158645,8328995.272328088,5240996.8722965,7914520.347379051,5056686.766928291,2230731.136181481,6176407.432037024,6480094.919251514,5445191.743684785,56921209.22256283
4049021.425799722,3298179.5060888506,6594487.65917317,6169588.848102172,7149409.270232168,5858417.538868272,5181888.979117594,2583273.13086557,3393922.677758464,7279910.75085904,51558099.78686502
9149234.040114516,5726644.498397587,6876378.561136357,9228794.106309012,5440851.893629784,4065551.636575107,6585795.522832405,7413706.4877179265,1753263.4699875468,4375160.080172362,60615380.29687261
9712454.353841702,7772990.612038596,8253940.814545682,2908256.8945638477,9053186.974067451,4190360.0492592673,4328723.318003721,3423943.059452467,6773831.605710505,1417004.9662821596,57834692.6477654
1668247.5213243277,9956285.590082197,8840983.338833762,9222990.215494523,3834598.3540470926,6026484.483883062,7042124.752160474,2268257.9322342374,7332962.204769581,7519234.734933251,63712169.127762504
5053603.305036858,4669945.606456596,8002529.753141485,3612041.1919029374,7588974.705510425,6765684.07867069,1817505.7846834965,6179757.008575758,7275258.81653442,9875462.579331547,60840762.82984422
13231623.490405368,9420757.707725063,12558181.749995554,8478189.959471818,11449682.393972013,2503527.395223058,5624546.275486183,5638660.230897686,5165316.795317673,3341988.147927879,77412474.1464223
3562833.2989434586,10264532.91797941,5899093.540278011,2924621.363648074,5179854.715751091,6449332.498017851,9360133.67484852,5351313.88319812,7534245.015568388,7402488.970865071,63928449.879098
8274057.521028044,8181013.764577873,8666675.572951902,4148404.8903985904,6359221.973914467,7388809.913643478,7649545.2911664685,3193891.0176108987,3085958.329773696,4176649.864511513,61124228.139576934
5865393.941140158,6476913.103779072,3852378.280568429,7501264.834060196,3509252.3712859196,4528969.403588627,1246040.5994712978,4500733.536096626,4469919.191240684,5264786.482685872,47215651.74391688
4498113.439688152,4409524.602932762,7812144.129768754,4788237.082726556,6468778.879394697,5649226.248324144,5279626.030168306,5660799.636620507,6525691.656273197,4234445.16145092,55326586.867348
5534954.3153588595,8507799.989669317,9118870.87558823,3917836.5501034823,4642436.6430488,3907481.814178729,4433254.844388521,3316742.344128353,3741140.12026856,7820933.231012066,54941450.72774493
6096853.609835715,8488155.554555072,5117623.677324605,7681514.382311091,7018905.154623057,3656691.1064232546,6371816.740488731,4237580.921652115,6799519.329997162,7470584.472286256,62939244.94949705
7436974.116452415,9858214.80971474,10102479.2287706,1922214.333265869,7804543.38146888,6064015.699813664,10772484.008248063,6906908.595433964,677305.6836124938,3088795.006301903,64633934.86308259
3818362.583094573,5101713.537229521,1896541.1331463272,8772204.197753714,2015047.1701258263,9343216.065977063,6235474.995316302,5755607.164692366,1842207.369986077,6000438.9710249845,50780813.18834675
7938846.844370497,10545380.207741406,6188248.7726188665,9191901.215722298,6550287.766057137,4085481.530248789,6188226.616981043,3410691.8276620493,6666440.545339491,10109390.222871665,70874895.54961325
5208317.209048084,2557809.2823735336,8266531.789547901,8081458.9536823165,6838585.263006745,7520789.841029344,3190326.1767269922,5475557.218072229,7438510.780425093,4215502.59275691,58793389.10666915
7279833.966635004,3630207.32725339,3687305.1074554645,3528259.051463543,4476568.1867980715,4946958.502398817,5717795.074614136,8030496.012855392,4289670.987452911,4593276.581368903,50180370.798295625
4919170.162506097,8195557.11173594,5275660.539765986,5525924.9374137055,8044655.017043369,9760535.488694664,5666159.13531388,5745053.473361891,5458842.797028504,8957376.634127038,67548935.29699108
7067477.486790055,3295328.3987338496,1748089.4333104424,8282940.822639994,10319737.462335845,2340677.217654494,6507509.292127362,2490106.85285991,3477668.9700275487,5244629.176455132,50774165.11293463
4253553.113702365,1304692.2136420861,7206391.664026875,10476327.072534602,9338671.481546037,8096071.353105534,8717401.8135205,5235471.448344361,6036507.653226871,4813227.831521685,65478315.645170905
2959874.2224022015,5582781.577344877,10881594.133206053,1599558.6329670183,9111328.963465633,6944465.947241305,5249079.401779089,9154103.96246876,7084761.640091565,9040995.338166913,67608543.81913342
11959725.7656598,7347100.658509412,8816095.402075889,9776367.631232008,2472023.8139135493,9503415.872399649,10589215.614055268,11676961.365734668,770768.4486578052,3680635.309905712,76592309.88214377
4344490.117904781,4501861.973104567,14909608.644591948,1252944.3469115698,8767270.339527318,10636120.4360139,2513524.653812861,9789815.354950765,2792480.059534406,8273960.508247708,67782076.43459983
6732564.891247863,5485288.358821172,4534668.678557012,10603393.405350525,3995022.508594175,4328074.9444990335,6281739.753900019,10030827.994872099,7674716.045903689,2625563.356311368,62291859.93805696
10495106.78488246,8164601.939857426,8763321.95621267,2171145.998663523,5642850.236026475,7833304.854989708,6030538.264995412,3505647.9504743367,3331432.298624552,4910178.334655675,60848128.61938223
5848197.61303457,6193010.769056474,4189733.093706972,3134121.6682140245,7676267.487701619,4720549.189356649,2423518.7544686804,8612512.147306295,6955126.397873354,9348903.382356413,59101940.50307505
10166547.540751815,7392932.956556344,7533776.152748973,4692122.6038030395,4800828.799479662,5491829.804314552,4462526.149413596,4686039.231966257,7895082.603208919,5722062.756379615,62843748.59862277
6066923.984894188,5320931.076429747,5204860.512789791,2027727.2214450284,5952419.166292145,5315561.597267853,6670656.564930295,6512807.54315955,4777373.557933279,8199912.17339778,56049173.39853966
6978528.047975163,6237998.522465545,7044213.180685611,4092857.0736835366,2804949.966555893,6653639.170541798,8072035.37556299,4280160.369523993,6233115.303967888,7476613.146490571,59874110.15745299
2766180.4750044164,5790871.549264514,3459314.4278557976,7380588.1172228055,7316833.937297179,3070589.5976780313,8797556.775867267,3049321.908903984,4204021.546030324,1310535.6294390135,47145813.96456334
6926328.374317837,9373771.322260119,6058872.185415938,3148547.172811228,7715184.8854728,7494675.712259372,2062880.1259723934,5497983.8167174,10079444.032459483,3581676.4929293175,61939364.120615885
9056869.973060157,5044040.655097801,9956733.984234111,5830177.253445914,4290695.688469954,813395.3848394714,6686046.847245536,7170477.925591971,1559007.24252998,7997846.061050509,58405291.01556541
8148069.736495252,8680176.486292971,10965001.354135271,10746819.324877627,5385184.504185079,8128610.884791643,10689734.759997673,1942955.4276497865,2131769.4961991077,3491325.1698277323,70309647.14445215
12452559.169798935,2093742.1707982891,4335516.752170956,2715989.5796963195,6795977.448935241,6352222.364903384,2855689.7737119994,5243731.42155673,9266207.137307223,6738202.598876326,58849838.41775541
6090357.483426526,5282674.3801105805,6418484.202996163,4809387.0565982815,5694013.41862707,3856118.2606336335,4859765.330089932,5390884.470656378,8765756.75696745,3604133.1172527466,54771574.47735876
8879444.547141798,5216127.875645074,8428460.887146179,5410597.931049402,4059926.1822537035,7090624.095604617,5338439.582264735,3941842.064476628,9229758.441896709,6190257.206640634,63785478.81411947
7976195.323531513,3808001.272173708,5098399.431346633,6784125.559548521,4743062.502309254,4809163.178356491,8337006.873633184,7002306.390339915,7578371.885842886,8116114.518922907,64252746.93600501
6453436.0828055395,5387617.690610713,5666324.491452557,8031569.790945111,4234233.975911672,5886928.83892034,5319139.776436642,7871461.715591876,7326953.899943511,3094968.620163452,59272634.882781416
9272387.55649656,3812397.166878201,6963197.353820537,7278418.061960482,8138089.297040889,4069877.4507415267,9036948.38740563,6575549.510480789,2347800.49857445,2600448.16365461,60095113.447053686
3391405.9262052816,4401889.886164776,3094632.919513682,7686068.095017088,1763398.2503292556,3645535.0645339894,4693352.974698222,3333175.1200728305,1978908.017232597,7874612.613521592,41862978.86728932
7530818.482373433,7592614.537570858,5945903.764948732,4263008.334648917,4860522.783394226,8255786.626459085,10600939.232498022,5484816.698942801,11278936.769780919,2817377.342791204,68630724.5734082
2273315.57978079,4759409.297314296,7259325.295160727,6459232.841733482,6728870.427072973,10037066.227720106,4538563.884079206,6443996.700975585,3471995.0409782263,6860013.525996818,58831788.820812196
6991292.129783749,9262356.68018546,8943913.980782768,8391850.539924989,8250437.178966355,3657752.7344227177,6926891.559550919,2308062.344987109,7540608.59951605,7790310.12827999,70063475.8764001
8343750.054617498,4755536.729876172,6724748.55328014,4614858.992990439,5530256.941604019,5641581.349259078,9815528.984381167,5666390.0605135,10633525.590727136,8546043.707946943,70272220.96519609
3972930.725071103,8505953.4013817,10685627.929226706,6332595.338070987,6269153.687245688,4533992.955782991,5621840.275534235,6334415.127977332,4837186.899249221,3882384.147604384,60976080.48714435
5708029.593887967,5159827.305428897,5775635.346690446,3851758.125987818,5304297.22148209,6754930.4086838085,4280261.337843028,5036610.4437602665,6495035.868177215,7574707.431546521,55941093.08348806
7723083.305148869,9303583.86418456,8623429.723415796,4811337.658695811,7647523.089415965,9384396.90024996,6053855.441917343,7243090.699283773,8473368.31209292,7751379.110341314,77015048.10474631
5499253.501349155,8496693.794199277,3493785.4939423264,4794850.529379384,7696727.820833238,6674531.893989921,2701801.6773629533,7365643.868120089,9593439.657215947,6133403.923571089,62450132.15996338
7192251.804181438,6637276.354134288,7172095.247294593,6945217.327599888,6934632.810907089,8637972.425739087,934553.5468439497,6414239.7712822035,9063131.167835208,2044040.1813151883,61975410.63713293
3961374.4268775024,8300231.862245641,2333960.78761595,2252382.8015105296,4709036.289956035,3307060.948012769,11126487.678843604,2963541.869883529,7021963.529339868,2569283.4736975166,48545323.667982936
9231791.58012773,9041036.118429046,8663781.263285965,4317270.58355702,9080471.392747473,7650837.035798283,8762144.684355007,6062755.482438908,9883493.53687491,5678322.334137151,78371904.01175149
2329321.515078969,5213261.134671639,8711616.187588373,8072309.431808428,2300971.077859964,5956588.647552004,4695744.324048858,7368411.091120908,8869511.480446875,6357033.6081862915,59874768.49836231
3939139.8448020755,7618386.614570367,7320169.5593139315,8355227.950675742,8253280.686483634,4576234.445327842,9170915.64556554,2277279.4300462413,8754902.238992833,7691371.167242426,67956907.58302063
10020455.392062368,7844349.493868354,3688879.624510721,3806115.906679303,9266141.74505679,9772297.106480094,3835856.2349095386,7035163.35444611,7752227.898737075,4134571.0452680895,67156057.80201845
10233437.142311074,4929339.517399839,9799980.149500875,5892077.101565332,3217274.3576341923,5827084.039761476,5985336.625850743,5947788.830047436,6818514.498596356,7401037.381366309,66051869.64403364
8002092.7371585285,7378179.722933532,8344828.492442429,5192545.451680943,4689272.034440696,1362092.4611438937,2707162.16472508,3006190.2878681403,5417476.669530205,3752967.6163266087,49852807.63825006
7951346.22353356,6496554.400167684,7319583.890529599,8392051.455464646,4037534.4154744833,6776486.483839229,6168222.038054495,6103476.070622157,7136959.600247344,6147724.649019268,66529939.22695247
3606861.558259657,6898764.80598378,9865737.728808502,4903033.066714613,8542591.484001705,1953811.388194351,6235842.3991922885,5581003.997939475,9093297.37589475,2927943.711198896,59608887.51618802
9936462.981389897,1271521.5861064745,1532413.7488173975,5187851.066123645,9342960.694516681,6396636.373620856,7426668.802722456,6065771.306567092,8515279.451653786,1993822.3797205212,57669388.39123881
9287087.781763338,6735576.908910235,1638930.5379635019,9609320.48598961,5304722.436027012,9133990.232591022,5233985.722844423,5843560.580220703,1072470.0702793088,4509149.02802695,58368793.7846161
9588011.18024276,7815445.268540331,9654391.419226496,5028385.653897507,7245863.8438062025,4238165.057075301,8617873.72158374,5347377.74807245,8145485.713770295,9153572.696768194,74834572.30298328
1953523.329725563,6540928.91803632,9621666.417381888,7681958.038993971,3103554.3748894315,2078761.769734126,3227507.947412367,8309538.084836818,9861427.538123852,1939434.2831971503,54318300.70233149
9234542.287521305,5923715.325258791,4191796.333008957,4415329.250739242,7919648.543192436,5614038.937842271,6574111.674898189,3284008.0288208053,7412108.813682009,4294439.705325971,58863738.900289975
4363361.63674066,2747648.592544009,7426707.660933696,7076723.571458976,3712602.224341644,2197044.327314399,5770065.0367905665,5813242.667260514,9137340.508342307,5744454.429992589,53989190.655719355
6643524.847055093,5452178.772563164,6962444.51347169,4581060.559386692,6583526.468708884,4281476.990020067,4059855.5319347773,7099043.841277869,9216107.507097762,3797070.947503356,58676289.97901936
5400175.103842663,4418810.324529093,4558071.316265496,3472843.2524905438,3831330.3646435016,7073837.912629585,5652533.449072396,5683390.063477503,5980352.462476617,4715675.8893814515,50787020.138808854
9025072.59854288,5795166.918515543,6553123.48320643,6923511.627378686,7005922.226518259,2959666.198325306,4635986.694015572,7031911.946188184,7000845.1976216305,5873997.348929153,62805204.23924164
9927982.691978635,7265705.194861643,7947670.700109932,6621587.012832467,3776897.8973914743,3235798.021991308,4038035.0802080976,2497239.437214474,7571907.545911488,10136670.611435756,63019494.193935275
12099942.158234818,3384142.6276721256,10104538.913174622,3140759.225368017,7238851.577543862,7329851.789999494,5589287.322717463,3405290.0124837486,2387420.4133070405,6430727.986869959,61110812.02737115
4903648.220872263,7749551.164892236,6629219.24196713,8651757.481428413,10186470.811790695,1150995.4240490869,9526390.860773029,10508831.526802257,5186487.596047534,9488303.074236266,73981655.40285891
11628719.718828797,1461205.4985296526,8514721.973298308,1567038.307630272,6312503.587958952,6801326.658195297,3178177.929264452,4701115.329638141,10893673.679819956,6678176.034002675,61736658.7171665
2760118.0294712717,6079081.559602815,4066194.8493569805,6877961.217894059,9280238.599131001,2546566.1408959306,5842669.509439252,2453983.1978524025,2934505.586492088,8944171.748468872,51785490.43860468
7951359.51874428,5452450.245492569,8121083.745353351,9545462.88586495,6707082.779758201,3466880.070926563,6098237.951928717,7200810.303629581,8348957.965129888,4265900.554615595,67158226.0214437
1911544.3558034294,2998004.5530074826,11135094.349580228,6130415.79721714,9292689.88250407,8378169.193648805,1875562.2685551334,5986109.234731299,9872919.518343905,6647592.770865536,64228101.92425703
3815157.621830658,6282770.8584566,6551151.99911849,3809311.602040206,5544476.209953646,7683441.0585075,3560029.929481373,4260229.537488474,5995640.312215892,4754847.8513395535,52257056.9804324
4284284.268739302,7278741.370827975,4357347.585394734,5369704.908622043,4597629.045516252,5174031.039436249,6987482.96143825,6242075.268110593,8691781.684803575,7283182.490202352,60266260.62309133
4862802.626769147,4987472.042070702,1294406.4574340284,7888198.624386293,5858582.643766845,6829522.218326124,5440806.937702516,7741142.482834297,7129223.098976132,9480293.204428094,61512450.33669418
7368296.435170816,6562241.510257497,7747542.459961786,4394916.479281884,2969186.5134935817,7597278.577977573,7597431.422481117,4463097.627815454,3201046.539777467,2765045.333309375,54666082.89952655
6995033.40900714,7022548.048416119,9564086.83906609,4268565.967099881,1512900.7272321056,4261222.814640711,3625867.146899354,5032908.552137967,8084563.489086925,7304572.172298733,57672269.16588503
5753431.32539019,8570768.298707256,4046855.3717007684,6590620.865706232,7595139.828005327,3208262.4379486055,6156958.17244906,6101041.982290142,1275762.300518479,8475128.19967259,57773968.78238864
8227979.19773451,1257813.2104009534,5912543.157943663,8614217.032180423,8416055.151979987,6811200.736546612,9106202.399301032,8900069.22861482,7131272.289877744,869393.0977648132,65246745.50234455
2441471.908035461,8222846.004879846,8787498.4348659,9031439.90886608,3735562.244324836,3921680.320223756,5205500.158524933,3449691.9650659794,8667280.864661723,1600880.5099448562,55063852.319393374
5049499.829622976,8751892.92807782,2050788.5452442036,10858043.026671898,7624113.540977892,7446539.836515159,6464587.123969431,7741753.672598683,3701750.2001805166,8422681.58800011,68111650.29185867
7016723.68669607,5701718.060671081,8166804.617625203,9883066.592533993,8197041.961968124,4575929.956219073,6584693.422172126,9795395.927622177,8819213.511285948,8579528.451185726,77320116.18797952
2383703.1655746363,7970130.23945695,6788060.593903259,10719836.302692095,6509573.609226769,5308823.682112991,2837714.2434115987,8269759.144909241,10221401.274338903,5613695.280117589,66622697.535744034
5899394.884600749,6246875.249577949,2404085.6695536445,4598885.745915916,6233031.341486996,3396789.072740078,4918347.42926126,3145744.7618711866,5056595.821356101,4415531.458551703,46315281.43491559
6010469.288637532,8153677.037442276,4016038.6222709604,4585321.526147497,5169931.946219708,5652326.434962311,5764211.925752296,5379134.9464188535,10753621.17901629,5589769.256446309,61074502.16331404
6990361.8774775695,6595571.993140461,7058713.70870859,7338743.817008037,6056481.889411984,6797893.635517748,8029236.018901585,6905778.847484887,4366626.934372082,2287063.108850444,62426471.830873385
1436058.7759444774,3356033.0269899387,6360173.596865006,6313044.575709959,6705619.676554994,5672382.980151654,7553278.18660765,5894501.007497779,5985092.343687067,6058214.7362849945,55334398.90629351
4116780.505615686,4943287.9726072885,2745238.534213132,7385421.313841303,5574283.444809641,2707166.821591893,6109699.690044487,5014495.418142087,6464383.318134355,3628424.4369581416,48689181.45595801
5857803.14304796,1894630.3984291148,5985857.993555556,8499096.524421649,3587203.4455691497,2354704.6403210885,5775525.951185114,6903424.522591978,7323686.1741291955,8641599.972337218,56823532.765588015
7022177.281775904,4898750.826473526,7983603.580447976,9233496.627701662,3889565.7323840763,6441693.687436734,6838700.213527422,8597414.130802473,6860398.495565671,9585915.184641149,71351715.7607566
1331277.6731849588,6659285.688673297,10142972.407515489,3781893.589462028,6963433.611106357,2024522.6345762608,5478874.366311948,1701267.3584962583,6573421.12378425,3817708.7706427523,48474657.223753594
6045451.505985673,3229308.474431238,4632294.368890291,8143917.175990873,9907484.95406286,4814896.716557484,7586334.100415143,3657887.166194437,7436874.486137732,3882557.421203958,59337006.36986969
9468921.387137767,8776734.268775187,6035993.227871148,8173714.517010784,2474721.270712833,8211526.437931632,3642200.038326034,6398862.567243918,1881816.1445569685,4726469.888638426,59790959.74820469
5644166.085969729,5233604.131475455,11567195.385307217,790514.1625097443,7938243.696830077,2270953.831419633,5785949.247107613,2161661.2538116975,3677482.617512037,6659051.488659901,51728821.9006031
8750176.687439853,7779716.653521289,4681113.688502234,3042808.4041548525,7036709.544724621,5564701.28340351,6189005.967792263,5600097.02497472,7725222.261852434,3345157.553449204,59714709.06981499
4682704.157424399,4174393.1215422386,6233724.492736099,4633234.199169959,3504616.5739759337,3666591.774167371,4639152.144648604,3506272.762598422,4345523.228130355,5185556.954961096,44571769.40935448
7699901.948263794,5860759.210835594,1878940.7783358207,4826069.468668757,5007940.139349678,3981556.877670779,5875293.527915815,3616300.6841403698,1577377.1844535074,4747956.2487762645,45072096.06841038
9254772.494539352,9576676.950296119,4829586.74444833,5205956.209630738,4437491.6680495385,872698.6987808327,3344506.18654317,4878570.679998242,6069546.925123208,5838484.697972363,54308291.25538189
6950197.236480492,10126383.901665162,7568731.738838274,7352672.9193160385,6041888.262832765,6126599.201566262,4174843.0698399544,6968078.9814234385,7241055.573215496,6263052.646361184,68813503.53153907
3760629.123427184,8645232.838969858,2930363.877389797,6397580.550674499,8639680.568963306,8131291.106315803,8163926.552961685,3392934.3579325094,7379082.9179169275,6913510.9302583,64354232.82480988
4229345.24660735,3859030.1623656224,3976557.6884601736,9677898.100701082,1445369.7880045117,6071825.867804454,3946839.4911889005,8666676.98847871,2891724.789376406,4129974.3415891896,48895242.4645764
7202020.71958431,9215621.513750773,7864138.550845811,9243879.102498224,7418913.574299071,7926175.150706097,4002550.2826583884,3988923.2438329984,6077881.751375334,7107171.309878972,70047275.19942999
9224908.239089457,3029259.644170711,2418768.4563070023,3638625.227751021,8742473.366006106,8898180.9646726,9512908.568586024,5301075.554686422,6725367.512142838,3775118.754037637,61266686.28744981
2762187.8361573,7568931.74931663,8444057.015223293,6881657.269118289,3825686.6248165965,4229866.184133438,4465094.8652953,3001205.4043111294,8551388.984020451,6179036.985111566,55909112.91750399
8168003.050897873,7410192.415479699,8378676.828770762,11401868.712790722,4289411.580747639,6780242.605272522,7208238.651834229,5897175.855465109,7163662.973692825,7283555.698678337,73981028.37362972
8584313.61731079,5597335.697832471,2823672.5100250957,6730833.37278896,4406890.894259413,6245585.967029055,4542771.663762787,7463094.0701981075,4233060.62796409,10412967.078254934,61040525.499425694
7835496.17991857,8977430.585454911,5915769.692785932,7144609.746867572,6395653.280606263,2374575.3130334388,6828469.381717832,6287479.25063623,3784367.6611300856,6696461.536764555,62240312.62891539
5915281.58692419,6338127.590994034,6129967.818144468,5774184.909578507,1532236.0623076668,6474995.39414215,6659483.014136759,4848895.714338726,7359912.3849628875,7019601.948202543,58052686.42373193
7762861.778497756,4137851.940874438,7347177.496282287,6470702.568483203,6496853.328910442,2164276.7905931654,5652834.782376486,6355395.749164854,5483239.90800598,7018139.390483384,58889333.733672
9884449.231666345,8128474.4201619215,7959860.421714953,3289742.256500803,2320524.0704849707,737784.8292109544,7084847.709120956,8989213.636002924,7185360.037337841,3057067.314529838,58637323.92673151
8433317.945293048,2773064.9328632313,5395219.233778171,8997859.4516879,6750666.82408025,2533748.4394776206,1390954.153269348,1182070.8594106291,635983.2730839637,8878117.835402394,46971002.948346555
9330606.346875357,9583399.34383556,7783844.856178936,10178074.5945917,2022566.4406494375,10126916.706562659,7512722.698190929,3961146.3496249854,6646666.294507147,2378868.8524909867,69524812.4835077
4246180.119320687,2290358.9243931295,10044241.560464144,9329029.494350402,7862293.587044064,2377907.947944478,7541593.565686227,5313096.071188474,6584764.527514454,8005873.968526208,63595339.76643226
8061762.777325566,7705855.287794848,7323211.344084335,9487247.540212985,8188464.459788191,5012371.259884495,2894215.8507688693,2576109.4427035865,2895483.1279759086,6074420.934975069,60219142.02551386
3229830.609460206,3828127.602879178,6437053.829328649,7131457.540985245,4152076.8826801875,7963387.077007659,6901646.9004078135,9289343.064144319,8392653.05713962,3774322.1538702804,61099898.71790315
7754959.871416444,4067000.8832947784,6289926.177132158,7620598.058666196,8512490.735288132,4377039.477446263,7558608.154722371,7238073.007673833,6846960.833683123,7015904.208635158,67281561.40795845
7610173.136863504,4071040.4466060842,4506860.670230084,4982414.459913865,5649734.392257365,6078372.332113028,6537839.447803423,5344909.109555655,5834083.810420952,7529511.895101353,58144939.70086531
5836913.682175613,2475307.790451689,6351729.49224094,7046791.852150122,7034079.077960063,3821346.8386293952,7054064.678184714,4033141.165199282,6526382.40439804,7532317.628786798,57712074.61017665
9973737.422175245,2201404.2873094315,4443612.34025396,9370907.37625007,5680830.021855794,2313560.814067197,3847629.2984817834,5817681.899031043,4464652.9635290895,3179872.9159588567,51293889.33891247
3412831.1151046054,5833533.578179389,6990117.411081181,8352516.077451801,8290500.16148467,6268225.230392354,6316245.868672476,2501044.3446902656,4193628.0586506575,1999463.734495375,54158105.580202766
5724007.533630442,2657846.5776878013,8841486.071216224,8377472.293875586,9619410.480921315,7595928.307375144,6921825.548447599,6565275.43166436,9904159.62308967,7044681.004994353,73252092.8729025
7994726.780228103,2649514.8140437487,2402260.9409288797,2258560.9859998315,5888087.212911624,5380889.821824238,7862905.379224074,9544303.41658084,6552577.789479712,9942383.31049736,60476210.45171841
10338028.247008063,8581238.938065628,5868541.558389624,8715598.454818228,7653916.298911499,8334413.170389504,4382038.570376611,3001951.0688733556,7149339.809456023,2708531.7681156145,66733597.884404145
7220280.871762404,3950277.198446191,7919081.886410281,2239774.4549789284,8028829.691365617,7709437.767897911,4710007.622008328,4662669.670059723,8775353.33066171,6302009.515588819,61517722.00917992
9446172.343027303,9659957.228886943,6377439.120449622,5733434.640240861,6851396.229791089,6226415.103335755,7237007.436501212,6784585.311492731,3299218.326896005,3575139.042737062,65190764.78335858
10200967.332841514,9299046.950030033,7122799.909575342,4612076.643803693,5525662.696446721,8108393.845157337,3996365.3899273914,4045079.887531086,5995633.726457196,7330220.355572475,66236246.7373428
7349759.363071937,7380687.344857674,6980238.025630728,5815632.509872289,5452264.120399742,6212393.390270558,3595733.258038359,5162914.362811311,3908737.5242855675,5887902.3597532995,57746262.258991465
8179146.489001166,6943255.504074697,4388739.050120663,6543914.572778546,7936792.714900784,4119481.995882522,6260153.852496634,4384472.494510476,5319631.725222798,2864035.0252677305,56939623.424256004
7464309.418702407,5687131.1469302885,2660166.996428685,3481599.9122690386,8353206.5951851085,4669396.877374346,1879893.6465153727,5915984.937854516,8425325.436470216,7997743.057396538,56534758.02512652
2386712.2757375194,2417935.130064645,5327017.994401079,3086212.7143929903,8643002.32278674,6500570.706342261,4421229.648559454,7254543.624590433,6929307.27588275,8284114.286942561,55250645.97970044
8895339.138775531,1918205.1241219062,10953619.128656738,5694679.025311765,6096935.353621794,2060965.6146529512,7444328.482153057,2011718.1256254113,7273671.8626798475,6204117.113037272,58553578.968636274
10041909.171122761,7120120.264524357,1662511.1705614969,10628666.88662649,9205558.982420122,6744212.361715654,2372255.7246419564,3095189.2370017744,5393707.431635075,7244074.490355116,63508205.72060481
4075684.6489069066,2519895.1632327307,7148720.892745877,7947404.458650045,9335274.488936307,8015278.773259652,7774871.172274267,5215825.22284443,6131548.911631463,4278726.795635595,62443230.52811728
5663367.164596871,7885867.636959408,8269919.475167489,10336951.249097714,7949593.458430296,3417372.7070214422,6865629.192069637,6707568.775736773,3953718.878594474,5965803.787214251,67015792.32488835
10569378.256776432,8206667.069835412,3051237.724565056,3990852.182231332,9666640.875776041,5292989.330425236,3192398.04054387,5879163.228399092,4472561.953519439,3407023.1468213354,57728911.80889325
4165942.1115422677,7108413.6979400925,9116725.575456494,6337648.653442487,8117211.153360475,8807861.443813944,8263492.041878765,2974874.0996099305,6452817.66132717,6843330.044096002,68188316.48246764
5623587.817236342,5032666.3821130805,4715671.71641333,9288091.141746147,3354780.4630292896,4904161.737359457,4515811.855440306,4906121.25683235,6084786.439829447,3875205.8894438925,52300884.69944363
2826317.5187265812,2113979.7743504653,6890309.911595298,3951349.498017602,4931498.604438875,4866328.865697978,5689390.761221023,4569822.230524411,6317664.041978766,6104289.195744514,48260950.402295515
7075355.27155467,5619474.844488433,10295165.581301047,5570941.106696421,7572086.678837405,6395694.170113456,3430367.300751291,6297964.38802318,3110269.165389301,1953029.2270691302,57320347.734224334
4786035.0493709585,5511989.252561447,4716346.622059887,2267398.7700612377,2983243.777745941,3412998.7539537363,2550388.194826599,6445692.247000442,6547856.622184055,2663900.2941746553,41885849.583938956
9389840.100188939,8528889.532148508,7388536.479160561,7111934.971309748,6552967.716170931,4906565.857306196,4286405.496376482,1217549.7307944335,8107796.3435004,6909791.750019934,64400277.97697613
2673336.5970667023,2438215.3586873305,10162488.109193923,893820.2499396246,3635162.97665747,7464171.448863036,4755958.012187118,7054156.629508373,4846731.133170041,8053846.129147626,51977886.64442124
8088100.124691199,4453371.080936345,1470653.2190123887,3522148.292016824,11612399.648937045,2684201.6414744607,9907878.333465816,7744242.369405422,9659667.634688672,8198243.127909229,67340905.4725374
3211200.531088724,7668011.28965053,9243095.714273991,8502697.741762869,5446094.894163762,8644304.367401646,3514816.28061132,6159188.8568942435,9815674.972123902,5268491.362019002,67473576.00998999
7094604.1230143,2213553.819366363,10598259.879394304,3815147.728308873,11067052.457586594,2531656.100928063,8197512.733349293,7288944.749254891,3025317.3259364907,6397389.039407821,62229437.956546985
7525335.209482458,3813020.3813214055,6041117.834865785,4448922.243717181,4069876.127802128,6338339.733847113,3389246.297540024,2783770.5405626176,9944880.345930256,2827273.765528952,51181782.48059791
10155096.712408232,7954880.241235297,7243132.808587797,5049419.561126414,6914491.638649762,3477200.105006669,8783715.919223893,5785328.721179403,4040191.5193623225,6362780.625859086,65766237.85263889
3878257.989868831,4386151.679584924,7641557.553287262,7520092.690087446,5007749.669486975,4451619.103022661,8239647.111849302,3857118.6669147774,4356766.502526503,4070398.1439740295,53409359.110602714
5676320.2984128045,7617042.407800633,8187128.561287838,7687146.9652657285,2698091.0605097925,3571515.972931834,7612852.554259213,6344714.467724316,6944665.1979725985,2801740.4292432023,59141217.915407956
8258674.767723363,2854007.997592927,3363796.5420417795,2738957.712743698,4788293.875846526,5965708.2538955435,1995239.8838617567,7334838.237816053,7981533.188328324,6324995.813630407,51606046.27348038
9452751.878388701,8075559.433976108,6433847.761167657,6015966.265743678,8484880.89915451,8002895.533972655,1999751.351239461,4469952.529075767,4163948.848685676,6585956.378512818,63685510.879917026
11878595.909093965,7472674.750602092,11161216.6654618,6623046.740794882,1073413.901566285,5719914.916317133,8038233.24581374,5212533.56324232,8940848.585575035,2164544.7275372725,68285023.00600453
10449601.077410832,3567183.6144865835,5329130.785764218,8362122.12226954,2256365.465209201,8229052.289135182,1878404.3078311477,6787277.903892057,10717236.191351391,7127719.4029475665,64704093.160297714
