67250384086.35404,13670747310.059635,80321078359.85005,12586862567.899525,81206012756.09383,15423777495.96784,82302519290.39478,15428573401.662952,86676297882.53067,13995531979.791864,468861785130.6052
8111467.312985941,439.3878540255204,898127.0883954273,433.9276516363895,3379337.82915089,432.41083268362144,10492375.331649536,432.04605479028146,18924200.546244204,435.93168577396125,41807681.81250492
8178440.82171111,436.25191011060656,2165795.4613264846,0.0,4142030.818776534,437.87278050333714,8773409.910492703,437.68239412169964,6791773.409057749,437.6756384481067,30053199.904087763
8015355.092204278,0.0,6949722.265417986,436.00145271308463,4091438.5158112487,0.0,12491643.427281894,0.0,1895101.910731344,0.0,33443697.212899465
1226358.193019817,444.1529722881181,3727426.044313826,443.487372522482,4157439.255680032,443.66876402671977,2156634.74842631,444.10143763537184,18933705.25097062,443.75579859101344,30203782.658755668
6679608.356412704,443.7076808812153,5206534.991818102,0.0,4142436.3013262665,442.931905519461,2537866.9946633284,443.04438903269977,5652514.768000126,440.919242279731,24220732.01543824
15003727.452728407,441.4461470656918,9407558.874565357,441.6331379845587,3463776.6445815857,0.0,11119319.1888329,0.0,11722705.203716476,0.0,50717970.443709776
4343087.02755607,0.0,8738237.7121416,437.41004893435303,7268202.958516474,434.118809934121,1338207.0221860835,431.9720793650828,12599568.107276114,422.3933130941416,34289028.721927665
4968722.942617547,421.49634678140126,4017515.2594533074,0.0,4910636.663575033,424.49784300082234,12529226.035677912,426.5220397814326,4323540.358070192,429.27419385790404,30751343.04981741
6728642.340935804,430.1306159562722,12306997.319862101,430.4714547243615,7658908.962468209,433.84040919128864,10125101.28393398,0.0,12488518.15356534,0.0,49309462.50324531
14404562.93545185,0.0,14421199.226769002,442.98053739445675,7544919.359806691,0.0,4147110.423286226,439.8396949099813,4771941.460835779,439.34106235789585,45291055.56744421
9645206.079743465,437.23953044114313,15479474.226331182,438.45553367560143,12873909.26436689,438.4584938315753,6733719.6370534515,437.51128295352606,9303111.759827022,436.63841073333634,54037609.27057363
14315988.938133787,437.7261683277264,9687347.079254601,0.0,9300129.35831054,437.8290721859334,6365913.111163377,441.03775862363574,6409585.047425607,437.1801889072525,46080717.307475954
5288694.862161692,0.0,11561489.062461138,437.20620225271523,2858121.6734788255,0.0,1160196.3039596782,0.0,1664467.3726696025,0.0,22533406.480933193
9860632.002755087,439.69723647585425,15260376.628754562,439.9661884860781,2957165.6611694256,440.3137471721288,7155241.74753021,436.17166818501374,3817794.861362056,435.02627315350014,39053402.07668481
10785826.923695043,426.1621640844185,11631559.827571047,0.0,472726.13637530274,419.264441158708,6822249.20842154,425.91045003458873,9288383.132296713,427.588521752206,39002444.15393668
8226737.204268931,436.4279975911836,14194971.746712532,436.591161335233,2682943.146415297,443.6423670317437,4428186.916069743,0.0,6836027.0178781785,0.0,36370182.69287064
18770538.8884515,0.0,24614200.42101788,430.60265501091766,8314962.438051218,0.0,12450189.239112074,428.5443782850995,13424156.445910258,438.4227836496217,77575345.00235987
2172493.2934739343,434.81562624185773,9743282.608145857,0.0,13429436.640396036,426.81682076400506,15793294.772448814,428.21851446306835,8149494.727636654,428.9073765520274,49289720.80043932
3034572.1922931722,435.5789449088131,16154445.888523556,442.4732062147296,8521193.946396906,445.9691903239462,11534808.373167088,0.0,7917851.641483224,0.0,47164196.0632054
7989859.273710337,0.0,10006078.888430344,433.8598557008508,9808624.470098857,0.0,10008574.140630556,435.21426120950235,15888537.260561576,443.93672455016275,53702987.04427314
7205124.367963492,446.1330426575824,10546026.821085408,439.1258340489361,17857156.950552475,438.87331054458224,18545826.728857752,438.7021274787591,3608932.6535065034,438.24880362777674,57765268.60508398
6695369.089587597,433.12677084144576,11703525.889482645,0.0,7027621.986841688,434.4251262644244,943187.2936572699,434.3997239887084,4859310.362234967,435.0125495239478,31230751.585974786
778419.1569565153,0.0,8997368.188100317,445.0398471369569,14257808.59870446,0.0,14774726.930639049,0.0,11054358.41355206,0.0,49863126.32779954
8803344.535624474,432.9447710276274,15571423.866661279,432.3173292545261,6280738.313221795,435.2005257167809,11944712.38972542,437.71931613488147,8372616.831631987,437.73368695282363,50975011.85249404
5033194.4145102445,439.79962815298285,6122556.591157147,0.0,1993808.1457224851,436.4418106756085,7091391.013575056,428.38015387306217,13491988.887955397,426.8635167042093,33734670.53802973
4420237.661726548,427.9058782421066,1426782.3898057172,425.17163430185605,15596562.316720786,421.2719728764304,18163139.884366304,0.0,20187194.610897325,0.0,59795191.2130021
6020135.711823715,0.0,19195731.274081275,431.79086324246475,3065388.4195832787,0.0,7911918.160605806,441.4478893881656,8281350.824620263,444.80258830750114,44475842.43205527
9716648.889002236,443.95914263032546,15768934.153587531,0.0,15066991.594677791,442.74829224652876,16773524.938954065,443.0995794741479,21594364.27979997,442.87237281364776,78922236.53540877
9055876.464096624,436.1163005152771,8138342.417564862,435.9297035484928,18080019.41693804,434.09157152088574,8684797.378768433,0.0,4762846.5284421565,0.0,48723188.3433857
15905339.992474467,0.0,19780796.32817561,431.9403833656477,13560149.960845223,0.0,8044195.7777323285,430.71329365503846,8901546.795541173,427.8313134981545,66193319.33975933
11619862.679560611,433.79983891409654,11717437.225912128,434.72201870936357,12537354.883570055,438.6244219440979,9111929.27957423,438.2480404432316,15063280.297739135,443.718535794408,60052053.47921196
10924932.699350143,442.3220399755338,14672604.190689396,0.0,13957966.626565794,441.7880022452945,4321383.492121368,441.0552468673988,18933705.263447694,0.0,62811917.437463485
10343917.044862106,0.0,5210067.529925457,421.0835036547647,14405760.573438974,0.0,7714388.741446554,0.0,20536606.642137088,424.65372934041403,58211586.26904318
14399427.738249045,431.26466170438647,6900595.598381387,441.73720875634376,10917272.049579296,442.9225507121135,12274146.570351588,440.91055165670025,20613026.409874145,441.0338940054915,65106666.2353023
15348820.026891224,440.28976994016307,18081518.43364214,0.0,13580593.638269946,441.15778872625884,6536.545195895482,439.66430069852186,17249250.310432088,439.62973784233856,64268479.696028486
8148502.075979164,434.2131879849475,9492633.538244896,432.7953922085192,16883175.345181867,430.103967585596,1126252.6237762535,0.0,16897046.706040666,0.0,52548907.40177063
15925686.534488562,0.0,15148024.484573336,427.2622959099867,8790490.451991536,0.0,3099982.5909002186,431.120686498454,18293890.36772621,430.2388054917121,61259363.05146777
17674763.420383528,429.8062818149135,15169645.527268909,0.0,19053725.945786335,444.4207333629133,2934939.2048614584,444.13092653372587,8708081.69707078,444.0914456079687,63542918.24475834
9201401.529165218,444.1165244894713,3746752.6904007513,436.01212269791966,16279106.38878825,432.2608939297159,5875393.795512421,0.0,17035807.678204816,0.0,52139774.47161257
17664258.609363038,0.0,11326502.449443955,429.9181640456084,9296777.613512868,0.0,5556212.570752442,444.98063164316073,9335659.043747425,445.81434296243367,53180730.99995837
9127671.447044011,443.5101360512897,10604507.214382065,443.2276625591883,9582675.066033771,438.79602254411844,10896702.679594785,437.96632085747393,7098711.493970008,438.32227258258985,47312469.72343923
13639674.963615749,432.838659577048,16652402.323846513,0.0,12349383.371768648,433.2652825816359,2472751.421960755,433.2357272202012,12398014.85131924,427.71097355446733,57513953.983153835
9987154.00832231,0.0,13925913.43739105,434.1764805338652,13425523.799897706,0.0,9348227.576405196,0.0,12955584.019663686,0.0,59642837.018160485
3208490.927066164,441.3996902059703,15087444.931386685,440.9189525867771,18810299.184834976,440.47202387554995,7016324.624024973,441.0116737654399,8895785.000908425,441.78363975053605,53020550.25420141
6350033.105060994,441.9250284206088,14597068.984057333,0.0,13858707.840464974,436.2754495611493,5289971.510318107,430.07502568253375,9392189.132239211,429.727292616732,49489708.574936904
7795012.562585482,431.65227444055563,4953939.124850412,432.17895899199897,15679257.56143706,437.1752524174466,12376499.926819319,0.0,20816085.266637616,0.0,61622095.44881574
19400970.391044557,0.0,7821000.571518186,443.59955192007186,18321239.954636227,0.0,11267862.374016352,442.3410880373196,3778811.6114632525,441.5513886525097,60591212.39470717
16294589.335409703,436.784579310297,18270840.584329233,0.0,21359711.302510705,428.8336498572447,9419761.16277177,429.05737484815546,9221016.712793976,427.07993549462816,74567640.8533549
11992234.41331777,428.409779731127,4886436.43976076,426.7997195747152,8679928.82008018,429.6026753477764,17403868.52956679,0.0,18315550.03279195,0.0,61279303.047692105
21380403.81737097,0.0,9687354.823970716,435.3026218491756,14191715.234504607,0.0,4147781.625818835,435.5937410007034,9627069.092739176,437.8271678824751,59035633.317935035
6499302.781791014,436.9075200016667,18629921.23369179,437.80060457648875,17320858.558128577,436.05688566985344,9300897.548170846,434.6963939863066,19041907.44816408,436.6729783930735,70795069.70432892
15135430.609601768,439.0621492928173,14655309.644020632,0.0,14974405.167443993,437.2691597635192,9014264.540308675,429.7118834753102,7345910.771885418,428.4125146323023,61127055.18896765
5410440.363007972,0.0,7241254.450703456,428.8093539231193,10237792.692988804,0.0,14485520.597335288,0.0,4574471.750857991,0.0,41949908.66424744
7907447.092119765,441.42069136688156,19408656.977158964,442.28375444696786,15346473.972665992,441.8057439449556,9837907.282537173,441.10172789129956,10870322.040384222,440.00138124263754,63373013.97816501
11935122.756543696,437.6303522752468,6156537.3178706225,0.0,8204356.899008996,431.55216075541875,12575135.245075379,427.51152567904944,15692906.238770293,428.38452912651314,54565783.535836816
15208472.732830472,431.43480376809487,17164809.019113988,435.76184615677647,16582488.72362055,439.10629570829747,3098202.3809883595,0.0,14056594.480429098,0.0,66111873.639928095
16587910.8040577,0.0,12569728.230985682,443.18931766445206,5272848.071856778,0.0,11837945.252784647,439.2462630818317,19559857.699325863,438.88622641706866,65829611.38081783
6008641.704691627,438.3494718836936,13769166.357407445,0.0,20430550.990116436,439.6482666978216,13455715.57338068,439.9102378260598,15851903.355297465,440.0908307939825,69517735.97970085
7786366.240972416,440.8775304133562,20282764.845846124,440.53033459253373,7119035.411150749,440.8249190613968,15206114.13601075,0.0,16627228.619159687,0.0,67022831.4859238
22566914.71467666,0.0,4961456.760240374,439.10581684922886,15018934.374052558,0.0,8972168.227585148,431.1246563021971,14752694.660378262,435.15067128201196,66273474.118077435
7133424.358678202,435.2136967201154,23169980.622328606,0.0,12280083.861567728,437.74796353408374,12819256.068416163,441.65290184447446,9606149.26454966,442.21798489013554,65010651.008087344
16519267.834008893,443.36821965255797,8192847.116876345,439.86669844882806,14295507.89846235,440.6481596997422,19751540.906466752,441.3798522351084,9619875.452807715,0.0,68380804.47155209
7954017.389975226,0.0,12466564.00321353,443.4607040644314,12682935.447708035,0.0,12770827.764847318,0.0,14379952.302339261,440.44995657338876,60255180.81874401
3551408.0700460896,441.56717437625633,9203950.873571351,440.8406528835119,8610266.497764818,439.0353401845493,12136665.169564929,442.2565504854953,15930586.82993537,442.53807896579787,49435083.67867945
7845816.43306081,441.25612290768004,17677877.575141903,0.0,10896697.617819512,435.3332129639941,12559111.234345965,431.5541958761472,16202563.982706899,431.0461047078876,65183806.032711536
14068371.380571725,0.0,13781642.517568005,430.0087036960699,14261843.261689639,0.0,3407083.0382278315,0.0,23539804.236673344,0.0,69059174.44343424
12946947.031809974,435.7932565084908,833030.2704012775,436.97418524737327,12421331.020683538,438.25137939524075,6215773.908684312,441.3148349003457,5071520.0188055765,440.3985069115714,37490794.98254764
7303041.928369893,438.1162401926499,14370756.807142936,0.0,4310508.2205570815,439.16750249439497,9459690.331778264,438.78014743942504,6650628.011102697,438.8318892083847,42096380.1947302
15681576.137501936,443.61020604988533,19543742.111636367,443.5856729956123,4651679.247914339,441.5310528806699,15260351.244804338,0.0,6105666.423089383,0.0,61244343.89187829
6073981.643478455,0.0,21660002.694717556,441.56407524942443,8011472.669307487,0.0,14637922.025840467,446.24903746622545,15174924.232664684,446.22312376102445,65559637.302245125
13244213.61301673,445.98213205795895,18212815.233809065,0.0,19089322.197421778,445.6164963897215,9061148.972360304,437.5244991136572,12482418.636772316,437.51156818596195,72091685.28807594
9191719.796681546,434.3387144236636,7963992.08741841,431.0857922997648,11818817.729394132,431.2984761086206,11170432.271761278,0.0,16566198.078713287,0.0,56712456.68695149
10637755.468391404,0.0,17281311.568869602,444.40552773635864,12223425.787294116,0.0,14678207.802590732,443.7786875055658,9020242.247919725,444.2591164802555,63842275.31839729
3199348.8239369807,445.0948470661114,22575678.348193232,442.58545684372507,11448822.411569435,442.66447496439696,3563089.358853809,442.3618872844677,6404799.225656564,442.1608774229708,47193953.0357536
15078552.896695081,443.12279086904647,8662719.595498377,0.0,15376213.003466388,443.5186363372006,15902426.455792427,443.24269010354175,10185006.941111783,0.0,65206248.77668136
17815819.592223577,0.0,5119324.794473035,445.173582603508,4231830.116653164,0.0,16407688.654954042,0.0,19322272.648260027,438.9398114879337,62897819.91995794
8395646.52786529,437.8667808058294,3544097.7073693434,436.4538268779723,10859257.270897461,442.3221371553589,16787998.04088561,440.72079526790117,21730181.154379584,435.68668721243444,61319373.75162461
8592140.81341015,436.16344718158206,7208333.567718439,0.0,17162937.79249623,432.0454984895427,15637344.328545174,425.10968830674125,7186748.361532179,425.1006223639272,55789223.282958515
17988290.152602933,419.7282321580688,11204430.70132477,424.52102619726844,3450599.875835616,422.5707166738485,7583906.898474654,0.0,9188275.372914251,0.0,49416769.82112725
17424253.044656802,0.0,19745049.48022403,441.19133538406516,13148674.295425463,0.0,18572005.736164093,439.99407299396415,16995572.974022973,438.12205604218474,85886874.83795777
9136608.461905971,437.7931788524027,4895425.410112615,0.0,14879002.086803215,432.9237307634579,5159327.9219213165,433.7960066304061,8909755.796474092,428.8936707873793,42981853.08380424
14292731.559661815,428.426280831765,15109197.06884646,430.7434274303889,5591225.067575497,435.86363967995857,20698591.423399266,0.0,13477903.366228778,0.0,69170943.51905976
19620838.77846623,0.0,14057744.939953264,439.39725191466124,9504806.057920512,0.0,15148607.95056954,442.1479623031351,15681652.984576033,442.16971451864555,74014974.42641431
16686946.236880327,441.6828416485472,9528502.058445975,0.0,10994465.378317125,443.99301878462103,15907904.990553977,440.12142511425685,10530995.959868932,440.0227304120674,63650580.44408229
11520165.12607239,438.9038314971424,14135461.478931453,439.1238226688833,5786796.885391262,439.5939326145441,3799191.60958174,443.4051306627998,8561164.407975283,0.0,43804540.53466956
15287732.151898712,0.0,4612517.544755337,443.70728972308655,4999636.8377358345,0.0,2936709.4353745016,0.0,13485423.84252983,444.24666665931136,41322907.7662506
5753821.854226542,444.8120226994292,8302583.980430668,442.74488442102313,14391985.93246661,442.7175263517374,14879961.42502771,442.76172932687996,16120076.231475877,442.5509196061751,59450645.01070981
21430524.080270845,442.8151936153295,13400027.870475704,0.0,21813483.82178685,439.84988090884184,2040298.4109015884,439.2736730254387,20488506.11201591,437.9797550857026,79174600.21395354
10768518.901078084,0.0,17581534.984242596,441.28088256793745,15197529.403367572,0.0,5600230.169084415,0.0,22045756.447235808,0.0,71194011.18589103
18556564.854675658,434.42184536064013,6351101.010215992,434.55058769898625,24358942.28008018,436.101941231274,11711142.657883506,431.7030892606758,15949457.371945208,435.2253631317041,76929380.17762724
23278231.87242933,435.8056143744472,11687927.94369475,0.0,14789796.100143503,435.4341470673285,6695159.381512905,442.79639686560034,10728348.807898887,437.79574926684876,67181215.93758695
18246263.19192593,436.55442939052216,7108216.580911585,437.3248205641071,15990087.65444822,429.2827064138903,8262180.047901758,0.0,9837175.320181826,0.0,59445225.95732569
13981622.873401023,0.0,12379586.330603939,426.2819949818436,6301129.641180944,0.0,12133335.395012466,433.09751387966253,14573370.0527688,427.513795213752,59370331.18627125
11341686.623138258,432.3613367542564,16662293.467882492,0.0,12525283.99402369,431.0194350601806,9025087.352509538,431.6280282328485,15560209.393827608,435.5937410007034,65116291.43392264
7118149.291130412,436.214857166629,11022381.612724004,421.2614832471811,14131545.351692002,424.81448103199614,9053759.559240019,424.99984589721385,13300721.048490249,0.0,54628264.15394403
16803995.110458136,0.0,9187266.118606145,432.96385799198833,21727427.04322335,0.0,3751008.6524498686,0.0,8070085.520723139,427.1607639417848,59540642.570082575
18781611.18733865,428.0244169176788,10471605.689412924,435.68442435900846,15538507.61490915,436.19964081656707,8985104.676906187,439.4901975851097,11791013.095298514,439.5924928480128,65570021.25503795
21474130.244943026,439.5387483118309,18854898.11642387,0.0,15168661.811591087,437.0249327454717,20844404.201201953,440.8432592078745,24450650.71919679,436.76183765452777,100794499.26213464
14648639.330763241,0.0,14656644.322835617,440.9989222910515,3184185.906039186,0.0,7043954.404848945,0.0,3764494.8311469993,0.0,43298359.79455628
24027802.778521545,439.7370924833018,12370873.585357657,439.160605102141,15999458.59207082,437.0512122498847,6457604.890131096,441.77869569396177,7914401.164458588,442.1770952209012,66772340.91524045
18478251.549327534,437.1257987402539,12542624.59755385,0.0,14552788.458724774,440.52937065354723,13020189.224636244,436.8671324665281,15181246.471060395,436.72337174458465,73776851.5469764
10322051.04526628,439.23553004995233,13926635.463533968,438.07143472618606,7911000.780728072,438.2849625417083,11083605.143588522,0.0,9072426.368178641,0.0,52317034.3932228
17560827.587902274,0.0,10720300.105511606,443.41479884775833,10460683.408578351,0.0,8335036.965795791,438.0261619159906,17185252.323176805,438.31654684403696,64263420.14847243
13249457.12081057,438.84566356558054,10688775.609966366,0.0,11964970.556016102,444.3410870506579,1563259.1508502013,444.95152149784536,10374521.234601328,441.70745540122823,47842753.51797208
12892852.080012837,440.14836703131704,4290051.198232441,440.4435969753638,7249065.9631714625,438.32685328113877,4032259.883909864,0.0,15083792.577733329,0.0,43549340.62187722
11419666.522024706,0.0,13382950.178784,439.8894762532572,4596596.9305895,0.0,7688941.836615227,443.3840379044381,18101628.438096456,443.86909244838745,55191111.0487165
16868526.335359972,444.3838492552422,10693816.850370193,444.27127288423065,5519143.308036719,439.28555812007994,16458049.195437424,437.4177467770503,5020996.176986335,437.7082769420821,54562734.932894625
10746653.431608314,436.79841497614956,8122885.2332084775,0.0,11667811.45497564,441.90873210895637,13787575.261804368,441.0807570689027,10582638.213759612,0.0,54908883.38326056
8759958.932118282,0.0,9068264.170760423,441.3644669391964,16299130.475291308,0.0,22653564.899795547,0.0,18043117.438499846,440.0728417802825,74824917.35377412
16314556.49419395,437.7192209670469,8904435.553127758,437.777185840681,16098123.850831259,440.56600330085433,11422133.633251568,440.34841766725344,17276337.025468025,438.725549674693,70017781.69325002
8770961.215310188,441.1523753344909,5985537.815772486,0.0,8577725.118655747,442.1270860733869,8095337.474638303,441.5573929052218,6145125.690247486,444.9164173688515,37576457.06789589
19941348.162019253,0.0,15074545.37899006,444.58737671120343,21611771.75856008,0.0,8529860.642146204,0.0,9134896.5421447,0.0,74292867.07123701
4291595.638698174,443.58010212231545,6888968.509130666,440.848085815851,3578344.413270591,440.2772527441527,5032543.11802224,439.4847291042572,20376090.27304739,438.74285502586235,40169744.88519388
10333762.22399742,440.61652778756553,7811483.587115679,0.0,7302925.4028126085,439.47667053841116,13662480.332098981,428.5878946830614,446707.6205032048,428.32200795003615,39559096.16962884
10224108.322199028,428.97409044681774,9708634.697501365,432.95938869822027,17135070.193718955,432.99244503249275,8518814.120766463,0.0,1512204.1801518474,0.0,47100126.44026183
8872733.798966104,0.0,6093031.690213327,437.04030160263846,7259764.390068438,0.0,11603575.64362338,436.6747779553696,6103566.1200487185,433.84686000363325,39933979.20485953
17416307.110467028,436.22279655332005,9678658.164593102,0.0,12091299.346660389,436.56720913404354,15514432.38444747,433.60298455194567,18778278.12913871,436.27318058782265,73480717.80147754
8842941.9189379,436.57743346759986,9178491.93889744,440.1300846564641,22039814.153714936,440.37741024476105,5220773.0426212475,437.443028018295,10077778.613242386,0.0,55361554.195370294
12491034.345243674,0.0,10052418.985364363,438.02673372471315,15928672.645291207,0.0,16378137.10131549,0.0,19625468.050636582,438.351094404827,74476607.50567944
23512166.666610975,436.9720986866523,11953540.05172804,436.6770511078918,21166133.082507033,437.1568364969276,23531885.837834083,435.53324358452113,6283433.199769783,441.1827307115975,86449346.36041048
7612256.158467169,439.71951653404386,14818884.569526855,0.0,23640885.944996882,435.69253302591454,5103507.168550399,429.06496438677067,15834250.89651823,428.8795090841,67011518.094582565
11925007.96123729,0.0,5880070.4173200205,416.845005694887,8448393.289265621,0.0,17648430.558530435,0.0,7924050.976842383,0.0,51826370.04820144
13488054.13355398,435.7215758441721,12195254.821009826,438.70929727312705,15110808.89838377,436.9721935298891,7668606.869030633,438.0750569552909,13361842.902566103,437.80926823964336,61826754.91193616
6082594.437736497,429.53943154668815,13793774.703442728,0.0,6290971.424745201,434.67612162069383,14769853.530916654,434.63567639311697,7349669.719445357,426.41363394524325,48288589.081149936
1124385.3848266443,434.105143498835,11447645.43326049,434.2502763045847,11408656.024967203,430.04636325595015,16854139.073570877,0.0,7624812.751198225,0.0,48460937.0696065
3393377.5781764127,0.0,13653745.189910483,435.96047727144276,9223344.790867202,0.0,21337130.239248995,438.2156075569474,18105216.84206034,438.3828791527372,65714127.19922741
10472783.250666384,437.6763044911658,5836311.948312991,0.0,3035120.613498288,432.757807796221,17211351.80756125,431.3381177759605,16896279.46182841,430.1197724276873,53453578.973869815
15853069.073360842,431.2180139218114,1590949.591704614,431.86181217715193,2154421.081712106,433.46005718419514,8569800.996190742,435.48218252231794,2793247.3962033633,0.0,30963220.16123747
4108610.121369393,0.0,9691265.212685453,431.992934533284,11802648.382353017,0.0,15119651.45673987,0.0,9003214.795834241,434.4101282516579,49726256.372044764
7616777.569090473,438.0877352288951,11945853.671012197,438.73033002197064,19890448.997929953,439.19739369794627,19328392.633305438,441.416820034914,17764269.29406755,440.7597756165717,76547940.35746022
21783202.289678507,441.7448658056303,5552189.09081849,0.0,5148740.546005315,441.78645112617625,13878008.382021554,442.4984916816656,18899191.63715344,443.2785066063553,65263101.25399253
5467489.3952491265,0.0,5943839.188605852,434.78905150111984,9520342.06065638,0.0,14112944.883799402,0.0,6462944.408912566,0.0,41507994.72627483
11754890.902640626,440.33406727232125,5776084.751136375,439.5978680245164,19189212.676705044,440.4486075524006,6073884.955218048,434.85948636335064,10342302.605666969,430.2539765988139,53138561.38537288
9850276.114496592,430.10065974238387,6045063.640644628,0.0,17056648.6513438,432.3857582825406,7919387.516587067,435.0497745300657,10543233.975526359,440.58808223312104,51416348.02287323
13347021.435918262,441.5936155708198,13786238.209370982,438.853603344874,13068705.460657286,439.2788487134081,12700328.524071071,0.0,10224153.66244682,0.0,63127767.018532045
6499179.956065065,0.0,3395856.037194017,442.9228430438618,15464566.230143355,0.0,18102553.445370737,441.77064972083036,10517029.129156552,443.5917327008855,53980513.08315519
12214112.41115131,443.45767598076446,12344537.110785555,0.0,11551464.962280326,444.73086070894385,15933262.90376008,437.5430411157895,15055782.328026425,436.9750388461389,67100922.42262035
11152443.962130038,434.5051019009731,9379966.696956687,432.38510824414914,8364109.233171856,431.82198157588414,7536825.749006792,439.01073613444646,4137381.7125486336,0.0,40572465.07674186
11367772.973052941,0.0,958593.2570743818,441.3404718891415,22095914.30887446,0.0,7550999.396251237,0.0,5163676.291093384,444.3423619514846,47137841.90918025
19757231.446851697,444.4226954550371,9144201.952474527,435.42407038534157,11661120.627652647,435.35006344502597,13401752.533422941,434.6972387092428,7518678.281481481,431.79419713509253,61485166.53014842
2662943.9868515236,430.49943740962954,11491292.549877029,0.0,19375477.265779257,438.78884991480385,16130519.414413905,438.37428822579415,15570213.95555486,439.89591597590135,65232194.730968095
10936562.7196405,0.0,15090047.353012988,436.8716828014423,8622957.74999767,0.0,1644700.627041544,0.0,8269189.43674303,0.0,44563894.758118525
17518765.589407586,438.6157259896145,12379715.475426111,441.29635876666396,17011137.53028889,443.73144503118385,5970795.045684921,443.8741812672356,18142375.787940927,443.61225873919705,71025000.55871823
13605010.238587143,439.6281058418268,10208297.344011787,0.0,9106830.661198959,438.54559759901315,7617080.300934789,435.45637392131715,9137248.835539559,434.67077228397415,49676215.681121886
12533757.222764583,438.5434960042921,8868331.027664034,438.60607483944955,11610419.625072664,439.1025606352602,13247965.965546478,0.0,2223849.9122736594,0.0,48485640.0054529
12179410.04774694,0.0,9205691.456140332,433.7801173960342,13475845.288780754,0.0,15005407.700891482,434.22442620065635,7492162.646352645,434.9404676904385,57359820.08492344
15444240.479799377,441.59206581638335,7142524.19254935,0.0,10983314.583619917,439.1663529139736,8688601.716148559,439.29677287167226,16821730.04377623,439.9333085389107,59082171.00439357
11868787.004629409,441.5346357140523,6529053.7817823365,443.069642316387,15124998.048962452,443.7601023092315,11784081.466411207,0.0,8727205.357389677,0.0,54035454.02355541
23296495.972446408,0.0,11970092.40459461,444.1889360598034,5638646.46933681,0.0,11752542.48214585,441.2789481194202,11116793.080656411,437.4483507572528,63775893.32541502
8876865.662554475,435.9357446728348,16973037.479529038,436.0310089070257,5740696.642685745,438.3980572799306,13870033.934048371,432.53643417914225,18175831.882883046,428.45326879646285,63638636.9562145
8834751.432510758,429.71894586128377,24183306.448515534,0.0,16108164.103028113,429.4550438304122,14377006.223232009,434.47500210410914,13841648.582539808,442.3419627326136,77346612.78078075
21147416.78679456,0.0,7076673.160784697,439.42535208316417,4996853.0491893925,0.0,4079849.451333558,0.0,11961189.765919853,0.0,49262421.63937414
7251066.230159282,445.4571627706298,19217746.424147923,445.32818209990626,12498484.886064842,445.1041954538601,7848376.7010680605,441.6437947480945,9423161.896792522,440.4455241068866,56241054.117091805
9792813.617589118,437.62521536011604,6176839.155996419,0.0,18320524.72634813,435.70941133543204,13460366.887240877,432.35613708925956,19732510.502866838,432.2756510869019,67484792.85645625
9446525.916599344,0.0,8881865.197708696,435.46890107185175,13437504.461550443,0.0,9357181.05689727,0.0,18749022.328013543,0.0,59872534.42967036
14427200.718628583,441.4787694960702,14771032.572669575,441.78237949031234,12637116.885497054,440.60331702244025,18428301.904961962,438.99092086952766,15539896.81342474,439.67409449582397,75805751.42466329
7831438.521101025,437.19775232294415,14359803.43577577,0.0,10330519.355887882,437.8774470484042,6862966.891443404,439.66804533420515,13356341.653196234,440.20072075806854,52742824.801369786
14964262.848065633,443.2820202535291,8866060.69095159,442.61065783526243,18447397.675131332,438.8140986100607,18245524.006024458,0.0,12616194.94870243,0.0,73140764.87565215
15566814.60390987,0.0,7008804.2338013435,434.9277830081275,3650854.4550268394,0.0,3143857.238311543,439.24415476631503,20861371.22731487,439.6092907110576,50233015.53959296
6146913.639499872,443.3363912824228,12156178.281474978,0.0,8187897.48112119,442.95890025170297,12860919.049054576,441.85345000703404,7212337.0823787255,434.7216432337377,46566008.40391411
22759073.291316267,429.51991222139566,16189114.729123764,429.6673132522587,15242122.684095802,427.4854731467141,18755811.431202915,425.67226296432165,19153405.838479258,0.0,92101240.3191796
6113163.839227768,0.0,9057066.568231363,431.4687373287533,17759955.723694485,0.0,2927335.7994283536,0.0,8309021.69941975,436.3490148982778,44167411.44775395
11676447.527101247,435.3068572855619,15271548.636682887,436.01627752354676,14475680.009715341,440.8724135288128,9592105.183721801,436.688133065354,20180184.55470825,434.9742971274963,71198149.76990806
18192782.741172396,436.36017478977607,8586005.52400187,0.0,9992141.289656896,431.67087738542773,8653138.258400554,435.8419373505306,11619962.30931073,435.4756829878901,57045769.47121495
13563324.725294577,0.0,9617948.821274897,428.06464219330655,20551133.558472477,0.0,13355894.210159898,0.0,13433549.982032655,0.0,70522279.3618767
16558743.878632028,435.8524108136006,7213034.765442702,441.0201751580497,15345567.276334688,440.712884256676,13081262.98724817,435.3670093782924,17644634.112895895,438.324849213743,69845434.2978823
7236923.294975449,438.7009803334079,14821452.587514156,0.0,17742891.58299352,438.65901805650697,17853878.400245406,443.74376818519545,15682276.591785554,443.6763904100985,73339187.23767106
12048981.981053457,444.1777641284146,6185523.9049172895,444.50325429226785,24982948.461537443,439.0047052122797,10768630.883464929,0.0,11789260.752355525,0.0,65776673.669052266
11109304.123885982,0.0,9751784.307091817,434.7445484339279,3652412.265095818,0.0,13975858.656045157,432.5220308964269,7289812.237894088,431.28923667389455,45780470.145828865
1920625.941480814,429.449089381018,2985958.0430393564,0.0,20065278.887714647,432.1663421017382,23487537.880645946,438.6529012196121,9419465.501647515,439.2130115539433,57880605.73587254
8099215.5436273385,443.596130977759,11657526.65530638,443.61900342354596,24993028.621369578,440.3510181744929,9452261.937531468,440.2427859904515,19974374.42632191,0.0,74178174.99309523
26816776.480773747,0.0,5650322.857033122,438.2223799101687,15488869.814042022,0.0,10474394.76862878,0.0,7449468.214308426,439.60833079858617,65880709.96549681
7028551.034052654,438.011009528799,6268784.641448224,438.18747114776244,26402420.498946216,440.23383321955384,20835311.710858453,439.5166784699767,11541950.106787445,441.31454468733386,72079215.25563005
13753054.764468113,442.34448964956135,9110407.564495107,0.0,13416526.41599932,441.8362862738523,9877390.018409174,443.03444451412935,12456998.01957058,437.3360304257044,58616141.33419316
21572050.703899212,0.0,1290101.0169601752,435.5024359389797,19929698.42018691,0.0,16105069.608877352,0.0,16060372.117563387,0.0,74957727.36992298
10536425.523527289,439.8570882685094,4874937.662895182,440.8432592078745,13656514.51435559,441.6022362784144,2273223.9403759413,444.5741231089049,16278973.530523583,444.3256907491163,47622286.3740752
16773116.49700672,440.0626454523139,10728921.587042626,0.0,11108646.586262383,439.608906745566,9315531.977049321,439.69886898966485,7636610.139190564,439.762354368439,55564585.91932717
16555133.686262468,441.7746242010487,7198893.4851891985,442.20526069092637,17604959.140304796,0.0,16518069.325187359,0.0,12284006.068545273,0.0,70161945.68537398
5188447.801503998,0.0,7176041.362835549,436.5227199253781,12761521.317939397,438.14999334047747,20027976.54077517,438.63216258924814,2371666.3944805907,442.4953794682449,47527409.21779003
17494877.840569437,437.3643426345885,19557857.484715037,0.0,7371460.339158776,431.4662406723555,11899269.439406412,431.3213916150885,10343420.817601634,429.19219770675784,66668615.26562393
13055806.10151633,433.7391846134059,4447340.4086788595,430.1256535956789,21559908.20300357,435.4277431406479,21856111.099788792,0.0,12895094.506373163,0.0,73815559.61194207
14405722.839993985,0.0,3920635.646936485,432.53373929845975,4951128.922020827,0.0,5579027.590507186,425.7725482134825,6711123.277024989,426.06340839989565,35568922.646179385
19136145.718203958,423.5847961349258,13543872.766321462,426.2432771809584,15478574.809555445,428.8537463191188,14149209.396105306,431.0562566520666,18399613.894651655,432.38241524877714,80709558.70532936
9377623.97050069,437.04912495348964,9349464.967136845,0.0,18125911.573472537,439.2796154923689,16402762.783463173,441.3542106711184,8905134.651785193,443.2449345645094,62162658.87424412
12421986.481919479,0.0,12569213.484408613,444.55988863843527,10110369.831371263,0.0,11806277.503626727,0.0,11908927.450806571,0.0,58817219.31202129
18704184.363795847,440.51269517681527,14368503.970181225,440.0892915695013,15172460.115878554,439.98888043848837,15731464.704119515,443.11947480660376,5472642.566145506,438.3368738930081,69451457.76733653
8857310.693013575,436.6755356702474,5151322.540409761,0.0,8672435.391949115,436.0842768303698,18070571.44541291,436.24775079307295,12904931.000248136,440.79345478621383,53658320.87205158
18010198.128469512,0.0,15319343.455840293,444.56195012598675,3982633.6951389,0.0,6255805.669218095,0.0,16070871.84900256,0.0,59639297.35961948
20032618.980153486,443.11177002961614,5478529.11590975,443.45845741775184,7737279.66388209,442.6462749409113,8740799.87522754,435.553878665049,13434349.238832954,435.04930447765,55425776.69369135
14912686.746432638,433.4001509488552,4847567.389801328,0.0,19015821.573605035,433.00501707595254,15785042.895098599,439.7092405370165,18181371.66255942,440.5339975991552,72744236.91590318
8328955.560716932,443.77858968466785,17226492.917929962,444.0145612246743,8814410.17822783,443.3717347221023,11016556.560048856,0.0,10275825.061336342,0.0,55663571.44314556
13825394.291673364,0.0,7502863.198965553,432.5390361647685,23598016.539732475,0.0,13690968.742100952,430.3991216143415,10559493.69706653,425.3680056488509,69178024.77570231
5987578.862038288,424.6235459671786,20376688.525109004,0.0,11505085.196247531,433.174018930195,11242803.096611151,432.1861954820719,12122205.887985645,437.03071965740276,61236088.58247166
16814927.60890462,436.47066959805557,5298225.845727078,435.17823090667235,13816527.412772475,434.93107155842245,18529333.932860997,440.2343145420604,8669022.22994997,0.0,63129783.84450175
7815844.729256445,0.0,17951923.366225634,440.59377105018166,16036749.40679579,0.0,16048935.56304487,0.0,12183166.662753062,440.5648463872546,70037500.88669324
9541976.88213101,443.3815967425337,13358521.196287775,443.23898191348275,11784319.825520849,442.6949414545654,15393798.65741578,442.5257254166347,14034898.140875163,439.87784678410486,64115726.42132288
19139106.18855494,435.95670112067,13880166.989607258,0.0,13385057.31252028,437.23278843182294,11684048.391528193,435.6333278444581,14536857.360001143,437.4997788886105,72626982.56480809
11280710.528513696,0.0,7210420.95967366,440.55925472384325,9202118.309245981,0.0,10462988.2995208,0.0,14970981.218311764,0.0,53127659.87452063
17172628.92506235,434.3346852093517,12055736.679380827,435.6670765969482,10292537.400928292,435.9561347036962,16457211.902675468,437.5010148335195,10974649.091329006,432.1650433460311,66954939.62333064
10968067.628129363,430.93132872207104,15017833.58467839,0.0,12141599.467771675,424.5838752407081,10881834.991076902,426.4931261693647,16298995.265830362,435.2747641438046,65310048.220580965
