56610114175.6745,14241397819.877245,68467577709.23724,13054867626.800434,68398867331.46143,15893849498.743183,69160795483.02606,15800824871.922655,71867219058.31157,14427993764.544235,407923507339.59863
927462.4790968758,438.2850579557062,2680587.730576235,0.0,9255166.213489784,437.2627017484723,6753603.497750435,437.453768678145,1720479.368519403,434.80567207153973,21339047.09663319
6733241.4016362615,429.8838313924923,8623375.088668428,430.65478903804257,15388920.000034215,428.5254053478781,13442585.0297056,0.0,10387558.929536507,0.0,54576969.51360679
7418811.692310251,0.0,13969133.940401064,436.3215904714576,1150740.9012200155,0.0,10500078.647233622,439.3730867262037,2484309.682285531,439.3558275045812,35524389.91395518
9000585.324174315,443.74376818519545,13716175.103694085,0.0,6389999.173016349,440.25934476281947,7797611.1119836895,440.3194289069907,1732327.6191889415,440.26030752045915,38638462.914906755
2218853.6242342824,438.3558665954242,5303925.687383657,430.49547911153877,6183126.1251869155,432.72078795075845,19659836.509050846,0.0,7508095.291380444,0.0,40875138.8093698
11937357.567411723,0.0,17730096.407459274,442.50578610341705,4215116.5728055965,0.0,1323888.289767412,437.19044197307755,7800099.633152853,436.6180515223661,43007874.78487645
5717829.291059012,436.56086650114383,3233574.4961679312,0.0,4786052.84757698,437.85373441208446,8218360.356269243,434.64515360183213,4557420.979166923,433.9052064980199,26514980.935201097
10395765.918687385,432.0656189439934,6157538.680999408,431.98644604294316,7211410.142283367,432.43080141632987,10717129.708393397,439.7715761598836,7229614.044420366,441.5451908855003,41713636.294417374
8453734.242542494,0.0,14930213.34820826,443.89620153973937,9821107.396224884,0.0,12327443.601047115,0.0,269754.74741312733,0.0,45802697.23163742
5119211.530897882,439.8058730904941,13876391.992418813,435.56650566031857,13558174.757517466,435.2826693464834,11827784.248920994,435.28502214082215,4332097.033210237,434.1571928813663,48715839.66022851
8808182.67170179,436.6974158215855,17226046.175331604,0.0,11586528.953338873,439.74420009671786,4518375.585739056,436.1319834452042,14447076.706578037,435.85429797758275,56587958.5205867
13770093.019797621,0.0,14642416.329704836,432.6429553196665,12448025.071176741,0.0,9266338.53986098,0.0,320892.5799874001,0.0,50448198.18348289
2145702.120361205,436.0724698737116,258810.0134296513,439.4778217440097,4014977.774773726,438.17154468041207,13165407.151114281,432.47817648493026,10008631.479331162,431.87181729665934,29595706.61084011
4735193.819567413,428.5431012077444,9493630.940187095,0.0,12967404.028041169,428.2047616120577,3305189.8319295826,432.9709345624958,7310201.503670149,433.34268638700206,37813343.18487918
7955660.342866491,439.94744054555895,18593955.855951417,441.5718231480724,14432950.77377407,441.73672414190315,20766146.02098577,0.0,8843600.818664683,0.0,70593637.06823027
16655812.880895443,0.0,7803798.243072285,443.1983910479146,4639746.887585888,0.0,4334710.056260539,437.73225934591477,10645786.986622697,437.93650172149614,44081173.921588965
3940993.97381259,437.7820407385775,11850337.851930127,0.0,11024219.30577865,441.85063777861666,15050632.806754526,443.0534564828447,4327774.142358532,442.61318782303965,46195723.37995725
6384826.808421184,441.07573209886414,4734600.238941735,434.5866079523378,14580217.896595068,434.7250225377203,7528033.856646989,434.41800207923444,9128473.758699298,0.0,42357897.36466894
16231732.37605304,0.0,6789661.734424507,441.5145919610659,10484142.224551465,0.0,9670234.815755853,0.0,12079826.734412529,424.7704727938061,55256464.17026215
12220790.007863702,421.97959632387574,15804948.527312677,423.2150891041239,12960843.155258015,425.81253144790765,9213566.463530036,437.39018785089246,5633156.504747802,439.19691464016677,55835452.253031604
20169963.900331303,441.66840414889697,12340344.501039151,0.0,14110001.669432841,438.1116638950098,10037021.148034286,433.07496821739943,18867790.279325258,433.3248717362065,75526867.67807084
18528706.82583291,0.0,11653600.465333965,430.5693179575018,2390688.7870202847,0.0,9637093.72160307,0.0,9521972.473016463,0.0,51732492.84212465
20327528.520206667,429.1211170254602,19148850.03473468,427.23482312416587,12579247.96561837,426.57056924711657,13890387.925387155,422.14018822491374,3359806.585175553,421.5927315537755,69307947.6905516
7049391.004213267,432.59861161278235,8702943.814242803,0.0,1145409.4937478493,424.16567960569813,3721529.4299323307,425.50600522502236,10555034.509012701,425.41483455704065,31176015.93627995
11920043.57395857,425.5131998403004,13393984.10097499,430.2535168525759,8655579.782445557,436.09192807967923,13470220.165204346,433.1270503856215,17833752.172452874,0.0,65275304.78073149
19992404.476072002,0.0,19299256.724700432,433.3978184864854,4783990.448634228,0.0,3502284.945235656,0.0,4842594.150721646,443.39780656093626,52421407.54098901
9379568.415547736,443.7137439204039,10000436.429146543,440.94637854090337,14207879.937464159,440.6383224599998,16073272.221081661,440.46971104146496,11565960.320149759,441.8686754513686,61229324.96022126
17103917.830130287,441.9248344098295,19203428.87660009,0.0,979693.934459624,445.0794968812073,15489168.44685463,442.75491331462854,15098190.685881432,439.52598591563134,67876169.05915658
7930558.905482551,0.0,12650823.712065276,431.84495274678676,7865983.670193015,0.0,22803181.270434104,0.0,13429719.319217794,0.0,64680698.72234549
13838003.999768747,433.9943461002362,9538699.624063909,439.03151057919644,5007075.917497608,439.07785329103507,8458980.312143046,433.03854609466094,10545463.494290726,435.9383877173855,47390404.42840782
4504627.804957411,435.85401490194363,13529969.394015186,0.0,11137035.823812148,434.25243061884123,11269123.563178347,437.8622097180827,14133199.213450707,437.04162982622455,54575700.809698865
9804538.711701674,437.91964094027395,6072157.608069787,439.5256020956467,7643693.594407437,0.0,11699665.328625776,0.0,13633309.591375519,0.0,48854242.27942322
9081668.94245361,511.03952836966306,11978751.104493607,939.4800127070961,1385008.052721857,432.1970506715773,7006450.828770763,434.61428381766746,23551796.87477514,436.4765364687273,53006429.61062702
8316473.196326753,436.99419827365597,14020363.35276226,0.0,4676583.738961906,441.137295872219,21252920.01399272,438.09450363028577,4740877.244638166,437.10340114018334,53008970.87608072
10848168.752442012,436.1398253331491,13637819.72981949,438.02292169476164,9505129.07969345,437.9383117130306,6641771.8706206,0.0,5243602.191620535,0.0,45877803.725254826
14002061.28957675,0.0,3317439.10339072,439.2755899326882,2699874.546122672,0.0,5774566.846834877,441.8901092244064,19970150.221605986,439.09049391046875,45765412.263724074
5746860.094970572,439.29571846893043,14863944.206181651,0.0,7657204.778780282,437.1772459864482,12921970.22025259,436.99448283227053,13407245.263225313,440.8066769559061,54598978.83753465
10031376.278428625,440.28919220775754,15239779.141496753,440.081980400249,7232462.361473274,443.91323204863926,8781293.775848886,437.5868825607167,6150149.28351823,431.7593790177217,47437254.471432
19302339.630698826,0.0,9436959.713552233,427.68498756308475,11348642.379236069,0.0,10061010.783660857,0.0,10734068.24825628,0.0,60883448.44039183
15109749.247874836,429.20866763341337,13752051.249558978,433.2239807831474,11779399.86035259,441.3262502482543,11186607.445058044,441.7907167299604,15232976.365460424,441.27914156350874,67062970.99706183
11697994.297521204,443.80666605237064,13600710.006772732,0.0,4253018.710583189,443.5480478862869,20827183.986280818,443.944262254595,7249333.670742679,443.3322910271531,57630015.30316784
3494589.5939705386,0.0,12496169.942904381,444.24392191077766,6965697.301516933,0.0,16807733.811697323,0.0,8834485.766807,0.0,48599120.660818085
20218216.784687884,430.66547530910015,12444366.045936355,426.31719908691656,9756508.419766692,423.9207808713801,21608070.88877001,427.37648635940525,8904816.51340512,418.9865361382785,72934105.91904384
2132425.1914397236,426.19834086156055,8786918.713090215,0.0,4368942.303718951,432.16337352873495,1912030.4894490081,431.3948670148654,12227825.347503878,438.0328331106471,29429869.83461629
16113608.65640401,440.0606254811503,17770957.57590937,440.5911676749904,7396828.352513276,436.9769357442245,16220631.184936898,0.0,18613569.717023775,0.0,76116913.11551622
957029.6690384086,0.0,7463223.087719869,430.15083416446384,11104492.452063281,0.0,14198312.282371344,433.65313882046416,11823831.63277505,434.2736002350333,45548187.20154117
4398356.449607555,442.0808740846369,15987113.109662449,0.0,19622688.427675746,443.1549787597658,8546714.085629083,443.37681214317615,18118366.22197595,442.89176059549527,66675009.79897637
12794089.100083675,441.1374891921348,17687710.72453817,441.1930756957077,13433003.137871131,438.4030214238181,17042480.093420543,437.8982096178717,2860935.8631303897,0.0,63819977.550839834
12243607.14923996,0.0,10125349.011714512,432.63412303881785,16740658.08002867,0.0,17686655.90619818,0.0,5830522.075482958,424.6858878622959,62627649.54267518
9760981.604495518,427.01543967024253,16633759.415175535,428.2875653036313,11134890.75260374,438.9845076162365,12915497.579205465,440.6740086582209,11563228.959594354,436.79888881584554,62010530.07148468
12623709.867977364,439.59623626061097,13905135.1112354,0.0,14431789.57313381,438.860299767607,13451976.305567697,439.109839297866,8028967.856572309,443.17468395780867,62443339.455545865
321989.66295230965,0.0,9423223.173852844,443.38511202419204,12791900.070901964,0.0,9086153.996216908,0.0,14416747.248778585,0.0,46040457.53781463
1014283.9693862725,443.32692175994055,15330554.607783683,441.9348261864811,19730194.502345927,441.5472245086215,9985812.491999261,439.646730567528,19618471.900237236,439.83748480270555,65681523.764940195
1782689.9115476385,440.4315527854108,15193359.675517505,0.0,2219951.6297262106,441.63381612691575,8757898.293387558,437.52468928006164,4066821.74780172,436.61890373033225,32022477.466942552
6001553.3443477405,436.8662792892845,12673828.757778265,436.90040897851725,9932308.278910961,437.08783805787556,17395210.0692607,0.0,15463314.93541717,0.0,61467526.24024116
5390869.859245905,0.0,14416063.156666558,441.7778232248769,21015706.520760454,0.0,18290671.259519227,440.199180764809,14875384.895998657,437.7160804517207,73990015.38527524
4716833.067155769,437.6389140684609,20981367.228091445,0.0,4091929.552818444,442.51891666862656,12025112.679971213,442.11193990355633,9315875.771982731,443.43970369012925,51132884.00949393
8648796.692636793,435.1818054481975,11209689.847955188,433.3926871576424,17249678.076875735,433.5338896678165,12534264.07340556,434.10280344209053,6404690.261141363,0.0,56048855.16320035
6753483.199296012,0.0,11532545.592188586,444.72241213143224,9218161.266563484,0.0,5184152.305096902,0.0,13393988.983286835,433.9091342296156,46083209.977978185
3846253.102903814,430.50155466872116,7914631.989628358,430.8588409951375,10703522.477246739,431.1748852493845,8003663.0151584735,430.66188245189437,17701607.48390959,439.3083716359053,48171840.57438198
6497175.143245509,442.36033213291466,5390203.167060786,0.0,15809922.751445275,442.3093097876295,15614407.581037132,443.5242056667108,17472651.13069577,441.5861574773824,60786129.55348954
8579893.491882795,0.0,10150083.40986474,441.30119530138774,11620784.966227617,0.0,14523546.18882438,0.0,21052415.190508146,0.0,65927164.54850298
7277652.339239886,440.8861231847877,4668628.277227031,436.6018602030657,12290156.216688596,431.40910287973077,5422192.8414258,431.1725766772229,11366349.566460768,430.69551025542455,41027150.006215274
143684.12666280605,434.12302236505633,3787160.4884405024,0.0,2116203.1193756945,436.5733626107499,9739581.749330027,436.9009778518509,15566117.559520468,437.0921083054985,31354491.73280063
5769690.307413139,438.0484635624672,13749172.68912784,443.50280848011636,19655247.841115445,0.0,16196064.495786196,0.0,5321674.278424907,0.0,60692731.163139574
21071157.55198703,0.0,5196676.872538956,435.53126498090234,19685975.900414996,435.4952763764311,16660077.24025941,434.5372692216875,3975269.475494506,432.117829599789,66590894.72233506
4819420.586242179,430.86907633272483,16391158.331254808,0.0,10884445.590893319,438.07620082955845,4670015.798445257,431.90266933368343,13245881.728736615,431.0992692836839,50012653.98278796
15561839.323601544,432.7783667773298,17604323.0406557,432.78711191346605,9493851.08290876,432.416776671737,9146958.478198487,0.0,6127454.702068012,0.0,57935724.609687865
10220174.397336408,0.0,14988036.156869134,438.4546742829665,13361180.816351252,0.0,17777371.575762834,433.9363497517643,6726675.368836811,434.55555888917837,63074745.261739366
13091106.907648541,434.5903604054777,11621700.60889535,435.83221918187803,13762722.877753293,437.7110366880804,6181866.708796397,433.46612338050306,8270083.7663061535,429.9220199266987,52929652.391159326
19203742.80981916,428.74415213146926,18922542.092154548,0.0,9605863.381610703,425.2488676313662,8397325.759249281,431.586205299856,13775180.062898524,434.6407433641845,69906374.32570064
7072493.182553675,0.0,18471830.01199792,439.1000706218694,5126739.016708479,0.0,12305766.751563195,0.0,19633557.68408537,0.0,62610825.74697926
10761095.877418293,436.70518332904567,7825223.664123257,436.76231141486875,15624751.727814727,436.93625089198747,8223596.169260329,437.9585084228985,20602864.921971634,434.3294379725513,63039715.05228028
3849919.3247674694,433.3558384564668,16240597.09107567,0.0,5805160.983706767,433.8598557008508,13950757.470328225,433.64762782137973,1580794.0162391956,437.4850431603587,41428967.23448247
11680999.422047678,442.0841746206055,5307177.8356514685,442.1627225016823,5655442.583778315,436.5319009981882,17216076.665794708,0.0,8215566.310313484,0.0,48076583.59638377
15425001.254681244,0.0,7128917.071046812,435.3257765743933,8912116.712564837,0.0,7522397.4580019405,442.63790537902213,21412013.395027097,442.2972605138275,60401766.15226441
8209406.060939458,438.0295927907198,17115824.75215638,0.0,19051020.275396384,429.63045351075675,16717049.28010296,429.85354242849905,10284949.4095173,430.19127628350157,71379977.4829775
22645517.210736625,432.75306369335294,8067265.363689051,439.862181611776,7844674.234088084,440.690021101295,4553602.321812009,0.0,12197358.46535616,0.0,55309730.90094833
5876230.039455341,0.0,17201864.072345857,441.9977944742425,5219680.560831981,0.0,14562681.104121465,442.2141966932107,20478765.136817094,441.6670476538139,63340546.79261058
12099461.051063646,441.5037477905799,10393146.715605589,0.0,8509118.883825522,442.56570672123013,8884340.247559087,441.28078584510877,10585391.960187407,440.33387465593205,50473224.54235627
12286173.106265515,441.2852351391125,11936801.908777097,441.2284650104704,8267946.03830334,435.47822626086526,10341344.043424074,435.59421223033723,9370875.816621196,436.2707225600183,52205330.77025243
5866393.785069559,0.0,12607206.800766297,436.6818816355817,8998421.614109127,0.0,19491269.10430416,0.0,14697117.604589859,0.0,61660845.59072063
16189132.183857836,437.986520150919,10050978.13688959,437.8307860732092,2860036.891418741,433.09080583401453,14448081.340333784,432.6726158277945,9410492.853202587,435.11173632901944,52960898.09816675
4221277.8758558035,433.56563323124817,13451620.221905135,0.0,15385592.012570383,440.211597267244,20790845.85929197,440.35987939276424,9468042.300433446,439.8530521179961,63319132.26021873
2327814.142757416,0.0,12242394.20574071,439.9712843563336,25318870.526239112,0.0,9575791.450535813,0.0,17398267.09981021,0.0,66863577.39636761
14221549.136902299,432.7869258430599,1583162.6891878513,435.5290037416367,6866129.103195804,442.86146184371455,22165809.288088735,443.6905683579998,22712244.187576696,438.51684570950624,67551087.78975688
3597540.087938454,435.6239960117432,7481492.993649726,0.0,8582254.330619453,434.84304952106623,14709310.74591102,434.7307487005146,18473918.8749373,439.849016041554,52846262.07986623
16808849.74817651,440.6961948841339,22662929.685934026,440.750415844428,21004722.494005937,440.69783482427715,6445617.025826763,0.0,21839712.23093208,0.0,88763153.32932088
4297754.619074111,0.0,15132773.712786725,440.8792682502208,11067814.939071229,0.0,19072447.58594439,440.66590641956446,9568597.786547722,439.05602120798824,59140709.244620055
9979070.001461364,435.78599305172247,13399693.665350173,0.0,11510165.160507921,434.8002256429572,8405997.969358634,434.5889532279564,23502640.94843746,436.399333500529,66799309.31962098
15793011.910023168,438.5831431169405,16683075.74453453,440.810827143529,12732670.74295014,442.7562765002903,16342098.588702511,442.3279680230112,5747240.564697704,0.0,67299862.02912284
11476356.409609923,0.0,7636480.147385012,439.28344942732684,16600014.31764251,0.0,13678136.200976156,0.0,17425116.117824964,441.586448047735,66816984.063336045
3211722.9224831364,439.88611229401226,11006837.170966495,436.9596745785784,23868921.26693663,436.26419946667085,16656654.96286846,433.4350475832891,8746753.923356844,430.1799701071889,63493066.9716156
8135754.8913211245,431.26346074382155,10484606.366898863,0.0,17578583.754279014,433.74684724066367,7940755.30620833,437.52811230360834,18760088.141837724,441.90155435296754,62901532.9005197
18213504.83801019,0.0,12655284.239704788,431.17811729194227,21918024.52137813,0.0,17034526.34056038,0.0,23004346.01259805,0.0,92826117.13036883
2477456.272305985,426.13176590613006,7802345.76392321,433.75077210581776,11531544.055860568,439.1972978863068,2825912.8841791423,441.8761430910169,18546141.607786786,438.5057662534991,43185580.04580093
5539163.364999531,439.04328682880555,12533331.083910862,0.0,12749757.855885554,441.9176561307482,14528025.678532537,441.76764467350813,26224431.063987523,444.5264166828402,71576476.30232033
10328790.03102517,443.1921469592185,15844714.555907363,442.656883328815,4791368.048245386,435.6211682625793,21163275.940534353,0.0,13650048.12793033,0.0,65779518.17384115
13948791.139733894,0.0,16560637.393454546,428.0185930699485,13525717.552289626,0.0,13260100.067682074,435.5421946350366,13657659.278274575,438.4869515635015,70954207.47917397
11175390.45674093,444.44849857841626,8442167.479531564,0.0,5735672.106039796,444.67997762095166,13219324.873385254,440.97168297513406,15641035.538115341,440.76160902056137,54215361.31558108
15899100.921143312,439.5746405265291,12843300.527205555,439.40454035036413,9746091.741282644,436.8239090120296,11242330.160486817,0.0,11108418.061968157,0.0,60840557.21517637
13402214.893290848,0.0,17484184.072302584,436.2069180689311,15262745.720140407,0.0,11027522.419596959,437.6948593626283,10395602.905565806,436.86220304400445,67573580.77487709
7232764.1365580475,430.3067619984799,17855552.976174742,429.7913257663333,10382464.84601298,430.06170452831685,17294616.957777966,429.2093081560956,4486004.554531789,433.87135613978336,57253556.71151211
11331843.341286723,442.3846326253477,8120459.270647867,0.0,11738238.248647185,442.43567235076364,12004334.342817223,442.1450492224941,8687683.168938175,441.0146685368067,51884326.352359906
4217717.014970271,0.0,20448002.343530357,440.83814311880803,13556608.995677121,0.0,10729167.343117721,0.0,16495640.586935552,0.0,65447577.12237414
15048709.397396408,438.0022425885581,7504226.249611879,431.10868521081386,22399492.544160817,430.1410005258009,21148980.532230746,434.25992405229846,21125090.03661654,434.97185371406744,87228667.24372248
13198336.594670923,432.0318695689308,17983636.864822723,0.0,7608522.744499427,435.884494823987,14574951.049005738,435.9278157314728,5898625.329669352,437.08973593540696,59265813.51658422
4463666.672860806,438.1747871008631,2265747.7322964054,435.35646508699057,5494092.847701853,438.7454366041012,10908414.939556481,0.0,7769338.12826411,0.0,30902572.597368445
11655588.042862762,0.0,4667395.803836663,437.27058435134273,13177408.486870563,0.0,19130419.46022139,436.1067590435252,7792651.5930024935,439.4177752333376,56424776.1819125
11020250.248282196,439.60583504577914,12348405.999437764,0.0,18196950.637547098,435.24248754599114,9367709.329740312,436.5389053752893,17465515.02676291,431.78604771066733,68400574.41504596
3477394.558951993,430.9791138672815,4484621.213235619,435.5048853170524,8112623.495017209,435.58648419309014,21699192.80489597,0.0,14770029.675899824,0.0,52545163.81848399
17374277.223830342,0.0,12203991.64509606,442.87821819727276,8966172.422994517,0.0,14213916.052422168,440.5722700217806,8677360.639029687,441.05515024345743,61437042.489011236
5529654.227840644,438.1770758971323,20024086.979709428,0.0,9367011.359128617,433.582067019531,12794943.3311832,429.2584510955199,10609544.28311572,428.4248221197184,58326969.62339375
5140265.524322057,431.79141888766094,4990902.184134733,432.18202055437786,6351365.266341978,437.4390360490806,17264901.164810836,443.09119276146686,2235050.6272758204,444.46380526888277,35984673.73435894
17843714.542405434,0.0,5028088.477013566,444.17129642499265,11787691.895283597,0.0,2907056.0042252275,0.0,7466746.421352159,0.0,45033741.5115764
5882374.19656717,427.8014948763035,19144794.3513298,426.90035578812507,5850993.713462801,430.6252203106766,21941107.066360645,428.50643409055937,16121665.179578371,431.6422794905879,68943079.98308335
4898743.704436865,436.66492790124215,17674142.672089275,0.0,10244523.054955645,434.4101282516579,22510796.887669113,437.10956974168346,7054704.576394823,436.7732081863875,62384655.8533798
15566073.79851002,435.46551019304604,8386568.83041617,433.3096698155847,11076216.272115737,430.9072556652646,18565557.896306306,0.0,13571067.151307076,0.0,67166783.63109098
5426746.711391606,0.0,7454614.662991898,440.70246530938897,6856884.762614932,0.0,19024760.88805196,443.9891022019215,15077866.776411694,441.83454088415806,53842200.32757049
14260767.888072876,442.87003470340204,17213192.17154091,0.0,11603605.168858286,435.3317068392541,15938545.806862077,435.11107806845706,7694367.217946612,428.33367232398086,66712219.899772696
12090820.90687411,426.718756358605,14021246.0899022,430.3651720880599,20719469.565452173,431.0195273370087,22768453.414315753,0.0,12795271.72980166,0.0,82396549.80980167
18265382.232876085,0.0,14670972.910430973,437.56101409464543,9818907.465467311,0.0,24616949.3762503,433.33112068776256,12279049.25325546,439.68033586878687,79652571.81075077
18577883.60659816,438.6365586328199,17026990.66992302,438.4168643419487,6361942.882463823,436.42534860641973,16725004.572906358,437.0003637932786,13198522.314737627,433.86069717570933,71892528.38646156
19033541.697452135,432.8555966877698,16063246.113339892,0.0,10328622.366178717,436.7836316940237,9369667.107562454,436.72356121521966,9588919.411572019,439.34671901759947,64385742.405613825
14897730.900149895,0.0,16085157.330753481,437.611802872467,14241088.845610773,0.0,12876484.790524758,0.0,18021187.648067378,0.0,76122087.12690917
15954401.235315632,435.8783607509281,12805159.510083944,436.0101397408757,8606874.348121833,421.33862507719857,14716932.599562578,426.9407322094944,9924687.961301584,426.9455308121497,62010202.76777416
18464565.19686092,426.4363945996094,21200981.341286074,0.0,7669439.62561537,441.88118631512526,4324545.648872975,441.2994541366743,19808058.29057281,440.4530400809644,71469340.17328328
5398426.975631583,439.04644641789343,7503176.784963774,437.85668644772227,12861235.964020181,436.72962436234616,17390988.525643032,0.0,10793133.176047146,0.0,53948275.05906294
9464239.440654568,0.0,23032463.009408668,436.3109053349896,8574712.490926452,0.0,11250041.530245565,438.2181829342113,15685309.650395922,438.98536908712697,68008079.63608854
14287954.06280334,439.8178830841907,6485185.057263501,0.0,7429969.1573312925,440.6730440903766,8510224.192280812,440.79258620429187,9206454.717402536,440.80358849490386,45921549.27418336
12696787.477035409,434.93529976758987,12136310.214040358,430.69108766903673,9889447.397722935,431.1394283071072,18888954.404355407,0.0,15974638.860207466,0.0,69587435.11917733
6631602.781462505,0.0,14674278.215669159,443.15380820908285,8686239.595934289,0.0,14058758.147744058,435.84873089083897,15290264.223413859,434.22517543572076,59342456.19193841
8755319.972715365,431.08791533035645,18273829.875977468,431.1774708795544,6072372.966008985,427.99029506596406,11712558.12573633,431.17128388761046,2886596.3632446965,432.8524325114595,47702831.58308052
12283702.518001357,435.73534424713773,7321817.958921444,0.0,18099434.96734322,435.6781073509293,12321868.064496897,436.8052383669591,10425632.785393046,437.38125570280255,60454201.89410163
2522128.4971782286,0.0,10014731.574616263,436.5163785851192,7089535.4829774955,0.0,2046804.7386736427,0.0,15589998.314643042,0.0,37263635.12446725
13568329.590676839,442.0441832100289,20763017.359133977,442.9031602345295,17707787.415220316,439.31977928242566,9500093.028480122,439.4109658823791,6305733.172508249,432.94272277046747,67847157.18683088
5002717.830349313,432.30099119772785,15612714.020387521,0.0,21032872.69826311,431.20434480054024,18524979.615123842,430.356892528234,14392283.365435088,436.32962830839597,74567297.72141571
15144299.956445955,431.8448601161902,5101101.891757012,428.4541806114019,6463224.535213023,432.55929555216755,8367239.561526015,0.0,14928486.625640558,0.0,50005645.428918846
5561716.301041686,0.0,5754543.387461648,441.12366724518614,17303399.97986492,0.0,13764611.269898245,440.3658512844932,15912866.062021723,441.2884270792121,58298459.77823383
15056835.5289752,444.47705229432904,10544787.609850325,0.0,15782861.841611056,440.26136655872614,11231969.371207532,439.42420115243584,21224097.896298986,435.7542064855816,73842312.16476957
14855813.42313774,427.74995846295514,20690889.863099173,430.2307146720496,13659453.348914256,429.5983668456175,8436992.805962937,428.9716225769927,8766075.493289826,0.0,66410941.485066496
16556218.38729404,0.0,12719754.50811917,438.1731658846392,6866693.322942328,0.0,8348926.226600287,0.0,6117109.33751371,440.29044396321905,50609580.246079385
16998867.651264153,439.3010863901421,16694927.799687544,436.92714762671164,17000652.065153107,435.6732047246446,11352257.10194938,435.7362873202771,14238056.72171753,438.3749563969249,76286947.35245417
11875606.132878287,438.4048352736663,23876231.787810847,0.0,15360826.850462161,440.8889231489546,15449443.274455715,440.42317041797264,2649730.003522896,440.5207917824075,69213598.28685053
12452585.34157886,0.0,10627127.878112458,436.9824368418048,8639440.684960429,0.0,13350536.468419088,0.0,13464923.669669228,0.0,58535051.025176905
8126541.2591622,445.30355715821054,24577689.959247544,442.0578687764365,14319478.496307116,441.26124870302107,21283150.530449957,440.1822415500764,18908533.01206947,433.83433251455136,87217595.89648499
16717229.577777004,432.45968968403037,4054185.438646407,0.0,12356906.559645696,437.0725607440845,3166360.268804957,438.01224836387155,12710515.587812979,439.48837474303804,49006944.465560585
19921979.521117765,437.62863995680374,8457102.053617496,436.6310243815265,15467580.810783278,0.0,13801178.840879628,0.0,13462856.56899425,0.0,71111572.05505675
19274706.76681968,0.0,19376248.196545742,437.2899596673386,19032463.741940193,429.83142500293565,5673214.028368879,429.7935278185704,22157510.308161423,430.0981788933645,85515870.05492729
18244382.215610176,430.361768230457,13339772.91528755,0.0,11395911.700725274,438.803291047699,4595230.232107151,444.4752859786459,9053571.3914617,445.08510547985907,56630627.18064259
8074882.81848173,439.563027697983,15202833.991123416,434.63323678251544,19527577.61932843,433.6165259950325,7684067.043504996,0.0,13042222.492891816,0.0,63532891.77812086
16084347.460159486,0.0,9672373.339406356,434.7360995135615,17297210.99955081,0.0,6821384.5538323885,436.4152259965937,19095271.985236876,432.3527016649286,68971891.8422131
13398666.668006873,437.17202477284934,15314743.723693796,438.1171936000251,16122958.397962663,940.6574869702235,16652025.914042413,434.11384873141435,7477111.18607955,437.15493803664106,68968193.1052774
12274336.580954611,436.0133502517953,2371440.794209242,0.0,12792823.433408799,436.8929189511181,3797236.2003718344,437.4250647305759,17062958.128148966,438.3684656778659,48300543.83689307
8550668.488738619,0.0,14633428.707930945,442.3012444752601,4217192.687037922,0.0,22757726.018588528,0.0,4030709.8985621175,0.0,54190168.10210261
24949014.40254835,444.8120226994292,26462367.10175734,444.68479038741884,26727138.300070908,444.6651470978002,23604513.95678674,440.3472618961171,18219603.94404583,440.66098734859344,119964852.87541859
8478436.875430057,440.62674979908496,10859191.155013258,0.0,6183715.760301217,437.96860747641796,7479893.918561765,442.47680435482084,5894321.61664362,438.22257068371323,38897318.620682225
13279348.981412895,0.0,25594584.777217068,429.4773057730509,12922222.484196633,0.0,9172760.772641111,0.0,10344796.976864768,0.0,71314143.46963824
16542555.282201005,440.9124828766561,6543336.501281535,445.3283791104209,15533289.936018065,444.4225973500195,12277203.276255539,443.71667770852923,12601605.998350043,443.5415985084166,63500208.915841736
13684030.686866716,443.4777988608113,10824262.331300342,0.0,8454848.411433684,443.282898674026,5846368.309413919,438.0357875617749,5760430.860524083,438.0730551896967,44571703.46907903
14113721.024924908,437.07474315209754,15833069.558820806,437.5040571892002,10459127.289559947,437.5043424122146,11775514.785122335,0.0,11538768.847940095,0.0,63721513.58951084
13164297.33504967,0.0,16023397.088842498,439.06703273288906,12843234.906090979,0.0,7844345.666977224,440.758714179128,8882667.517902019,443.5393510420146,58759265.87996034
18250681.059304945,445.0977991461353,8869743.149314793,0.0,12141390.700452892,444.9653876798661,9900923.989983516,438.5204753082198,4834336.452649939,435.2111565359952,53998839.14652475
5245284.589915294,435.3454506138468,7759093.604398437,431.150692641082,15354605.523207244,429.3886381668188,13916575.467186678,435.29142187010484,6972224.664509478,0.0,49249515.02542042
14835181.254559122,0.0,8745099.729839623,434.8717913271277,19132298.990553115,0.0,18418199.339800682,0.0,15050320.35305779,427.1717306954171,76181961.71133235
15974947.445137123,428.56837051004607,18941006.36802382,433.8355478362805,6018167.683860962,435.56320749389954,2184032.4938987903,438.2520471917479,20555237.637161534,442.68783547644665,63675570.53509074
12232708.216303824,440.9940923796736,21307214.015547592,0.0,13509044.259503048,442.0232197302939,13202126.945434993,442.7562765002903,9572472.40975621,443.13839653512866,69825334.75853081
17458369.68283373,0.0,20195436.778319,438.93062454652005,26200317.102178767,0.0,16461670.800550058,0.0,15765632.954535555,0.0,96081866.24904166
14349003.214664798,429.12221461759987,17737620.987478703,429.4329673930015,19767409.72462532,429.85776427049234,17255950.626112092,434.4312195029322,8588461.504718307,440.4221106011329,77700609.3238756
16997058.24003952,443.99703335360056,11657395.28029539,0.0,18054309.465932027,437.0329016475896,10699494.213991387,436.1866935782647,21004795.214432396,431.1381357162651,78414800.76945502
9239052.530079758,431.0213728818676,15066320.171859603,431.2354710191492,13845374.812498715,436.62316482006474,7570658.50510629,0.0,21151642.653842412,0.0,66874347.553395495
10511630.779856175,0.0,8104418.572945281,442.7768226722813,2558585.4432930453,0.0,8911518.597857399,442.97927029629926,14273530.392374853,440.12585105992264,44361009.66827078
12996821.03521297,434.95860337317373,17422547.348648142,0.0,13914758.41647545,436.1090262861243,13225169.503075939,434.0563819312376,15712463.02927097,436.8371784609783,73273501.29387352
5190945.656264163,441.65183610102554,10882032.091687508,441.95646041609547,7806371.903425582,442.59314332847634,6401691.4645995945,0.0,14161904.81384955,0.0,44444272.131266244
14115679.288423542,0.0,20271017.328941677,444.250293700467,14327757.930179762,0.0,14078983.079503832,443.5066187869086,17855378.25948252,434.01670689719475,80650137.66015072
2251818.959379143,434.33983886890667,5781602.1130131725,434.29449086182154,19531828.359249536,434.9148172086866,19850341.555976804,434.74614437798266,5350103.982257384,444.00976295480456,52767877.27493031
6885675.843367775,439.03428703641714,15496961.25652891,0.0,21357318.53504968,431.88376846364935,18787890.4759176,432.11708761932357,19748743.87036292,432.779576189992,82278325.7959462
18668944.882693913,0.0,20962799.17123967,432.6210147394044,18308652.941910725,0.0,22738632.90196627,0.0,24179335.505094938,0.0,104858798.02392027
4770400.190277555,435.5485077024357,20926682.151220612,434.1086068291164,18089339.520146135,429.1683185581508,9532939.643667722,423.8979309438726,10728565.343344225,429.3759089442352,64050078.94792922
13653822.62166808,425.585249341413,13751596.483557299,0.0,15838533.493085667,427.91570090156495,22237635.41397556,434.44143777885387,19184197.45557155,436.20266509975113,84667509.61291128
11832368.505567614,432.57342248654965,17020076.323836226,434.4669386923604,17902997.001991924,435.0556972775334,10070556.110298458,0.0,18357285.83313975,0.0,75184585.87089242
9569980.818725089,0.0,19291444.4224283,436.38353674978174,12663595.644379081,0.0,8678095.524998846,433.4221706308183,14740439.205616498,433.7270371006301,64944859.14889229
5463132.910154568,439.16232942989296,21332641.808077298,0.0,18231210.536879573,443.3503522441069,10253038.629719779,446.7084663703796,8724626.453976842,442.47271998407047,64006422.032676086
20661597.07560054,440.1226759159649,22593473.295259994,439.681968257102,13522312.906217247,440.01599846834335,20565405.873152476,434.06527237932943,22250091.93980423,0.0,99594634.9759495
11653451.255798316,0.0,13898878.913451945,438.39996655273694,15441972.440221937,0.0,12625239.764041945,0.0,5808476.296877821,442.38327172720267,59428899.453630246
2379469.8514568666,440.50527354980665,17803695.96527657,440.75118776935795,3414167.3068574853,438.9015351022529,18683072.712699596,439.3630186821374,13773711.830882186,438.5676655597545,56056315.75585337
20980783.656578828,439.10610416454466,18627172.39785489,0.0,16524441.54937422,441.5630099346231,2977828.003726301,438.41791453003367,18048195.534854095,439.3074130371313,77160179.53683001
9974706.678762676,0.0,16095221.383580076,436.49782885647903,2445911.918402193,0.0,10349359.89948344,0.0,6017095.522511178,0.0,44882731.90056842
5251960.36739268,436.3759698491678,16372464.68471606,435.05936382106705,11540917.184404172,432.9675824739463,18035947.437011547,434.9903679536763,16557239.604150992,426.5715634484296,67760695.242523
8644001.758082487,429.6080840153768,16889893.991287805,0.0,14860091.468082296,432.44937863750255,11480991.13796619,432.8108372009931,5725506.605229476,443.66192005972886,57602223.49086817
7207047.4573048595,445.22320029633397,20626506.506288275,445.4574584576729,11259339.248542517,0.0,13748872.396229228,0.0,8001586.298516753,0.0,60844242.58754039
16223213.56751331,0.0,7306307.834017299,445.75225647495284,11071164.828692244,441.80826473920627,12568593.338663066,436.91794992101575,5967289.3395807715,435.1532107601142,53138328.540148586
5119389.193231131,435.0698937255778,7696603.229758411,0.0,2441926.17681015,437.7101802114602,15668223.58898096,442.01138012502463,11693159.294784162,442.9478875628609,42621059.22290644
11984402.633158375,442.42769965566396,9005423.348675778,442.6151339871652,13088601.167746754,443.41401756462847,7321125.768666081,0.0,4511186.434537968,0.0,45912067.80963616
13146514.171622882,0.0,13421613.934061285,435.5460578336555,5358942.959200536,0.0,13426787.117438367,426.82071170214095,15218448.950146936,423.54157690650584,60573593.04081645
17763104.38050071,424.6897400453154,17821425.71324768,0.0,8987989.538003972,430.8588409951375,12205049.456241678,439.7467934723373,1905911.147784165,443.5131648514328,58685219.04431757
15330501.131292237,437.75158041584604,4635124.133038926,434.97608271620834,19607116.74118321,433.0583865425038,11296880.965509854,434.3009551848965,12223573.390345085,434.36270385166046,63095370.81107802
3167479.9951386126,0.0,5338829.9335867725,441.77355787006815,5411164.370743863,0.0,14621143.860400869,0.0,23246998.90655785,0.0,51786058.83998583
11897944.1895235,444.3302016568922,20739055.127643023,445.10222733959534,20694344.39788523,445.0694607942943,11518177.066754922,444.42328408605266,26617129.93310214,442.02389907114787,91468871.66398177
15434952.985988079,440.6777705131609,7542525.45800338,0.0,22192852.98518721,440.1682869264548,26124099.52236376,436.71607725014104,18573713.99565086,436.98717927847383,89869899.49650726
