15082694061.977253,7557823135.122873,15890998800.11726,7399371720.195691,16908072741.967758,6498395967.531871,17300931054.33627,8565992727.788916,18080370537.255863,7723603326.078411,121008254072.37218
6811307.115572186,435.0048421117225,7849638.950494745,3975440.1968863527,4158991.5757133677,0.0,4887034.65661004,6947162.787825196,4940069.613760037,438.74562783332743,39570518.64733187
3221141.2799679963,438.4408289770891,10171285.588927856,4436093.564768422,1880470.8564130326,430.0510481990867,3686271.5160297854,10641413.561698742,10361888.8946592,0.0,44399433.75434221
2766727.954537554,0.0,1570351.8845554427,13400980.714483418,5440692.89408244,424.0474819898406,7855472.933796097,5634383.53544121,2396065.0241057095,434.07687730161877,39065533.065361165
6856672.593024358,435.7386450209854,12380046.445345715,2342917.812234985,6400247.940193526,432.41649804364357,7724594.600744379,6114505.507365164,3227196.368772559,425.856125331116,45047475.27894909
8048608.116525059,426.47207591174697,12301892.880077906,3521817.897913713,10130691.17786428,0.0,8776151.022217052,953727.8671490339,5476364.887073467,439.73373085428784,49210120.05462727
7460064.270154967,439.2582425314689,9745998.313990232,11289222.57426595,5049257.797692089,441.36746650391063,3042078.859750052,3336095.3791855644,1060866.1507341035,0.0,40984463.971481994
4946901.078862101,0.0,4122684.8575723614,2516431.901500154,6307744.939161423,415.5153794683674,3616400.774596189,5090799.197335248,3695572.304235394,418.0136819628808,30297368.582324304
5392691.817600039,430.09128779624956,10223125.165308155,7107278.949946299,3410541.007667717,0.0,3728126.254155412,854512.5572358422,5296416.034065919,424.40898262176745,36013546.286249794
8721134.78839838,424.48397009817927,13013546.245864067,8822127.347430715,6841634.256067985,425.75688115592635,3732666.485834433,2098302.6000248,5075306.711742741,0.0,48305568.676214375
1320840.6838919523,0.0,8650566.826253312,6521286.38090608,614922.2180970421,435.06923559161277,3808151.0539075998,10214097.131468533,4238631.417459061,434.8893576346699,35369365.67057681
10992506.893769808,435.26704743719296,7698972.413861403,12608037.535146,11228686.118685873,436.15730525483883,4191813.7725974945,1920977.7511336077,12158130.145762257,417.61897768429435,60800413.67428681
7178302.048048456,417.8039241403154,14512959.533324696,4390769.870111413,12873092.53443018,0.0,10235096.990835594,1864931.8620781074,14822755.28793154,428.31417130559214,65878754.244855426
11141747.17522982,426.6631402201189,8321837.425543916,8497562.50132723,11706854.932664635,433.05978382566497,3462196.0693882727,3236765.7140727155,7211706.1181428665,0.0,53579529.659293495
12089844.860431945,0.0,15267551.41469384,12640863.988684421,3343778.5061801528,437.4992084548539,7269824.860459641,8545551.72825313,4969036.922535007,426.8909417564846,64127316.67138835
8482909.226324532,430.1008435101164,5659640.131871823,7900968.298165076,2415363.3545420403,0.0,9300350.968083266,6255459.721345801,8192586.467530775,435.53418578303916,48208143.802892596
6136498.531706523,433.19489710882215,7694527.461178698,7037788.5657299,2463412.4922377365,435.0930236980918,10984041.866390329,8076133.481330335,7464355.792112868,0.0,49857626.47860719
4820403.960422516,0.0,9135917.51053198,6230059.7657401385,238593.76840181233,432.7433897666805,9059966.958063766,960389.00603734,4525021.869436191,434.052919434206,34971219.63494294
7939377.002149366,431.8264274182357,4024426.6576195736,8534341.943218075,1517944.1434455807,437.05007372210673,8771788.543107618,8073300.53016222,2410738.9112719814,420.7421513113279,41273207.34962687
4248013.363368618,414.4285922487182,9806125.007491961,5295573.737934027,8475768.718267273,0.0,10800919.019131748,2140022.3169545825,12038772.161938809,0.0,52805608.75367927
5700139.516618862,430.8362512053476,2275228.714472644,6719138.4360138215,7215253.041632672,425.01276558733736,6155939.754234897,3808930.1343470663,5263311.849359528,432.0063755976318,37139229.30207188
7370434.691901165,0.0,3664018.4560417207,18109898.61444089,2349829.7614325653,437.15133100752354,8673390.028137013,6587698.340409706,9489749.661613895,434.4385316147693,56245891.143839575
12538837.112633467,435.66471967066104,6114990.94434075,4528435.064050995,10480657.748641016,0.0,8963111.346693257,13522606.421911364,13211064.075199418,429.16191464067396,69360567.54010458
4738282.486153626,428.84378920031514,9764942.794674693,5112029.516518031,2548638.056027347,433.10552653986,10761083.741416566,8000226.528821782,5952392.148332294,0.0,46878457.221260086
10965369.027023882,0.0,6120365.228626294,10049155.672289798,4567889.936661379,427.3892787649338,5789786.830696298,9902556.018761393,9148665.563601222,423.3987933992161,56544639.065732434
6324938.74463636,419.0113886113886,7409305.003323728,6265250.279769114,6123749.04723989,422.76362697140263,14989818.804460023,11465287.169569336,8755859.780171601,422.96675454025194,61335473.570940174
2303124.739645624,428.2033044080823,6180533.041058574,5800817.769076529,6741099.744596104,0.0,3477146.31707548,4450450.903886143,10652681.712815646,0.0,39606282.43145851
3677767.9132156395,436.1389749943188,10873517.858879488,8811289.840067139,3707874.0398230487,430.60256291249937,7686584.396075261,10497162.359113656,9719041.01293791,432.6813566905989,54974536.84300674
5018855.458353548,0.0,3023841.856477343,9793780.122227978,10781858.67864067,9684186.285312241,4777552.289612997,8421005.020424835,4011084.1838534167,424.0023823554065,55512587.89728538
11335897.337344136,419.3114203844659,6055515.136631918,2397832.751927635,3168338.3597295526,9660455.524288442,9845799.329122439,10091658.396241618,8367578.344579127,429.6963837277353,60923924.187668994
6177604.63492902,432.3035903514338,11082832.491841828,9953787.361590208,8288141.8370039705,10600134.958022173,3498559.8498975257,7881091.053999683,10465207.752312688,0.0,67947792.24318746
9560217.25344687,0.0,6383208.142297789,4007875.008669708,10152195.129717726,9944042.327776864,6555037.622022507,3361096.326212323,7440234.087264056,427.2371803863556,57404333.134588234
5575419.3398213275,427.366416280998,8292808.410500333,11062678.84212188,6200181.3155523,11899660.80449465,9871407.042359183,4983370.375020081,5133808.0035421625,408.4915080293588,63020169.99133623
13353562.315225333,406.50391427918385,11119111.654746285,7162473.333145151,6072681.805773173,11333027.470751068,6084700.750600474,2459042.169754716,3706659.424300173,0.0,61291665.42821065
17449107.650652584,429.0086436061117,5550994.680249171,8125329.245564402,10424868.486201532,10266708.533244183,7674316.341802187,437.18113824499625,8831374.321953684,4361342.565026492,72684908.01447609
10729572.388851445,0.0,5123752.843043408,9657415.034796126,3364113.5693900045,10928882.373404386,5102338.436628887,425.8428840963509,2013706.3333506703,7282835.948154813,54203042.770503834
8757715.961374804,426.1034462834528,8446584.601113353,9195090.12702947,9842012.266409999,11241258.620097555,9284887.993063314,0.0,7724095.193463848,7088310.6111272555,71580381.47712588
4495988.104212201,5094226.586080516,10818001.14559759,10484369.56240976,3685654.448162079,9751328.506083278,11391939.353901701,422.62669044091376,10148308.700363921,6808370.262729888,72678609.29623137
10651962.499663383,9600102.97654434,2642195.0082757315,3247226.757632848,6447244.044104743,9755215.982952379,4481090.552421678,392.77573828866434,3410674.0181348766,7632627.239012412,57868731.854480684
4608950.229462855,8588619.112638673,7105190.575576943,8702146.85005342,7580344.380701203,9745779.318403758,10382920.401851146,407.09927805535375,8048807.987796078,6245796.031936815,71008961.98769894
8396517.45510886,9066670.641045708,4666198.550287389,4735235.749725328,8197745.703087905,9988354.716397975,9605509.281079063,0.0,11300050.714094393,6956589.793409947,72912872.60423656
4031688.843663764,11234810.434323505,8608691.472179823,415.4956561363884,10223993.07943471,12098546.298243603,9769002.27502546,426.7875052784924,5687138.8099666,6027493.853626215,67682207.3496251
6762427.1817441005,9231119.344479365,1858869.6016885191,431.24304543754573,4106293.0147701004,11962559.513909305,9486417.258391496,427.64646868662754,9711244.27465842,6183194.199939121,59302983.27909455
9080701.057882445,10541016.906253261,4749057.357620195,0.0,10620212.059356416,10922056.343027487,12534710.07265034,0.0,11693509.467452664,7451857.25979637,77593120.52403916
10928337.81328054,10687191.473280093,11815807.798607502,423.39781393230146,11041876.151907938,10712259.541742872,3677418.738642021,425.09335193671694,10397098.025950158,7124644.498500362,76385482.53307736
5073986.846102558,10188397.108107498,3631728.838612486,424.69601119041147,3403256.90298743,10685607.287194239,7652407.729357829,423.5610913010192,9249593.299437737,7005011.089174343,56890837.35807662
11382013.947847892,11123847.348951546,11384658.655692905,0.0,6334071.182185194,10026733.166110173,8799426.454998167,425.0471321975328,4216911.044083728,7260024.305763988,70528111.15276578
7544577.569340662,10433947.603444438,7352985.943058112,422.59697193533293,9059602.844511027,9657850.718886608,6007335.3302029725,0.0,7373086.375102102,6561065.115729344,63990874.097247206
3760595.673552374,10577466.906453675,8950672.574771425,401.9421483395873,5462344.253902943,11636214.644246072,9022352.260264747,405.7092293409335,7672718.54128783,5751924.217835787,62835096.72369253
9614048.302823527,9938108.278226523,5596403.336908306,413.25346600582213,10129769.864384955,11197371.873622822,5721117.6157207275,417.7339649627046,2147006.3265469037,6233422.294853665,60578078.8805184
3289633.996102467,9884885.231398057,6961839.29382012,0.0,2578438.4432503125,12124171.064738655,10736977.241432512,917.2346174533958,10995263.8094976,7141728.7541264035,63713855.068983585
5663074.12811548,10629721.838112874,9973880.963102851,423.1976526037722,8490908.484776963,11486503.760478478,4286399.298499757,0.0,13447984.906738164,6955492.315591615,70934388.89306878
7522694.13782033,10395043.275115563,10844542.64601251,426.46972708483423,11321011.5003903,10171251.02854241,11199420.743920552,422.9750187771481,5195160.284862768,7121309.273835675,73771282.33524597
12105271.861017277,10131971.071696356,5687761.657488657,419.5088831202171,6490422.500997831,12340256.81961251,12323855.172118187,412.2885319060573,8985971.47913581,7208260.892857493,75274603.25233915
6847718.508405261,10338363.466439866,10808118.923062442,0.0,5364433.479060462,12098500.18829466,7536118.662800931,0.0,8112095.341307532,6915115.820326623,68020464.38969778
8418603.553661427,12470846.795786377,11875589.608345615,426.8957392399588,4685980.720944504,11134882.019693464,8797114.614962693,419.9061186402428,3865101.5051048296,5922871.397889203,67171837.01824598
5470609.500896206,8804143.64980348,9725402.05126133,418.8326037149893,9103658.484818593,10057662.79649956,7813710.408756729,426.3132270507341,9512121.884600528,6007748.923147959,66495902.84561515
11149643.246498328,9650469.646970067,4651667.3153647315,0.0,1946839.8290243654,9897930.73516755,1837629.5244649225,429.00087323068504,11873537.940172363,6873604.293906634,57881751.53244219
4341402.403667963,9932376.141975828,12123860.63492885,430.8420597821935,4588996.392317331,10994728.377553234,8169787.160364514,0.0,7894808.534913522,6657221.165712683,64703611.65349372
10448330.318683922,9345656.006912895,2167692.7711287676,425.54243046692727,8406887.363012971,11290832.395282332,12962167.67656588,431.9526163580927,12836532.082157508,7425000.4394944655,74883956.54828556
13926012.977202384,11010195.669219675,3498235.886059661,419.01574899838704,4312724.951206818,10616556.23020975,8513704.449571734,418.3911338564645,4972471.645581704,7451096.236015742,64301835.451950334
9062860.061123725,10430456.697806662,6869260.752977408,0.0,6109658.175463689,11034978.420033498,10631136.122905614,0.0,6982271.167704188,7328105.534081964,68448726.93209673
9326820.687110072,9987845.743339159,5635437.244638389,423.7863051957169,4635445.2067471305,10880510.218285352,6385790.1572550135,423.63863200260755,4829438.681461734,5947909.212068547,57630044.575842604
6974772.167382578,10293912.341891613,6751955.688352377,421.1805808051541,7993219.587016668,12051320.303375956,8963423.92603167,419.908746046538,8703640.770791426,5906001.083243917,67639086.95741306
4735175.233488857,9976970.873039322,9136097.759341653,0.0,6447962.901885514,11919261.90393802,79849.82246747955,432.60186503487216,3273965.552438504,6113295.073936588,51683011.72240097
9666033.628438573,10561930.038249036,2175553.269149068,427.17417789910684,8983514.00093834,11791573.782621806,5724933.5893968865,0.0,10302154.50639246,7184905.073500559,66391025.06286463
3229692.799235625,10495735.960367417,10991487.978042772,431.1281645617057,10954298.843953243,12023685.75097654,11741719.693022484,426.74851468526845,10387290.41559008,7084492.4584626295,76909261.77633002
6230422.402332523,10297784.404477907,9997764.243597647,429.58883344589077,6938549.433428839,11323287.892010517,4678073.468951756,435.2262099117297,5416018.571494718,7454493.0886459015,62337258.31998317
13162026.089775482,12868891.283111004,4775795.549347421,0.0,9887719.861954175,0.0,10482986.288121102,0.0,11270417.331625136,6381866.573210201,68829702.97714452
5687740.489607519,8748149.383579353,11203138.68076814,434.8508451256376,6889539.367148012,434.3402136852815,8809600.640318602,433.2991316868132,5920554.522276013,7601815.966349073,54861841.5402372
8777347.363157568,10699268.210524704,3160823.6654165885,424.9505967835932,13152049.835228272,429.527243215358,6701201.300401385,427.36841211468686,8148804.627712695,6444214.007904902,57084990.85659822
8546044.391354019,10579383.54096745,6316590.309331117,0.0,10119142.207891503,426.6097985239513,5328680.361174784,428.3782397277806,7466882.478410595,6132672.347724497,54490250.62489221
3582509.980818581,8361194.705616536,9248120.136655811,429.43333378837724,15780411.615045868,0.0,4854468.834739797,0.0,10264979.507638816,5977865.687747345,58069979.901596546
8238098.9232993405,11148700.3351338,15037785.220753249,432.0091566119248,8402927.859142458,430.3448417382353,14071843.490679907,434.76914604953294,996567.5582367661,6819025.999191575,64716246.50958149
17743214.298927706,10241633.943137486,1789909.2678497734,422.89212444871646,12772760.780027553,423.5254499284646,2475850.9636217756,420.9867353371997,6066615.406049711,5199887.73509569,56291139.799019404
5162382.417431059,10571151.828512462,12061273.871535003,0.0,21147659.118327778,0.0,6699192.317450892,0.0,21403137.048118863,441.20245427813427,77045237.80383034
15413034.546279224,10430816.388555244,3773046.976403562,437.7117028388801,13551449.876307096,437.63149382831983,8315489.18779125,433.83788501259,6428832.837242806,0.0,57913978.99366086
19091343.059775334,9887124.233385388,9949226.49133185,439.57636810717173,20104540.919956356,439.36992243406286,11339502.171097074,442.8803615432639,13293354.672710907,442.93755757372685,83666856.31246658
10261580.35070818,884.3947868452999,8172407.721715442,0.0,11464583.779637853,441.3816908013341,9204923.094721792,0.0,10335934.94075942,440.896068046265,49441196.56008838
18062627.27955999,439.2451130890409,6337984.392341151,438.80721231409825,16438184.494620964,0.0,6965676.245574148,438.8009957047645,15212779.515301354,0.0,63018568.78071872
11480451.502207667,440.943867572238,14112525.986297848,441.64069454565714,14490554.211900968,441.89234000803333,1379231.9047541688,441.9465646760332,20981865.2247034,441.1518920024007,62446836.40522285
8615296.280558133,0.0,23473823.132692434,0.0,7574058.436969357,439.92369544781724,15854395.542104341,440.42991482646113,11462126.128874907,440.8484719490549,66981020.72328138
11334882.659326455,440.3722086375485,22963001.347864572,439.92696385165164,11002014.080700353,0.0,5874618.244017021,0.0,5671567.609424315,429.5242191500256,56847393.76472435
14566753.718979752,431.36085264898355,17055294.828127693,432.66964029550036,17654291.468362957,437.70256723325684,16781798.295119587,440.04061914913984,12261281.14996272,0.0,78321161.23423204
4349045.737394489,0.0,21566979.176754367,438.7224903071044,6379429.1603110945,434.7055922572599,18541426.64667003,434.1469879720725,14802789.8356973,434.5711297680759,65641412.70302758
11946244.951205488,438.2102661302329,11574676.054920515,0.0,18483288.63518353,0.0,8967695.603390276,0.0,8204792.980452184,436.91880330009167,59177573.354221426
14639650.241373267,439.51101743294413,18579861.38897672,443.59358974048246,4780267.065208318,439.91600527742077,20841128.682253897,435.564715220922,21281632.895484384,0.0,80124298.85862426
6439903.335373601,0.0,9667939.147771856,430.8760845920829,8737346.719956944,434.5614681877403,5658760.967006035,5831999.5837826505,19318723.340836648,435.48011018592524,55655974.01239069
12057469.741448306,434.5257334539974,4755544.567157907,0.0,10497010.509448795,432.5924767214122,11612896.373597331,10806835.118088672,11906553.837700572,426.16766688885986,61637603.43331864
10718760.603950584,430.7544867541769,9143812.038612714,425.97749663261976,12583841.35204813,0.0,4753481.4822103325,12230418.415058166,15884580.752594376,0.0,65315751.376457684
4045749.7039688677,429.75352738777883,10899878.10301944,427.9835623299213,10006507.760034513,423.32855040161485,13429460.425202252,13502171.614316735,9895484.527783288,430.1232643517854,61780963.32322957
10272678.200031789,0.0,8338862.612713284,0.0,4713988.971028944,440.1215213295205,7277068.529299116,13561688.791594794,5435446.209478267,431.40448074268056,49600604.84014826
17852125.56872787,432.2553254529976,8566605.175511371,433.59542038986126,5125486.870731508,0.0,5321835.085097284,11983992.512316719,11250105.022280786,440.5416129920947,60101456.627024375
6450319.198428098,439.35860806532287,7409581.81650958,441.33737594369165,11030433.42437653,442.68189777927495,13083884.40185161,13906515.173273144,17146681.74889786,0.0,69028739.14121862
14774400.880505115,0.0,22282271.18584696,3174399.3419947308,12853800.287845217,430.57429056054735,3070280.420128599,16739866.384902373,7019822.010425971,432.6817286500415,79915703.76766816
13473251.12568682,434.8138419702564,3533989.891825242,12300008.768447569,13919183.995529246,0.0,8432260.32231308,13485567.398318823,16947442.619586807,430.9317899179989,82092569.86733948
7069983.786473116,430.186404443604,5899624.419623984,13689346.178321324,12363389.594273997,424.2046465449271,13347336.917171972,13712920.292101217,6985394.500653449,0.0,73068850.07967004
9144589.787596915,0.0,12028029.085153993,14824118.201289088,10157634.00807153,431.8030877671308,9322227.837903006,15328380.54382973,7377457.4907771,434.9633959564766,78183303.72110508
11017367.667807337,433.7125544169502,6580063.408337469,18304483.95797122,7913238.957414244,425.6451742483376,9230038.607622785,9977726.755093845,4232181.720155272,425.6289766634757,67256386.0611075
8060918.719858379,428.3984758433686,8626929.60069186,12078544.149349991,8238119.238607354,0.0,8250270.771044781,12070614.04756156,8440301.13162986,433.3796261415881,65766559.43684577
7959678.0919843055,434.83412718416974,8958356.793238971,12379185.937306346,4563901.495991294,433.80273653940094,4306472.13991968,12510149.237433616,11507204.584472958,0.0,62185816.91721089
9351426.455842279,0.0,10873096.654895743,14640408.055706855,2334877.031366405,433.2209044406056,2163213.462752952,10369963.411058355,10349718.659762455,431.1626039295505,60083568.11489342
10532601.116282204,429.7520596236911,5463168.270419783,22182608.025522664,5252370.086760012,0.0,5918263.084005467,11392199.80597982,8576640.867391508,434.8244539062726,69318715.83287498
4644807.183257383,433.1883724618095,13104376.226666104,20276724.682868034,12209308.43532144,423.96952371325506,9575497.653502565,16594322.564363455,10311893.992464924,0.0,86717787.89634009
11101443.370337721,0.0,11981839.287977817,13539915.855724415,2314618.441550433,434.1076707884558,12018953.979626527,13302278.21512545,2066196.0428209049,426.01932132849686,66326105.3201554
4337834.397284865,423.0739480971752,8820373.786014892,15042265.408602707,7279479.54867793,424.0792807655421,5970478.681261802,14443778.537026443,6977859.512383547,435.9155453193769,62873352.940026365
8922224.00357356,439.8270111180923,15156735.484246723,15075108.350072538,5149329.191756375,0.0,7261147.14633311,13393307.27278836,12978044.18054249,0.0,77936335.45632426
5845735.7768766675,432.7882283392629,6591732.540689303,14095243.087558324,7900918.766162677,431.51127739616805,7115435.974864251,11254224.06213878,13398308.025867043,433.3891419468722,66202895.92280473
6648325.937764213,0.0,8101547.242995128,12096879.398496345,5972488.969477936,438.4269845455846,9447757.180699171,10027531.318061227,7232331.779537924,444.8021952165225,59527745.0562117
5923409.148794442,439.93263560885913,4783247.617625648,13466235.997332275,2365136.536245522,0.0,2756546.214134769,11127890.799128912,1576545.7615698734,429.83353569634403,41999881.84100274
2961892.0576067287,433.25847610000943,9549403.748313906,12716863.342087371,10565014.194577986,427.86386417786076,4865911.414288716,12204052.643487837,15639614.914596759,0.0,68503613.43729958
4768304.075464367,0.0,3013615.4410711,11809304.947873713,12792373.940634558,422.7690423582567,11745231.455918128,10051541.365456522,20448541.52132728,429.01988829482326,74629764.53667632
2567414.397256788,429.93331254778184,9308525.838017743,15132783.327168686,9372601.516587058,0.0,4295225.467910223,10297971.745031603,5369311.963484109,433.2088791571424,56344697.39764792
3951730.371712274,428.709824143588,17770400.857147537,15094812.804788247,13747296.450505957,426.59090610518643,6258684.4536209535,10586424.08755107,11761113.374699157,0.0,79171317.70075545
2077937.6654914683,0.0,19971100.676237334,13304888.345566915,9786867.947591787,429.1793886376495,14546414.699893469,10098496.950470926,13460624.92069988,421.64721020766683,83247182.03255063
2006245.5979805961,419.61468078064286,5355688.93850165,12612569.907510053,13658771.800116433,409.08074244138754,12476871.91987116,12443898.858980555,9595594.332543924,414.9359520790636,68150884.98687968
5686287.405245127,413.9347266130014,9967024.931736337,10325577.716942621,12546734.353540665,0.0,10493094.705823787,10867961.430160206,12625084.388579477,429.94102492260805,72512608.80777976
5700988.5929884575,432.1549318721428,6361711.382090873,11650656.894579416,8357273.236541428,435.18359274098106,10868525.75037266,11211903.050423786,14755458.114708653,0.0,68907384.36022988
15677521.606102638,0.0,10236975.552696375,13359559.157919368,8884022.352097645,425.8300039573905,7147565.571879784,11299719.250936013,12109875.60309348,423.22211748759094,78716088.14684674
1759586.0583585293,422.89434520214854,2049317.3721554377,12183288.536371557,12161929.61704921,0.0,8982876.648058264,14576764.805226712,5203315.458294622,428.0949526552947,56917929.48481219
11011161.51125246,429.28673397738453,7712568.08985877,15733884.347986467,4297340.097287959,429.39605626328887,13435172.614578996,13317994.13403071,15704344.381120961,0.0,81213323.85890658
10550720.559849873,0.0,12814195.029462868,13235135.118743272,10239310.00219371,435.6347417933836,10377595.92212556,21596099.89799278,22675248.621802256,438.20788160677637,101489178.9947937
2637571.3228100613,428.37094790246175,3346412.189271809,12258502.546948653,3532829.5392865674,3607570.4327510516,13673360.116204431,19914057.762711864,15760440.079613334,416.40366585382503,74731588.76421152
9969448.703087565,422.60105243780055,5879995.253468551,12025431.070574503,10547841.338659206,11547151.451710563,10659553.09541257,13126261.3755582,7291306.679719714,415.8189259987579,81047827.3881693
7009028.022822049,420.04357611204523,5688243.214058625,12603670.28206127,11348940.722439008,12031194.643672563,5717867.989299474,11854471.871003537,9147702.619132869,0.0,75401539.4080655
5850249.971865753,0.0,4369723.168471008,10377048.589355212,8820530.311595233,14366878.4934337,8093487.479873161,11368977.871601013,6300579.614641696,413.9101323042251,69547889.41096908
158348.93004267098,411.7309455411011,10234427.56592249,12359857.713506984,5515617.102606125,14607458.176878244,11871277.778795771,3460151.867708255,12281900.454230389,422.29399316322286,70489873.61462963
5243762.490942442,416.7084258367323,7827356.321923363,14811617.59449493,8616812.88904264,12724890.564655337,5565813.838140722,429.1570660874273,2341538.5085761906,0.0,57132638.07326755
11683607.897113673,434.4335631017178,10131757.913911691,11166685.970113454,14496679.703587703,10824828.782452652,4147760.2021883447,430.8319179246274,6596421.590418154,429.7623341828539,69049037.08760089
5105325.157427003,0.0,11283829.967139114,10711338.796700003,6199158.0459577115,11827883.513114726,10159324.563384822,421.55150666436623,9984714.531187199,6174515.964011221,71446512.09042846
7276216.799807813,420.4272505288059,4461507.997521429,10500587.784084527,9233121.447077615,11724429.27845515,6067722.84519428,422.07956480183014,6076372.900648473,7605781.0222531725,62946582.58185779
7964434.188961001,425.03008279286206,8276639.870010291,10887034.933047788,9931105.269359356,11904943.148566393,5820893.050129414,430.0913796760919,12726265.430257604,6411294.374124055,73923465.38591838
5059729.138597546,7344371.190167114,7285457.393003952,11285806.113554442,7813501.896896535,9434857.65681585,6758847.152513742,410.66182885394386,8319307.601223699,5742807.529945532,69045096.33454727
7342770.738722456,10158933.673900874,4143670.450743751,6498413.581840116,8980913.017713215,10075324.342685185,8752615.450783499,423.7689999930539,5987511.833537972,5968073.563332211,67908650.42225927
7578594.237810236,10421374.018835284,5926874.529159915,429.54392215891454,6494884.88896497,9488664.341320314,8042429.572429394,0.0,11869481.55498875,6989546.536867206,66812279.22429823
1155531.5661491838,10522208.132797722,12833359.576422652,419.4931491835654,11835202.195882985,10068766.582690587,10761715.180637332,420.85569796377064,6328382.223603019,7261018.256884773,70767024.0639154
11871492.2149742,10805564.514387285,7595416.545691865,419.3327304182068,3952378.4515992585,10867948.197887314,4553440.574112192,415.2485871965636,11051282.61145303,7384880.587281163,68083238.27870393
11954313.999173507,10191695.805412067,8344967.8477989705,0.0,6008698.011418701,10633941.432256613,6760840.050664866,0.0,5455379.79886375,7257762.665497336,66607599.6110858
10151064.102340693,10176380.11107846,5647738.44037044,426.5022516047861,8440355.943982204,10411774.298552249,5345163.283758758,436.2961550330614,6356807.766699436,6739671.974658216,63269818.71984709
1591775.3787022915,10813047.478942359,6945352.606761005,430.4651959373558,5836720.735763041,10274405.441174684,7778273.2855474865,424.62712833898865,7597790.786035119,6020310.496818417,56858531.30206869
2723974.0522485925,10374742.496573767,6775172.629103955,0.0,4366189.767683692,10105857.39131702,10029676.057458084,427.9116990229046,9196156.271912342,5958968.802580128,59531165.3805766
2699202.530223323,10340208.493511694,10050907.669356966,420.0268381101164,4001148.1314877765,10365202.162203234,7642415.86042506,0.0,7036107.213713867,6386524.805257892,58522136.893017925
3251814.3692729184,9768733.392568707,1912811.9990172526,416.39126425998245,7729506.22556329,9835022.654628515,10131898.827973677,419.6144184064053,11640346.433381857,6972202.958055125,61243172.86614401
3597479.2941600126,9942756.511061016,7284947.373367033,430.3430939697722,11564845.043200525,11250329.415450841,8213558.882571506,427.5675448376923,2415058.371064765,7938264.631959095,62208097.4334736
3583013.2295441963,10328773.419457678,11967515.399103386,0.0,5319302.110433272,10982989.394129682,6534888.874164328,0.0,8337020.913131926,7697600.451036935,64751103.7910014
6413332.894194984,10725120.07655496,5606342.646684,420.2922618193934,6300272.293208613,10087540.04050198,7496884.557040677,430.90679452184975,10726664.600665895,6567929.761937039,63924938.069844484
8448313.27335877,9984039.48215481,6246844.704548607,425.3582996028401,11098762.651241368,10082157.691440886,7759436.134380936,423.92372654909127,5717882.270050437,5903266.698461745,65241552.187663704
6982754.509233101,10139279.11138255,4676962.401092992,0.0,10360795.166421555,10463437.823730938,7125591.81584409,414.1104609450591,8059866.931715258,5870592.895324566,63679694.76520599
9428321.255202815,10201417.17794407,9242769.571840137,422.6819691060922,9934232.490165554,9957201.584887978,9366466.857205682,0.0,10865362.157191478,6042733.799464824,75038927.57587165
4936916.684330492,10375420.570928093,1767853.9179034857,432.6691753722763,2952791.517491603,10096249.43001318,2034652.4142822614,434.5975840602113,4184839.4641436017,7279768.898053113,43629360.16390526
4367243.078308203,10576447.71438565,9571142.274314517,430.06629793655253,7769116.044256817,10915698.089923223,6127336.235634193,429.76719642228176,10590918.524972683,6247319.1555759795,66166080.95086563
10227421.795214996,10526054.429751346,10989409.057910256,0.0,11715205.657696506,10950754.3828392,11757863.22529656,0.0,4643141.705794316,7071327.157793662,77881177.41229683
10674931.572164863,11529013.104497973,12625666.429952567,404.13879822226505,4643065.886636251,10731377.944779905,5601603.923092089,408.3446923215782,5851637.384421327,7642860.523195032,69300969.25223054
5232988.439303246,8605305.55160419,7449961.128740871,416.0368395047646,5831901.242022703,11564319.36823033,8502346.239809677,424.0680255974346,5571734.438694731,7337585.3630343685,60096981.876305215
6029476.825764096,10497500.089342112,11278665.809252394,430.6694367339674,1943058.3147846772,10242065.577058591,8120930.022188306,433.6145647681395,5353177.195616925,6101659.4077584,59567397.525767
6053190.465385461,10944795.993078606,3211372.5820541964,0.0,4642471.14661742,9352985.763831807,5831062.64661597,0.0,9061797.805422949,5977029.304121804,55074705.70712821
9136615.061771395,10242104.370955227,5274457.765823325,427.9504476306091,7212775.562452271,10724158.884746538,9610877.756508369,426.57436531342717,5851545.068114591,6325075.729168639,64378464.724353306
8638192.919623265,9941235.396813873,8430247.009281203,423.160827166994,11423084.36752417,12302568.7179223,13359645.39107538,420.01080242760463,9218034.02076683,6582381.285217041,79896232.27985366
1686791.217149828,10074132.15399554,14110874.254978811,0.0,1636735.551205348,19063285.165063486,8619722.662490958,436.3768211123863,9453143.628153866,7695959.817858042,72341080.82771699
5930380.279282123,10844791.156345675,3865410.6831427854,430.7400175867624,6798185.501474575,9851305.066425027,12330710.802955283,0.0,4107610.8375891284,6880642.534810338,60609467.602042526
9927362.559079468,10272890.78658,9344582.976657994,430.0449853509242,12587927.303224914,11211991.982874999,8961843.302915877,426.61106410462605,8485964.50310879,7372494.402531649,78165914.47302315
11841684.18789263,9491428.16813932,6113285.10681024,429.5975418231478,7124669.356625929,10864141.898817444,10421839.609840471,425.55097556248063,6821127.544092563,7195361.834586562,69874392.85532254
7840226.583889937,10948819.583594508,8779932.807626756,0.0,6462538.314128938,6287176.536897003,11241462.39216342,0.0,7700207.640564885,6172181.010889777,65432544.869755216
6673178.703153558,12214926.469592161,3904950.8386959694,437.31893086711955,8711629.01017372,438.59355764368905,8256922.99785595,435.18039443794896,3673085.1920391554,6104746.555377872,49540750.85977133
12649430.757356863,9310505.199963547,9742374.575418824,427.6498297273599,2122417.453399351,426.6483116982196,15050069.142404325,430.4916129371623,3569397.281485411,6003166.78975833,58448645.98954101
8581749.130688326,9341092.183344832,10978555.711369708,0.0,6466119.618887833,430.7215869341509,2867002.2121936004,0.0,17136043.722994473,6779059.543563548,62150052.84462926
3709539.159553374,10511454.141244661,9504330.137883728,425.07163189478365,10998750.745712418,0.0,5826034.739844445,434.7869857562901,1580186.9373206715,7158802.453867755,49289958.1740447
10285659.266158639,9861222.987128392,10071316.486578606,430.7494178269476,6213578.935779848,932.4074459621391,9293055.127331411,430.3442898098185,4200541.512137815,7269999.57650284,57197167.39277115
13337300.858144553,11542279.242895987,3868140.2744502807,0.0,9502615.107983096,429.36400459889836,3874601.6106855394,426.80551030017233,9610645.207758084,7802510.920897112,59538949.39232955
6632494.510549464,10658511.441017276,9270217.035379237,418.4171331758259,15731805.620646853,0.0,8848992.452956269,0.0,8987305.182535022,4042458.912817058,64172203.57303435
9262656.74380209,8982899.984853398,10406243.07105804,432.24929309845095,1227623.140920479,432.9708414482241,16409634.020669688,428.1730696634681,12101926.300522469,0.0,58392276.65503038
11522875.201061588,12954110.543349795,6333410.033950713,426.14069548490227,13593664.468489505,427.034460289556,14490070.12911795,429.0428366023017,3206202.510562456,433.9122203543256,62102049.01674474
12565435.899272416,9269651.244030645,14362553.531677077,0.0,5430864.945320945,0.0,16262781.138560273,0.0,5463770.722837322,440.3167324721645,63355497.79843115
5482641.87624993,441.5791839036366,8146918.7075334005,441.9635429335127,2786093.984295233,442.1713654438096,11143620.743096674,441.48022164511127,18268448.4417798,0.0,45829490.94726896
18086936.58099122,0.0,4366515.824761821,440.85329867117696,5170644.493688819,441.378207215153,17795544.035631403,443.95062545108624,19245242.982162464,445.3083834322039,64666655.40775049
13786794.512695724,445.157734837781,20778463.35335,0.0,9455071.446187021,445.28907896389853,5410542.867742091,445.16314854390293,10335882.26014037,439.62637785449175,59768529.67645541
4339252.835227702,438.07744003342265,12452971.01115043,437.70818177904766,23441273.088346656,0.0,10445933.312548652,0.0,16988527.036676064,0.0,67668833.06957132
13154992.314628776,434.407972372454,14542670.759008655,434.362891279499,13982079.495276585,435.70375365581395,13981024.837497165,435.8156143820505,10901444.653923841,439.86160500095696,66564392.21217172
19612089.167610385,0.0,22315144.78186209,0.0,22832296.291361522,443.3388319465685,9359213.103892293,443.6004315994806,13037012.9439776,443.1767326185622,87157086.40470006
11486073.953023857,439.2933221178866,11139340.00427106,438.7536596113587,7440250.86080245,0.0,3846659.101625245,0.0,17899732.18055474,437.0605104487734,51813371.20776953
21708053.1224706,438.97321308843914,19795146.983682897,439.4182547730496,12973798.014262559,433.7582482359488,9058333.487996427,11847502.67621545,7864781.313482882,0.0,83248927.7478269
10403540.777352154,0.0,15620817.607064394,430.2737466165566,8306982.6598382015,431.4495970347276,7913937.281985471,13891824.841214124,11741468.594070366,430.0107242854766,67879863.49559265
9906060.915071474,432.0325185456526,6087916.626745768,0.0,10647142.325492408,0.0,4391756.790684106,12344799.004587708,19064243.673905443,438.35682104601244,62442789.7258265
8535518.551161278,432.5015891743232,13077185.891205974,432.8108372009931,2816853.352453371,432.8914295592896,17070664.08177884,16740915.459408714,16430250.236449394,0.0,74672685.7763135
12637162.44303214,0.0,5457822.831275781,430.54952076950616,13455387.353259178,431.68772322629906,2477155.455869575,12250339.803500427,16737828.407070665,431.6504234889728,63016990.181675255
8720415.771955697,431.28581818337614,13244931.991945073,0.0,17556788.61319162,433.40033754692934,14320163.777903562,12716020.882693356,14306948.087772466,440.0139789253931,80866573.82559644
18218893.027776133,437.7455840392036,3962426.5250157258,431.492965643294,8790703.18357113,0.0,18809702.86008248,11986133.120214282,18740063.537655436,417.5065645428005,80509208.99942942
6700168.685542501,420.7235112419484,15384606.595787976,426.9085028814108,11397517.314418806,425.5514253138582,4966220.97004043,12077949.764713617,12880561.471735353,0.0,63408297.98567812
9719508.14159237,0.0,16402910.108501518,15134459.827170802,5757393.794720404,425.90675587596473,8879072.610736651,16880242.13716951,12836379.548584353,434.69385983719593,85610826.76909132
12822861.815078897,433.4330879976852,7206855.200759582,19607829.1288961,8271505.258106712,0.0,9529401.644594548,16489510.426573735,7083164.386029287,437.348000912379,81011998.64112778
10068186.380016044,436.7216665162674,9373146.571809655,11343032.287431072,10682102.399974557,432.41064693662594,14512644.694027424,14956513.302626096,14035978.454738239,0.0,84972473.22293656
12813682.549008733,0.0,9003056.725114891,11287867.206412692,20203319.548359066,429.52522716707176,8961603.47381793,10384775.632044898,11600428.153164014,424.8269412322279,84255587.64009063
11333596.362762587,426.8480407548933,4753817.297402823,13085238.761860674,11843159.380130181,424.37677656636635,5240139.774737202,12458841.05844308,17959792.733304847,431.0667782624587,76675867.66023697
2348148.6205501826,429.83243446241426,10379617.376763243,13046285.157861546,8062145.03771658,0.0,7192859.016698448,11365050.134298315,4832571.492578085,0.0,57227106.66890086
11757062.847468356,437.11858570322505,12696142.372635243,13629261.227342319,8550266.712185415,437.22794570836993,11618222.644534532,12434503.1451579,16573850.841395255,428.98615599694784,87260613.12340644
13058896.443529481,0.0,3185023.6698357835,13578111.393409682,19156908.615824707,431.1047157011882,6790913.234927821,13001426.379174676,1363785.7223326478,435.80099188452215,70135932.36474237
8511664.617932724,436.9260097452231,11643520.172373418,12739098.047978986,9537292.181509256,0.0,6059054.942154099,11460829.730057044,3995518.4209995405,432.39792364728123,63947847.43693847
12680392.725864755,428.5174700503085,12633839.312649831,12454985.45970177,5354980.066046599,421.77176048539457,8845602.160917373,11520593.935316054,11386228.05294659,0.0,74877472.0026735
6682813.079883311,0.0,11543960.800590156,12709158.244103942,15077077.853927186,431.1744235329745,5474202.799003892,11720540.451195706,5787438.610690591,434.2070072142603,68996057.22082552
8646028.725695996,431.2661398188793,9549693.728392353,13758096.582293317,9550598.836051205,0.0,5901011.440516819,11315295.65223776,2843321.0314476653,429.1687759881409,61564906.43155092
4109358.278099545,426.5641522410411,10995976.917820869,19628845.112628233,10742000.390014064,428.0326979740548,13420259.858754368,13186185.963242248,5492737.043082361,0.0,77576218.1604919
