51872820598.06101,13613051818.392374,62723244599.951904,12378494678.842463,63797895202.72483,15209090651.334364,63844060494.836494,15078548829.731571,66433822768.28246,13716330005.163054,378667359647.3205
8152347.019860159,438.9596221390448,6307389.6263221055,439.4218033994489,4830860.380046006,439.6971404460076,1019194.1638644359,444.04893553715436,213908.05715110712,438.85819515558444,20525900.232940495
7372838.284216892,437.17107547468487,4737663.841842496,0.0,2941240.434928047,436.01127285697794,2607215.5268199523,431.7498420557585,1406721.8869331304,435.86401713089543,19067420.770948034
6446629.680750278,437.45405383559375,8922505.44465289,438.63474286501116,3934191.28776561,437.8620192581644,10228247.989190504,0.0,3803323.014120563,0.0,33336211.367295805
466501.2305097063,0.0,11213918.31945789,441.68245405233455,3237414.2354542934,0.0,6008121.134099779,435.6719790853136,13416888.751970936,434.7974085782642,34344155.82333432
2732411.6871522856,433.0473948960931,15767698.6015163,0.0,6452370.69520689,428.68727656855293,14663665.000198469,436.4943272988863,9433625.808181824,433.120341424995,49051503.14159596
2306547.8300613197,430.51527132993044,7791056.143303946,431.1428444773571,5290265.40220593,434.6827850137372,12918486.813138215,434.5853884190197,15523999.050193856,0.0,43832086.16519251
1710205.8113469235,0.0,20152511.74586647,436.5305758710486,6996277.590171365,0.0,7180160.955258398,0.0,11799540.56763125,431.5449454820447,47839564.74579576
1686711.6564262284,430.05821360368094,6926817.740258058,436.1778105162814,2918983.288457024,435.0403736747391,6203762.739920091,435.24380486444477,9221125.063555583,434.60236869100294,26959571.611188333
6346386.477312361,436.71067758653453,12862759.475832764,0.0,506603.4617557819,441.73362263466214,7825728.544319174,442.75812655140055,8337278.466312747,443.03259215313125,35880520.66055176
10505295.595903473,0.0,17440972.67067002,443.4615831932418,1385103.5547427968,0.0,7919683.510962005,0.0,1015691.205007192,0.0,38267189.99886869
5480491.344889584,443.3070077954918,11583948.78672974,443.8050028932793,1388185.843530605,443.83748566757413,4822731.663132807,443.225906159476,11910471.609473651,442.9189453189453,35188046.34210423
1705690.8633512633,442.03855393222926,13336870.71777314,0.0,10203148.596222062,441.5720168490223,229271.094691096,441.40733555856855,4688431.139343769,438.91617503138826,30165176.345462702
2758553.517686054,0.0,6279938.9697210435,439.24750891415033,2376898.6838140595,0.0,3800665.386182518,0.0,7111468.12705972,0.0,22327963.93197231
2783612.1302844454,443.636501459422,17907804.494345844,437.1302595533349,5166019.223709337,431.30097082386885,7666976.749544212,424.2929742739184,8001267.554595949,424.51843026945875,41527841.031616166
2166452.3543127086,426.1652312037906,20484192.82934264,0.0,19712643.198450364,430.2731948704874,14401411.883246152,430.0497621261005,8191106.287535871,430.5442725179878,64957523.585348465
15037405.324180035,428.93076974701114,3945011.4832354714,430.92893051915905,5207445.7290656855,429.99749895398185,2643785.7127736663,0.0,3728298.2007822194,0.0,30563236.307236303
8151367.263648032,0.0,11823439.976823853,436.46792547075074,16331393.612526862,0.0,5192190.254354657,439.18953728233214,10937439.469541186,439.44012289601903,52437145.67448023
6543079.448074131,440.4669163993512,16252987.29784129,441.6082419140761,8714841.147392677,441.7112349211629,5884291.859925978,444.91071470006966,8222463.750966596,444.73292378244764,45619876.93423239
8225788.657709711,437.9821371270818,2477098.913209234,0.0,13450668.787299324,437.26118224324233,5814651.680512579,434.25421028587107,6425941.556450614,435.34102615333916,36395894.43373727
13007513.428112814,0.0,9210874.784288779,438.2613965565433,9445454.96120071,0.0,7552349.564441455,0.0,9228709.694158535,0.0,48445340.69359885
1618088.7586521343,430.21012123143083,15206338.531799724,433.12816856593275,2155917.6519620987,434.4001926384826,5480115.980096842,434.41200294662036,10733194.73594507,435.3230468242373,35195823.13198808
14351608.703527747,431.97689904726593,6029487.079251921,0.0,6808064.950239933,432.42281370193314,14518315.61761331,433.07711088600865,3939743.8327635187,433.20440480347963,45648950.864624865
5212685.293284568,433.37141676299456,13695955.739682281,432.7556682859722,16327481.486402275,432.52184505388624,940550.0142925562,0.0,3261157.0246768016,0.0,39439128.20726859
9080865.966317656,0.0,23665854.726456087,439.39888220165415,3561668.513491306,0.0,13966327.144917738,429.3296688392613,21950628.1547019,428.74250864505876,72226641.97694437
19809359.54608542,431.61868213971405,13800773.938992947,0.0,1209190.3815905063,439.65277914263964,5102290.364952025,435.8611862648036,7480295.430097359,436.0406415036802,47403652.83500731
14767048.582671428,435.40429507558554,17421745.797528002,436.7048991470738,12609273.009634843,438.08382681067053,14615415.576705994,0.0,12722247.065361293,0.0,72137040.2249226
23103137.768457115,0.0,6252305.1545712985,429.37462690609794,6333418.9900284875,0.0,11600708.841622274,432.5357836876271,9570352.28406227,430.0297371248417,56861214.97888916
10742973.55837607,425.3600969853495,8794773.403954322,429.52541044340666,9272137.98671057,432.88407635642744,10283899.696849527,435.16271055213406,7375467.794726871,436.80400635007004,46471412.17691805
13451400.991544459,441.2204390670242,16891502.27259708,0.0,9567931.215827478,441.575600347248,15466164.946486477,441.75572182412895,12044791.677364266,435.3177756794374,67423550.97335668
10323466.9941166,0.0,13391445.37124558,431.0460124196793,4321525.689747312,0.0,12047058.421051959,0.0,5321178.21635516,0.0,45405105.738529034
9714080.108927961,435.845334094212,12364072.584497394,436.48789215034793,6125453.895920628,438.2672162605484,7978391.982712675,439.38996372074206,15909309.276489245,440.76411791389575,52093498.60307204
1339108.3886724524,442.6741108768671,6570094.702337438,0.0,11386753.806582373,441.5104285111836,17937586.306437626,441.79217093189595,10947116.75959662,438.67201690134954,48182424.61235374
6552035.392728898,438.5013728311424,9444257.92677935,440.5694740781103,16910878.945834793,0.0,12383893.467766521,0.0,11349392.060294433,0.0,56641336.864250906
14255336.68655654,0.0,21753892.40325096,441.04036727917105,13715146.80325363,442.4542440108443,18204935.686617795,439.033712594111,16636287.133875975,437.04087084032966,84567358.28274962
18531203.93926465,436.71105650594006,3338139.037945357,0.0,1918791.5007215696,437.7051365837941,8386044.973990904,440.76817080192575,13401143.428691033,442.04893909093545,45577080.1139165
7566520.385454414,441.49803545070165,14007259.48004503,435.9102598162663,1702840.937221246,431.89590559697916,11981563.039401105,0.0,10238735.331243083,0.0,45498228.47756574
13294100.319511719,0.0,20725498.215752758,434.68175264369484,2958556.43410757,0.0,16995670.64130602,435.05635537053996,6126161.80782123,433.7603976710596,60101290.91700499
5133063.158510901,432.8484308253155,8770486.149258753,0.0,2969383.852574997,436.55319878804727,6002573.362193651,440.78283901969536,9750082.860775268,442.4944069105288,32627342.06218911
9539542.985686012,442.53506346890674,16925502.77665584,442.69766709574594,3014286.1105427975,442.37345406724376,8018306.420872454,443.08231879490484,11657801.059371652,0.0,49157210.04163219
14492065.257411188,0.0,20575856.444998145,443.37544513375485,5311667.188633368,0.0,12752875.904349519,0.0,9506448.120060895,440.4167152490279,62639796.7076135
10414695.055457205,435.724216292375,15183425.596490359,435.2919865611351,10807888.584089993,436.32187415477864,4603603.18170279,436.8709244057073,15169597.735472234,436.7026257046133,56181391.064839706
12704393.746311856,440.4629654141129,9969972.003868565,0.0,1122793.1080455643,442.0175909864033,6774835.707478963,437.83126215538937,6332062.977648818,437.3159860781152,36905815.171158396
5573103.671580965,0.0,14747176.912770666,435.5126104591423,6504477.697175985,0.0,16945285.67701566,0.0,21233166.1839528,0.0,65003645.65510654
15097032.798069736,441.9506393388607,25155345.199080978,440.8544571002134,6685159.550186336,440.7463632829056,4157361.784625643,443.0012993428472,12269383.432731118,443.6540008757318,63366492.971453756
16435589.98612665,442.55597824486097,5944330.986679842,0.0,4880179.018771349,435.944806673297,7691958.511327216,434.7645455205083,19879401.720445484,434.3909135611531,54833207.87959454
16126799.196318267,434.5434593983242,19644801.26334141,435.29716296385027,10420898.292062724,442.09533856340846,17293253.737564478,0.0,27094817.99607284,0.0,90581882.42132065
20221927.49487328,0.0,20972136.836924806,444.54271031898406,9450670.889279934,0.0,4839264.4819978755,442.95773073663406,9170889.85831268,439.73603596578766,64656216.79786561
2250596.465970865,437.31085654036576,3392953.835991191,0.0,3347487.691961663,435.26676512384654,15321648.277105818,437.25348991007405,15385891.68946614,440.18782364727355,39700327.9794309
7406263.385306033,440.86575210237595,6028816.506813118,442.28346295821535,4087671.0501701017,442.2833657953832,1598944.2856186866,0.0,17467814.92445972,0.0,36590835.58494851
16280097.21351948,0.0,16618549.098555043,443.49772817290295,4090120.6929173023,0.0,9476844.131453918,443.240348081549,13450426.200446673,443.3820849727641,59917367.45705364
11442160.52828277,439.5447939160888,27627886.390619818,439.53865235119935,162493.35500233053,438.5494187319297,10781363.43536691,439.36445694589725,9810479.398767265,435.90185990540033,59826576.00722094
17099107.19307535,439.2085081318106,9094599.049279774,0.0,439163.71566063614,434.7459566192504,14515301.87253661,432.71613766422183,14997601.169084916,435.4641915322162,56147515.13443123
19295334.225695577,0.0,7185055.424719724,438.79707454946964,443860.2328345376,0.0,10133265.562793422,0.0,5562106.016273913,0.0,42620060.259391725
13024095.100651706,425.49602309929,18903935.38167906,423.54487373276777,426811.47620758135,422.8854623283607,20279034.972052045,423.3754655095512,7769681.125322492,428.63424890971385,60405681.99198647
2208837.068649368,431.82003654864144,8238178.814468025,0.0,2590350.562662214,438.31826454989596,3114313.8875490483,437.73720842301265,13620825.325703803,438.350712634068,29774251.885254614
6347269.778025337,442.73972409940865,5505916.197110037,442.9728374482414,5425525.820712317,0.0,4425774.355270584,0.0,23449401.636365637,0.0,45154773.50004546
8040248.899034443,0.0,12531210.041335516,430.61849652502764,13568413.548380213,432.1664348703017,17204488.32179282,432.3466665922204,7233725.06710446,430.08559132268994,58579811.09483676
10282184.052805906,432.3976450434832,21119162.833324343,0.0,17405150.624181457,435.09697296358075,18456436.84932259,430.9442425812141,14087707.17583155,431.53569548449934,81352371.51002192
13251604.181638632,432.7247872771214,8830841.12136173,429.900629839747,12346595.67270678,429.5642685580645,16401832.771393592,0.0,19987824.470163375,0.0,70819990.40694979
2659729.873572713,0.0,7234366.289338964,443.8714411195107,12776760.302591138,0.0,13190450.909009712,439.10361411096534,1840177.790428821,432.4533729485343,37702800.593369536
8958658.80785358,433.018334925661,7851024.322384567,432.590524747012,9798963.889431773,434.13238361538146,20017141.710863058,436.8028691098795,14617428.736074202,438.0328331106471,61245392.04355269
10333428.128292724,433.7018098250105,14798669.207683558,0.0,467329.90799672384,433.84695349507746,16839110.421769787,434.32606481584355,18303425.9926952,439.65364323838463,60743705.18690938
9909458.512798687,0.0,3895699.798398599,444.222847293136,14668730.058639579,0.0,346697.7162969751,0.0,13090662.865128333,0.0,41911693.17410947
9691567.164174387,443.832789068826,1271864.5727338996,444.3817894191066,14785462.815145785,444.2726454232501,16949081.26052747,444.5668585066337,14686182.68104045,441.25051368320555,57386376.798218094
11675028.928685023,439.96445784001395,13631804.57676298,0.0,9468976.91264606,433.9117527568508,17704239.50250011,433.9410263020176,6682555.137733672,437.1790497074023,59164350.05461445
18497644.3024063,0.0,16808169.953934725,431.8542160071267,15490446.842051063,0.0,13521317.214506676,0.0,16033795.455581803,0.0,80351805.62269658
6002974.934120337,438.64688012490524,4891503.731709865,440.20428203375064,4205107.951793567,440.5903963104717,16179033.058665624,437.6085687786117,21065734.542391792,437.75786251043695,52346549.02667094
10706476.566614388,441.5081047593463,18848275.577705562,0.0,12163429.686942445,434.16112517629404,8213150.212818987,434.2210546748625,10997563.692729639,434.1091684554504,60930639.73626408
22736206.814965233,429.22834170250024,17392352.365469385,426.47044979805173,16052947.689217085,432.94663309640896,14390289.81589918,0.0,11257357.488050485,0.0,81830442.81902596
10867198.275532402,0.0,8810969.562847434,436.2450094680616,8040883.046437219,0.0,13605358.48636242,431.3944972646602,4753277.371436896,431.2726990741822,46078985.65482218
13257803.877941178,437.6132296937764,8986146.96613922,0.0,12084307.474326687,438.6564374951385,10662604.277223151,437.2958485839937,16870765.37566079,437.52411878134444,61863379.06092557
15712936.162069729,438.4227836496217,1789677.7494487555,442.63235828566263,13008458.07803732,437.68420201338574,4270828.740052146,434.3942877252246,17562929.106486693,433.94252281938736,52347016.91224913
10415383.661461212,0.0,8889682.097840803,431.6133152592779,8469679.303064963,0.0,17515420.59117155,0.0,20744399.7928955,0.0,66034997.059749275
8594908.936518356,442.73544015020667,19706735.957418445,443.08446411687964,20722447.169727705,443.5133602593142,6186836.474723861,440.33271896113575,21263916.59296554,438.62900896009637,76477053.42634636
12236677.579798572,436.9801605087661,4398776.896617575,0.0,6954411.62701141,430.9090080192426,6138815.860649574,427.51996847005444,9206830.970050886,423.8968599139601,38937232.240124926
8281985.909082949,0.0,15234477.80091327,430.614351830265,19788148.406673588,0.0,16327543.164826518,0.0,10951822.548760714,0.0,70584408.44460888
12601731.418220473,436.2785694380096,27653465.273812216,436.11186037252423,8629787.013920145,433.78993119746406,16551946.957701107,440.80378152244856,14428301.661975373,433.15547259346465,79867412.46524444
12765355.285499865,428.8162953376594,5126056.274185817,0.0,17814563.26534957,429.03945362979533,10225950.511045428,428.6881893797746,17530748.025224544,434.48362841082866,63464394.388871975
10076940.393429087,433.7207767251319,14284748.928257653,436.4063336240157,13094483.956901265,436.08890533182023,19030162.64144514,0.0,24007427.92599587,0.0,80495070.06204471
14413646.113265768,0.0,16976543.63969306,442.293665293167,5577018.41092789,0.0,22512456.43256991,437.9533638011158,12961345.45049344,433.2951217370493,72442323.58910091
12486897.098775802,432.4642415637113,13652964.861630436,0.0,240642.3135611836,427.14671644365535,12370227.334379923,418.5058508245534,20640392.3404533,424.16013901682004,59392826.22574849
103320.98938782875,424.9948217854011,17219895.281957492,424.75927052325835,7004250.434766739,431.17128388761046,4438932.9828908555,438.856377552355,14905125.208208574,436.0728476864225,43673680.75181293
753135.9859640886,0.0,15509743.164932074,430.5579919015318,7061545.565680149,0.0,10585546.586951789,0.0,18326916.313620646,0.0,52237318.17514065
754969.8826792922,435.8408994671883,17285249.793114834,438.327139577977,10557944.957664862,438.93454808903374,21653641.23576825,438.81209008474514,6093743.53890327,436.16155733954497,56347737.48436507
1514409.2510647909,434.52273237906354,12293386.831950074,0.0,3369155.1281338413,433.11726655416714,13497066.072804077,429.5659183505823,13302513.96658356,431.5687197949837,43978260.02517342
749046.2572940578,435.5230681002778,18810297.49461244,438.82634144767843,18397036.18034115,0.0,17242921.80741887,0.0,4031885.953967597,0.0,59232062.043043666
6112621.042656562,0.0,8237821.711620676,436.84864770564326,5641816.73162006,433.2661217517134,4327992.94905952,437.33413040871545,9368825.06119968,436.3760644338059,33690821.3211208
942947.6181861099,434.50969694092055,15576815.923393512,0.0,7859574.955757524,439.2707018522644,13709740.104333365,439.73440317597885,18185238.797212243,440.71201599225253,56276071.62570072
7317488.685169842,443.76626459655995,7191120.582638488,443.45513632957517,10666355.847355893,443.6611379055173,20074858.81192858,0.0,7279975.367256852,0.0,52531130.17688849
10865256.065305049,0.0,9978642.179994581,436.74866752847873,3164166.678550315,0.0,11984271.664574381,436.35516222552053,7202025.735938825,433.4558576092889,43195668.88405051
8035854.590456073,428.7812252280035,13890790.021825338,0.0,1480067.2345409987,433.717413015922,17193937.985252492,431.7383612235646,5249593.77927845,434.2555216288061,45851972.103874445
17262955.430165924,440.99196725218343,17146371.759214953,438.3251355079633,6760635.718846758,437.4292465282417,14141127.52893929,440.04292747922585,7908263.423134811,440.4820464372597,63221551.13162495
6083647.507798795,0.0,18535276.787593357,441.0269378635034,6809821.90763839,0.0,20466633.085904084,0.0,11537480.974234562,0.0,63433301.29010706
5954224.901141197,436.73852991491555,9901135.125845846,433.18138198668225,1397868.4634279225,432.85019900309254,6074848.981986665,436.7868536061289,7378549.045297316,433.09201699355094,30708799.166680455
1835842.245693268,428.07947830957096,13306620.104283832,0.0,2742046.9117792016,430.15405087283244,8892773.500834167,430.1037838151939,13193301.93101733,433.5427587249454,39972306.57367952
1037465.9446999792,0.0,15924327.83775351,442.33797803762343,16722145.32592025,0.0,17203189.86794097,0.0,6265079.269918251,0.0,57152650.584211
1039823.9582433461,433.9707715209647,10697191.426773744,434.2376318474791,3115016.7242320464,430.8795888072568,8357481.393104693,430.7618599522052,11240106.539984327,431.3317413516875,34451781.22393164
1033157.7323961996,428.202849033874,3906294.362749735,0.0,6688556.115018543,430.9272702404719,8560423.303322986,434.1572865066082,10761986.776658721,431.81605392848155,30952143.39360589
1037796.3189074082,433.40649537351777,9527118.963129405,433.604665512694,11418013.134893065,434.15990802977603,14531886.595608423,0.0,6832647.77393836,0.0,43348763.95754558
1062377.3625736355,0.0,17687379.502198353,442.30357658354745,13149704.557402328,0.0,9678259.194707217,440.7138489989368,11023590.510540439,437.720077479048,52602631.864925034
1049160.4485165547,434.1596271507795,4472285.023905347,431.81688749406413,11732705.411828373,430.64705103488166,15206715.452797534,430.7809392736876,9319717.525956962,433.86630709151643,41782745.13381682
1044588.3125053215,437.14098485950586,15306219.56132609,0.0,6146254.955286039,431.838931840665,17481186.188793305,427.87250275965755,17567642.22257399,427.04850040503794,57547615.14140461
1024701.7114746213,0.0,15690602.859853124,432.0699770773479,9522078.835155504,0.0,3815259.7067652,0.0,14098228.65646389,0.0,44151303.83968942
2056758.2485441237,437.7614795557819,15035741.527569408,438.42574336339845,18176846.037564028,438.86259573101734,13706830.123006094,438.67201690134954,11751925.739110984,441.72722591352283,60730297.12485611
2606741.8483137027,443.98479404076005,17473725.356738664,0.0,9521219.614286015,443.29051179750047,23181754.194260668,441.124343823826,24908137.460266557,440.8564843656764,77693347.72999965
182652.605447109,439.7801258745292,3367689.931735609,437.28036677177676,19570485.376050167,437.57661089189287,9053996.399001816,0.0,9253343.091078276,0.0,41429482.04041652
189714.0625739035,0.0,8378191.763465548,431.6058203564983,4938758.72848162,0.0,14907563.683720045,427.18432956196153,18363638.458177004,433.82657331325595,46779159.313141346
8648851.592843445,437.01895625959446,22723868.28527994,0.0,13837854.514297342,442.4924618079221,7374846.7804936655,444.24392191077766,19006677.879774682,440.800596589578,71593863.60862565
8085445.675425394,441.610469852715,23879788.061390407,442.1599063350971,13517392.15721906,441.9960478083031,16615132.492930073,0.0,15804472.501090422,0.0,77903556.65447935
13955748.829691099,0.0,20221678.927227557,440.1148825750206,7215617.323855293,0.0,12348490.61570806,440.19090348564157,7948401.034564074,438.1108058498456,61691255.147637986
8045507.369882845,437.4258250514771,14815778.516434696,0.0,11650655.01110461,433.8131122248894,13159239.18357733,422.74249941153533,14141351.7734337,424.33733080914425,61814250.173200674
10300399.121502282,423.67687804221055,15433911.499070877,418.6273332324158,4105061.5711089764,418.4746214011623,11039887.785231387,428.8614200105486,7789191.084899719,430.15340752731,48670570.85547346
6009664.27690191,0.0,17954720.892702516,437.86535233065626,19260646.29065432,0.0,15685811.563094119,0.0,12477370.568048364,0.0,71388651.45675355
12469284.254098108,432.80050940319256,9401017.242607558,425.44270309986945,2091545.5403618221,422.97030901116597,7213197.804203659,420.58033673736276,20023858.43426056,429.97665234027613,51201035.04604229
12918685.783023227,430.97053390046386,14438728.330193577,0.0,4860396.554761573,433.88248316098856,10970298.447661772,434.00604079031694,7882621.366866235,434.62788850126077,51072463.96945274
14042660.855086416,435.6687735996657,6095977.602525231,441.6790626144912,15473402.777059436,442.3101843572498,16744944.055232521,0.0,11168746.809203932,0.0,63527051.75712811
6179853.533895106,0.0,14463676.91535833,955.7671080311301,17800719.992146708,0.0,6597522.314219081,961.7343900027229,12387861.168749942,444.2849006118317,57431995.71076782
8904062.390006535,444.8082882047695,11563209.078406593,0.0,6545365.3637531595,444.3694308032931,15708946.231010608,443.23781091898604,5311479.394167726,432.0755407796034,48034826.948415324
6455157.84562938,432.0585719356543,5760678.959105841,431.8854361209325,7988091.2604064895,431.9246297749204,7559258.948557392,0.0,10443591.054121608,0.0,38208073.93645854
4130864.404612485,0.0,13433258.995585911,444.0289566565441,15653461.169519817,0.0,4617136.566819615,438.01977682000046,17616473.481034357,437.87458996818924,55452514.540895626
6028027.850266859,437.56719561908125,10981411.19822392,0.0,9392832.21049209,438.31406573711945,8983509.71102092,440.49284047535434,6439380.2994417865,439.8240324548574,41826917.467579864
5772409.929210264,433.422263939316,20860424.46004519,432.45866784665964,5810975.290474848,429.7257333081181,13697668.658360986,431.13084195606046,9667590.719665695,431.1578947368421,55811226.95315877
6619368.680031173,0.0,3699284.0281016487,430.9157408802619,21967389.86011097,0.0,3761036.301123779,0.0,12657831.902480187,0.0,48705341.68758863
11065965.318687905,426.9718797790728,8731375.575843852,428.26287570423773,4244010.520951348,427.86995661508394,14152768.255976763,432.3444383002711,22726530.469653387,433.84097012387724,60922799.43123377
6035497.41097255,439.804047628878,20048628.628622808,0.0,13657172.118577594,441.9265805129754,21551835.353034724,437.67345003518534,5297577.341251536,434.84032582150314,66592465.09686322
16110534.150303328,434.6593232689059,12263539.001453724,434.71422772302884,15467692.231626527,0.0,13918893.027548302,0.0,11679547.569823816,0.0,69441075.3543067
8061935.800386548,0.0,17938808.98831333,443.31510982985816,11851065.124481376,440.40158969880775,13408982.998027503,440.1844551234048,8763470.521553136,434.78905150111984,60026022.12296805
14611566.579873811,434.6840050937459,1272774.6904488374,0.0,21357623.070828225,437.6978092563577,17730571.563791815,437.6451929297356,15211561.55631486,440.4711565599218,70185847.9594214
2034748.557667537,438.1988206543079,11328048.97205846,437.42202347340213,7299642.8123111315,437.47601207561144,20215709.514916606,0.0,21579089.212242506,0.0,62458552.166052446
12496332.838314913,0.0,15636024.568186166,440.11382424136303,8430204.415414698,0.0,16256517.580073334,433.35807718609743,22377051.42856752,429.4468908568264,75197433.74934891
6011941.010701504,431.4372076048926,19439215.124378383,0.0,8353020.977432636,434.3161330475668,16439262.199601294,440.0316745987946,19785823.02213362,444.21833856484136,70031012.33760126
3699920.750027027,443.74190988798813,12105861.744873144,443.53065453878133,14455734.583905874,442.4377141847497,13761665.998925481,437.3117114549674,21136496.297285374,0.0,65161446.39700696
13127369.533301953,0.0,13846851.540940318,434.56765905385123,4622924.782462794,0.0,19533433.63333832,0.0,12679760.947630545,435.27363485257564,63811210.278967835
4195660.714443542,437.3043023061334,22532480.20001115,436.4343363638354,12898302.617605893,434.54786766192973,8477827.66996568,434.0941922505124,11925633.24905872,437.8271678824751,60032084.65895146
9684035.63359328,434.37498071677294,8430591.31458608,0.0,14151875.556215718,432.2268356587057,17747945.525677525,432.20150424040366,21408072.49844824,434.1921178983219,71424253.52395935
3074454.4228324182,0.0,2207947.9274226283,440.767398817507,4012771.079308299,0.0,14716411.355876867,0.0,17553874.000341933,0.0,41565899.55318096
3921835.0491296407,432.8401485006747,8050424.669559977,427.49382413532584,16790701.804395583,429.69913508058835,12890396.995249275,429.3698651171867,14520960.928602824,435.6309712833123,56176474.480881415
5313151.142877999,434.23407279976686,10403603.698696792,0.0,19573891.463849947,438.5765506905089,9388726.366659878,438.74486291742267,12633629.709710522,441.1522786679881,57314755.08956022
1355376.805190448,441.8036109876726,7649630.52749543,439.14978046501847,18016478.461471766,440.0520648568118,13918019.84722968,0.0,13384539.319701178,0.0,54325365.966544814
3612598.739187802,0.0,9892552.585962621,442.0274899074939,13951993.14848237,0.0,5165318.704291309,442.68024303959123,7743113.4023290435,439.8038554759052,40366901.09184157
13724691.398095438,432.9381608128098,14335391.995765632,0.0,13324208.655088888,424.98235173547425,11315870.438933691,419.05142037170134,15915126.5140806,421.6555995818768,68616987.62949675
7173426.358780979,421.7731742441034,3901651.3008259153,425.5023180789872,6652447.760708693,429.59580011945155,15898751.222064774,435.8083501799826,4747693.782743629,435.60354278704006,38376118.70830941
3516633.8295246097,0.0,6207878.48442533,442.3066860995197,13239008.565520644,0.0,13038913.432333285,0.0,19530516.336765446,0.0,55533392.95525541
21982031.71121208,443.8308321820167,13187450.368376842,443.67335938018226,5622265.513943573,443.8440415028651,25634662.726298574,441.24248693761615,20677560.67133579,440.42904767665533,87106184.01093453
6770434.908294284,440.91480036293467,26564585.76702549,0.0,13317513.634765426,440.94087376235836,4201964.104389834,443.55977450839777,2499830.8416424035,440.9731317901823,53356095.64469786
15239866.837064547,0.0,8632786.718788888,438.9850819297878,5264565.615114569,0.0,5164514.468605045,0.0,3957570.513893008,0.0,38259743.13854799
6604726.271191224,429.50754173651734,19003495.767407846,429.75802247766643,14908405.151385767,432.3410959054138,15113931.363591928,431.589998638731,14426802.003876025,435.7489248942101,70059519.50303644
14765660.484884366,438.2822909666342,15579678.132732281,0.0,15123555.52228416,439.17008907234793,7572632.664651824,437.49806759180325,8667189.764586048,439.37567572640177,61710470.89526204
2808244.379204535,439.40760923773394,17509218.28676057,440.0511991942422,1361957.7206959936,440.3549671516275,14924442.850087741,0.0,12600714.021146392,0.0,49205897.071670815
12244005.739168672,0.0,13945304.509905327,435.44271732275087,10098520.542692864,0.0,16529858.51285056,434.69780185969086,15515646.488341747,436.2324376257009,68334642.16591597
12658504.899580343,436.7028151572476,8918253.910539474,0.0,6071030.586800263,434.9854807931635,12998879.542525252,436.86210824850764,14443409.8969003,432.49945219675544,55091819.88620203
14327462.107409604,428.73438270296975,20302129.368376866,429.76958171203734,10609386.30063942,431.5259834138435,17333618.28063637,429.6385217692111,11942313.302432014,0.0,74516629.02796388
14150281.83133202,0.0,7163519.502313739,425.67568304734226,15927493.442815566,0.0,12920350.824401908,0.0,20707270.973677125,428.9549880470957,70869771.20521146
25818849.718352694,434.8092404952845,18083635.127335064,438.79745709812073,6007031.78580697,438.7668553136736,19178778.56946952,442.73962673600613,11042777.114351803,433.0949051705519,80133260.52340087
11888566.765966937,430.4073107842234,12478891.31252892,0.0,13317644.264452944,426.5736422479686,4033229.690124417,428.6192830634077,14115826.353799654,438.18050913636955,55835882.1676181
16840875.73052197,0.0,14529956.096836735,441.07698833064006,16840514.172438923,0.0,5963857.76042248,0.0,4115822.086439035,0.0,58291466.92364748
23722629.49942611,440.6678354969827,19063502.358002506,436.3337891873733,9130152.73180595,438.9889107251998,21376696.456566013,433.248966031785,8860118.913838174,429.4574256564039,82155278.65656586
7000189.076546311,428.5310605668762,11645678.801555602,0.0,10285571.590123927,433.1622758390846,15539153.16677899,438.07620082955845,4755166.486574351,436.06094690051003,49227494.952063315
20322169.76840946,436.2293184085908,14320757.367791018,436.12433079029677,11755085.829614425,435.13703385104844,9672540.649002977,0.0,7689860.404812202,0.0,63761721.51031313
12707731.949591884,0.0,15077065.30280226,441.9352142257563,6741151.885861881,0.0,8344127.325232078,436.6784718402363,6290206.102218378,430.9610317552567,49161592.1404243
11862851.718319874,430.59298489209647,17501937.848919116,0.0,2230003.6828033733,436.1889616520734,16732259.249657258,437.32206568609115,9637862.100827187,439.9526321229642,57966658.65717116
11382490.409504602,440.49274409767366,21589247.54353113,439.9845534025458,9266395.715051053,436.7734924572694,4114799.2843565703,436.20408274692977,14380185.242314273,434.0702324717972,60735305.71986281
6644833.188341111,0.0,14027655.014710115,433.681910378212,15349322.260285772,0.0,9004538.102484593,0.0,5067833.019639956,0.0,50094615.267371915
22566431.498335026,427.87077501539216,19797027.873451535,425.4278693887073,14579587.07553288,425.6462541311621,9624277.646417238,426.7562941418742,9185851.753790714,434.7897087876822,75755316.33842885
4706601.569461419,430.4966757986337,22430712.397380326,0.0,7686759.168657311,438.4707168343329,21224926.693338018,438.1124266046441,18164323.02613432,434.9113410025748,74215064.84613162
17314418.537847128,436.7463936302889,8920620.739579657,435.1000760081891,13827815.234202132,0.0,8555387.313593838,0.0,6569080.755695599,0.0,55188194.42738798
20577432.12140705,0.0,10695462.460838787,436.190473714383,7113418.156534071,439.8973577306829,7577032.190870156,440.59994213649395,10812945.334189577,437.89744765391487,56778044.84906088
9852448.362545574,439.0149483053492,14428745.078117397,0.0,10788161.83573763,440.13114306832546,14716670.811278675,440.3542929310052,11499460.974879103,441.6601684141712,61287248.2231111
15168221.433648888,443.4959696321386,19333495.937595226,440.9101654147392,11692760.63668871,436.75473137274514,16170541.949462697,0.0,6787570.886675047,0.0,69153912.004937
10243558.041616414,0.0,14738739.490698885,426.2456235141332,12893588.655853225,0.0,19174257.323304504,440.00695875364875,7355374.671620315,441.03669584689436,64406825.47237146
14355358.739865297,441.63836942239226,16589251.434065051,0.0,19477325.468293004,442.59333792649215,4145871.992550803,434.21890067190435,15282290.70649282,433.5974748275315,69851850.38934983
12134138.401376968,434.41303403574665,21406041.23385673,433.54910732551684,5843529.457739197,431.42981126956687,17472498.230858464,438.2060693863052,3786811.2033754583,431.022849329134,60645187.14807816
23971466.89420629,0.0,9713192.566705752,424.40862474985227,15416489.966067953,0.0,19736699.797227826,0.0,12865711.487739272,0.0,81703985.12057185
7427698.341843918,439.05104226502095,17108781.852271963,439.88659285646867,20110328.990669735,440.10256773470894,6880107.247104876,437.9854720285425,3353421.2171848877,440.9491792704602,54882535.62392954
9207372.803270668,444.1019274521975,5429217.646007923,0.0,3213790.8853565133,443.1011398278142,16431744.833441384,440.0208069785557,12153530.012483006,426.7112495943811,46437410.115683354
7292185.210625448,420.07442660528926,19693191.787555557,420.0574232161132,7282164.947674306,420.26866086648664,6287616.111339575,0.0,23567377.074503325,0.0,64123795.5322089
24342208.866293665,0.0,12582358.53693042,436.5171357503894,9044730.567335408,0.0,17479174.23767259,441.11284226919844,11102663.677960645,441.7425395853698,74552455.25871032
11809064.32948561,441.6517392155125,15780653.972402744,0.0,4848044.767543205,442.10795935164305,9713196.460649446,442.4869183593091,8839477.546180665,443.75462486416905,50992207.077503465
16997908.516678263,443.47877574612664,7600035.379826677,441.3943676485097,9720957.714443585,440.7669163286185,19082238.595848735,0.0,10635416.024457753,0.0,64037881.871314734
6403497.806773985,0.0,2176940.958220922,435.9936158002447,10223156.450490477,0.0,12477233.793583658,436.088055191535,19200432.146486975,436.60167083801485,50482569.83889785
14971927.862188922,436.7511309449044,6696988.468436557,0.0,9890573.251801128,432.93899871619254,11348390.211498626,437.18958753255686,6216029.993879487,436.18527604411196,49125652.85279796
8584034.260091877,435.13223744059326,3568443.9972088328,429.65328379919555,12143654.94497618,431.8120713817834,19658968.777698867,432.9536159969962,6484163.955767255,430.6784653699388,50441426.165417
5860676.141236296,0.0,3941846.905802505,430.23972492229245,7146817.617796417,0.0,12354907.010427792,0.0,18845125.840209924,0.0,48149803.75519785
15183146.574557286,429.48280290431114,19292140.223053936,427.5002691430803,5371835.341410754,426.60003572541774,19550571.524604157,428.65606076445704,3633267.084297102,433.689290711163,63033106.67638249
11240864.087974982,435.1726810769847,4083074.2854133896,0.0,17325038.170758136,443.02917994973507,6433846.819238139,442.5779652104485,12833108.494875645,433.45613757841767,51917686.0942241
6275368.083373759,434.6512530141447,14986014.76588376,434.1467071097929,5717428.354975204,431.83846870099427,4319164.826428688,0.0,9937258.95477615,0.0,41236535.62186639
17126064.390088346,0.0,8094009.291649246,435.4692778394233,14617429.464899752,0.0,11236000.042862885,438.1046089567829,9905563.219285462,437.83735609873855,60980377.82002858
10978928.445361983,438.66828921264755,8885955.924754165,0.0,12024043.002005024,437.4772478862405,11345029.558370572,437.6822038181804,11759695.919856591,441.6930162924363,54995408.371105544
15107995.934431529,441.8821561791131,7146872.23340731,440.60158136035335,11462067.176965674,437.7421576120221,16648111.590078583,0.0,15777210.627637329,0.0,66143577.78841558
9386874.009588018,0.0,13726438.52120628,430.4352851305214,5558299.421463141,0.0,925203.9440366253,427.2380870325857,19228376.354650322,427.45779013766656,48826477.38210669
4793746.374829498,429.80811698459297,6872447.245512947,428.52558777196765,4523623.178674062,438.8379153832589,10346370.020257866,439.781374737078,9920243.82022681,439.8112534865675,36458607.40374955
16282058.041632146,441.63400988225743,13640054.858302662,0.0,17558213.1620468,435.03257127336207,19267191.94795808,432.3057253939303,16175149.663618602,425.5733743363053,82924402.21923918
16772063.59841471,0.0,2936680.3254838227,416.2638462330513,23012315.306611422,0.0,4070674.9816905856,0.0,17679236.894822128,0.0,64471387.3708689
12648642.154500969,431.3811866793886,16450487.089310534,441.55603709194907,15436342.60238843,439.0527657324997,8228869.952874228,438.24832663712453,5758636.844259257,437.96546338152564,58525166.847112946
21988809.931244466,438.16372492262957,5299888.516976493,0.0,16239655.592873292,439.3533346179757,13883206.019940577,440.46951830638756,13661576.863737775,440.70381588587605,71074895.61516634
16120039.138580505,440.952656087683,5434285.815750232,439.6249378754224,13043948.430611424,440.05187248705755,13158335.589279871,0.0,17827692.208577186,0.0,65585621.812265664
10616856.841938272,0.0,10256306.516366016,429.4707094012864,14201260.297226472,0.0,18927248.04820465,429.2456380715537,10486590.975645296,432.52890718270527,64489553.92463536
20086203.68036342,438.5991950709095,7197380.5555790095,0.0,5783521.646501202,443.08446411687964,10298229.513996951,443.7462133368129,9767234.214712579,440.7769523150213,53134335.81797801
1406981.1497243308,439.7652361367194,2395305.9279603157,439.2856539702316,13675052.898205396,439.0887701467798,10019672.958572911,437.26422126426297,12665640.179148547,0.0,40164408.517493024
10802801.253764832,0.0,6077284.626842604,442.784028890426,8797792.966825016,0.0,7449162.237844356,0.0,19725462.730842326,440.5222376361544,52853387.12238566
