24863709672.395267,13618552679.517372,27135383385.70832,14974290726.67568,27882157184.176327,12535566235.853407,28379688900.09985,14814883841.128975,30429728536.767506,12128889562.760538,206762850725.08325
8220577.500497164,438.77603540082225,10958855.830396226,1883281.699707726,8380670.2911560405,437.18958753255686,5280002.624771068,11048363.584105901,11200832.112556927,431.5526232811716,56973891.161437266
5873324.941385285,0.0,11669113.483115392,9254166.247741124,4780689.313043458,421.0618391844066,12018063.580606276,11743866.06819793,4024111.560333551,428.9244642987255,59364185.1807265
4056543.994383334,425.6983649886612,3947114.7912847823,6307339.548527577,2186747.3642477444,0.0,5968877.144302213,6764617.8834362,5002336.354813507,424.8091027541423,34234427.5884631
6360217.998646818,429.8772225272033,3832981.3973186947,9933573.451431492,9101648.313046547,423.58987608739653,14849202.484094437,10488956.121355625,11166224.677571803,0.0,65733657.91056403
10989007.207549684,0.0,4971675.799254291,1981298.674474711,4741115.081819285,433.0274623167458,9294875.927250741,7147777.219602288,14795325.745518532,435.06265436147265,53921943.74558622
6968198.67587906,432.09084169965047,5156336.809770055,6835171.189883699,4580655.795411301,0.0,9063288.00142733,7782460.828559363,14012281.957848921,412.1004213185594,54399237.45004275
8180852.325741586,414.93355756983686,4030835.0774768167,5099057.446764116,5014878.380323687,423.0951977157138,7817733.328707438,4911392.458329858,2114014.093489189,0.0,37169601.139587976
1983038.737637481,433.1369278447884,2181148.533079695,4551782.452125868,5276860.001133788,440.0490831445212,8071348.940474992,867.629215720244,987026.5469198272,431.71632714328604,23053377.742925502
8327984.590597752,0.0,9495921.902210085,3944764.184191252,5062464.560532447,422.46838777937097,3232142.0832331176,425.1904012164795,10563885.286760198,428.53461795852894,40628438.800931804
5051871.1331824595,433.5250209735518,6023768.871342598,11722402.179902727,5698162.105865026,0.0,13485923.689951764,0.0,10122690.692618191,437.6255958682123,52105689.82347961
9710848.192406464,434.79684516970605,4177858.8568369457,6676902.259566673,8989261.85747538,428.99109209944544,2048114.261422402,428.7549264099872,2981964.088959248,0.0,34586242.059530795
11450742.411085306,0.0,16171694.758856636,9100681.91369435,10081517.758261457,432.5594814268925,4234519.764715883,430.82730814721003,3904205.1104174727,432.9157248284048,54944658.0195455
6900235.027950936,429.9591133632991,6324069.773805965,11909643.321488585,7009237.690487978,0.0,10368671.451824633,0.0,11926529.949615244,427.2581248965421,54439244.4324116
13275780.447022483,429.46603709388233,11410980.510547658,6830287.906867275,11696504.506427018,431.4628193753295,11914473.160428112,432.2727738262381,7691851.981788463,0.0,62821171.71471131
6505901.28533634,0.0,4591299.667958544,3500354.0142781897,824159.7670455623,433.5556428438527,6146346.092183276,431.50905770698125,14344900.2191871,432.0269559513026,35914258.13764552
10728155.640943406,428.87640277103196,11429055.902018018,327442.34622756584,12382036.546682669,420.5833240370165,10030537.567980072,421.56580646215014,10377529.874253595,424.12761331749124,55276453.03125192
3469316.7357232547,426.60663460511574,12962896.15999564,1698207.1312257126,9992053.006003601,0.0,3839030.7258226397,0.0,7849588.007111889,434.12068211555527,39811952.49319945
9156329.156494118,432.2572744035294,6372388.298638768,7639375.019614723,2941080.6668031947,429.2485666953079,11076489.689136967,429.9695814810741,18845252.994733755,0.0,56032207.3008441
7356406.291345406,0.0,21201945.81800477,10384840.544680953,3372112.7012358247,436.42080756449525,1637012.078672178,436.63433873924987,4838614.991353134,433.07506137646334,48792238.55549993
9746521.055945752,440.72185652271946,7409020.0157786235,0.0,12566561.280754317,0.0,14655348.689014848,0.0,13955645.294833578,435.46880688006075,58333972.52699052
15742018.43390916,435.33547217064455,8692485.599379437,436.8558518366787,4596036.818061268,443.56661532431497,16924236.417273063,444.26637102839044,8321647.806502015,0.0,54278185.0994353
8457090.922210848,0.0,15879294.103824627,441.38188433551204,12521277.106376857,441.33756943900977,13894862.153237516,441.39049677825307,8899524.40498205,436.69940503498015,59653809.49998748
8389479.065680303,438.06581085759257,6549620.155435847,0.0,8127050.591383831,0.0,19676995.83154096,0.0,12063598.09885448,444.15032668203304,54807625.95903297
14439644.747010788,442.85727295344145,8414739.596323473,443.05082395908363,12204988.493143935,443.04516901382107,11911993.10867249,442.7102249475712,9946891.338026036,0.0,56920028.9466676
6825154.04205979,0.0,13720354.435486268,440.5168398305908,16590036.385397697,2426024.2852254696,7558332.440298509,434.7120688244222,14504045.934806678,431.3114119823179,61625254.06359505
14027750.770354489,429.34468433578724,9662346.84377035,0.0,9142046.394540511,10670026.684539279,4548603.874222419,0.0,15047209.649713237,428.69074527187604,63098842.25256989
5730820.291493239,431.18116469073425,14210249.283663673,430.91832340332996,7594402.6382118175,12044304.459714863,10600626.248639436,428.59117929818257,12691314.804487478,429.5058007625121,62873437.92267866
4114257.23008657,429.2844455797645,4295486.003113158,430.04287258036715,5319270.59199382,12394481.355057193,3002156.3204980763,437.9436465119557,12777759.245268323,0.0,41904708.01698181
4750089.177835719,0.0,9913274.008477017,429.6058838629719,11524543.84779946,15590763.257024726,14039348.222657207,425.46527030488284,5294571.152799782,425.66668294684814,61113870.40443102
6244026.0758058885,426.1554887419215,13526276.243249545,0.0,4602103.56009881,15919360.847595602,4167584.8937572963,0.0,8385280.762770485,426.9144776141241,52845485.453243986
11009006.593486499,428.97674115344347,6912525.467282499,431.6363567756885,11349834.268952748,16440504.360575147,6632311.934245055,435.404200911741,16293937.819918187,0.0,68639416.46175899
12955702.08104648,0.0,10048408.117235014,422.79692047931655,5315675.538118172,14754060.45625707,9792039.950988734,421.5169086980554,6661132.233359393,427.74123395013703,59528290.432068
14837009.67117475,430.16756157335493,15123502.948290937,0.0,9606778.0879855,10602409.295027772,1658898.9213201015,0.0,7120797.057528256,432.5400583819725,58950258.688947275
1695416.4665728002,428.2337255986344,8136290.645933792,426.84043894517976,14989416.836916538,11600805.10502326,8504071.077993592,426.8653268300626,10626515.156173218,423.16856531384116,55554220.39666989
9652010.760816978,429.0581977971954,6756556.75455643,431.3556770200495,13082824.111490566,16372670.277230663,10898057.676082933,425.23674193820244,12026499.026831599,0.0,68789904.25762592
8898962.191060167,0.0,7073141.170819771,0.0,16004530.18525888,16110422.806253197,8858405.22115809,423.9584529266116,7462871.344291557,429242.26644436974,64837999.143738955
4556463.890763314,424.06436333029177,9287206.166174142,425.63032641512905,10015962.851514727,11682986.785827026,11230755.299595825,0.0,22887856.867044367,10146986.345742581,79809067.90135172
8176022.383416406,425.0695677087765,3767150.9225651026,421.982780430047,12494314.138201691,10083922.953076303,6610763.858142043,428.5783148431787,3281847.2923659147,10311490.357341222,54726787.53577166
11015133.972342622,0.0,5487146.718541216,430.56324048753083,9599950.069719512,11326772.834531045,11691927.735496098,424.7620486312569,8468583.636556333,10199944.582124323,67790314.87460026
4182056.1106489794,432.9972875109364,3690465.0244675046,0.0,9818653.583417814,11101752.124072695,5309849.396257893,0.0,11280639.164512401,10616328.386811484,56000176.78747629
1130659.5457174422,5006590.399813112,2333013.5293704057,413.5233906657525,3160192.954358951,10968128.763855327,6710835.104241469,406.41496087788573,11394428.385624252,10208831.532163126,50913500.153495625
1363877.2384352458,11970632.585585037,8668967.505953288,397.47527361067375,9004285.090366324,10847995.851733178,8400492.89303754,411.3205302126408,11510004.645298706,11127190.62636805,72894255.2325812
1447772.9373675964,10425185.166209528,6596824.384145782,432.0067463974688,3776321.2254243465,11991719.13128278,8583784.213344809,430.5410499708092,1958284.669792113,12068512.632727157,56849266.90809049
1482186.994917517,11196219.586614983,6598599.470851604,0.0,9657272.234869882,13501915.540755888,11966004.131666318,0.0,3071573.1397996703,12026770.287244953,69500541.3867208
2202334.5873933136,10143876.5172556,4676054.704341674,419.628149765577,11513695.369350687,10332773.077837862,2284349.3853987777,427.58152921867196,4369804.914879552,12029690.147591392,57553425.913727835
97613.48776369837,12480838.705918599,8788880.061057312,425.3563224996239,10358433.132786825,13059327.530451268,9518459.92047916,413.9159189374724,11140296.282187432,9554466.752483109,74999155.14536884
4306310.151110049,10355598.44858164,11420370.728126682,0.0,4233662.716493509,12949694.01144218,9281424.090005867,422.6659075220815,6650620.627691735,11625917.621072074,70824021.06043126
9375115.808629949,10465834.929278784,8180874.133007282,424.4528264972003,5553938.194159488,13186797.089596745,7705930.289021096,0.0,6319366.662301415,12424444.98278747,73212726.54160874
6527731.985538059,10717489.952651896,8363524.5371613605,422.59067392315535,9099643.380558869,12967945.734648101,10611463.05592877,424.26293156676695,9996694.846863134,11721014.580471275,80006354.92742696
7628618.292912556,10110194.328186465,4877273.702881929,426.6631402201189,11378768.865818487,12888124.42321685,4907948.974078034,428.69731770579915,5862226.9393537985,9647367.402569996,67301378.28947605
6884585.459887061,10168219.198284794,6620547.265840647,0.0,9194604.319774805,10865907.249579845,11006732.397060098,0.0,11002467.590431541,8843628.67099911,74586692.1518579
7215163.881936992,13291208.124353731,12091264.605785264,412.44529522101936,3082983.0740014156,11363097.958303949,2599552.213162498,413.07066083807183,2528024.021607741,10760506.526169835,62932625.921277486
10008124.154489461,10799339.660842063,2412710.394998967,427.7083384674215,5272767.952033419,9829627.85966462,9651981.109969625,434.95803954678735,10108648.824585598,10689632.2967119,68773694.91967368
7515517.92624464,13304043.006408898,3135982.303548312,0.0,6841697.727016509,12314275.76935136,4801453.420985224,422.48399106290526,4815768.182681965,10291084.656045454,63020245.476273425
8626146.334854972,13459829.331808696,7817944.258302098,421.5907893009239,5694585.356123232,10500716.391309356,9491677.91364386,0.0,6182965.251705363,12381408.476507697,74155694.90504459
6693378.282192372,13626301.987123089,11421949.658599906,423.96425608944315,5765212.73621789,10546193.652850417,11881153.973685412,424.32695627248603,6733579.626689382,9648912.957869213,76317531.16644004
7677643.336875521,13217554.903058102,7199938.820980292,434.06667616758324,2811946.1857156106,9468770.59030326,10878110.561595988,436.246710976082,3119950.3949531927,10960645.116011657,65335430.222880766
7439861.947063724,13040915.8414823,3825478.3949047243,0.0,7281849.204846319,12197198.934147343,11010066.438556919,0.0,6650936.4777242895,10666052.123253176,72112359.3619788
4773497.068740992,13750984.63035431,3498617.235135434,414.04939678729414,9520808.691326948,9822769.386146436,6665277.935773834,422.9623115356189,9140297.003819842,10181289.559967628,67354378.52297375
6300055.469898387,12397528.108195025,12000682.016822778,417.7196639263616,3211454.159981322,12431953.837364044,6564068.230155362,414.73396980649335,5742574.856208198,10211655.633391326,68860804.76565018
7413400.322243699,12559081.584638406,4794862.200134922,408.25501435395637,8669690.02330343,10210333.290902175,12749201.365992205,1231922.7072486512,9905821.43991301,9658676.424590483,77193397.61398134
3540707.6377927954,8113405.454377702,6519599.113570696,0.0,9922195.93110352,8611378.593535194,7888596.802908346,1178401.0097589584,5518863.36042599,11472567.81971922,62765715.723192416
3365978.6201457637,10075195.181319723,6124064.025521539,427.2924928491551,5691052.187004373,9622541.963961784,5037042.80032264,1248888.7462752757,4559711.130904962,10673311.474623116,56398213.422572024
3229237.14246546,9270587.213941578,2428054.1568675064,425.0685804964686,3421425.58322148,10583455.15783484,5600751.362114343,1248561.4429593843,8477577.889305852,9588651.547405716,53848726.564696655
4332783.722289189,9441458.490909087,7022570.382066175,0.0,3756999.536238168,7391953.266201004,8132227.640261762,1250671.9985336566,10302330.331916336,9194414.087094333,60825409.45550972
2467500.09914172,11228773.38814255,14143185.85322662,418.2069703587962,11654681.568909751,421.42488104640233,2687698.8247400923,2058030.6240166714,11938378.767343981,10947142.86185795,67126231.61923075
9271791.228159029,11440663.807108322,2444832.3789444,416.3230686960201,11542447.166423308,416.14846249009116,9731641.932153106,1667754.9014520177,11702436.661545455,12117676.308144648,69920076.85546148
4807612.700715417,10650193.716578895,2650579.2619941845,417.3062243791136,4962056.102646209,415.45278578674674,10386313.812081436,1239054.1534024659,5377527.877331563,11357681.991714405,51431852.375474736
5975920.740599736,11298640.62171327,7125177.52930054,0.0,8262340.772065797,0.0,1384830.548722872,1269443.4456092617,7558258.264097514,11213746.03315192,54088357.95526092
5270711.132500537,10485556.50717829,8405846.711187277,429.377465715123,5239020.935711192,425.9044132719926,5882805.582378205,1281414.1013141791,6478766.050407444,11147091.085499689,54192067.3880558
6335159.360018594,10374590.954308193,7331816.73023037,430.76020096064167,4799631.744195995,433.2522292434388,10894145.724905295,1294980.0089361959,9714813.172328962,11084199.91070038,61830201.618054196
7226332.589466063,12964902.376894224,9985061.262908619,0.0,6458478.1683515655,436.0406415036802,9723415.558001503,1278764.8155067184,5347689.073451966,10689307.589699732,63674387.47492189
8233539.659124001,10640367.259517558,8518407.75214945,3714413.0073915184,7527455.507307176,0.0,9482673.558633516,1283686.578202452,3913043.8690254395,9921616.905677268,63235204.09702837
8054080.9949054085,10468639.744562304,8610380.956258576,12035870.773912769,10342324.552864557,427.7752252057002,5268838.163608833,2393325.6572115384,9159614.14790085,8421090.343872279,74754593.11032233
6721365.6243760465,9202991.979711324,3825604.647851517,11299663.338533534,5376288.785139683,422.11098060642604,7498419.452011981,1332748.38096884,10803814.783145556,9153804.905170796,65215124.00788988
3127697.6255330667,10648478.047857583,11012147.977996726,10827995.541105095,5412141.555113348,0.0,3646543.3407536233,1221605.3199255455,5724126.300848136,9224697.598918088,60845433.308051206
7763722.6200404875,10034122.402503496,10050483.23224367,11356612.232268399,9335201.518163918,415.80922144276036,6308536.458525487,1234220.746653993,5874431.20096408,752290.1964136811,62710036.416998655
5794021.467685576,11672670.239251874,9446363.385362316,11412625.577343985,7208865.346915305,415.2384810260254,11516604.730248233,1237664.9780483968,5523608.257332792,0.0,63812839.22066951
7949263.309543239,10898265.04764813,8239075.145712234,10973937.83320184,6816566.770178805,400.48838408864725,4340696.388406263,1204261.3795426956,8943799.048479183,423.3593511786677,59366688.77044766
7621399.797344263,11117390.005079899,6469844.683654017,10818315.395293823,10171455.727923779,0.0,11187905.184813356,1656924.738689827,5364677.0868651075,425.5090629067878,64408338.12872698
7876543.213861992,7730763.345063994,12639983.341030765,11820561.514097406,2518437.6750703566,415.20850798969724,1774071.1640106547,2084213.5717509594,10770697.01226285,0.0,57215686.04565697
12639202.687236866,410.88786997984,3337251.4198119803,19757881.54379507,10502399.262824873,419.3594583582944,7202591.755322215,1251604.600146306,11051225.41759321,426.60130124816845,65743413.53536011
5251997.434171097,0.0,11108830.691110207,20840733.502993625,5395420.061305629,439.9730150561039,15662311.66914879,1291281.832068817,5619188.0941081615,426.62778855449284,65170629.885709934
9453802.390673952,424.79189318011055,14345384.809701977,12578231.772433368,9171405.760925367,0.0,15392842.343401806,1252021.067490368,9474749.028726023,426.56460413655805,71669288.52985017
2206255.94641721,848.2357488989244,9276154.204729458,12011635.716651842,10969745.706370376,424.1074212998092,18799288.485343866,1267850.3143667364,4033456.784790949,0.0,58565659.501840636
8552017.065860827,0.0,6353912.450170751,13777707.209912907,3200168.683383673,431.9506701538554,16901424.23950751,1270674.072211323,14193837.402601536,413.59101190072664,64250586.665330596
14907100.885649756,414.85917051488906,17955319.73990791,13089521.10437882,10081749.525734467,0.0,11552566.702475378,1673795.8477074893,17951913.89429668,414.75054494484215,87212797.30986597
8864041.46979713,419.4220115597688,3878353.1219557077,13622682.250900546,7569315.793811043,417.88284054717366,4943019.343983857,2063932.584374257,18253603.714373916,421.4734045214585,59196207.05745308
26755169.455903687,419.8757306968704,3213266.651923824,13335331.98541646,4085996.538901041,420.1058952707708,13817398.177610453,1206637.841621171,22588467.94252995,0.0,85003108.57553256
16227969.815889936,0.0,6596730.471339527,12445348.99185454,8738750.236616652,420.0111529212371,5211747.2972209165,1263082.3517242628,17577389.664205316,428.4315687462041,68061867.27157281
24342445.640005462,430.58791976509644,10404574.678978927,9977937.51839486,5017637.340187845,0.0,10816193.636484385,1250874.4329059112,17060030.274654876,423.34964756013113,78870547.4591796
4314298.591243575,420.1035283826648,7029127.55135068,11495295.07833982,7189098.746928987,427.1323073894101,7543224.8293170985,1267325.4586917574,13418744.705937771,0.0,52257962.19764546
12485708.38048977,0.0,10779382.286296295,17720495.815197036,10437179.438140998,424.86907825928404,7912219.482895233,1267259.4793301278,16644170.33323754,415.5521727742153,77247255.63683803
7062115.967630464,419.23222543343576,7202539.42974264,18099066.658473242,6860598.934702335,429.81499901046726,11897060.360489745,1279353.6821540995,6144065.227600403,437.61075654275345,58546086.91877392
10459721.26987771,438.5600227245597,1566557.257503999,13860057.927182559,13971944.43728428,0.0,11000700.778314503,1869764.1756816006,11745182.104412986,437.9343106991297,64474804.44459106
10280019.338094104,431.67624569747676,11446244.573512726,15594345.08681517,6311153.834956115,429.2531427499275,11704086.33032673,1994123.6515887599,5450682.478154366,0.0,62781516.22283642
12932527.289089842,0.0,11992847.237218514,17440610.733858544,7069099.733951721,428.78560867800263,6880088.734329481,1275228.6676173003,11792868.202246215,426.6882787277679,69384126.07219902
11197109.466911295,425.556642499313,7592209.495572503,13201436.03065267,9263364.2126004,0.0,8467251.585775763,1272962.6456457444,11260037.846291848,426.08153272585054,62255222.92162545
12295716.263096739,429.25003102217096,13038453.334934989,12255557.035552906,7605677.997678913,428.231357326862,13723945.46917946,1279283.98324384,16806108.981659513,0.0,77005600.5467347
12399611.150485747,418.2879510337391,9598472.253948497,15431167.836710494,8053097.406202566,413.3898272718705,10794673.8855747,413.81016823179846,10953088.674641894,425.66416298690933,67231782.35967343
11357409.574787619,0.0,7873243.431567723,16419423.93177225,17445331.773029976,436.1070424475609,10757760.664666653,0.0,12978326.099511528,436.92278577985735,76832368.50516397
13354442.758709751,439.8148084633397,7360250.821760052,13492029.599653184,10635003.173384197,0.0,12857538.905486876,437.91335420161846,8202271.176714012,437.756054010179,65902851.91992474
21334012.97411007,437.2927141408692,11339887.510213345,12785131.407112695,9069865.564377163,430.71790099289507,9689990.922689566,429.89851848735856,9241475.571431255,0.0,73461661.85906771
6095401.002754241,0.0,7306059.935361089,12997424.00916085,14537962.87213148,421.4906109822637,14687638.583436906,420.4951287071472,15736526.565210901,423.68980658684336,71362278.64360175
15403530.826749206,424.47117203085475,12896132.646191355,23251866.159682825,12983773.545617878,0.0,11040696.09185907,0.0,5737684.50575425,436.42080756449525,81314544.66783418
9302335.497608911,434.6945168359801,2240069.9949302603,16503833.164998205,5924361.08683203,437.6188419478661,13428372.896967424,433.0611811178429,16245948.055965321,0.0,63646226.07184205
15945533.86804264,0.0,4406263.941284036,23598825.911742125,10955663.820943892,426.2356066566117,13936124.771158686,430.09036899998506,13896984.612337291,433.50205740936525,82740686.75354172
14927165.63815878,430.9754235171041,6579239.398231251,20370338.2901463,8534763.339730017,436.54761383324046,18550107.434809547,0.0,15988101.57783676,431.5331980531485,84951014.73514807
1660384.1630416918,427.5334049971268,15075563.137455845,15716543.180258812,8007756.525889628,0.0,11958796.932431575,428.63005106687746,14550939.794231495,432.3976450434832,66971272.294410154
2624246.622732008,438.49229973752745,1921989.9429378137,14475474.928282984,11023023.851544542,434.506789863538,9641041.741430717,431.8665367591507,15329587.894853517,0.0,55016669.84740794
2633885.513099745,0.0,6483896.021873118,16052768.325850071,10713817.379966404,431.95502596858967,10699201.29851235,434.9083345988582,17868591.297865774,434.88841822401895,64453461.58894627
2635243.8172745835,432.2996916325951,8514560.10047016,6808570.765825483,5350565.935809177,0.0,6258422.95757546,0.0,21897366.00750638,439.1659697218372,51465601.0501226
3046940.942057057,441.091580470177,22195545.064066518,442.5983975349668,18744078.82713435,442.73933464605545,7405394.213885256,440.44629496421766,12049596.651029805,0.0,63443322.573780596
3664976.509221522,0.0,2914571.1326245526,442.05155972210423,15128193.70900492,441.625000438715,24461965.557083905,445.3615778715723,24986921.540965643,444.92457833881406,71158402.4116169
2446512.614245109,440.67246535169687,13286332.387843665,0.0,13975110.351332111,0.0,7147653.22489323,0.0,5035720.282109765,434.19670632079294,41892203.72959555
2058535.6816346254,438.72497604002,15923997.585495992,439.5482486217627,22371476.62974723,439.3087550765863,13383409.321362296,439.328790783388,10682515.412797239,0.0,64421691.541807905
5271916.382528767,0.0,5803741.766005532,443.39516994349606,11280477.245105578,443.85793659997256,19095378.140230678,443.31061950916825,11311057.906633267,442.8717882837718,52764344.87601816
5227132.082010565,443.02674269377496,14403180.772039168,0.0,17023526.67395069,0.0,6728998.045406899,0.0,7541084.226623441,430.22069351048765,50924795.04746697
4021069.691442014,428.17507303855047,9966746.36930423,431.3502242596347,4547604.483639332,2515260.7945754016,14016458.873793898,425.1699283008564,6230163.878510029,427.71333607390625,41299016.49982657
8420527.322847497,424.2309264586517,17077753.94323162,425.3568617077692,7783232.102595806,16491323.523414552,4709378.69231037,430.07392321086286,12899958.292991348,0.0,67383453.53910255
6624901.294280049,0.0,14455158.81589631,0.0,10810997.961504977,13487393.62614471,6999929.262775767,422.9110460151728,14706521.563356541,426.16035991717536,67085751.59536428
5830402.064230031,430.7079492666096,10263382.836295221,433.4969236119111,4984331.49973169,16145421.29322937,11733060.638083832,0.0,4902869.531840963,423.67295505366866,53860755.74123904
10203100.992389487,421.72696691420214,11943816.359422455,419.0290923463508,6144765.2080333335,15355822.858619636,5172441.059797571,417.08879399570907,7016429.428356259,0.0,55837633.751472
11552058.141175928,0.0,14090683.101236055,432.50363325958324,10925420.445269734,18357556.783698488,6289390.633388037,436.7483832899101,19986852.409612097,438.1737380772307,81203268.94013496
6273916.304909933,440.2822595371502,7984160.215485014,0.0,13639802.46444478,14765227.361725152,14114119.764243055,0.0,20750927.598309815,439.6712139219126,77529033.6625912
8128498.90692621,436.856136215147,12298551.558357822,434.75083839899804,11395687.9873283,20072782.296863325,7872617.652617589,435.014241431481,15008828.000125341,0.0,74778273.02343464
5283316.431099611,431.8405991517051,10132621.572393851,433.17103649753136,14039453.920995679,14017859.940183975,13315736.957362141,434.87639412612083,17975683.244688444,434.41322150702274,74766406.367975
11017846.931017017,0.0,8244595.135998544,0.0,10126484.634872291,18248890.092400447,11615220.681860974,0.0,12406903.254721124,431.6764308140668,71660372.40730122
12661370.172927419,437.27096424299674,17017749.889035743,440.84576903083234,13868339.470484532,16987964.954411138,11588819.836811323,438.77651354088596,4757068.4503545575,440.8130470434066,76883070.48031856
12741296.191726666,441.9541319668005,5560309.9374926975,442.5296162238548,13013944.092552613,16265018.659383813,6971190.870749341,439.13579544078897,9935829.622960528,0.0,64488912.99440929
4179652.9767473876,0.0,10962313.824050874,432.8291679297245,12016829.207348924,14931244.437235687,9918018.371077804,432.36105819760394,11317454.102650858,6135282.2070662165,69461660.31640388
11492765.480169035,425.12126814260483,17028125.00006189,0.0,10161077.8640708,14164329.383588137,2734794.1908196504,0.0,8861218.753190214,10068618.727254225,74511354.52042209
3129542.033578378,432.69632856334135,4470625.472797821,431.59703037008467,2358728.852651257,14018726.416088779,4979151.219141231,430.23135824883707,10976823.326021167,10308898.15937011,50243790.00436592
6733236.703625719,0.0,9631470.913386647,430.43859812286854,9776803.56728545,11648002.213219315,7767440.626993231,428.2353651867449,3887499.282182186,12509538.540039504,61954850.520695366
13354096.68897005,427.4508926343994,12216194.851260351,0.0,4757788.118992523,12260312.188255621,13412492.275769373,0.0,5859416.596481945,12454314.17936647,74315042.34998897
11490096.691250646,12556918.074315634,9682255.865389073,419.2013239431869,5309358.783625419,10581535.591056626,10882226.57843127,417.6280738438178,11106887.60879958,10170922.643794049,81781038.66606008
6978915.353112637,12506538.860560264,12498270.387483824,423.31181659835977,6048473.528541142,12147253.429775693,4940441.02942184,420.92899491543955,9805777.153557764,10553646.035537379,75480160.01880206
4385773.108300022,12766448.284442434,8973049.017557653,428.82360233259453,3292732.450650105,12567844.461140897,9459802.686774878,421.63069736213,7116835.553277945,10408215.69375519,68971551.71019882
5266389.1242089225,13488932.557975708,10169705.351409264,0.0,6369676.431297358,12056418.000948869,7267779.596159048,0.0,10696726.092174767,10036751.192589976,75352378.34676391
10593191.04044488,13105796.900075942,11060455.197486266,420.10361604471166,9220784.417665843,10246851.342277225,11412633.678112261,418.29177493098996,3537850.4883213453,10479843.613431767,79658245.0732065
4860522.074140467,13149055.694144554,10252708.26524375,428.7578483415673,8639104.346904157,10359293.919487108,4240763.180180341,426.0192311802348,9681062.396391714,10355494.885690829,71538859.53926243
7093835.346497779,13225950.423813563,13907599.46785527,0.0,1259398.6782082845,10585992.836079368,9674077.362302454,0.0,9468797.129987426,10807541.531155966,76023192.7759001
7051513.926197691,12566281.567826128,8541767.367802199,424.7925205880057,5566617.367880477,10191026.368334817,14363493.08088338,427.10312976661993,7013923.23204716,10158496.033733066,75453970.84035528
6771342.141968963,13051023.701032901,8197032.207704522,427.082109850611,10045710.06244875,11990278.532173397,7322642.42839274,426.3944879748492,9879591.703061221,10262446.589332717,77520920.84271303
9081275.374496246,12799013.822870158,2251180.678267952,428.3099797297642,3672120.797670825,11436464.675982367,3900332.474632265,430.8014952165524,3018700.698270789,10911354.717621086,57071302.351286635
4411038.66050429,12192623.80397415,11117306.586040435,0.0,10509336.564783486,10097390.207190951,1743017.2177147395,0.0,6562228.586532809,10557203.251490925,67190144.8782318
9930292.9316435,12461787.356973965,3372689.810471747,415.52884386166636,3318024.2871138905,11044325.213724002,6167431.264149817,423.2581527400611,11024354.96875728,10062113.360541195,67381857.98037198
2712591.472297815,11331115.895598192,10423495.44403947,430.20901806703324,4717887.325294451,10620827.382769188,8597090.962872725,429.809493372137,3768613.1195263015,11456165.24244867,63628646.86335826
6745808.972613641,12376353.524682332,8409488.208164867,0.0,7080146.318175557,10989616.649259822,9822164.325662712,0.0,5319419.255300875,14754672.332873883,75497669.58673368
11629388.048449919,11270294.42918056,3187826.531576177,935.8409141131013,9498968.361071838,10664635.428398745,3697353.5232435195,431.64126151239725,7144207.535699951,11833879.851962084,68927921.19175841
6491707.993950406,11165259.041149065,2758238.9918457055,429.64714047093605,5710573.222085582,11170922.10145114,5648614.907400511,420.70100468017677,8713949.1763803,11487250.648129646,63147366.43053751
8459144.30989369,11166071.878652588,3856468.021708087,419.86811250728886,5658240.857551622,10250474.11865549,5512158.877633064,416.10769337926376,5448955.706321993,11296224.857629457,61648574.60385188
4844697.992140422,10688843.638079014,3798309.174343629,0.0,6119968.816822848,10463338.964223696,7772393.546099384,0.0,8154723.59574392,11245923.012522947,63088198.739975855
5262048.896210316,10928281.969906025,3940307.121228906,424.40773007270474,9075915.599426487,10247180.616859656,9732982.674346598,428.2985899924116,9605727.943654947,11349556.515492732,70142854.04344572
10608158.42505599,11353557.884380804,4367620.452529017,429.2201973341975,4679668.643866535,10789416.207452971,6126091.918413061,428.5648125579939,4936999.812161535,11617434.706364179,64479805.83523398
2591617.991593677,10383533.29396863,5505937.135264622,0.0,10231157.940281222,11158287.064097408,8914380.726679264,427.89387338182155,11482378.769024238,12396542.646169083,72664263.46095152
11060534.913297674,10807091.635904407,5006696.047047585,422.31844226402427,4395580.705899215,11117991.287593035,3441065.4947325317,0.0,4578267.100782419,12298789.72075722,62706439.22445634
5829904.256053823,11107283.062251208,4595918.912369041,411.0260308643248,7390815.303190456,11329094.035997571,4861832.677477921,413.51387789457425,10593952.10888423,11898255.082888864,67607879.97902188
5588744.61008717,10169543.789128033,3918729.652825842,432.6878660731767,3758368.321247455,10180055.153596552,6498241.024144514,431.39412751508877,8193813.857863833,11422535.546651866,59730896.037538856
12412772.173567228,9705956.123539098,3982694.843219262,0.0,3646712.565493403,532853.7277608673,6972640.224225831,0.0,10540484.657707037,15449289.539262323,63243403.85477505
7655503.493135621,12779031.179868812,3976211.113169796,432.562734260438,4418533.279028209,433.0973275422553,10042715.779519375,432.9849952771512,8664901.745315874,11540799.46652155,59078994.70161632
10341636.273525424,13050121.52360774,4249222.498894278,436.0053240631455,5038573.947592141,435.47370490722477,3046532.8886378664,430.88078763079614,11067851.37454604,11611316.050822478,58406556.917442575
13171796.722880377,11911546.309375511,4532077.165572555,0.0,3386126.0883987155,426.2662001577379,8639561.833113156,0.0,1368763.5677361435,15211914.696098762,58222212.64937537
4397145.185217255,15945579.48792513,11655936.068071594,428.8644347501742,5719099.0319354525,0.0,10209208.128640004,425.77587986288995,11423493.361928653,15989903.731661098,75341219.63569379
5532447.257102755,14157537.336307686,3501217.6395418765,432.3618010161415,5668306.700619301,429.96260267925504,8795389.344721057,427.16067330980337,19027116.009071544,10838358.221588947,67521661.99403018
8501337.206917264,10692194.081133801,4841889.0096760625,418.1240237532858,9108527.8317172,422.6258032608212,10510021.470314851,417.0387695397664,17677551.191778425,11049045.340203773,72381823.92033795
9933572.7923678,10624353.842525082,5896141.182371672,0.0,4572798.126086094,0.0,7032594.856556555,0.0,18929744.66808669,10909241.54313541,67898447.01112929
8293021.18025091,11585190.616801655,4159754.3681064043,437.2693497080261,7021948.485757656,437.8934473866456,8952050.260924343,439.7891562712029,16615273.031774707,12046207.146160165,68674760.04172921
7852641.902716018,9651314.730586475,7688149.078455195,1203.5253897138734,3495991.726748161,1189.3744298905458,12646039.399812812,1191.124694836998,17203616.9646874,10048799.764494767,68590137.59201527
5453832.080401776,11818677.565478614,870201.7389635416,0.0,4148070.5859290776,434.0314906139344,5653119.522446723,0.0,4843329.512289608,12961097.589043839,45748762.62604379
9267465.112996899,12823902.198272862,500232.61839214974,428.72351816052714,5470924.979264972,0.0,7434332.560615623,434.79675126842164,7321683.469519529,11496775.051078247,54316179.510409705
14340564.550210772,18411251.22648364,9719493.29038688,429.35374907684076,5763106.839888315,429.37114712688833,14533008.14034366,431.4516311882254,11891177.865388094,428.2985899924116,74660320.38781872
10433671.382081816,20336020.694276206,6775419.668897378,437.5811760185025,6540868.925290592,437.9201172157093,8765142.459123008,438.88660912118297,7326191.016994367,436.44398678917855,60179064.978552505
14833743.111530112,13636482.273076208,10369131.10058872,0.0,4893319.793224512,0.0,9947733.330055324,0.0,17477902.293143686,436.9935343049964,71158748.89515288
6365974.296407645,13683767.086299405,3993567.4986411873,444.0316008169279,8343999.74293186,442.5108437103403,8189900.296390053,438.1998697980433,12500325.725200241,0.0,53078859.38818472
11721951.673963897,8388156.817013095,8473500.537923839,429.76004071187725,8756198.372124152,429.03122500045816,13673687.197276013,430.46151438295624,10260713.039126411,435.47954500669573,61275932.36975251
11506173.344217744,436.720056035084,1099224.483763177,0.0,9676301.356111407,0.0,11854962.840660663,0.0,11599920.39075898,431.31113477688865,45737450.446702786
9983695.038105091,431.48908153187756,9021279.600469982,437.12608347028356,11292360.782315966,440.5527955652062,7782565.525740972,440.81661823360326,16806540.27334614,0.0,54888191.20455696
12970109.976928104,441.9730513275222,12266202.956632504,435.08042413981934,11950432.275227442,433.79320256328657,18961011.46910214,433.98517790395385,18496222.739873424,433.7272239802886,74646157.97684354
13805007.033860475,0.0,3032763.075945433,0.0,4430496.766934399,439.6028593775452,10978741.473142084,0.0,8615474.553587778,439.6247458789259,40863362.13107542
16323063.60649143,444.53220765766224,18347297.091819722,443.642269270934,4573638.003808234,0.0,24678477.24611136,440.86758638812245,11197310.678281238,440.6137312821348,75121556.28230658
5217949.773287646,439.1643411627178,2673464.069870964,435.0051240854053,16952630.993287466,434.93962202193205,26103216.74312254,437.5720458605349,12957780.876165124,0.0,63906789.13686687
8780205.908897694,0.0,6179749.345078929,437.689150003848,3038098.1065787985,437.57565983583845,8605082.281047836,433.57749157833666,10562062.474730594,434.5378319577304,37166941.496467225
20483845.2440578,431.4792790854276,4402186.590562352,0.0,2806676.7306285757,0.0,9307668.259124355,0.0,16594903.56848416,426.63619647593765,53596138.508332804
8039150.353734979,427.01263200805806,5352119.947552479,426.3920496963867,7838034.364951046,419.9956441377354,19014958.01380054,428.16350835882554,8352483.10396936,0.0,48598447.3478426
11214840.832392763,0.0,7339108.489421198,432.83521648039437,2939704.9907369884,442.28462891553085,12749130.707250629,434.06882866054093,10566191.188101903,433.96123015746423,44810719.357807696
10904411.26464201,433.609895251705,4919835.903933165,0.0,10911256.37923224,432.9529642500774,10937249.93122349,0.0,16926106.8404606,444.07694817161735,54600170.959299184
2022967.513073718,444.3336339306878,13193366.710609684,445.1227949930853,9780675.141280236,0.0,8951597.16891873,431.5064680984588,7339049.230893284,430.76407196083454,41289407.49174463
14338025.920858355,430.85828774749945,6335717.442237489,421.26139510124943,2574554.6528770775,425.9497382225538,7805449.683557177,431.9804211907224,15933718.8617637,0.0,46989176.611136064
10534005.772610141,0.0,12082031.410833595,434.25542796119095,7402449.154723382,431.62460436957366,14185472.306114633,431.8112378347945,21303054.18467833,426.20086715022325,65508736.7210974
1463246.1624715151,430.6444717622883,5890232.999989689,0.0,21547505.456335563,0.0,2382995.5986889517,0.0,14896826.442867938,431.56242906044355,46181668.86725449
5121728.453074964,425.47884774497464,13392983.871713186,425.9891237949623,9169339.288040372,423.61714949416734,4918343.111717958,425.73446306178744,15902820.727429528,0.0,48506916.2715601
7128478.340736885,0.0,22130209.509773992,434.9393401331607,10535861.493837805,436.6311190767632,4574803.401380746,438.5655637535208,24113700.642449006,438.46088108324955,68484801.98508248
19122150.888537485,438.7209606393105,6730346.042982997,0.0,4692454.385960445,0.0,10704214.410561131,0.0,15471217.42614596,433.9073573898478,56721255.78250604
4442879.832449544,431.1895683469416,9594624.692968473,430.26151657730605,13364952.409050561,429.9542467803606,20464172.400658477,433.98321334086074,18022435.711343035,0.0,65890790.435015135
11916068.245667132,0.0,5709827.521031096,443.13371471989086,7528634.548401448,443.41753336039443,12970471.68128736,439.92811741754133,21721004.0303696,440.2046670399786,59847772.71078917
10991173.204912452,441.226434322488,9979513.852114258,0.0,11382371.946061205,438.5554371513041,7040775.3555055205,0.0,13963251.32318071,434.75318544751747,53358400.21683107
10250508.268522896,433.6539794936547,14027148.940263037,430.3223058125167,2990295.3102064515,0.0,11062201.525888415,429.0284821941535,19093452.26308801,428.55742315402995,57425327.870159455
7301364.87932787,430.03010453926214,16049892.967835363,433.1038494469136,1280877.6410678467,433.9554307101574,5337306.479086572,429.9190821062612,3500908.550063848,0.0,33472077.5258483
19908927.181889955,0.0,14222320.5290041,431.2676179435043,16505679.089345898,430.5602938971809,11969262.941017115,434.08913801456646,6783948.26888801,435.9257391516356,69391869.85293408
