60334364054.80473,13878442563.125647,73018053631.65836,12671485484.991995,73018039089.97858,15480515763.92896,74437487417.1291,15504139645.515291,77388937127.12344,13992674767.67306,429724139545.92914
10465765.045184469,443.45132690733226,6647999.459937287,442.3892986254123,1628439.9425107953,442.2959973215298,13380947.038350774,441.52824475461136,1478096.7724802995,441.8753672206023,33603459.79869846
9751199.367570866,441.576181460549,822634.5740263665,0.0,3545501.1950164787,440.1916734519675,19109140.53509224,440.79461290076796,9641087.244980594,440.7393197223512,42871326.218474075
5724643.085340421,0.0,1377041.8387809957,440.75147724190384,2751466.175995972,0.0,1959175.2077567538,0.0,10931630.01574266,0.0,22744397.075094044
17057851.672914483,431.58139433183175,2685277.319467316,429.82977317037967,696315.9196599671,430.02505264601353,5749587.595305747,433.85480692024464,6153174.532643913,441.52301592540584,32344373.85403442
11000823.894875111,438.2417442721555,3559694.3438685546,0.0,4050614.650314425,437.06810110852575,2358439.114927556,436.3231034534324,7376122.326579591,436.2900093682692,28347442.253523443
5602232.720314704,0.0,8116158.884550678,442.37345406724376,3009884.796487053,0.0,10429136.1700241,0.0,5285481.3937375685,0.0,32443336.338568173
10155593.669604618,440.02648115578137,6823928.798402398,440.9693648908586,4647381.737134207,444.0526572919895,5230695.968183074,442.06408094435074,6792492.051318634,442.224492969713,33652301.561720185
671746.3349758129,441.60998551631604,6752470.603170204,0.0,2554894.017666498,440.7236896112621,2903240.970630601,442.8318490637752,7597059.1805127105,442.8576626143101,20481179.130142633
8097205.9313183,441.7140453753514,1376575.9465784624,442.42915805402595,8129449.469787503,431.00319495383974,1153047.8062270957,0.0,3758138.6197871584,0.0,22515732.920096904
7825209.105578677,0.0,4408686.124624697,431.0091925778588,4523346.831805229,0.0,1188893.0878783062,439.6589238972963,10499897.634259205,440.01955675579035,28447343.47181935
1083960.810019982,440.50546631617595,5506573.98033501,0.0,8587237.542509867,435.69234444883756,1165947.441045864,439.0466379096028,6756537.60269231,439.1132871696398,23102011.734338876
17138860.47176493,438.6990684378209,5975183.465046863,438.6230840825034,8568133.108997114,443.14619978037115,1188646.5192967735,443.8753556266172,8097667.563207196,0.0,40970255.472020805
845991.173390265,0.0,5123285.386448816,443.2902189802237,6910123.827295638,0.0,1186873.7754510653,0.0,17674596.861378804,439.0639686009318,31741753.378152173
2523779.8136637444,436.3757806800147,245680.2293790077,437.0636415639732,12070671.737454597,436.70698315679005,5970268.033665105,436.55499736323515,6171109.178693655,440.1172878977174,26983695.81154677
13404878.52334851,442.42361619140064,2243154.7930826615,0.0,9165475.755236955,439.76571643510476,1510683.4681653862,440.3263627481922,13642361.629959214,440.69291504046265,39968317.37840314
10791791.046219686,0.0,1621988.0620068668,440.5749695872732,11364987.270246143,0.0,8163377.474579091,0.0,12301884.129943866,0.0,44244468.55796524
8054205.525105933,439.3519923061362,1164159.3868242064,439.55870903397624,2483447.303163153,442.99788762146176,5188804.4727017,444.1068256798812,4625284.238724953,443.8096010694112,21518110.751535654
14540673.407504622,444.9821069208454,701150.709295406,0.0,7651394.954328284,445.1814576893557,5402952.631016175,439.0019291291967,11844313.831592754,438.9977172081165,40142253.69694819
9062327.471696254,438.077249386218,10344092.365777312,438.2966987751519,18060843.333735254,0.0,4452530.546641808,0.0,8154068.044978924,0.0,50074738.13677771
6986535.568449986,0.0,9756935.590449203,439.0832158891798,5795138.00578364,439.5252182763325,9144132.269682847,437.14582565678836,6395213.946669914,435.84684377506517,38079706.982139185
10182797.572656076,435.8958197201542,239151.03710209386,0.0,6485018.577604641,439.61514626791364,9033189.294874435,441.34327762722404,15220479.96178256,439.834698177363,41162393.1329616
11520103.342423873,439.47619087119176,18642465.167468417,440.0725531984655,12919950.323088076,439.95695853106565,2935100.3023152733,0.0,19921238.7462034,0.0,65940177.38720164
5115504.61703876,0.0,5316255.507818478,436.47417077609293,9397933.099937657,0.0,9526267.173998715,442.8730547671198,12076737.776755773,443.96609367395496,41434021.48886861
17462021.23511831,439.03457425813394,8217158.397839907,0.0,5733269.950376635,433.33363897292185,12614382.139222456,937.726171970646,18909926.45248803,935.8706298372317,62939504.14006039
10068110.424121378,435.9883284037572,15069142.154083151,433.05875915046516,19103818.677023146,435.7280827206965,9627023.156647667,436.1708177220115,22721895.743173067,0.0,76591731.10103641
13050585.21040256,0.0,12229759.486238707,439.65729168008795,4346277.511943928,0.0,11576553.74870787,0.0,18009640.086582623,436.17903900329463,59213691.88020637
9060086.942739476,434.8288678728964,4221112.968329478,437.13994078003,15357128.475900527,437.33945049788855,13542653.313447284,441.0434590590256,18744079.376458637,440.61739567577905,60927252.04598929
14089635.256124103,441.8217417810723,10381271.521787742,0.0,4086045.1643748847,441.5161411717646,19703431.125849154,439.89639655977845,10601280.295894643,438.99532410714517,58863425.59363415
16393578.880240452,0.0,13551239.120177982,437.85449622392224,4653650.093517865,0.0,9773429.786789479,0.0,14818233.394250548,0.0,59190569.12947255
11612017.06001804,442.16281961151475,1030370.1734422907,442.6066682979174,12791201.717447778,439.32227178825934,17487650.118127204,432.9318300920778,4901064.032775411,429.88346422797855,47824490.00886474
12160949.462967178,430.66308006430216,9888794.850235282,0.0,9889555.055924648,433.8879066218971,18803132.182835855,440.22295561157654,13091513.861490835,442.1163088845076,63835692.30370498
8797014.183786029,437.6527087733104,10158728.166524703,434.3585804801348,10792553.130304912,434.3862273091224,17541767.185181923,0.0,7096817.387646942,0.0,54388186.450961076
5295688.532958883,0.0,5926368.1665059915,430.0162350803755,9597088.963882722,0.0,16146448.620200157,430.89628071977785,12949394.36923342,424.6219339195843,49916274.1872309
2820892.7220974616,427.57889572636867,3701128.486600969,0.0,14266747.254937626,420.8940590904872,18304469.506731007,419.85646684374916,13991237.437973544,427.0841936292037,53086170.821955904
10344664.266485691,432.2837261843235,8412269.578351958,432.3289337380755,8192627.046518089,443.92644627479586,1822344.5761951033,445.1816545700717,15887194.426483234,0.0,44660853.61479484
11193866.689053653,0.0,24033589.637907226,439.8617972043953,21452581.1639569,0.0,18951654.10939903,0.0,14089285.721192747,430.12197784683696,89721847.30528462
10032758.531911217,432.38157949841343,9712195.621455252,430.9609395034736,4787398.845400244,440.16414882885454,3030919.81222657,441.3776266228022,18093256.139623515,441.12125090984307,45658714.95616217
9002070.88019186,441.1572087136433,10858219.295406153,0.0,11067997.371080104,444.4483023456397,9423383.55957068,443.7095388917454,7568757.617784862,443.8109707573153,47922201.850054376
8298008.069708605,0.0,17790787.21399711,431.8695938967061,17806420.494149383,0.0,8410307.705023197,0.0,12603792.857557083,0.0,64909748.210029274
10211042.411894772,435.33057725253815,23344275.6900534,433.78768800370256,9298017.734001385,438.600055030174,9894524.092715558,438.4035942168855,3864072.120962915,438.0024331704838,56614116.173975706
4931128.765756438,440.151735002876,10504781.23017806,0.0,12600756.547409706,433.7966609179502,7755094.1640384225,431.5975855165292,9330275.808468945,427.66854351467794,45123769.73037653
7511572.285775141,425.4477378066575,18811973.643539622,421.4871695777122,6810636.672334657,430.33187179471287,13816438.190172456,0.0,10230936.91359989,0.0,57182834.972200945
15911497.088178357,0.0,17171137.029952157,443.8585237359089,10757282.122319635,0.0,15079063.87505256,437.9282140566178,17484852.42792193,438.26540354928494,76405152.59556599
2006102.5413187738,438.75471141359077,11689878.343507027,0.0,18056311.690400608,443.9495485896265,3946947.8878882774,436.7263085579024,5615780.9262507055,435.10994962641246,41316775.92988358
14495757.432134662,434.57403770646016,24162264.573326364,434.77806571991295,5718168.756428339,434.72079841595104,20091950.605409384,442.0583540957675,2729404.7233353076,0.0,67199292.22188999
10483116.835619977,0.0,8364449.804235286,430.70278929328293,8022504.656939233,0.0,7046933.792689855,0.0,20780458.666465823,429.6530087210388,54698324.11174818
3324292.994610793,432.2438177224039,18452881.6878467,432.508000233734,13328419.851518376,432.52714162888014,3974645.8461734755,427.28968154250515,19581223.03900883,429.0714568557756,58663617.05925616
7543408.588889216,438.464032295264,14005469.649996635,0.0,13538215.727898916,428.3017790578095,7160184.448616739,432.9207517762889,12799094.771588258,430.0324927482987,55048102.90604564
11789773.497155026,0.0,2986052.517079369,429.70317046184107,2847845.555787707,428.5535004875669,13700181.804761091,0.0,22488365.147965245,0.0,53813076.779419385
12244414.395744741,428.327019907874,7937428.2255232595,425.963256476833,9909209.105276717,0.0,7009168.124073602,434.8917061790532,11000705.850076344,434.2832490191629,48102649.16592625
11103150.312897297,440.0428312983221,16013434.201139191,0.0,14259575.506526956,443.48893560853713,11591438.733281141,440.93749370328936,19620812.738812253,437.51898435983867,72590173.48090182
12640872.609156683,435.2778697248988,5628872.152321443,434.00248553785593,16560713.297773048,434.7902721777459,11101934.548922943,0.0,14882486.94950609,0.0,60816183.62830764
483429.2762295059,0.0,13084158.746508785,440.64854548279993,11525477.476547362,0.0,14376957.876218302,433.397445294836,17740242.701788146,433.27572581853116,57211573.3990087
9372863.438815048,427.26818987217393,19623983.3206411,426.1889577658709,17263718.326583184,423.81628043711515,17060540.565187614,430.5206109377566,3369321.5720307664,433.6237173120948,66692568.64101404
17517326.12669032,440.1201743196582,24210172.085845172,0.0,5615235.385262345,442.30357658354745,19177588.96120596,436.1299993977738,18814901.634916667,436.38278004791124,85336979.13045081
4676313.524728599,0.0,9408002.350545777,436.44133761031264,13136078.767898228,0.0,13180343.496834878,0.0,6073717.202212492,0.0,46474891.78355759
12696265.042494949,436.8687440326361,15114221.206508532,431.9781039846165,7305566.307779941,431.27547065047156,19085428.29226508,431.16943705875485,18844291.497553475,431.7975310792033,73047935.43588878
14491606.671515202,433.3308408801072,10895550.045404961,0.0,15335685.659059301,431.9644793155394,7622347.8717601225,431.6263625628488,21200882.343253653,435.86420585660903,69547805.37688185
4939164.878742367,435.27796383410856,10357454.38888206,438.34431807270676,12557161.052838352,0.0,11631088.358892666,0.0,10731932.155113779,0.0,50217674.45675113
7158264.760744983,0.0,11154369.67158913,439.7705194766614,11377199.398727417,439.0073856016747,6239895.797444542,439.1576354583094,10139188.548418446,442.11805650106595,46070678.23052155
10481431.407820303,442.444131499971,3234181.3047250127,0.0,18129330.329542976,443.1083566064716,14111664.871278819,443.2952945344484,10825495.685604615,443.23673751279944,56783875.68349188
8726173.98619217,440.7099900552358,19072361.17621478,439.51639061711694,18131749.907308344,439.42170748987365,11672557.482680798,0.0,7999847.649389957,0.0,65604009.84987421
5189443.868392843,0.0,8976154.389528846,436.02808143746813,16147725.48900016,0.0,9827866.638552982,442.27034636199954,15899902.954616422,443.1660992996787,56042414.80461834
17142390.46886346,442.21847056110175,23788529.047177568,0.0,2867795.387496471,438.5060527841021,19552973.136965364,438.1350230822917,7016686.642765709,438.56976738613395,70370132.11258239
6510731.331947313,440.2868812932971,2585672.044070583,440.64266236456626,8182203.239779978,437.98623429886425,5163389.3727019895,438.17154468041207,11973549.807200156,0.0,34417302.883022666
8203061.364317924,0.0,10284565.783763038,431.45264827216715,13566105.010320313,0.0,24639141.484071694,0.0,19825197.59354936,436.12555897607865,76518938.81422956
25591788.161041465,438.70662052248224,27599336.53893556,440.70989358250915,3519548.747268735,442.958802791878,4800309.630203989,444.4371173638051,4889226.369678991,442.4798190577897,66402418.73938206
13533805.203926668,441.05128532051845,5312900.841670441,0.0,10126241.745527437,438.378392737772,23783564.125749543,439.2849830200486,9628337.85300316,433.18128878187133,62386601.6658271
25395592.994203933,0.0,15704320.20504376,433.53510330683514,24020681.12272572,0.0,14549354.472885225,0.0,12240265.424912648,0.0,91910647.75487459
10114654.285664322,440.9731317901823,18967735.73528816,440.3488992403508,11058739.111246612,440.48792526740846,13521318.498626916,440.2104422142131,9615258.550072134,441.43317687511416,63279909.63447354
14032017.42553458,439.9793610717557,16043254.048974387,0.0,10713552.70455325,437.98613901492894,17252364.557451125,438.89770783083674,9997464.478330147,432.4810564806234,68040402.55910788
15829829.619960058,422.42034399735627,9046617.071802633,421.3106744307616,11228410.952769242,420.99439417435775,14295209.547510086,0.0,18073634.20816539,0.0,68474966.12562001
7403811.218275596,0.0,2688330.436157659,433.338862176193,2989966.4065711284,0.0,12259775.968473746,433.2760988005885,9262482.576392164,434.50341395152293,34605667.72424522
16444670.72153057,439.84642146009725,13674402.66088959,0.0,3757431.4560242225,439.1866630541627,10896165.16472518,434.9306017624785,9260971.982971195,435.07036382248623,54035391.02019085
20171907.49123424,434.9966650339341,2729889.660343863,433.3017428567924,12972165.649833234,427.7468684906291,12101125.500116123,434.6335182746486,24306147.505748946,0.0,72282966.48607107
8976487.080388742,0.0,9695632.986142319,437.02910689605096,17683287.71962633,0.0,4263819.636691478,0.0,8813590.7573101,435.9809640294999,49433691.19022989
3003251.4047847674,434.09718740883386,17586193.40260432,433.63193625224784,4430024.528808143,441.4071420020706,10858669.422025736,439.51188097154005,9709156.629033305,439.4430963615294,45589483.47849927
11822459.368197003,441.45592360861076,7889237.275615927,0.0,11070142.874542369,437.7127496513762,12984421.063860452,434.3281261831613,18250326.057432085,435.0133954760693,62018335.14984276
18541315.746331748,0.0,18265040.19523868,436.9173810034838,10412388.83568657,0.0,6104473.687094834,0.0,11291812.720269738,0.0,64615468.102002576
12750888.016597994,434.1465198684751,17206205.29656699,433.76011730875007,1242512.2042949228,434.48053415271625,15066112.815192295,437.694098106185,15594584.26098412,434.97880811671706,61862477.653713875
6464485.517180287,439.5221477459509,13987252.92831859,0.0,12638199.585667286,437.15057164055725,5013446.4156511845,437.23468756834285,12818292.675092772,440.38338261198817,50923431.412699685
7539517.595171568,439.70549519958746,7497732.490205764,442.63109317857726,14791993.501436524,443.1934152754954,13117654.326488491,0.0,8305396.912445726,0.0,51253620.35575172
17591773.29339463,0.0,9875627.17584127,440.32366622844245,16273087.833876586,0.0,11996826.210466063,426.408034474126,14501710.57647361,426.90406720317014,70240318.72582006
14505735.134165108,423.79692094210685,24170058.70742918,0.0,19101821.48147124,429.1776503229066,11063304.350215064,437.40320663496254,19508150.69638038,437.71484329138957,88350798.46228217
7483976.5588591155,443.24971631802146,7011327.35638983,442.8689630777901,7720329.969901724,442.8980936558443,21358673.471920647,440.2711869744178,3973199.3936564336,0.0,47549276.03868778
7510905.754771124,0.0,13832512.432378603,438.1553332979315,2126412.2738885586,0.0,19469226.580410596,0.0,19236434.2377802,426.0039966719792,62176355.43855905
14764479.965841606,426.71152091860785,16321955.176738635,426.0044473814344,11905881.712904818,435.4496867901626,21909796.01773946,434.995255224007,4037076.1326719723,442.45307715907484,68941354.61988395
6838095.0711447885,441.66094352905196,7325897.3238480715,0.0,9636960.740782334,441.66472225305694,7449235.397595074,441.25583277188224,6331551.62753008,441.00172368812747,37583505.744122595
6697290.646602686,0.0,20431278.639050256,437.3043023061334,11817033.408335937,0.0,10287406.355811542,0.0,16000777.768218279,0.0,65234224.12232101
8900733.318612825,438.52123944192095,19430210.30422486,431.2935791589108,1076260.2994614094,430.01458182707495,8907989.144611178,431.2140423986128,12811565.258763054,431.21838336954903,51128920.58749952
13155367.315895077,428.1473916975897,13010325.272615714,0.0,9827609.621024398,431.2147812811106,10555356.239795506,430.8467620781662,11257466.368501961,435.31401065416264,57807850.34077837
15797099.295484625,432.6981884956601,5100213.596788081,435.14568646674655,2695938.257171372,432.67931092509576,11171541.230170198,0.0,8446431.41737304,0.0,43212524.320173204
15378340.98002542,0.0,827094.6814650835,427.2933997301594,467147.10806941194,0.0,7764792.933508568,431.1046233878806,10596187.81153926,430.744164700974,35034852.65679556
6085069.957407551,430.71744025467376,8375247.175667245,0.0,2810913.9132164936,435.1760673969079,16640393.9724851,436.1723296585306,8505815.869028918,442.57903542824585,42419185.532678045
15000558.462416532,441.2893943429043,18893677.41129653,438.13826496225175,10931021.21200398,437.5301090920787,7319407.4691638425,437.596393795168,16592266.759595927,0.0,68738685.868639
17904385.45426962,0.0,11292117.7720656,438.484946031876,10919217.781316923,0.0,7880636.183351219,0.0,20353356.857839886,433.3328928113047,68350585.86668208
11620482.793851122,435.94726102992524,22548739.225858394,436.6082987125335,4497663.216749622,435.60024405969943,10902880.213893142,435.3771775715001,7270972.3006546125,432.79781123092033,56842914.0817995
7959665.444676039,432.33905335621944,13653835.88625398,0.0,15244916.992040284,433.25446690269786,7102923.333186356,434.41612733249355,6468256.059580615,437.15493803664106,50431334.88032291
13079462.363781461,0.0,12166497.68371806,436.7221401894642,5784983.451907265,0.0,5461293.629091106,0.0,9921750.41869978,0.0,46414424.26933786
19762684.60863783,417.18913826905333,18652982.49336912,418.99351197345266,6954146.2741852235,427.81613093651947,14107954.356848996,431.0689011057716,15009393.486651296,439.0166714894699,74489295.30404626
19543995.754870914,443.36236132717187,10362131.012921382,0.0,3986572.5195689267,443.83944261305555,16483163.63123218,444.1066297486993,16954356.363303047,439.3717442936684,67331989.96207443
20615747.920997206,437.63368182168944,21727300.85559859,435.0175312893595,5633947.635912976,428.2034865580369,4286463.179357131,0.0,8679159.736707633,0.0,60943920.18327321
12218970.109826975,0.0,13073636.380126614,430.0053973180007,11776513.97953468,0.0,6726897.642964801,433.03426154180704,17938817.340114195,432.4256000804167,61736130.917826205
19567792.775142603,425.1343747644173,13634645.568439908,425.86882688106357,5998752.273112529,429.49553846570666,11961177.309153466,434.2533672838807,11483545.255118737,433.93008333245325,62648061.86315797
3232916.517237529,441.5733727604297,15720221.014006551,0.0,7077174.451498367,430.1668262752986,13988659.419363353,426.39232061483875,21126551.221349165,426.4524730340977,61147247.20844766
9804331.07868995,0.0,6948645.029860827,433.13618236045465,10980985.048603749,0.0,4316708.131190113,0.0,13332313.546999289,0.0,45383415.97152629
14362630.96149146,434.7126320132957,12614928.257422486,435.55180564623845,2033574.6538705665,441.01119074160925,11119946.402320778,442.3996030575817,8616276.327839259,442.9826817309292,48749553.26085774
2985452.9576017237,436.0310089070257,18705711.055172928,0.0,9607280.011651255,435.70026482662263,11286597.200050045,426.6437005996805,9583371.082828084,426.8539232934777,52170137.53620166
7123060.115246869,434.86794008039135,9864403.01970509,434.3434933561558,13427313.324867072,432.5141327292828,18220879.193643395,0.0,2125940.880538973,0.0,50762898.25956756
14469929.125918275,0.0,14132427.206850747,423.5483488214162,8017327.076604719,0.0,11108640.2190394,432.262193261594,6935341.685494984,430.34079429605504,54664951.465244494
9132493.231674982,427.79485898021056,17233083.702820744,0.0,12200779.317938743,434.0448716815476,18811180.456881646,427.52596033049144,21121087.302440252,427.00085834288285,78500340.3783057
8956146.1221895,430.9547587239687,3331562.0526683102,430.8952662572454,7982915.84349441,428.3621980397518,15584774.100332435,435.3175874266269,2540114.0422026105,0.0,38397237.690697715
24203328.176103476,0.0,16801313.867676377,437.0961888422975,13755238.374319002,0.0,13811637.606766092,0.0,20322875.699246872,432.6024227692868,88895263.42272343
10004756.338383803,432.80609193539163,16759016.178443758,436.964985561224,6487884.811650152,442.03894215368143,14853285.345183255,442.4040749416578,27319990.777220376,442.58292717295893,75427130.24790311
17389851.26924964,439.22556413286117,4650335.201440643,0.0,5467531.962233944,440.74173187527583,13529283.420376452,441.31996205982614,24763850.923958585,433.48152294909363,65802607.54604028
13780926.880913062,0.0,11856908.870300531,425.14568660828604,15251845.701465843,417.7112571074671,7008248.271904611,0.0,15474538.899070645,0.0,63373311.480598405
14316365.769755261,433.15491343209595,18485200.358500347,435.34818064498273,7766413.325984405,0.0,9662421.47015432,443.79551334164523,20294483.665698435,440.0890029661098,70526636.97770315
14587898.147866484,439.98388031571506,18425973.8036706,0.0,11430249.50958016,440.4161371834285,6633601.860524643,437.7496767864155,15488446.696730522,438.47434566946714,66567926.64241236
16007380.71739897,438.22581385938446,14096033.952951154,437.7710935721382,14115165.428454975,434.5409270320199,7471735.079662067,0.0,18063639.43738192,0.0,69755265.15368356
12232254.745603278,0.0,17907467.336191993,428.3259263797964,7985602.631239393,0.0,17024667.500128105,432.0084150046124,11920556.47810625,428.378148578432,67071837.40375898
5432882.349958678,435.815425698414,6731642.535998534,0.0,4345293.889777879,439.166927703432,9133763.001627464,433.1581752270983,15567596.745656723,435.98049196271205,41212922.64403987
18793303.520513088,435.46381477344596,14641574.626826953,433.19088908808686,16054180.264599541,430.2646429873562,10450993.04736469,435.8498631681472,3435427.562525732,0.0,63377213.79104002
10027035.835204175,0.0,4033006.7822673153,436.7204349707644,4524443.797238449,0.0,19872275.054659486,0.0,11585587.987098692,431.8978513077504,50043218.0747544
3262625.7258583144,432.13675096262756,11034289.100952856,431.9414954272384,16798528.582543045,436.43282261034733,15727754.170703597,428.65204502615325,10380883.279763546,429.5771006116771,57206239.600036
9847581.82654953,428.56964773801315,19363152.543253567,0.0,6595528.747978113,428.5123624280267,7280745.370908106,435.0497745300657,7056809.679279992,430.5908667335816,50145540.89062074
15465864.442072457,431.5726978541258,11233214.470555097,432.339796099148,10312877.746738834,431.64237203429786,7154767.968891698,0.0,17538262.6207836,0.0,61706282.80390768
15713523.134894636,0.0,20459390.582564306,434.42437633919036,2773804.408003724,0.0,15243881.570265548,433.5971012919616,13970355.935562778,433.50616453487896,68162257.15893316
19269900.278781127,434.9846349496074,7671086.854357327,0.0,12882780.437690021,429.0407336671723,9397395.448991219,427.6392017521333,17414767.47517475,426.89202796971483,66637649.051592775
17952794.470364656,432.79269410004986,15055520.36181499,435.1819935835887,10553246.761558885,439.6891701149571,13889151.469276305,0.0,14904346.961835995,0.0,72356367.68870863
15414102.926407395,0.0,7179602.319802626,436.79917312015664,19008634.628418032,0.0,17611216.575525843,441.0028828973282,14913308.677209176,440.13797475826215,74128183.06739384
1936555.6160605883,440.46633820196206,4499387.717866918,0.0,19591263.251481954,440.2016832593274,4467066.858277395,434.13781332555885,22072412.065965764,435.54238308215974,52568435.85787049
9042263.103966685,436.7898860374136,12285935.125793219,437.55445235980875,4029186.126457546,438.1265372118986,16086679.675752947,440.6878989033946,12710825.891049394,436.7067937005394,54157079.788588
19680916.719760437,0.0,22838773.642174743,432.4047031170264,18745581.44655781,0.0,11395407.109009268,0.0,18169594.849680018,0.0,90830706.1718854
18737465.952184577,425.30627196359706,9771787.551173206,427.88432454214137,4928497.652540858,430.8798654582507,13088399.8008816,429.61523466633037,8379921.011512023,435.61711521946427,54908221.27110412
8127905.063340858,436.1771490261405,10295574.69087197,0.0,5493788.619832591,431.4485799651715,3060854.6900858674,428.50670770252407,13263459.59686228,430.20497317931193,40243308.99840344
15835507.2127049,427.03092776070423,18337711.194203217,431.66624963737746,6921596.638977926,421.79844677996385,9506741.133650135,0.0,23050274.77955916,0.0,73653111.45471953
20985155.642290104,0.0,14337198.707372997,429.2295313552012,11742262.43782226,0.0,6830099.565524868,440.43743026781533,8682896.819631692,439.0453932164779,62578921.88499676
18347402.25323459,438.74056031515414,13924798.324111933,0.0,14430335.721547754,441.142805556219,6288758.637923016,442.6336233999798,9274967.12141183,444.25392080084896,62268028.829139195
14380700.472646352,445.31458879534756,8130820.401307858,444.3774736338853,17101176.1555147,444.538096939341,6419567.19656431,0.0,10662819.572094897,0.0,56696418.02828748
22305872.283643417,0.0,6761796.385494222,441.77375174804536,6980171.735972693,0.0,13271446.195703074,441.194235911097,21442441.562442664,441.93744546481264,70763053.0686892
2263992.707968389,442.12485291902215,18406525.181339983,0.0,18596932.591162696,435.3529818172775,18129971.725614626,428.9985878797164,17042853.855865322,425.7481477220725,74442008.28652135
18639747.824425396,426.47695432723725,25420722.061671358,432.84684878376,3745740.111963623,434.3448989445497,4840841.267792889,439.8705426385382,14433334.048484225,443.51912486928046,67082562.37270706
28612260.201438393,0.0,11291749.70475735,435.95132021884336,16337057.465686603,506.34616611738005,8490274.58360793,0.0,17763490.419835407,1011.9671835914511,82496786.6399956
7431593.703206667,433.94130689823817,17906879.984171756,441.72141087324883,7661977.200302624,443.5248896291009,14992445.84385367,441.40762589363374,16997204.466970976,438.0681938351297,64992299.86193283
10269876.316642622,436.0340308523177,17720725.78833958,0.0,14606407.439991195,435.65302969320055,5733657.5176766915,432.38510824414914,9065267.48686472,435.18406308362734,57397673.80574668
18363910.72284799,437.8305004243981,15486290.267571801,437.8533535071597,17798648.158039898,437.22414756895955,9652245.82481725,0.0,9815093.456542978,0.0,71117501.33782141
12507799.02007058,0.0,19401787.3156102,439.10629570829747,10594017.480975084,0.0,14475881.02656873,440.70642059247814,13805019.827169755,437.70037855103567,70785822.1834892
22201470.283819757,437.16984139323455,14734019.585215727,0.0,14836984.180838725,433.60802747329075,14475623.575913437,435.82061455794945,12754242.151715802,438.3763881990641,79004084.75237507
17806189.150602337,433.26453665540714,12074956.872102711,437.16803774826315,14921989.091345299,437.26355647480506,12963911.567094376,0.0,10384737.468475962,0.0,68153091.84575157
10424973.185184212,0.0,4967338.540089686,430.6862045020766,10381764.070310842,0.0,16662222.635003263,432.80460324605724,16303821.538379516,434.39794312878837,58741417.8577184
15458436.708817441,434.3960685551733,10807126.536587872,0.0,17907032.137545563,436.16864433162897,18419731.90335916,440.5716915477649,20718954.62705714,444.2546070156918,83313037.30437863
13324431.98350355,445.4605139134367,21434989.66788127,443.77575289738695,7127074.522954077,441.62122239436763,12686709.956942508,437.1198194953138,10201855.124992637,0.0,64776829.233582735
3333790.9064164464,0.0,15375275.14709663,438.25529080373195,13976844.927944468,0.0,17065158.908170518,0.0,13649948.38862642,443.4879586784615,63401900.021503955
13691137.943616118,443.4010291359469,18933391.71739838,441.1710327626478,7465747.419940488,441.56291308807783,4213263.095165037,442.17282215272166,20021646.86509103,441.72935813331793,64327397.07836634
26143996.876228485,441.44624386102396,8814003.455583174,0.0,10927178.313333126,442.84392748261195,9836152.754613917,442.86418953579533,10460381.672343276,431.3811866793886,66183471.60764953
16770760.899562066,0.0,12765654.207447316,429.1869824934879,15008309.47516106,0.0,17598893.195098296,0.0,14837087.816987235,0.0,76981134.78123847
17489990.509446625,438.79554436153546,6377024.949104952,441.7045481222138,7019941.154314516,443.0568690602075,16398296.256655427,442.8937092101584,19684507.166147586,436.33066852070067,66971962.817008376
9984929.148981929,437.42240362823617,1085819.8853161503,0.0,15031033.776267493,437.36358252740604,8726569.32982125,437.61246872125355,6386039.636593387,443.62457527400613,41216147.80001036
15630829.487596655,443.8076443870708,8673860.111324059,444.1109402746374,12113025.525033358,444.1602233700668,2799136.706255626,0.0,4497078.484949272,0.0,43715262.393967
10558240.992496656,0.0,9873623.019197479,432.2472514165875,20444091.171728093,0.0,3662826.5741704283,439.9709959076957,19348534.073801022,440.09198521940925,63888628.14162622
11806798.396198055,435.7688258436305,18608480.927467033,0.0,10455779.433449123,438.4995581823817,13060462.79889675,437.95041046173844,15255239.604886761,437.9586036948121,69188511.3382959
20112980.29757586,440.56050801536963,1492638.7854325746,441.25670318042035,9406253.350959908,438.86259573101734,20035370.281998813,0.0,26670589.155860245,0.0,77719152.55163433
18983659.53935285,0.0,15772358.462664684,440.0490831445212,12188876.178135157,0.0,13635477.938177444,443.91342780921167,3960236.3514748528,440.6823041159938,64541933.11462005
15881910.428932935,438.87455426218867,11041861.800439322,435.91998146556296,17199973.99850113,435.1664729606671,19382883.16152984,432.2878102565149,17231380.916516304,434.1820049830523,80740186.73674347
3288534.8442115625,431.86144162607286,5704472.489491337,0.0,9308795.30668051,431.1010231997218,21181034.161544245,434.54646075957237,23604230.205480892,434.9026977039177,63088799.419031836
9457697.323199669,0.0,15462056.98645277,442.0355452390958,16388023.617154889,0.0,13302710.207532322,0.0,13831981.984276477,0.0,68442912.15416136
22945178.709078763,443.66416876844914,10853435.93572602,443.2169292227843,7147227.794553891,444.01142764892927,17534965.099734366,443.87427913028006,25997506.367161095,443.5423802411997,84480532.21543914
17001477.784440443,442.23323546764874,8559025.298813935,0.0,12363856.310325067,439.8724647585904,21853630.040843673,439.0497017996697,17490922.133082617,439.2032382870064,77270671.92614606
16653468.721099328,433.6074671429042,11868214.086678252,433.7838559346958,2353192.143355673,434.8740457471134,15057978.262324857,0.0,13492213.067646394,0.0,59426368.546473324
11883145.319156008,0.0,7395550.419346768,438.04922605206593,14374561.868040476,0.0,16921804.590926114,438.1599105079198,19223389.058031715,433.8753767622647,69799761.3400144
2868527.9415760697,430.9490393545994,20161728.113413673,0.0,10394219.026518349,423.6080579683554,7722304.079513341,417.5098546685248,17261671.99277535,424.4177506722222,58410147.638499446
7076458.089872252,425.04578614217075,3355313.1148509504,429.9794991154869,13483699.870644635,430.11756703115367,18224416.363420706,0.0,8156129.723474261,0.0,50297302.305115096
18673484.02629173,0.0,8717819.844372522,442.5929487306317,18105788.61034681,0.0,3558249.5718870154,442.98209690983236,24911151.21954027,443.0833914532954,73967821.93087545
7020647.907412302,444.3471674126652,13669336.291803176,443.93055752782965,26481262.3664433,443.5758018947637,23508100.586696934,443.5393510420146,7192183.15599851,443.7372153117388,77873749.43844742
13606800.231831195,440.86942068913265,6998241.944932269,0.0,18144410.45353474,434.1755442004785,23545395.639179178,433.4108805991259,16766317.845357608,433.45445776907013,79062908.02513824
9912930.017390648,0.0,13442217.90889337,437.66412573844707,16683816.853300327,0.0,11308524.147689443,0.0,18277623.35016534,0.0,69625549.94156486
7591021.697627157,436.54032520885795,5561660.804957229,437.7378746534761,11798964.709701076,439.0314148399186,15419399.101795278,431.6118347640244,11209876.886840228,429.8849328897968,51583098.00730333
12524760.006282168,431.671525278073,5936534.936864211,0.0,15269824.27978674,434.308169221908,13402339.727080572,438.9379932085879,12435699.028367162,440.9154763010216,59570903.811544865
10520483.79789673,441.32228383160947,14367725.501803305,439.9864765191242,15017111.345998973,436.4238349152782,10958598.820764102,0.0,12710732.048831612,0.0,63575969.24788998
17434687.127228625,0.0,5437372.946889936,434.5160738920764,14015210.176948166,0.0,14757681.563522292,432.81251202546053,16528153.364596173,432.6349597657504,68174405.14273088
15353090.797386425,433.8030169568073,14664627.227784842,0.0,14170503.335458443,433.04134041393974,5230512.039500675,441.1944292809218,12647903.239382092,441.8136942399098,62068386.49199337
7318529.932451956,439.95570867109626,17303764.970360667,440.0490831445212,4886040.971640362,440.5031531308789,8074046.332756803,0.0,19661837.985011496,0.0,57245540.70016623
18812116.069770083,0.0,16464432.147474516,432.6884240293682,17437452.963452224,0.0,10087533.192623286,435.20231316333644,18821287.914713614,431.75826789367323,81624121.93703881
3351382.904444494,432.19083438522375,15213477.92147968,431.647832183425,4952392.322092065,437.8033654868631,21552087.39210085,436.8711140043942,19709924.65031055,440.4407063096994,64781444.14428
15103045.135099541,439.4857844145264,5436287.861801391,0.0,8910304.204746908,441.0867485289739,7897994.320847433,442.2228416478038,14629284.434693277,438.6163948969486,51978677.36895804
18865511.191864233,0.0,20788588.84985275,438.5676655597545,12659928.457153559,0.0,5053010.878625477,0.0,17029250.84440916,0.0,74396728.78957073
11789868.980473028,435.68791293452125,7388498.237303927,434.85601104168063,12594621.646367164,437.39123312610866,9201300.359037144,442.9525654522833,13200579.199013872,443.7363350897505,54177063.04625279
11874272.97758514,443.84619420743684,15848495.785821058,0.0,12787118.990005469,443.9304596399677,7496098.650111849,439.7500592481114,5967171.758594536,437.8124100923199,53974923.50124124
14001166.105919393,435.7553382718187,20225467.279791392,436.24198459768655,12596397.129659174,0.0,10969739.658560636,0.0,12304332.029003037,0.0,70097974.2002565
7975048.5321701495,0.0,15511797.159403801,425.5884880941862,5658915.376827824,424.2108139873731,15594504.762883142,427.36160821275,18034159.223190125,433.64968275381364,62776135.865068085
4144745.407870077,434.7261489840563,23733189.60342929,0.0,15970302.85067765,432.56031786513165,12638599.407131251,426.8558238405971,9662992.83721895,427.81994920388826,66151552.068567105
25654497.158792038,428.302416876588,19596101.687582627,428.5536829355775,4922514.404171973,435.36653864011015,12716621.20060163,0.0,18849744.482112605,0.0,81740771.15589932
4445356.90618842,0.0,22950286.270851087,439.4131717053549,6994085.375720656,0.0,17061755.979029484,441.837255940752,21997299.717997584,444.8541875291117,73450110.35440241
13572887.808039946,444.6300881390879,29907939.18923885,443.9806817830979,17660668.15645943,444.54349558462997,6802405.09259742,442.0652457452723,16753530.473672027,438.9132086923422,84699644.85272764
23980483.703402348,437.39075800039103,8786310.059190085,0.0,6880044.427977522,438.7750791238211,13548383.582271075,441.26763193540324,23494505.0977056,0.0,76691044.3040157
11028912.361264994,0.0,14318025.524595411,444.4949124970691,9884134.90163977,0.0,8807516.42538061,0.0,10459586.029391332,444.0247456513157,54499063.76193027
19354793.990581244,445.0972087269978,26424525.74108753,444.16404498149893,11906196.035540236,441.4429528435433,13288303.134845551,440.91315880763744,17913084.160392825,440.5859610169035,88889115.26577376
10906051.404831093,439.65921193688524,15308943.34263567,0.0,10453281.774027023,444.4869635482728,7193600.6858698055,444.3995438718709,15716201.638995074,442.5802029444733,59579849.97228097
19468385.012274038,0.0,17941988.05234384,441.89912948809683,11433102.37298108,0.0,7133600.174805435,0.0,12852895.270039162,0.0,68830412.78157304
7511276.276383446,439.9069696707492,9254486.873861551,439.3724155089107,9619504.10590995,439.99676547838794,11744428.115899766,440.1148825750206,17403043.516707357,440.67622718028764,55534938.956022486
