18832259369.029987,9759663936.157623,20037939726.544994,10244423139.777248,21458737943.494503,8877291793.860718,21794852706.225033,10989740047.457811,22941493152.705307,8311387399.151762,153247789214.405
3720450.5175431906,6351852.791484225,2269965.8338951045,420.394065813781,3466057.916511276,5364240.747406483,5513889.956242602,421.74163200623417,2134630.631681785,5728166.994117212,34550097.5245797
5135817.9594939165,9542265.024707247,1049186.7478184523,0.0,6581994.246303488,8098311.171810832,3849954.1911103493,0.0,4633879.840578016,5761555.790982019,44652964.97280432
8072062.747079739,7430486.782924596,8626993.328766884,429.78912373666054,5619372.995327586,2331103.7814157936,7720380.577354234,424.8500707356849,12787056.814937502,7028101.158891295,59616412.825892106
8905716.985112593,8704517.870227141,2217160.4483567756,413.6089403333375,5666178.470783364,8971850.782980625,2610745.53806491,419.79360892872523,2517723.190880296,7610663.790221581,47205390.47917655
2407539.0959587167,3890174.428820704,4443721.401466624,0.0,6770724.036160864,1891638.8985667096,2904793.100849782,415.19891753192826,6460507.60778675,3953847.262073901,32723361.03060158
987153.0090775795,864583.0842481148,1390990.3282807977,399.7807592448259,6595299.945865234,4352584.074287895,5285791.455104286,0.0,378107.6405422762,7127725.784684449,26982635.10284988
1136385.0124942027,3018321.2665958605,2205129.5261797486,436.64418741338216,7849018.585748039,7716553.77580705,5347386.911752843,431.28526383866875,6732369.882734298,5955692.5178441,39961725.40860739
1160925.6320061844,299261.99565804243,2539205.8219220014,427.58961151829055,4131999.0441439208,7215603.7070829645,1663305.241686383,422.4518991982028,3720386.3689520336,6757927.112537427,27489464.96549967
1129288.111914048,9604056.168657294,2535719.2273312504,0.0,2365444.436916127,9217583.512480196,4984535.137274925,422.9425857222687,7894828.906660037,1913256.8989681723,39645135.34278777
431931.40121905593,1433071.923997139,2730320.4340620637,425.4428829087743,4390348.780989419,5213955.540717674,7907639.815970541,0.0,5414296.672688174,2079747.246025614,29601737.258552592
1894345.347833874,6290006.112899415,2042931.0828422979,427.0231382882261,1999376.6616253105,8881677.182891281,8615752.778387062,426.7460723562302,8410091.73589533,3310093.0283155204,41445127.69990074
2903125.947209279,2151406.5628851973,5146246.354314465,421.0982121063236,4972372.472237738,3379928.1224407083,1894615.9629163607,419.60182482885193,9570594.742402172,9102875.56137462,39122006.425817475
6493082.716630677,1839454.1005571748,5235194.945022108,0.0,4673905.279696499,8635579.360892843,4492647.811912413,0.0,6026427.588391579,8417021.63461338,45813313.43771667
5026513.46629665,4856121.729125396,5367220.119485104,426.60609222374177,6717048.804084072,9923629.975430546,5976155.929005818,426.64107864692323,6462229.779317691,7837564.284401759,52167337.33431791
2161437.382591578,6638511.324685152,6584853.253049036,417.9780134819032,5983118.302229337,7207062.887882087,5983421.288049347,419.58450989394646,7945129.7052963,7606980.012993715,50111351.71929993
430512.1175391788,7602632.606918582,3934327.996491937,0.0,2894187.700014176,4704612.549866287,9110915.321080219,418.30194336154403,5070252.140443945,6243135.648129354,39990994.38242704
4076576.930213858,9204282.899343807,5236465.763320488,430.6064310799885,2511213.4434408206,7288185.53366397,3211701.062895986,0.0,10187099.270265497,6941806.2503699595,48657761.75994546
4666924.793274255,1357575.4187661777,8135870.223578082,420.7541099613597,3976500.837030713,11928112.605134938,7874392.677005705,420.6611845156955,4056260.0836480507,12858012.112732407,54854490.166464806
7232789.7894852245,8847663.106532354,10487275.977478899,429.00306719052253,2990909.7875454137,10489174.307720313,10535185.657565853,423.2298578761965,3242776.161995195,2261625.4470435414,56088252.46829186
9752050.220829256,7286876.930324993,7169828.788415005,0.0,3615380.214711616,12765792.13478761,4255801.70187347,0.0,7364769.110756657,7690026.88497963,59900525.98667824
9905569.851716517,9602224.956791315,12343939.67755395,416.69600608341347,9274591.513759008,4200557.929808812,6276814.359278587,421.438907593774,11380002.235776236,6310110.704503291,69294649.3641014
9314248.572798314,8610083.419849323,6292084.224074624,418.2808248663257,5904696.918654343,5997011.401027353,5778842.9645372415,414.30944889716255,9156978.867114024,6550367.386336603,57605146.34466559
9330646.658313997,7738225.785425966,7697143.522889793,0.0,10552271.155544732,6073697.951004906,8847861.150985992,422.02028574105714,8713464.377677236,5262219.176828896,64215951.798957266
7607039.244632864,10065500.287524484,8468883.078563305,423.60030374000394,6335969.163830587,6533052.151501234,7741033.256897602,0.0,4293440.842851289,4339374.37937851,55384716.005483605
5392908.184976044,10834274.425720695,7747673.841674068,434.61756762882993,7530813.156403388,10803098.73370288,12059065.122337323,426.7632597099665,6862761.436318865,9854920.618372051,71086376.90033264
7723107.009503792,5078368.937409854,7681650.866137768,417.6663686890763,10162325.341769654,4941390.936680984,6250796.210344717,423.87312014047234,10644997.485548293,3406762.078026177,55890240.40491007
11134013.695426982,11451286.321553262,11104228.858248593,0.0,11508285.06975504,429.4150147854531,14735474.196721794,0.0,3674646.976286236,9851754.127053868,73460118.66006057
5518618.333500576,2529419.4144484135,140375.80254271,419.5276779803317,11601284.136452606,0.0,5838385.406532432,421.3978891863658,7726351.646017595,12830359.179895667,46185634.844957165
4110682.4168364066,6737779.982153801,4715677.850776335,436.84428742597083,16571426.148005158,437.49616616660774,6416304.674997502,437.01667954606626,11198872.582174571,8626706.2203451,58378761.23242202
6088047.478769035,7033388.791518376,5671119.804322721,0.0,11054352.516515933,425.31804221521503,8310652.44283347,421.87286812608835,5381593.723166754,13448595.209275376,56988597.157312006
11257107.397723297,10372359.787849454,8498441.463818712,431.7137350464079,8737624.69970855,0.0,2824982.2431174656,0.0,6982348.111277452,9847540.379412966,58520835.796642944
4665802.210037922,6900973.968841778,5690922.15603593,420.46834362575447,6033614.745859973,420.9717705975525,3486213.322745716,418.675649916931,8987636.991427759,10605705.38595169,46372128.89666491
5160176.595460454,1330178.1645965485,11307570.300823664,424.10384769162516,8904827.887616873,427.36605340414826,9607951.294077197,423.8048607975447,8125332.673363759,8946953.918882752,53384266.10958314
13681733.579557894,2112770.4932872476,4114189.0330211143,0.0,9138660.850998748,432.98536775882997,15339303.300090492,0.0,11863286.257287107,11417904.930738484,67668281.43034884
6538376.370641559,5704188.10114643,13302579.089669276,418.4453969707557,16526576.248861678,0.0,4152312.5440917504,424.1151941055564,6576865.437816107,426.4382011048226,52802166.791018985
7812650.478842802,11220397.675813023,17033503.71007473,441.5325053736817,17130102.615634408,438.62604650129185,10926845.31631225,2538183.6289397613,9525847.525867525,437.4124247828218,76188848.52246115
10694688.80485156,2760483.9355116626,8326199.202206593,0.0,19925921.962765705,435.56857881906194,5980050.173856329,11917571.784784174,6345570.316027462,433.71367562243586,65951355.46225792
14157160.42196876,3322186.441025875,12193087.87072815,434.04075434209796,8618183.526761213,0.0,10418244.755215386,12919274.156373238,10771892.339095097,435.8750578600214,72400899.42697991
11631019.477064641,863.3623026815159,10590153.754593408,430.0571112182018,10325516.453417294,430.3216619636064,2736299.200987829,13243366.076278446,13103232.915327448,0.0,61631311.61874494
11901551.28920212,0.0,3589776.2735915543,439.61255444481736,16957988.065080483,432.82535277701515,8941194.14442359,11482375.373950295,15156184.430733735,433.23414234628245,68030375.24903135
9434034.627884258,429.0265622506066,12197405.910947165,0.0,8397968.669268683,0.0,2772921.2156445347,11630309.990935447,5814262.65274118,428.83182299956036,50247760.925806515
12815253.337565796,430.184933721168,16185201.176317858,430.5494286938154,15969693.718981294,421.05241671614544,10734516.687828312,13416358.399417622,12280728.47122333,0.0,81403033.57811333
10715662.19729111,0.0,9980690.094325693,419.77111422104275,20640034.618966714,431.1914153482583,12219673.251003196,11790036.471376449,15880660.647993112,437.87992321474945,81228046.12340906
14244444.74188073,441.6926286783661,17216958.478190705,0.0,19317021.150324713,438.53432564485763,9671093.31329223,13730419.637140062,5611424.1159883635,435.8665649418185,79792677.53033607
15180820.35306386,437.25254025808175,18568815.495634448,852646.8113182101,22633942.015318688,0.0,9223814.501900095,10215211.921230905,10167729.443266463,0.0,86843417.79427291
14110011.853201449,431.03844492107663,5657147.872724244,11907382.240783535,8798755.965644598,425.5423405203782,5299696.111388553,13517954.399625996,12572414.160887277,407.19709639871326,71864626.38213748
6602372.616105163,0.0,12794541.204502767,12720178.004588274,10341462.51731683,416.6109851579436,6312091.932881085,10110690.701633934,5144516.7133163195,432.2939365094975,64026702.595266044
11327679.018940344,433.26295157069893,8784766.46682291,13203137.525566163,10281824.872125564,0.0,9070014.946815565,12661124.291420683,10347583.60517527,430.1450442106343,75676994.13486227
8786255.124476995,425.13626002992663,7046592.029064726,12362036.018572716,7158499.199928107,427.5456620253049,2282215.3656766126,13319603.250456596,3641548.513892837,0.0,54597602.18399064
9461682.289574536,0.0,16460044.545558682,9795709.75135324,10708968.58753727,420.5654887305216,2704509.1430357397,13455418.882548595,10384023.915715763,424.48584959962756,72971202.16666217
9035173.509700999,425.69719482938206,9171074.675696611,11195470.522106372,4825693.5389215965,414.3878182368306,5123817.129121564,8682930.483526964,11898808.017158108,408.32233124703384,59934216.28357653
7824683.794658746,409.0381052070398,12409599.290347815,10267209.530867394,12126857.5092315,0.0,9814688.22108902,11668552.268951615,7728271.986899727,422.22827809193126,71840693.86842911
6606598.656143394,423.67625392553754,10135948.606583634,13194800.14586387,251381.7939521207,422.3751467260809,1416952.5188516497,15439264.611072272,9529790.544575507,0.0,56575582.9284431
9296875.383941047,0.0,11623593.827225823,11024835.94242423,6823293.472420555,429.04091653027825,5578867.210777013,14464790.650404038,12549970.480347307,429.8017857154294,71363085.81024227
10511426.211369243,425.8689169656839,10795525.579355702,10840518.183789743,7400660.348123842,0.0,8320194.873941414,11628682.149274686,16175235.560971243,432.44213333138583,75673101.21787617
10535246.27246473,434.980499761797,6913837.152354635,10655873.44980425,9228057.44094293,438.4435024852739,4668720.376301658,12454410.42704768,12225412.853489378,0.0,66682431.39640751
6417671.527703038,421.6253110986946,11776052.535372877,10418420.833883148,2968632.913492563,417.9134612011443,8642934.937180351,11073388.754798777,4464189.276687414,426.46430681377916,55762556.78219729
9810678.256285438,0.0,4532532.97689556,10937699.65859928,9249254.075442303,427.8257676471288,2751135.7386042494,8741033.568907414,9682178.58297013,423.64184119506353,55705364.32531322
12961532.546792688,424.1669307264453,11193654.402642068,12539834.910043297,15768207.63277638,0.0,9594299.661003213,10127246.805251483,11023522.172890618,423.9680059099188,83209146.26633638
7284728.6861312,424.3370624957714,4746335.821765568,13992107.103058456,5303335.228465235,422.85428639479585,14516059.365324661,10883255.131932322,12575587.634398878,0.0,69302256.1624252
10729132.8406304,0.0,9491198.053331707,10619960.370148316,1752230.5305789972,430.41688054612325,8932009.701312652,15059080.126819406,6067972.67825284,432.63282147002235,62652447.35077634
6300662.446751091,432.5374563840477,5914276.846107517,11402589.746844223,827727.8369004233,0.0,6978697.986544172,10652373.713645078,9205066.278135723,433.06779508983624,51282260.4601797
6344427.947939227,435.38207353762954,2810459.3244407764,11776871.099903988,416625.2410367348,432.9860196033099,9742699.681430066,10875685.817240296,4111217.9033290767,0.0,46078855.38341331
8319137.264293454,419.6704864908133,9777849.198388394,11450678.049809527,2432390.7249732185,426.56153126592375,5194024.082433317,10731917.964004776,9080397.847130015,434.68813464613544,56987676.05118511
10263080.535591846,0.0,11155830.561413234,11497077.691370333,1678163.3111202095,432.7585519786577,9981846.446406988,10870524.763326913,12540963.218507238,429.0645071780491,67988348.35079591
5873601.932655175,429.1294405726768,6858757.028458836,11627786.108362723,618204.4710053875,0.0,4882649.128332793,10934415.406211156,4593241.107825962,430.2489194442337,45389514.56121205
12304712.220123248,429.4720836286942,11862417.320278909,11344264.637749398,3183830.1729270015,424.1710416037236,11109628.208039414,10646386.31190629,11308981.543239983,0.0,71761074.05738947
3929245.7396902097,0.0,17436498.389785923,11444009.810631014,2461590.23883053,424.7291617485391,5064817.640511362,10345158.292278413,4013075.936454557,427.29167665954253,54695248.06902042
5398484.79125932,425.48514221647844,7374551.850473774,15937287.10621497,2454473.3123437446,0.0,7482880.252019573,10174345.488165399,12602036.93449024,419.57419157190327,61424904.79430081
8101170.684349753,418.9953431686765,15457318.982241418,24491230.853382323,1498247.4482838782,419.37823983142096,7423001.819271355,10670753.815874202,8391153.685022304,0.0,76033715.66200824
7866391.244414659,0.0,18143537.987792697,13010315.191683792,2428142.6697836174,418.3877428791,1907145.1836825407,10412315.184197595,9856620.896303637,418.85708935893996,63625305.60269077
9540542.031503,419.87152752360447,10321329.034192698,11717396.525783997,4765342.703648119,436.24756173506955,3761704.7268964695,10258409.576672962,6582532.453687169,431.00753168064955,56948544.179005355
1691218.107244364,431.2608740822458,16158434.526267104,13150095.962810589,3923232.8742514234,0.0,12160143.866884314,10394528.869258044,11531783.153090116,418.38948183498474,69010287.01016186
11597602.39928318,419.8988496541454,17095710.03510927,11724063.239575204,993543.9043019658,426.5254735332788,3528256.6736086537,9853612.649811868,1886732.2764765553,0.0,56680367.60248988
4316961.638098178,0.0,10221321.2051083,12806671.102147495,599384.3976859718,420.1350890837945,3834531.6324628387,5093806.95714403,13273061.526141422,425.3728588379664,50146583.96673615
7555023.536219818,430.1968836320488,13117564.253015392,20271115.67206354,1635847.719938157,0.0,3393622.483559113,0.0,9455433.74643355,438.41848736201877,55429476.02660057
19010002.229932692,438.5244870398606,11800130.516862934,22602993.875150666,5059949.341548133,438.9869005992808,5026617.8181660455,441.7115256561446,4821779.61786277,0.0,68322792.62243654
7882783.726671212,0.0,8332627.096154159,19857940.467661034,10541279.051081015,441.8658630291402,5197304.438166164,881.7486888293737,6443732.028270873,439.7374766727475,58257430.160032995
11069171.43729236,439.85199504319723,7973362.707223687,14245411.371537233,1848704.5856414337,430.9057800098113,4592548.877662017,0.0,3645086.797910221,430.8301661975882,43375587.36520821
11051881.468913501,429.6499828845617,10920979.664123395,14111245.772302244,11995537.997401543,1420243.3524013194,2959421.2523387168,433.4120935495357,9271859.370762086,0.0,61732031.94031923
8476256.634698488,436.14199843633526,10383074.266383167,13619003.386073688,9791539.865839213,13950299.970557824,566653.4323870137,439.9237915766486,13790126.431041325,439.2917884669389,70578269.34455921
5296979.157301473,0.0,3826778.4361072285,13401209.9568742,6493971.384803035,17196817.178802703,2329210.966389568,430.43197218917265,2018225.9455793141,429.50305188492376,50564052.96088159
12956511.24046289,434.82849221267367,16159409.667378208,12559190.271185044,17310096.78710393,10662625.276250202,2747985.4125363985,0.0,4161335.559986363,426.1928372649528,76558015.23623252
4054824.87664751,425.82973375302936,4558632.890798686,21442293.93004296,17428359.79674302,10462022.969748998,4979222.780952559,430.4453162916892,16177275.287869446,0.0,79103488.80785322
8142584.865590834,0.0,10520173.826652743,862.7400054508711,8485453.984560747,15448405.39344813,10268737.125320781,436.0870161356877,9022791.6055857,436.0721865146081,61889881.70036704
15289660.87730234,438.1397905694216,14396649.004984876,0.0,17182195.465990797,18069759.083075862,7642965.191435528,0.0,6410883.7657653475,432.7779016204134,78992984.30624695
6176042.239164647,432.4155692859255,6824398.872904192,431.6137779161275,7488957.121095969,17634683.439727526,7175926.199364337,442.27219235442476,12474681.375283625,0.0,57775995.54907985
6343386.100536154,0.0,16766308.217987696,443.7321296328949,8922119.684202705,16970197.115253754,9417047.064916646,431.773546350655,8378435.749411065,425.51122129684524,66798794.9492053
4604752.678845182,424.9265594676139,11932169.32626976,0.0,10146210.168395204,19445506.234396763,9953394.21221707,428.962665362122,11661254.553324146,2737661.2901851935,70481802.35285816
10992846.393035343,436.50880707688304,3568757.2828961806,432.2218248129111,2990288.682715554,15684431.679780662,5765702.65604709,0.0,6889250.908704527,11208196.073822407,57100342.407633655
9827744.007848507,414.6459045686584,9586136.729138073,414.5513892432255,7375473.833654933,20969054.80346686,1877921.9046466912,422.2726468068827,6775718.18669938,12012433.78384495,68425734.71924002
1458530.2995582132,0.0,11972263.865486633,431.79734585873535,13380178.968788005,22408988.081302233,4543931.880993377,430.27659732712345,11433515.619154569,12456715.198052444,77654985.98727867
3402771.5678818724,7226850.620082766,13097722.168878503,0.0,3465398.338371638,14433435.513009498,11473711.657010222,0.0,5595520.959849683,11085768.69591205,69781179.52099624
6144061.463509307,9712299.049358789,9293403.96924299,424.90431840356695,8742747.994084187,11895196.373895854,4336395.76204249,418.57685203589017,14342623.189907847,10632526.137126636,75100097.42033854
7618869.439756208,11713269.9434849,16036996.332424887,424.34985247728144,11863567.223965561,9497797.231331613,4693833.138278242,427.49055631831675,10255885.224809965,9226461.929989226,80907532.30444941
8343527.331284924,11827292.127623305,5304107.603136275,0.0,6917823.638926781,10832533.385331348,6261338.643551102,417.72391079857306,7193822.548630645,8944176.649484262,65625039.65187945
6520453.049245087,12975258.334027166,5607840.136073397,418.28534387115275,7023005.42232627,10900528.083339829,1189591.8297829062,0.0,6996919.590578804,13348020.39182458,64562035.122541904
6148026.597717521,15794113.215464987,6102933.77374965,415.037658713413,8920427.141656963,10187619.649293387,44546.15107850406,417.02054253979816,5949374.664086361,11961941.153226342,65109814.40447497
9007980.784842117,10698390.103108,11991180.34414808,420.4660604651833,11301412.008532843,10950782.480295321,8121000.810141823,422.1763050507677,10619734.281318909,10928090.730494963,83619414.18524757
4316252.057651663,11387800.304419886,6251319.069039734,0.0,5342168.566999617,10615062.96714269,3141181.8119455515,0.0,5619746.3941347655,10404353.789231272,57077884.96056518
10558697.00651517,12093782.184757132,11424906.970826624,434.66429694725906,6825172.743840245,10956099.236512806,6184799.69260898,435.7991995168528,10098205.86429452,11219819.16942588,79362353.33227782
8035037.673348409,10814716.917955115,5350563.579998109,416.45862069250836,8974972.303099552,10972106.032618154,7494840.973498271,417.94590837668454,5089938.5597263565,11293985.490991738,68026995.93576477
5722348.695932642,10470747.303230677,6047708.5691006575,423.4671892034126,11406721.890203841,11429617.991317667,6188441.479554136,420.3523728711641,6291362.084086651,10678057.623302992,68235849.45629133
7438593.342436786,10735735.448322581,1259263.6988266285,0.0,9814507.049030516,11271178.938250283,9713347.345339503,0.0,7154535.476639998,10436509.933007421,67823671.23185372
8378005.9616238875,10900127.260741629,8228081.519157217,418.7514120333634,6313707.502642082,10988026.890170617,4261954.5552050695,417.9054803150587,9368378.592817657,12147136.112562971,70586255.05181348
10546429.233471127,10874982.700672328,9791008.440963281,425.7806523163913,6028201.13560124,10462398.647236953,12036104.854991995,430.6824270337858,3990633.299532008,10169016.49550086,73899631.27104914
7191144.482466662,12587143.527280517,9876586.083792338,0.0,12030898.573642302,10873907.301666852,8238413.331044622,0.0,8832578.363857377,10214044.001742793,79844715.66549347
9952946.632226022,10283336.550382746,16786106.337314706,426.56080824397327,2240781.342867615,9759547.64637896,5689118.869558957,423.2728355281886,10604648.64859856,10519888.279429834,75837224.14040118
4794006.42790346,10826937.766279405,5281316.084207297,430.8725804339061,6961259.078040773,11363055.375291005,9703078.873576354,436.6129383444297,6207359.744187424,12913024.7226244,68050905.5576289
8297912.230510297,11506354.817453656,10119380.17447091,423.8793671914806,9395363.724118005,12577012.788676878,6764751.090263504,421.4220582063356,8573355.575967167,10638789.966676967,77873765.66956279
10059656.60540742,9582956.335463675,4773330.786062363,0.0,5935605.537782781,18706814.219107658,5030824.192541268,0.0,8769117.206313439,10870267.965123348,73728572.84780195
9934259.943577636,11363854.262734769,11495251.79715955,419.4900899440483,8417303.82259042,11292613.056223467,7413878.343543447,435.28248112403503,7470483.802329439,12113819.452823639,79502319.25355344
9344123.612751788,12561855.196399892,11034827.497557322,433.89931503395087,5750551.425510678,9722023.910562284,842423.6746971561,413.31531382460787,6008096.460499528,11828502.542380197,67093251.534987696
3142813.5580328857,12755221.76201646,6831209.623123291,0.0,5957412.568604508,10095647.798606398,3568876.907082187,424.7086436306548,11106862.135324448,11296542.116259178,64755011.17769299
4626314.507941789,12177009.203125637,13010206.141232861,415.47259078878807,9602980.689825125,10398172.466551997,8394891.223421637,0.0,4827291.939052278,11308675.69114511,74345957.33488722
13618094.154391127,11874171.510759175,7925773.36741247,415.8821455196942,3372180.0888207057,11105496.02068579,3361716.6604592935,411.1982117997686,9923788.42857943,16776012.420423226,77958059.73188853
5219500.724112244,11106112.833006278,9848549.521996219,420.64114543026346,8753964.473890727,10333650.911703676,9615470.137949891,433.2239807831474,11693649.952099442,12135848.6089969,78707601.0288816
2688640.0034200144,11657548.52169796,5739139.506709882,0.0,10179653.562861897,12280540.387732973,5251357.393368998,0.0,7402768.764220415,11358944.037214365,66558592.1772265
4824452.078635247,10762132.403178683,11602953.20383624,423.75249892549886,7473422.064765356,12084021.861420648,2892946.076713722,412.3740781440907,5679061.758333792,9763017.27391619,65082842.84737695
5581746.362949042,12274214.390743218,10828443.89590425,407.6144221780985,10135907.950101247,11237268.223807015,5719505.14376163,415.41249572365285,7720598.249256072,9950205.991408722,73448713.23484911
5959113.963012564,12622147.906643089,15716297.705398705,418.45679053402415,8629040.539243212,425.91099064854313,6354513.266730145,426.3561109006319,8774768.657710573,11417181.418840844,69474334.18147123
5419736.527097864,12967042.480966832,1781427.122724033,0.0,12239582.492626466,0.0,1615864.4449497848,0.0,16910465.498071283,12534485.578432057,63468604.144868314
11571543.823173795,10857275.273050306,7979968.575891575,417.11947122949874,6402439.951448078,415.5242126980058,3635294.0119055123,425.5186858979372,6250492.496557074,15251331.984810514,61949604.27920668
5006219.108540768,12014238.481530119,15701532.181488499,431.5921266385151,9287846.537284749,428.7452477960762,2486912.976945944,427.6148593209744,9060387.96818797,12389715.883278886,65948141.08949069
1711280.267542703,11636404.945902277,10376070.842570128,0.0,3930266.9236700344,0.0,2542772.5581465885,0.0,12462196.696072245,10787522.444580134,53446514.67848411
2085221.488177332,16305698.613711532,3007485.1460417565,426.5591814535463,8614601.742240353,427.4008016580876,4846196.423094352,428.55021644994,12383794.012237186,10444026.393942524,57688306.329644606
600179.8893745709,18660795.862149887,9169140.719429558,435.4561855486142,5296334.903482896,430.8910240111362,260948.76476898981,426.3787751139507,14015996.534139046,10975325.485830063,58980014.88515968
5393186.435322635,15865379.907360533,11594164.786627166,0.0,3122949.642631479,424.62381464296766,2282114.9326394303,420.81391340990035,3135965.6691739825,11221889.773791514,52616496.58527479
5994961.944057097,10126048.097105965,12415034.957652777,424.1252902441316,10815559.742346048,0.0,3759259.046202341,6386190.58630509,3638181.542387039,12303614.443223957,65439274.48457055
7211328.554333403,12272642.616577912,6910683.798134622,434.8900152245404,4000420.5943350424,439.0576489638365,12475755.522363732,11283391.918325929,3951793.470942281,441.53666923994666,58107331.959346354
2379884.609460658,12356877.93142427,9826520.751617465,440.77096926811254,19704969.24151555,434.48456607350346,4017726.22525905,11599495.076212324,9617418.998410104,424.7145569460032,69504192.8039917
7249751.862734634,15403003.7700739,12298439.15642477,0.0,8302973.680026908,0.0,9047569.000710534,11312544.576864185,18721372.600479696,427.29729936234355,82336081.94461398
6928225.345000242,14717636.024715882,3016251.9607033166,433.5334228853879,5784906.654159269,435.070175783601,8623353.21567114,13050299.078378355,10302974.554484747,0.0,62424515.436711624
6461550.244937066,430.28809251104803,6951196.985063369,428.8497268760603,8789179.985325985,429.47015971278574,6793126.647073354,12275948.07160936,8938680.215175342,430.77697579729755,50211401.53413938
8934871.634210693,0.0,9812124.548548454,0.0,12272016.773046859,429.2352051741915,5962259.552901737,11955034.851794738,13708928.616040349,433.364700230021,62646098.57644823
9567728.097920684,431.89284808690087,18677470.863128565,434.64102486604116,15076929.126270967,0.0,12381804.840072352,10616744.517705914,7299615.840787255,434.3330922847779,73621594.15285099
9521997.059048256,434.13912396560556,18031634.654819366,434.9069253614241,14154459.977684611,431.52875824656564,7076235.297222502,10421722.217695877,15408990.35911254,0.0,74616340.14039074
115776.54487802896,0.0,10434029.401089678,1056391.8862902662,9476112.99625766,422.8511779355028,7491131.947339979,13689853.550320264,2565206.275886537,418.70786723659984,44829344.161107585
6133651.587629284,415.66988649561,16820271.57476861,11660128.923699064,13847349.282170847,0.0,8911636.389205622,10967072.515573658,3884053.7042987235,420.4506936833382,72225000.09792599
5238447.06282378,430.14522801629676,9104750.540371738,14396932.312726937,7789526.17009669,424.8001392603377,11058923.961251048,10078398.726859633,9122843.017698491,0.0,66790676.7371956
11054623.075004026,0.0,9061204.211576771,12988883.987726009,12216443.039980175,432.4995451083845,3714941.4232537164,10887328.1029153,4413528.726505376,435.33396603027217,64337820.40047251
9774927.291435044,435.8872316199721,5635754.348329948,13588873.66617763,6217946.6539139515,426.50776319552574,6287438.72952312,11293194.451341277,7216420.283359623,416.32022769894655,60015834.13930311
4039920.520922362,416.5036806986904,12561028.397115959,13827474.36178345,7122689.205908974,0.0,10907259.991040567,11861860.915453905,607631.2601919102,433.19321932367524,60928714.34931715
3864242.5578857684,435.3550529439024,4605776.320792788,13682232.063571839,8968856.10517706,427.27499079983886,5544289.248667507,11729898.222168602,4577877.755283909,0.0,52974034.903591216
6536261.234526262,0.0,9928718.007813731,13760474.315767143,11096622.98447777,432.50930105159136,7746137.745056761,11629317.968362162,11296457.966737527,435.7465670822558,71994858.4786095
3351982.872012877,434.6831604222412,1544403.548191642,13908544.121514853,1985891.2617054575,0.0,13185036.647726955,11838145.711386846,2933247.4276030944,421.6323750788493,48748107.90567722
11077821.320597596,422.2192460827193,2114043.7506524874,13943204.76498911,5090092.8750162795,420.95645484808574,8454921.245945806,12145714.539413994,3584744.0380930975,0.0,56411385.710409306
625231.2447088449,0.0,5672514.03094286,12213748.852564598,8648944.610309992,436.43509324451725,19902361.642545108,12729079.949730122,12478268.278402837,436.3457048707348,72271021.39000247
3637542.2641697633,437.31997580178313,10745307.222394139,12129541.766591942,14501711.723575503,434.9453538395331,5854768.313715723,13754305.511409404,4500728.429458498,427.57408287597656,65125205.07072748
5435490.771000133,426.5459868341184,7189146.684309164,14611392.262717685,9191985.668998284,0.0,10967028.419497693,14008301.60283842,11909359.259519124,430.69772158267887,73313561.91258892
7629258.746904002,431.7091989517692,6531146.741040883,12838764.320013966,8543794.419701476,428.9902694078074,7935052.23838314,18897006.583777968,7264670.143815473,0.0,69640553.89310527
13555994.848452203,0.0,9283908.59248423,11772525.040943148,7422839.915660623,427.6690886009909,8790375.883669807,17789016.718728054,5192348.910544322,431.70531094651915,73807869.28488192
10330670.699177897,428.3910010194487,7794660.060414958,10822278.983317118,7264667.77299883,0.0,2529835.227119076,15436501.049052585,14181599.584579956,424.7766567002568,68361066.54431814
10106371.61460129,426.36793933287,10408590.331410063,12252849.322122151,8284782.057898293,423.24863171889405,8763318.565977305,13610736.57038566,1294327.0729191534,0.0,64721825.15188496
8324339.1916102255,0.0,9619169.384791248,19283694.378802553,12238074.500662215,431.4393340982352,14587309.075878924,16293486.53207093,4762338.832757404,426.4555443336564,85109269.79145193
7778776.698630816,427.66927029673735,12299562.546052366,12737229.942613075,8895091.272779137,421.00310974182935,1631979.0667144218,15159282.132245844,8349027.170498848,428.2534014846284,66852225.755316034
8931509.084375523,430.4578328915291,11771625.55191649,20442088.749069132,13594684.476498943,0.0,3552223.4980815486,10526804.623616774,11030747.004745416,418.7000301349334,79850532.14616685
3845487.5724425805,414.20136662224826,3549832.355245937,21811837.683867525,6179779.243601637,422.38737562145997,6534021.88866693,10677980.697608797,6499202.681281836,0.0,59098978.71145748
546534.8685470398,0.0,6554045.034648868,19497545.464002755,9272943.70177797,433.86630709151643,8915564.910038901,10159998.342905669,3013051.300733905,431.0124221368542,57960548.50138434
3895233.987598065,431.6512564152207,7924619.955030173,21508070.28213817,13237328.563983593,0.0,5231444.860803733,10120717.46828905,4156848.3521730728,428.60422701655284,66075123.72549929
3933630.2086952813,429.5920417543306,8966361.434707686,15203819.64960484,5547688.039832196,435.36522057861544,10164206.716902226,10408913.050084187,7246941.523617783,0.0,61472425.58070653
4005612.948661439,0.0,7997944.973646232,13677853.824919831,4642342.115312862,429.94791120538014,3712239.470128314,11294039.275393043,10110748.333488833,430.80969970559875,55441641.69916148
510638.7308363214,431.41400245314213,11070752.6558888,20473999.95302648,12941227.020759715,433.27376767326564,11444845.474684041,12124226.710388377,1776515.2235843784,429.2744684512147,70343499.7314067
7316940.5004800325,426.4343171375358,1784501.688046029,15942958.039150275,2823964.3908105693,0.0,3358446.7751580146,15278921.36505783,9986824.442304363,0.0,56492983.63532425
391518.2083565306,438.4278438296764,9840103.512029575,19750366.62146559,6362620.989361635,433.0723597798829,5463692.386132014,9958267.994067756,3498727.0330963186,433.6993806867055,55266601.94409373
3933147.670943123,0.0,12818055.763941424,17144720.89565413,7925153.798006585,433.464256840478,7349254.707960413,15469838.173712978,12604488.956337424,427.1836044271849,77245520.61441734
9345357.153240494,427.4460826651788,8973149.359813685,20451649.87097754,9056766.50965864,0.0,7866709.365370376,10511495.978392964,9402413.356313061,438.909189845336,75608407.94903928
1489386.3189759918,434.57159878776366,10340326.548397029,18696884.184105296,7934980.699176138,430.247264401282,12293853.034249762,3197812.6000247737,12024555.989251029,0.0,65978664.1930432
9760919.457893424,0.0,13987197.491782622,19539219.65131712,3139070.5697099827,420.8607126678648,10131545.176269235,418.14469218500864,10425096.928492785,406.6445630441031,66984294.925433055
5035177.047326264,411.7636187707504,11671924.784101931,19225255.550485466,12572223.758566417,426.296346722663,5254316.680058185,0.0,8803801.390409507,439.6416422126012,62563976.91255548
7022020.9324141955,435.71393758491837,7905424.673613046,17956324.577247854,12771256.52573839,0.0,5075081.462861095,436.9005037906366,7748966.056109223,0.0,58479946.842425175
10344547.763949309,444.9769926666957,17328965.460846703,15276176.275471697,9167897.446717065,442.4607590463362,9750872.736766629,437.4488260081016,14634357.543009745,433.42870232268154,76504575.54204118
788440.9287432869,0.0,19733330.687010936,16741572.838441662,16570690.38719084,429.2769398068189,4152609.675030444,431.4030016797424,18133618.23210711,435.8648663978936,76121559.29333217
1125127.1359730798,437.25652882416983,3772226.815550717,12810325.827337183,12480193.507929534,0.0,3620630.6893433747,0.0,4996132.667668054,429.3078799256732,38805503.20821069
3231171.70553404,428.88627003867776,9733850.349652681,13920819.564571531,15128662.168822164,10338520.669516858,4816929.545580581,430.7253650894102,12171308.703624886,0.0,69342122.31893787
5334375.740711342,0.0,13184600.714840716,12634678.42565182,8127311.474301876,11820854.671698106,6864489.625581087,435.654443770023,11643519.013562523,434.7406055635561,69610700.0613968
10867344.303730821,427.63393337905774,14022507.359370453,11456200.826775936,10139408.68096535,11243314.07259658,6729616.162922475,0.0,8947667.348432384,424.62417287788196,73406911.01290025
10988843.704577567,426.82921772093124,17653149.397189323,2030984.1744922993,13916444.03058764,12683503.051516583,1994358.1334178601,426.3551177033655,20737696.67803636,0.0,80005832.35415305
9728333.850236889,0.0,18508760.92923929,433.0453456677955,11345527.664427338,13567585.89525641,6390309.436560324,432.96599956128466,9588111.847627433,432.3577155457704,69129927.99240845
9287777.463731255,432.9681411517668,10928782.235209648,0.0,5635823.252047714,11852597.69796608,926146.908047526,0.0,13043562.9632197,435.0601159402,51675558.54847902
9664199.537015213,430.50928744406843,5180155.858208135,434.1525116707553,12591234.454229364,10097166.488432873,1666364.2975382123,435.4232228352235,6750117.185056317,0.0,45950537.905502066
11752065.9797547,436.1458722826805,11982519.249342874,437.17287914472223,13924734.355274722,10740466.320428813,3109209.709886017,439.1150111258312,11602400.13056577,440.65857607940524,63113148.83759152
10660853.345272947,0.0,13111293.041406032,0.0,15989591.24351939,11102838.683763461,6159920.064842726,429.8190365682213,21366205.941613756,429.6075339751629,78391561.74698885
573023.5276117309,429.2622951518744,5314206.243664734,425.5495363644607,10377815.42242809,17450674.341893386,6705507.418386519,0.0,4827448.01186032,5837289.708875726,51086819.486552015
687596.0963111969,425.66470297581304,10725478.62615951,430.92616339512125,5227559.885529627,16116443.592173358,10402614.088274604,424.3889427239136,5526625.570697019,10454116.724352816,59141715.563307226
688972.9719551264,0.0,10445314.915228827,427.1232455890976,10499100.389351953,19693408.860590797,3635824.560499454,427.811312744012,9116770.629695762,10532556.283693392,64612803.54557364
690528.5333387833,432.15697268197084,8871367.380859852,0.0,7376305.76229254,10910490.726567106,13840893.237897646,0.0,7971331.619311456,11137771.531388626,60799120.94862868
702988.121252364,8882355.438553113,5876213.9534569625,431.47012437257035,7988642.933127653,10986940.592078524,6551592.903374238,429.8700631524466,9596312.524374392,10796747.900849445,61382655.707254216
695158.7099582561,11462632.674109315,10025651.671645429,432.7043263857605,2284873.090298597,11671571.004942128,10506067.486584166,434.69695713456593,5029600.525289133,10101535.239285238,61777957.80339578
2655581.5806723577,13004317.620092694,11346956.792683493,0.0,9426289.543867178,12437949.04718424,4798714.471729757,419.71755676175115,4542240.33250732,11429291.452624375,69641760.55891818
8078647.698220896,11157813.075293534,6613101.511499882,417.28339002428544,13065758.420997877,12088105.610595899,6580283.699053942,0.0,11539830.822517741,9447753.636319332,78571711.75788912
5033094.147475184,11534164.94601418,9680665.928884977,421.65833723938863,9303289.764701646,11170987.013574004,9729860.54819429,407.82233205884586,4920873.100681613,10883133.395800179,72256898.32599537
1117192.3046507,10362053.167212587,5146036.075500773,420.5903531447772,8834082.540924907,10149898.718778865,5887755.449385541,433.0427375871026,10396022.230740752,10939789.505547794,62833683.62583265
5615550.783840228,10725573.606601823,11892234.219221195,0.0,4092078.474419677,10988667.974837307,7058191.825050044,0.0,8618993.391885681,10870572.18423266,69861862.46008861
6779639.662415297,10213495.958766568,5443113.901750965,432.6231529184238,7657120.309577343,10859151.45791369,8380196.030645658,432.87151133476885,6552347.232829787,9832104.040871924,65718034.08943549
5388282.748705445,10318745.9081041,2538441.434974112,427.6380208986052,6927630.905237009,10554994.6434946,7418559.11694596,413.9190676147101,4094804.903841408,10164552.89189439,57406854.110285535
11282373.42987545,9659892.904575804,9202141.982877972,0.0,10064996.451508652,10221180.686116364,7580402.437845195,429.6952831964594,11599587.854713243,10359551.911086865,79970557.35388276
4236424.824021969,11094021.533679334,11548345.93531692,426.266741675187,12782810.668972451,11063061.000931883,11594893.117455304,0.0,2707478.6795346052,10622002.555840256,75649464.5824944
9283703.221294858,11030287.402073288,3357655.9437172445,433.5673139024066,9172427.841312949,10750914.255703878,9358845.536896078,430.18088928632096,10334888.528725417,10603857.216527093,73893443.694454
2594945.222661406,14847632.798916332,5803836.696416372,423.7814881416847,10824001.008880017,11109052.658077883,10482762.086277457,421.5023474768157,3493377.787017936,10244134.979879672,69400588.52196269
