16753744397.155165,15614021694.905369,16745162776.159761,16510941222.514175,16712183205.1324,15557067468.68087,16409684262.895142,16303890998.76662,16994699478.505703,16464299334.386766,164065694839.10196
3616465.165143595,5442678.989589909,4755538.760899321,5775282.26651043,7730542.409761249,5527274.070248717,8539801.329303214,8638763.444327042,7464521.200687337,7687681.889245274,65178549.52571608
4675581.189511755,7852750.567617635,4244033.498420082,2018339.9531800614,9952887.746464945,2243982.3674108814,7164778.007484497,9035989.48673404,6009223.436698785,2130566.4784706463,55328132.731993325
812577.1924936429,5036614.911414823,324845.56572801986,7627112.747650876,4320750.467756054,3727844.5947836335,6151401.219207359,5416390.645382056,4894406.326980007,1877542.4922273906,40189486.16362386
1545289.0506833897,1166073.3380391425,3499212.313435021,2432188.463188392,3689322.0898236013,520279.0728119038,3228251.100459574,3785319.38336003,1908150.2107530853,2222026.323650013,23996111.346204154
1570212.70251685,5285200.475811545,7059707.993873871,7245654.842295562,6355898.63251041,1073746.576876038,1888121.9931992,7027705.982462579,8467587.789415717,7612325.149516335,53586162.13847811
5207550.190960749,7007783.16153729,6473091.192116572,1375126.8439262968,9421342.787550097,2106570.5368069606,1366343.8677977014,2957341.5539455223,910910.8425599398,3239171.145820197,40065232.123021334
10657405.116168482,9160593.451687934,2509714.6436519003,7571056.882008255,6042888.646529012,4212654.722955159,8217354.252146682,8003499.597878221,4130845.46479281,7852462.609716715,68358475.38753518
3051731.4990639924,6121451.471202995,5795999.359668012,1044629.2984748766,10260441.463135146,5772393.73964708,3824975.4878640925,3366229.3428036347,5580809.063587323,3363607.8970921077,48182268.62253927
7532010.147128431,6562171.770737663,9344093.52839982,2852350.7048172024,2668839.3053732696,2731184.1561324964,4986974.635130198,7734238.411261759,3150211.939241557,7723073.622263942,55285148.22048634
4573659.573342726,9757132.732913984,4133683.2604248174,4933062.82923863,7019198.645984061,3676649.8142620004,7725344.450276562,4786722.574957738,4869125.243017481,6253413.852638328,57727992.977056324
7346173.391956081,5856103.969971201,7412190.3591870675,5328983.635862505,4720514.364781775,3937394.4766185363,190814.60788429482,5076609.930711073,4850603.692669797,5324018.603150604,50043407.03279293
7989657.584199388,7435062.296918836,6397590.5859331945,5073049.559099228,5416138.609218917,5596659.321228953,4320319.65911294,7224609.623126701,5007166.202214118,3744689.041163751,58204942.48221602
7099693.267885951,6258333.485769163,6347142.926805154,7278090.104610648,6929559.295725907,4749191.846042307,7233619.650109266,6074451.787469552,2727095.9428696786,682847.3034320838,55380025.61071971
5943050.261044614,2683760.983345741,7861802.34125696,4238284.422261653,7344255.597945383,4563027.464878991,2112432.7794207525,6635643.973664463,113189.8038926068,3053367.1122119674,44548814.73992313
4784926.154369854,7155372.258125703,3259701.576869326,4953932.085518748,10939579.94827861,4710664.790199391,1918687.6593650996,3746801.2362716207,6561287.684705544,8478008.895079907,56508962.2887838
9633195.162317757,4537543.351984191,9839323.380565807,7162675.661426992,8563954.681171378,5196602.813999615,8886435.479639474,2603162.298138259,5108226.133160945,2266596.217661436,63797715.18006586
3481184.0268530534,1331490.5344034103,1908805.140644786,4200370.8552076565,8833500.183996802,5143193.506582144,2289527.2909821854,7281272.338083469,5489901.4831286585,4841759.954925782,44801005.31480795
6637038.388654812,9404138.083579397,9400519.032519141,3851939.158476773,11314010.695710525,1651436.06967777,4981884.714611189,1629830.1970391895,10482860.321076145,7657774.124037096,67011430.78538203
6698456.208609316,6212428.015797201,2571370.687359945,4419304.31473594,9416917.726214563,4551560.469094661,6930702.739496688,3155988.2912831316,5329882.298519948,3764469.9084186424,53051080.659530036
5996957.1832444705,9848216.190958355,6798633.413633257,7935114.124975164,12654226.752283303,7487233.892400553,9218904.6056959,7577827.8045882005,7606430.278140405,4835814.209792858,79959358.45571247
4361690.870882605,10131511.789332869,5218072.855400077,4773689.575634156,9218857.844996475,4153224.4146255124,7049021.015676058,4260621.321624549,4327149.557588078,5948129.544795715,59441968.790556096
7701703.74699224,6390590.616542802,6245273.091392646,3323379.215404177,7441092.569402503,5135690.440452684,6890506.531401386,5976530.427267816,6828172.801242876,7086772.066856404,63019711.50695553
5786534.480856889,7228788.6240585325,7103865.437031294,4604443.241788267,9274791.233310971,7224932.219397943,6985867.597518831,1831504.1052463066,6340867.527445029,4760411.830299998,61142006.29695406
7403054.071366053,7083237.935953529,6903039.470084122,6815551.798273419,2769492.650159927,4009635.256552311,1600181.887485207,6141503.945762458,7959229.633016132,6018159.813935935,56703086.462589085
9435363.943971906,1337208.9941882284,8272338.133157103,3450669.6265298245,10099838.520694422,9205399.511968639,7487044.3006693,8280550.133257742,4653038.8613222055,9006624.425411927,71228076.45117128
6001938.284407613,7742581.43182765,2152950.9675884773,4420021.423015919,9730732.767409956,2598498.1526442044,9606408.59129273,3350081.1955418745,7378786.482793113,5654359.32935422,58636358.625875756
9797812.390751554,9222217.426663788,6551159.283319001,8277478.772991538,2464272.2140116603,4681854.295930362,2868327.078566057,9159432.404919501,4092832.5808697874,7859376.934564937,64974763.38258819
6358378.905859597,9112193.205318542,9767503.041022142,3769539.9345390163,5757613.749892268,5571198.734658226,5962397.699510533,3495211.324252632,8094659.891416116,5650103.445750304,63538799.93221938
7054822.682229289,5152106.334157791,6275646.214916637,6873609.137410133,3603543.577944186,7609603.781895824,6480599.636422868,6984621.685434973,5525098.164269059,5780740.654913261,61340391.86959402
1679732.5145624075,6015722.028551214,8164266.287858638,9427694.535186458,8066866.641167356,5011549.710153322,5797300.052445714,4572918.188160365,634187.5251870005,3638008.2319122762,53008245.715184756
4880594.382255191,8191388.6618463565,5049932.49969946,6999977.520285211,4048997.626698166,8011218.879650731,9355454.535289345,3849152.203142625,5810337.10390222,6884438.544261102,63081491.957030416
11189292.540287863,2752752.5709265913,7820777.091190722,7724127.118133494,2805339.5172012476,8192848.305918998,7371255.177712213,4000975.5833933186,7370312.135283984,7039199.057859059,66266879.09790748
11481602.808448732,6326225.569849517,9251205.291206358,4670659.181040867,4076452.3338204767,3005103.9104859727,4305120.352108285,8043849.64832952,895442.947145086,6540376.470159348,58596038.51259416
12419880.632403374,7446828.068051258,4805019.562588574,5890274.776035035,8969999.058037378,11163410.192250839,6833047.032483019,4081254.7146358504,4176596.415698227,8051272.574729874,73837583.02691342
9149375.150772363,5159264.365192612,8988952.839708013,7442577.056485984,10368891.181944713,1833126.5450360347,4250942.583201639,8856007.362922603,7930450.932223285,3444906.2365315016,67424494.25401874
9486316.27339097,8507195.419741059,9362703.33794833,1537279.9157826223,5911753.138857489,6658302.144164222,6796855.366200091,3985234.0139097194,4333147.998069571,6784401.167853454,63363188.77591752
7180298.547539857,1828511.492380104,2792024.733042466,5983348.280491191,9861803.015999973,9588289.84893306,3584366.1164006237,6474532.348181428,7508723.461417895,2370847.140700353,57172744.98508695
9711243.508774936,4923086.215542287,7677212.575015515,9756290.230874615,3532968.4821498143,10883356.250067875,7162392.826487776,7483898.097567101,3630759.3488092953,7093836.572769752,71855044.10805896
8254701.232975873,7879533.551812769,5081255.378554701,3599608.091015427,4538552.722505277,6159591.632137364,9700362.968900412,9100310.667986913,6428043.324997836,5911268.423742107,66653227.99462868
6178917.477132171,4246199.435646437,8435306.664472347,5314643.921216248,6149755.626226758,7361439.834493826,5142996.5782997,7386380.529342544,6222231.317976844,8120074.368898373,64557945.75370526
3540095.8906392283,7193850.709530907,8353848.649344515,5920106.771898595,7048834.70088342,7867106.430642816,5223609.963664777,8226211.950597727,5701200.203266021,3434020.318467944,62508885.58893594
3880900.9844565913,9023141.297505703,3158552.9149345043,5184648.606963138,1768490.233450505,4495374.873250078,7956399.722080525,1777269.4791328171,5817784.383342922,7961440.65844284,51024003.153559625
10531540.817967411,1913152.030204081,2068982.2428766165,7456489.379244852,8316987.180435725,11508106.394097963,757134.2364239389,3128256.0617492795,8387963.339587969,1218665.249178027,55287276.93176587
4192657.245520894,6849049.2380860895,8272080.922422395,2514968.027491601,11125732.981248977,3268354.613878052,6754492.709115785,6472096.241124464,1722141.0312970874,6326857.578685872,57498430.58887122
10486448.953928066,9463275.225748934,3136594.128877736,6545751.276451755,3190627.6194705735,5556209.718270572,9348188.810645906,11455118.992433915,9281795.86722099,7359692.628333435,75823703.22138189
4472287.170039428,6092452.336171739,10448616.10270644,8273175.946395842,8870582.560492162,6711626.671244741,7113945.26641017,5670955.032813131,3890838.657658597,6953901.18428143,68498380.92821369
9863715.98188546,7133977.063933302,9762099.255863357,4725005.142529377,3232326.963599423,8242139.336639717,5561990.671278641,6392122.16945361,4668689.529716917,1848089.5793294513,61430155.69422926
12204930.437218219,9002022.32506268,6166462.860792368,7743787.4328597635,7028949.8193883775,6098074.857085057,4119665.560848606,8416893.905644532,10568380.578768844,4381106.103897823,75730273.88156627
7258335.239532226,4928987.375216035,7680929.11282297,3280219.691662322,5921504.103643992,4015138.660175163,5734740.233187725,6078599.785034266,9789382.657994306,4691216.788726717,59379053.64799573
11554730.659390623,7375176.710122667,3496370.906817634,4208225.400791956,6664792.234027474,3472500.263994252,3646147.692152848,5612914.558783555,14803004.83665193,4082465.156746991,64916328.41947993
10646946.756807772,5212634.340996057,5340840.2497691875,4310036.039704621,10747216.070949383,1153157.8986802355,5977074.039984182,5432768.15395604,4601842.874550574,2749627.1121714986,56172143.53756955
6921633.070539105,4556118.810783537,7458428.5652375445,3959346.793367892,4616977.67110582,6861809.519579115,3365211.456423547,3849292.1219378305,6218792.035440234,637427.2657696601,48445037.31018429
4183586.00645001,4076582.221711852,8424768.81695088,7530800.812979198,7516278.385318829,6264713.829701059,5623128.690586112,6495836.351796528,4817470.726210792,1943176.6683573476,56876342.51006261
8918305.609615874,8736042.281050364,7530901.951727458,4701203.100670213,3545805.5418398324,6868201.2668943005,10478317.91508255,6867900.906022937,7297436.438382532,8515687.163984815,73459802.17527089
1338333.9813740782,3891973.133595416,3466876.8309587743,8873496.418315407,10517029.282716755,9559668.827101626,1433572.7096135437,5744130.203860839,1699846.8778353368,2266309.207418439,48791237.47279022
3804448.3097868697,6307530.011689329,6863123.012571059,4806842.45328679,3271120.9360861513,3971257.3732890226,4954917.04851716,9304924.160761649,9070924.388299337,6466316.89646147,58821404.59074884
8720133.231576122,2567012.549954883,9317291.809318824,8691455.97453301,7533954.951725505,7253551.502799284,6777616.366748003,4331267.492961371,9765968.19044133,7590265.138534566,72548517.2085929
3903819.254405806,5840600.7956217425,4707194.629312034,11316162.11071064,6360857.594904518,7134203.85149642,5143546.783960921,5597540.891308355,3573830.4012971614,5788384.003689316,59366140.31670692
4586520.339129907,7956352.262497259,4985028.816062366,6318708.566726809,5338510.666333554,4991169.489323654,5878080.698916946,6949617.550321687,7816657.859134102,4949518.098323831,59770164.34677011
4634260.29473813,4542109.324560943,7998343.532853238,5837891.2468438195,4606167.478703179,6004556.570197486,5453015.634956313,4577358.309825693,5815715.14528069,8458924.672544438,57928342.210503936
3015368.512813526,8093562.500253124,6129908.013183595,6725076.7900388995,1381747.3512278942,5739049.44024996,2767716.9764496274,3631618.3165216236,9305393.863582185,4876026.225889893,51665467.990210325
6016072.311211715,4886303.960920452,5655206.986258619,2627218.555590311,6513568.026921664,6762334.073551741,3330063.3637659186,5190888.335963462,3737896.5335740885,3564659.4568091617,48284211.60456714
3685956.7980679926,6277377.717627789,6964994.517503211,3733515.718933799,2631832.124483563,8331242.898506104,8261101.502496617,1635006.6298223962,4882823.392238271,3558431.595021345,49962282.894701086
4267285.983266201,9207327.899275726,7275043.243883655,8102043.697411584,1310647.9672752314,995630.1520609055,2057508.4028947172,4019292.3984113643,6837636.397667846,6309966.308865511,50382382.451012745
7552108.184724771,1730749.0517347895,5431823.712468897,8186242.156667818,7264619.22031021,5882510.999811726,7756255.948610513,8163178.373224777,10594219.802181177,1581604.7392253475,64143312.18896003
7873344.833010424,6875622.16621134,7780984.369744379,1617867.8202172834,6850607.07748352,7578634.134062731,2232759.954128058,8819480.851310695,3620195.2045000503,7830790.0222297,61080286.43289818
7535078.8604625,1796804.0521619285,10549559.527428422,6416006.347212105,2145869.6338655213,2442835.466102481,2584212.801405855,7636246.9534122795,9669717.73112005,3148609.152854906,53924940.52602605
11530961.70659116,2530987.0676080366,5832466.055434482,2791359.319662831,6125765.932471945,8273010.716398412,4888524.478120244,4067893.022888892,4670247.111987078,6700567.449385991,57411782.86054907
3599485.393923561,5395374.581664397,9560745.804679725,4783898.182798034,5331130.894696469,4891176.214503743,6121766.040836869,8104742.356340103,8080086.054862136,7728630.626948765,63597036.15125381
8026400.761993463,411913.41806426423,4302448.839916071,2792675.255097864,4812301.358304659,5057456.683669724,4001619.790935402,6995397.328200291,6375176.139730414,5248876.07853646,48024265.65444861
3077068.8833555956,2438046.193869925,5099709.197546569,3818874.2587933354,7449135.879776663,3848793.167212174,6020631.113898882,9013510.76787474,8440085.343926292,5151637.315172492,54357492.12142667
7890748.692955993,6770853.644667027,6227837.513818906,6206169.089321499,7891126.443237518,5577115.873687197,8420598.284518838,3616638.0577842677,4689481.796496765,6957729.413550816,64248298.81003883
10558725.79758901,1939486.2038300682,6879211.378497445,1679117.1490387593,9702451.498242967,6139784.835998193,2558369.6848657457,5163806.728257831,7416288.222531066,2926561.8954367656,54963803.39428784
4104392.407690422,2463801.5664198822,1853038.570611557,6057471.00648196,3226362.43553237,8726357.882582914,7824595.32972234,7336123.883083656,8447825.993522603,7226956.688499227,57266925.764146924
10848738.7674638,6394667.902039644,3040850.1476258473,9789931.573257595,8297312.410943148,8377076.552495106,1520785.6905426409,7548786.189300397,7745626.312984758,3341042.193364883,66904817.74001782
1663824.0104930592,8969226.1510389,9445498.450120058,5047316.348448818,2799792.888498338,7162524.0856700875,5441668.327199741,4985448.421623825,9069113.41418154,6938985.036753864,61523397.13402823
6167135.700042762,8254093.888139358,7947328.043542644,6524308.282024824,9054102.350675315,10644881.742105119,7548557.526830915,5311714.277637638,4876803.230799521,7609773.061285505,73938698.10308361
6445423.628651408,5669533.282559923,9820802.381442854,2099319.152789705,4508622.001085546,7220310.81499459,4926985.432821915,7361909.242002372,6341890.279954017,4474674.369027302,58869470.58532964
4098350.8867699993,5515678.068804894,6462833.871815325,4280750.68476675,5424546.941509348,6669409.505327627,3501197.054745417,5527429.292532018,9485662.721288111,8469592.982498858,59435452.01005834
8267458.808324028,2936060.6191736516,9049517.497670876,5977493.006241589,2863073.3522487707,5370185.01611976,4482370.561879256,4791756.332407644,6453889.901546692,7416117.031448713,57607922.12706099
5826541.455024503,6706244.725809613,6850890.1687504,5429523.580178047,5675980.854376622,7642123.474455831,2624064.9865436717,4856626.916912227,5019621.442199731,6659239.786759083,57290857.39100973
4640182.848623925,4134859.5168244415,5082578.489223974,6844837.415773801,8171743.80642938,4481607.208267469,6093121.090916479,6837615.262110544,5430702.315064723,4948201.330880772,56665449.28411551
8173757.415602647,4805278.408872834,3879892.7455550516,2214027.031712692,3581643.0433679777,6505959.983727045,1373289.7802400999,3875552.437178674,8989529.833852047,7463658.835109706,50862589.51521877
5400361.811482894,7320188.160540285,8556425.360305741,7468886.051891957,9181606.457177881,2889147.741183808,2845685.364695938,4746420.419013568,1232750.0051487056,2209438.824184645,51850910.195625424
11251177.250949372,5650725.793464321,1350305.9454979466,1890272.7840376857,10925058.251785256,7087746.504996578,7859576.827567497,7960115.725035703,6519979.1161250975,7239484.608273548,67734442.807733
2531844.134822395,8115243.929196158,3799981.8071632413,4558556.342208708,9386639.63072172,8051085.133325033,10232277.707594382,11638235.532283029,7850169.04637709,2097375.836995805,68261409.10068756
8983443.15453303,2798681.106753125,7259449.630086766,8039101.071286007,10615855.25645825,6354590.391839857,5066333.562399067,7369140.80005294,2710634.109973764,5940413.342098909,65137642.425481714
3967200.491922749,7322433.049513245,2404362.027347652,2953888.7746671904,7460148.365872844,10290160.392736154,9738095.734467698,4792527.562315965,3843950.115819717,3670657.3699828987,56443423.88464611
6442282.328619127,4201423.845268432,4637147.553798785,5668678.0093186265,10365244.712529127,5448501.708142355,4486571.101616742,4508540.948728077,7081251.342731338,4363150.295473648,57202791.84622626
9847383.292983029,4363524.03501405,5711308.768345872,4724504.487865195,6125586.037839813,10856556.372974044,8252161.705827989,4830747.648135952,5832779.034240578,6000984.015352171,66545535.3985787
10691603.420596052,3836850.577837429,2706656.2317648027,6582868.035261799,5761904.888982506,4930470.869016505,6663694.324052423,6368361.076081444,6312346.162117113,5239361.394854167,59094116.98056424
2468210.776280236,7295362.244635174,6575290.463610942,7905326.4620398795,4208703.579807083,3991620.3571715113,2821461.088536456,4911924.732485436,2949630.6725179376,6222280.652343335,49349811.02942799
9614314.287468364,1286500.0320131776,1776711.0464641282,6067779.558378478,3279270.425634451,6687475.282548734,2638138.2999687456,7893646.481991536,5926333.4004380815,1587795.5806794935,46757964.39558518
1671147.2276477139,1167730.8571645305,3200399.4740774794,7998275.779064495,7853861.463505977,4329373.8638479635,9163078.902208908,3208171.976023934,7600676.003509445,2833841.785574859,49026557.33262531
8084950.814354155,8026130.37762915,4920877.212233925,3376994.710116256,1381442.4409265895,7009916.355922779,2734340.854363648,3457693.653490751,5532689.708193046,5700250.472460715,50225286.59969102
1423260.390856471,8032505.392122953,8086858.622069974,7883446.731067177,5623760.981486844,9113914.816049159,5063470.676111477,10622044.82909261,7407457.828818298,7279249.977222895,70535970.24489786
3622541.420190224,2402503.284012677,3395163.994769871,8474033.99550061,10395272.79475298,4270652.535607985,5205635.082292657,3921150.629436563,8087226.266284453,3234991.400288523,53009171.403136544
5685149.281422155,4754386.562359394,9075929.382602545,4287112.4047908615,3592226.5463076057,6869055.444611367,5402378.37659278,6082796.029005796,7912185.369289362,5913232.280738343,59574451.677720204
5554903.703888533,4103156.0799655,6566874.174809705,5580529.314113762,4441372.737613728,1775491.1457776169,2645994.0248994385,4863948.051400433,7213059.606360373,7822761.525751572,50568090.36458066
5756304.254349185,1064455.3382561416,5890823.180122366,5124089.940292407,3389156.6881676456,5235756.57591369,5442475.520873228,7769289.266138406,3706370.301162328,4398326.443753437,47777047.50902883
8848592.624865439,5516925.430765548,8182207.363083114,5319046.250903587,3615275.2529644114,6513372.765446902,8601144.863552056,9186840.563104413,5730611.906032281,3645968.0670701633,65159985.08778791
3811703.0449462556,2935039.795944096,6358491.735710287,6902317.218956443,4316841.428298645,2136238.936129536,2870742.9559280365,8629516.65810614,6562007.275166605,8247826.004479878,52770725.05366591
7174230.960415681,3399816.216695136,6136734.296762388,5501593.7452631425,7592464.435839466,3711417.9553623404,7491514.822926933,5941170.179859565,3625810.2978545446,4356391.911234228,54931144.822213426
1573143.7298600909,5595953.69855213,6776170.698456017,5859217.985947106,4316047.277929872,4821396.2412320115,7318140.393281089,9199644.468793474,8754270.551347356,7405052.400156282,61619037.445555426
8260878.75856418,7987328.997922348,9952418.539813671,8451637.660469647,8463771.747338127,7929950.913170096,2761636.385224584,1930503.259216274,10082468.165664917,8020948.027357327,73841542.45474117
1964274.356542,9577527.162656285,2096089.3149291934,5673677.719613416,2078110.1637611203,5094475.863126395,7070971.783052489,7964510.002519138,1962143.6784864035,6345672.47735367,49827452.522040114
9481683.707957633,3296146.4509758037,7065205.508543301,7033222.960921222,4318025.985645812,9650399.157952845,8980115.131444456,3095727.561561694,6355605.453008327,6681412.724421629,65957544.64243272
7648741.253548832,8287225.544319032,3274535.372883024,3058002.352638103,4139570.546646746,4180768.379374715,8342878.381701578,6376717.367416736,8979603.44631594,5821138.232027576,60109180.876872286
3573995.1354278773,7046068.588379786,5626921.354879072,4900399.516409711,4790958.120144411,8160772.571484487,4762216.469114805,4982442.582936627,4205206.971739483,2433130.367210575,50482111.677726835
5131067.371733752,5060990.894489205,5317977.3429410495,5984287.164634043,4153656.4757558363,6447344.321573651,3146091.298689322,4326511.255526822,6663401.428258937,4731497.139534034,50962824.693136655
7515240.299470613,5221187.494551198,6150816.4213753445,7205774.1386301415,3391664.6974208653,2947665.006434805,4928871.501691896,6164592.2787491,3345080.307829748,6612466.858254444,53483359.00440815
4258992.76219192,5536186.940132837,3747993.0831241263,8823945.352337169,7833743.114792687,7351104.395093487,3089271.4883704092,7314861.350917607,6750616.562631188,2372326.6715590693,57079041.7211505
2777547.645858675,3411735.440366425,2601054.195662397,4139673.590897974,3908078.7927327137,7434570.7668270515,4980910.5653967615,1527708.1822316078,8677061.261381624,3143720.115076611,42602060.55643184
4416279.273408467,9868220.05609396,10311538.45686208,7319870.828388721,6867132.704223405,7137350.630492073,8834042.729297498,3442620.865924529,11273868.668798808,6864102.06457334,76335026.27806288
5869498.44239197,2514094.95389275,2768393.043974976,8219296.586388567,9629835.918747284,9316296.311604042,1823214.7091145352,8872760.614398994,9046074.967756435,7408964.272123226,65468429.82039277
9166543.824211424,6123977.233196517,8590832.9230553,2477095.8821975784,2653946.991008854,8300653.830882272,6183253.9573118305,3608876.687629493,8664790.234429862,5002115.669963318,60772087.23388645
4162555.4109631386,6598086.527275132,7551577.571616611,5626430.831742102,6877991.134953742,4018887.067755562,9086176.469590448,5003792.503262201,3147924.1979028867,7344975.2937055975,59418397.00876742
8631883.343625743,8327020.099884996,3915586.136015443,7822612.253475547,3622964.7337861145,8705664.825169817,8929685.02127667,6513276.386065701,4837221.5112019265,4147809.6820596303,65453723.992561586
5750991.26246866,2691135.571268388,6143590.4989406,8351713.879280981,9489989.752118846,9156776.460670888,5726934.555588567,8543488.168931428,6506591.980969914,6676574.117602009,69037786.24784029
6414783.406298378,4305270.172755761,7712367.421361626,6821690.163482855,8854528.694631789,5001327.338105026,11058192.89419355,6167767.0750919925,8934577.804777747,7044695.017958447,72315199.98865718
11165033.42718021,7152990.102103056,7034783.832116316,5172226.58912852,6241644.4411778785,3680071.0897778925,9683492.733160064,3112160.951930474,9434076.70459789,6402276.019066039,69078755.89023834
7805762.023262832,5870041.855931347,7223515.26204049,6586485.203095582,7731580.859978972,3936853.2388128494,6268188.868827528,3592451.761920631,10818039.798985844,2698915.288132854,62531834.160988934
7113623.140304055,5796450.702326355,8154700.251997127,6950348.662669848,1997544.2810950682,8016923.489835095,4386088.2831802135,7987533.609801089,7128303.096311253,7141627.2709466675,64673142.78846678
9145033.686455015,8361631.034494278,3554379.9414165816,2987777.0687251952,7167902.886323365,3640421.385987291,7808633.334798397,10486553.278127009,8153568.131206382,1500770.332741143,62806671.08027466
4022135.834170436,9154362.035744127,4438792.928467015,4316354.961935824,6735312.800346317,4195721.352330863,3742574.095768302,2947800.344258577,3205837.9646836715,3171369.5965302475,45930261.91423538
9613693.108939683,2948376.666600152,9033279.697084546,9775545.717260867,7289185.476471748,8696040.491684426,8907074.287580315,5222198.737257543,4499160.058510603,6339284.269593549,72323838.51098342
8463363.458005952,8375925.937579246,3203787.0984145594,4260438.782470468,2339184.8202736927,3086510.2564344783,3045836.237615925,7764087.23182254,8070186.834551173,2953211.6971543552,51562532.35432239
8327658.941450428,2521415.297892605,9335973.953001993,8376507.515036364,3249524.0045019668,6881020.734605237,4595584.360693169,5594648.395423987,3982774.414986511,3569446.168754131,56434553.78634639
8593029.186591119,4265563.6679370245,4682083.545085004,11239049.54479519,7865747.895455949,8367264.291679449,6877772.945567101,6609978.094692781,9800672.767194502,7609927.337595194,75911089.27659333
4656246.793173863,6432095.423296727,2312963.191860791,5101648.3638049485,5508454.097478513,5748156.817704932,8460071.281538596,6159162.652075661,6748157.837230481,7261410.254530508,58388366.71269502
5581867.949281145,10163362.642486561,6535825.195712254,9665634.74456253,4266724.026098642,7090282.556935123,6235799.396638843,7118146.85865616,9177410.60194315,7619521.887493599,73454575.859808
6723664.917963763,11151413.191461869,7625083.4307866255,7692461.314090089,1629167.5023814305,4275164.174096082,2826653.336370438,7557467.167446482,8581751.109615603,5664172.19801564,63726998.34222802
9215296.46940747,8269349.245907816,6879086.418627128,11122377.598965507,2539014.6084223767,7653037.633100744,6507254.6679128185,7059468.90456748,4117273.5334294927,3258276.567999254,66620435.64834008
7052683.327890174,2214079.023758624,9111830.65181227,6629394.287594839,8291881.114325229,1949743.282840468,7102832.283762592,9814663.362498637,7893949.845700778,5333704.934624529,65394762.11480814
6151687.406476823,6843556.503823946,5291145.214205233,10909006.79175523,3008135.4968614965,3957022.55855163,1287656.5304584932,3176552.9464988317,5182210.472961745,7090093.469734247,52897067.39132768
9162091.019513423,10844537.795733623,7681526.204737525,6269373.413499742,6686188.649040515,9209663.13555566,1512941.7783611596,6572008.218131958,7392164.933163814,9165185.217500249,74495680.36523767
1709530.3574531877,3957650.272341033,10936304.318788968,11120506.03050768,9712081.852573354,2026489.1909601225,4098624.549819352,2108102.2667708797,7018355.642412359,3228326.165786034,55915970.64741296
7059335.310960639,6591749.552306099,4840244.007858395,9600823.717943367,9367899.812975056,5199576.1426210785,5411127.087873534,3921124.3356638956,3214799.460085109,6329335.2175258435,61536014.645813
8890517.809427619,2017087.536344606,10239094.799701206,8343810.842684249,4501541.190041862,4471764.2511382485,2027772.577995578,6684332.210568213,4968982.8743314985,4996744.587153959,57141648.67938703
5425687.3822581675,4204855.036639607,5337327.499535711,4706306.493505366,5553435.636725651,8686982.959592123,4783033.681159019,5106860.602062561,3770155.961749386,6979029.727443121,54553674.98067071
7971312.833718039,6766536.604651967,6102049.373912482,4589431.379018322,9017070.046024289,8173367.429152915,7309177.652922868,4462759.713804743,4141956.0211742716,5520977.18179994,64054638.23617984
10711140.993863061,4948807.301296437,6812003.275591696,4989370.63725019,8156204.983992103,6804865.985719536,3702260.3731516018,1425490.4799808466,7817154.70178007,5043781.076998825,60411079.80962437
8518773.204171026,6579727.951104354,2430090.580575039,6309969.515453618,10450402.423687456,6464289.956731181,4832892.481903816,7760857.766468727,9059401.14051539,7634768.2005862985,70041173.2211969
8090995.501298526,1346275.220532278,6942792.376494703,9203084.03442707,1580043.2691645026,3995227.1340953894,7618248.205799999,8563994.813025163,1186173.2584947073,5609884.2751159165,54136718.08844825
6902933.963705775,8134501.144757279,10023610.771338338,3612978.491664198,2408114.2634555106,7477263.438989332,5421649.678005456,8308179.004230624,4804904.619108231,9675570.310333017,66769705.685587764
9604774.368234051,1808702.8370936564,5458572.116337831,8711436.765506024,6289732.500755532,3951544.8753935,6763479.782316429,8360140.50315725,5451435.847195712,3261289.0189935076,59661108.6149835
10538268.270683507,4369002.990795752,8141552.541584882,8928413.574890194,7889335.125238165,4442670.167988289,5371708.866632731,4164928.8089810377,6399188.407409773,7441640.487895064,67686709.24209939
12845428.369062165,5981554.325303242,10717699.56320886,4031938.5673519457,7878189.619556998,5914080.995538698,4505339.094962766,7992211.49203157,4264273.576159365,5090591.581141205,69221307.18431681
4885311.05174103,8182058.993508357,7592054.971156235,6490722.391382593,4914803.806330213,3760197.437092392,5809834.150370554,4887612.014047063,7695253.144198003,6774556.503795034,60992404.463621475
9862560.055483028,5914118.750662383,7916549.79744797,8614337.174327731,4889387.212933706,7345949.40426815,6452797.855977564,4764656.219774446,10148524.146557169,5959740.128351593,71868620.74578375
6674578.766233618,6180192.863042252,7376613.854597916,4221148.463346819,5619796.599407872,7204606.492781425,7800202.254333392,4053984.52487921,7508721.56061102,4621328.981118713,61261174.36035223
5684323.2536569415,9558054.916646106,8585122.52690285,6687643.793109847,6711502.513464819,7531687.4514971655,6336783.639387843,6889088.494525975,6859713.473034107,7246628.231710913,72090548.29393657
8737477.394906543,6950127.986772903,5478202.48765786,9235092.208010176,8146070.494890322,3479324.214432342,6665516.453217629,2599682.036687911,7450528.248617607,2566952.5086485734,61308974.03384186
3852430.1474053636,8792983.795769626,6540196.184356313,6529943.717597325,2419059.857878448,9076501.911976118,6569625.015492872,6205107.228496929,1081844.9484021538,6017452.788754207,57085145.59612936
3719219.3687195666,960112.901468052,10479963.260618871,7935961.799943944,9765311.157917567,3037667.8601069576,7347622.676225038,1267260.375144794,2643706.1209339597,9786375.39290241,56943200.91398116
9860282.083159791,6405633.112651871,3592270.808129631,9350760.817831444,2059999.9364496998,8242921.960573187,8036451.452248801,4182499.035701251,6004564.427663457,3522294.9726296263,61257678.60703876
2374967.4078162406,6130735.408903908,4468003.044667315,5139536.098107974,8679355.612632833,2366117.8660762734,3170903.4599076235,7368194.000997847,10162862.506822329,6544604.934100478,56405280.340032816
5542897.020214183,1352412.9538094546,9039243.240500974,8620040.21500797,2573057.906658696,3050463.902444389,6268718.9146480635,4264658.777819479,5908745.51348873,8284286.5798343625,54904525.024426304
9483852.592303736,3645986.60592762,11656225.321247857,9622920.697503937,7035692.668479728,4033307.6367962896,7114102.377504543,623056.7714444723,6068726.466667019,4112650.1972423485,63396521.33511755
5781814.141048408,3403041.494599167,6023267.552718963,8343995.2244398175,4867288.493522019,7304727.592819262,8223418.659868052,4988457.252047021,5662797.077134657,6946469.946546578,61545277.43474395
7750290.533465261,2009488.7268546915,6484508.819596935,7187360.145142636,7365324.804552725,7007926.495648353,6330473.368026689,3526456.8324230504,6401195.77645884,6144799.143590933,60207824.64576012
7185252.409386885,5883877.522407756,5277316.008653227,4989859.726994589,10073388.539930861,8551210.575591536,4082276.201861415,6264803.260750085,4743462.385960644,7561113.551444832,64612560.182981834
8016215.057473244,8103409.690000154,7178550.261200289,8984331.394899702,7454151.279865789,9216475.192962639,4070426.225010986,1360333.032661701,6998916.647901751,8250199.825277001,69633008.60725325
10639457.574018061,8451339.182631578,2031662.0957305988,3205519.9226550963,8006866.502646212,5005912.501623919,8628821.225769218,7293919.88449058,4209784.731277802,8758797.349567307,66232080.97041037
5272132.112709326,10185186.98613579,2288392.7184619806,7721101.761442179,5664371.005175532,8337869.681134261,5573215.544367443,8126096.704262633,8219573.292470436,2526088.2899580365,63914028.096117616
7331587.387838306,5803842.487221903,7546171.441500934,9588169.11818322,7075463.428132786,5377999.844625218,8892524.774714787,5253873.978998182,9572339.608115863,6421339.774416549,72863311.84374775
6537629.967156913,7490524.749131629,9144143.809688875,8741054.800114451,8683662.09183835,7380785.076630862,10702652.645220576,8817262.036360443,4541892.390347705,1987387.138541513,74026994.70503132
8990655.055496735,8077077.202790181,6031488.028142434,4495840.11529547,2923501.767042357,2631162.4724246855,5773221.340493856,8169303.878602734,7269140.320723171,3804449.109958015,58165839.29096964
8890372.211549109,5851689.105499497,9496193.457825936,7564211.511002181,8642687.483901342,5172731.650063764,8860764.054879954,4686329.119148378,4610578.030691611,6510047.061553297,70285603.68611507
8846704.607485842,8585317.621935511,8028427.977963873,5295661.612602287,10369441.6182708,4606268.011169928,8378004.725255919,8803096.982001366,5086874.348071867,4006244.1701567248,72006041.67491412
6016452.78906357,6976682.389131882,4539312.526013866,1617951.6256146969,6264116.466559692,5870437.373495943,5889068.276954535,5902258.0433361,8533360.025239697,4650709.65888015,56260349.17429014
4727104.10015873,5364912.823162388,5354760.105062394,6102612.15204895,7720262.241092458,6838066.455349059,8285763.430505472,6313092.882985103,7570718.7877172725,3863364.727266754,62140657.70534857
7020935.188158492,4565773.285742344,6755427.10016521,3181867.5840674443,8553741.82937245,6488609.902477658,7381882.763950137,9147403.94732284,7545094.354582333,3901982.153729018,64542718.109567925
1937303.9403705902,3698285.746345558,1462452.1800314493,8461557.610397184,8988040.499449143,3549359.100922893,8439606.565191371,2615691.724895244,2803509.9933653437,8712069.442813465,50667876.80378225
8832643.060200926,6948094.361669311,5102008.347850675,2032703.5451905604,3875076.453100587,4459326.268587472,7679768.908308806,3908256.1124282987,7086613.840832188,4228073.152839755,54152564.05100858
10893800.882449107,10109029.711005028,9217524.863014253,4060183.036581309,7458433.721457893,7284754.124920262,1642847.9391347107,10422798.778219355,8481139.101856235,7498989.450518714,77069501.60915686
2555896.4482166795,6243005.909479553,2902498.9943451337,9754333.756508408,8798079.328065183,2194095.4971474386,3367233.21623904,2862585.0122702788,9000943.210897988,2915377.1045925464,50594048.47776225
8087018.590919234,7106430.148629639,9728475.27239036,3783086.5338536045,3985759.9113247013,5275265.2139693145,6278427.331989123,8451373.046982005,5157924.319622562,3197704.508202245,61051464.87788279
5944364.3740744265,3962923.7186519527,7270129.368021349,8310562.274526293,4612430.664298401,5500458.862531816,10133867.908156326,9564905.264604734,7497354.275820113,5967795.2733533885,68764791.9840388
4627770.244524123,8447900.92465945,6567678.73584123,5280377.469024079,5401029.710991151,4673309.871166901,5162999.069314308,7011574.556003708,6856908.078621241,6696886.129420291,60726434.78956648
3731279.9168906403,9717576.599203376,3079588.014879833,6605928.979152583,7147486.068178177,9328732.170289902,6599013.611438927,8558931.632899042,8484004.321551196,6210016.114747902,69462557.42923158
3261880.6483181305,7510961.870168552,1653578.9065466288,8588934.537753748,6995739.550776678,1981345.9330638489,4529812.439398845,6198294.959641255,4090437.518322268,2143322.380058799,46954308.74404876
5541771.418330751,2943953.1545666577,8545228.069156263,5767780.067406682,8157461.972844861,1746560.4432873754,8092418.307187194,6544534.160012986,8901175.615711188,5746803.693855261,61987686.902359225
9182367.01684182,10008448.728664584,2201067.5065905573,7774430.574828616,4020053.907035473,6019876.545993751,5954132.301793519,1664911.7933650757,2909073.1819613306,7650788.564664096,57385150.12173882
2855188.5695683975,2685346.0191780766,11216042.732995076,5725815.421740033,8760973.416398823,9323027.440848283,7712125.485898167,6701081.959079877,9584852.650161086,4719081.261013569,69283534.95688139
10449617.336096957,9271149.260824062,10190661.273860324,7001338.012824314,4044034.7534218016,1937175.0212460854,8701609.727426553,8330640.520702284,9765357.956062824,7306116.290010966,76997700.15247616
2721439.279651052,1720476.101538253,3568423.011850141,2614891.4140969105,8472390.01987647,3472963.881699424,5339827.195080191,2761439.8637292464,3417776.8406210123,2974792.67408322,37064420.28222592
5696353.860237165,3404090.183095622,7792038.75820737,4404581.425138608,10213591.38113768,7071205.187653669,10639929.267887034,7470078.837488457,7823933.587260496,4855251.244874132,69371053.73298024
4597872.601113392,7895073.861663292,9355844.920222359,7464311.603916243,5611478.099203481,10216396.521890089,9761734.623767857,7371306.885897334,6430439.094136993,6909573.77375814,75614031.98556918
6212615.228052685,8765464.848522542,5189996.592919572,7941492.117764555,9295141.309476435,6540549.156035006,4513128.576195614,5192062.420710897,3164167.7715752576,4744477.039049141,61559095.060301706
3999765.1052661724,7741869.376754616,7897449.225118737,4812022.35168903,7307069.796179266,7115178.996837045,6509709.801313395,5368307.638473906,4685443.475842429,2908284.0831402224,58345099.850614816
6647081.94363956,4030991.4175636517,8198481.292947385,5190376.114151867,3138117.739290007,7713486.332397351,8179642.849052637,6060190.44779301,5956200.493126518,4640458.7384911515,59755027.36845313
9840830.807810144,3162701.1571190595,8521733.114278825,6292901.1153897755,6749407.443098626,2857312.2090589013,9616617.238642128,2179573.1816931437,1836155.8449719464,4237854.09989624,55295086.21195879
4989644.479497729,4373165.00014021,1173477.4070753625,847272.1339022532,6550118.602464869,4437526.56724432,8815715.015740396,3641358.2543723155,1675497.9273581505,9492719.652651137,45996495.04044674
6094499.86793985,8461709.60283711,2072779.762102124,2690829.7031703545,4332508.567739999,8282514.900829788,1090137.6011040607,10041791.872418923,7108759.208455902,3611371.9301719163,53786903.01677003
7660975.083928827,5524003.863728814,8470620.847554151,5933737.895641938,7693124.44437488,2324759.4713150887,7486295.494781311,1400912.9852104655,10010211.990463959,6677363.474619153,63182005.551618576
8969696.855435878,7805340.345617659,11595128.039866604,7929614.776862573,8141493.4530523205,3763833.5731176385,2582364.152075586,2439791.767194243,3646920.5691842395,8574491.401535492,65448674.93394223
3655731.5317341127,4493659.468580812,4799403.1827847455,8223100.820153489,4933047.360835328,5023767.7109470535,4913738.579749822,8302974.431883153,7538249.481305051,7558094.493114886,59441767.06108846
7818547.650808007,6506178.228687013,6119111.905685898,6638505.9176974585,7092942.723123539,6725739.035632388,4400411.570923728,3931839.855266441,7240363.229880074,9190599.40905371,65664239.52675827
4193197.772100835,3764590.7831625124,4577292.906202621,9240685.811945068,9222667.624101153,7185053.313274925,3974554.301356022,8659844.684053179,7652034.795176361,5314614.355602239,63784536.34697492
