7699616042.202515,7281764078.941216,7776706255.718668,7669614566.3482,7656795496.685309,7471387441.21089,7690059453.760722,7682806148.930403,8004450475.778718,7920027677.803931,76853227637.38057
5847808.3747398015,6034297.871279977,7649380.89197509,8315514.368377175,4946280.426980407,6203519.673282593,2944978.2285124958,9264958.309640883,5480337.2491411725,1673161.6691262128,58360237.063055806
7405469.462518588,8569488.09830531,8195705.731931001,1788701.6372279234,6316719.949015154,7989726.090362991,1964429.4770362258,7607451.267176212,5083932.559034802,5501600.868689612,60423225.14129781
4986669.865429783,3403401.3200657894,9138494.380251406,5820617.74005686,2387866.8968185354,4264719.184555394,8205414.908104319,2653096.302943766,560301.8660943673,7594185.474228163,49014767.938548386
9138137.282216102,4948223.975909979,7282116.168859756,3298028.196605349,4222658.894775118,8747895.059791138,4081376.1413536672,6548704.539178973,1627979.8091449402,7946245.91298674,57841365.98082176
6079398.4734564815,4810168.06368207,7688483.869835736,5739077.475746228,1265777.4617077392,4905490.877740031,5024779.994779459,10110566.603542773,3325983.0729182498,5873319.356094198,54823045.24950297
7262833.298287764,717127.8961521415,8835249.961748032,3756947.650260684,165488.58436187534,6876843.998629571,4709663.470035363,8414494.587060193,6385492.299707155,7102229.985568837,54226371.731811605
2960060.314105848,2334727.728131114,6110770.172196555,5649231.971283886,32017.906030395498,220623.01208997992,6011545.514740464,8464832.942576367,3660075.4634052357,6131716.098562934,41575601.123122774
3347429.6179967057,4822011.168866639,1962647.0458127204,3903776.427307417,161849.72627595972,3967060.629142816,7361362.573946911,5149852.29266101,3221511.818424876,4777993.664353386,38675494.964788444
8934773.674063534,6699776.253828357,3624301.025221426,1161273.8054099083,1644398.700965228,8190682.973295204,2607629.793891295,4402689.064143688,135456.80888185088,7578406.787205619,44979388.88690612
1478081.863254039,1586407.1513512125,7353984.70099466,767609.1255547832,1768722.9045160415,2078470.852495789,5241464.572172014,7259977.324136484,2234188.2197264666,3280957.0575821353,33049863.771783628
7470718.638173062,4732849.90548482,4087294.8634024635,5971508.857526939,2806684.985453987,3121400.4707903718,9434357.812609391,4726787.405144664,2094393.4013087575,8651714.749149483,53097711.08904393
9110825.29851443,9970289.583139211,5987812.318659043,6673931.521622234,2379551.942704784,5451009.790884153,2657907.427533223,8081195.218985519,1940495.8960432634,3435837.691704581,55688856.689790435
4486758.535155073,5773910.125871083,10701539.784294683,7948538.527646778,1526554.426824654,10190158.043452568,2260612.6211839886,3073365.1968769254,6970454.394695952,6549682.429719588,59481574.08572131
5689442.114698359,11404641.921511112,4006021.935663078,6300175.390385777,2986677.563284774,3407170.9070355133,6475239.124735887,4976664.167627794,2273734.9860822167,5367298.612000864,52887066.72302538
7623888.425392571,1103385.609458231,7304560.395754087,6054832.6812273,9323673.03977981,6416599.22532186,3649343.5304355584,6650201.09385193,2653132.151999945,4364437.888098278,55144054.04131957
8372084.466972148,3854446.7998319594,4956975.274350186,5150962.046159163,3507147.5464327415,6662032.82500006,5138861.361646186,9106195.454921627,4738611.534867585,4764123.019723258,56251440.32990491
5177156.744701588,3550727.674844224,4959314.368467527,1294268.2870569404,1567580.3314610259,7752074.933185482,5305958.778958896,10147946.62884545,3520948.553520503,917912.2341473156,44193888.53518895
7034090.420535734,1204331.0441129876,5473847.559237057,4888405.030450699,6863475.0307357265,6464766.471074413,7790026.375574059,5003848.808614539,7625763.741843458,6191994.673480316,58540549.15565899
6107654.250887973,3136732.8767903415,9503448.80131422,6839709.517175974,1392093.8235923622,1147469.068361334,8150497.886919329,7874221.131658963,5101807.771163701,673295.7969551069,49926930.924819306
7465744.471953587,7722428.903102956,4131478.6714457297,9619119.949940044,9846003.225098748,2393638.210895519,9189084.320541648,7240372.808162886,5420372.018838089,5828355.137276267,68856597.71725546
6993001.3749564225,2652997.786353893,5835962.404276426,7023050.358232378,2645243.0650306745,3154865.5459288843,4039747.972378663,6635211.372134852,6791277.766640918,8604010.70309833,54375368.34903145
9484215.237292819,5257546.920465376,7237341.366206015,8183581.3436169,4894017.370976499,6237245.581846965,4002848.413234342,5974555.749259893,7788026.072491883,1793129.9609886394,60852508.01637933
3671660.865714509,7938235.358304875,2586397.5718925963,3734153.528737522,7767372.258990645,868569.9339407242,8354941.928060705,4007057.9815805745,6033950.282140959,3300349.4625775064,48262689.171940625
3828219.510164838,5239867.514062853,5077644.748012414,5690403.973119282,4574427.123441152,3146060.73454541,3794673.673007049,9957962.465443797,8253424.695612491,7166970.606783511,56729655.04419279
5209475.0005960865,7420991.040339791,4019757.008923986,4542169.480291872,7026573.731844433,7690479.902505489,5622710.516953621,127268.8611857827,5655184.417668141,6037022.277739151,53351632.23804836
8063362.789547741,4809285.199683372,7335578.137737895,4356725.682502447,5053079.421769383,6266015.854108296,7316174.047075529,5246399.955555744,5371752.148127288,3664586.0258856257,57482959.261993326
8967522.23979982,7364665.375984357,4194907.84066821,1357780.0382897267,6063544.873633611,5930231.268158613,6270875.068137118,5580416.6295212945,8055574.075664626,5745732.502531774,59531249.912389144
8324823.35954316,3630695.91324761,7049070.835139906,6387488.319798283,4256278.952899538,8084054.585187381,3439547.8381419885,9204240.639755517,7814347.243073453,1318053.5505437397,59508601.23733058
5748066.365265976,3781234.2219199515,9579716.284466365,6634072.098140507,5754909.922875187,5985890.294478728,5728739.191535399,7329389.6985611,5611888.687351342,2125435.603918799,58279342.36851335
9630543.284015374,10883201.028136617,8067818.72599409,7964353.834087481,10207834.242946528,8126533.622159734,8737935.069291461,10093006.580294294,8098034.526985409,8147816.756505803,89957077.67041679
3431322.9311867086,10480445.53639806,9488493.465993406,10334645.295098431,5051886.582285472,2470863.4957564636,1641098.316081398,10463725.833787393,4864355.013279661,8076222.725664504,66303059.195531495
7788112.073266392,2578587.4933146676,2270058.0591770886,10289110.847351396,7921638.993772881,7373183.1840558695,7309193.243392446,3206936.342414374,6099765.090160351,5465302.9017539555,60301888.228659414
10385736.563672353,6243774.305599638,2071476.0219718786,7234520.380556339,10217797.89745856,7920069.216340348,4671189.285395079,6513875.129934709,6504036.791151685,8614005.530754568,70376481.12283516
11809796.062812893,8406878.892692087,4655324.13110077,8490703.805085836,10786747.888725812,6882763.38309311,8771752.50380394,1476268.7074703686,4258616.497532567,10701630.662600616,76240482.534918
6502241.9164480455,6678556.510421177,4516287.225834805,9251567.15611771,7604696.443843522,4074095.121525662,4069508.2025618386,6054661.655036569,6773635.147444573,7225799.634314013,62751049.01354792
9650725.18329253,7737047.569063772,7523947.586703626,3019753.408137705,9975615.903438082,6885198.977693986,3335131.7155692903,7190550.633212307,5804371.032455764,8543824.571705416,69666166.58127247
8289896.84341544,4961614.429837292,9624941.526848346,4690935.47228539,9668426.365476636,2624880.931182972,7825171.539452766,5272751.49595068,5105228.75063824,7549743.347865514,65613590.70295328
10676215.01908293,9932855.540327571,7563987.387263605,5711725.415669223,7785946.845823423,2811945.212297962,7476421.903739104,5587145.282623272,8470365.849515224,1317992.0367495567,67334600.49309188
11265437.514742149,8333418.589242136,1512290.57979245,7139442.197133545,6270975.308243956,9100579.072816096,3893558.108439118,7089122.039343427,4302215.885380048,8407318.186254786,67314357.4813877
3649326.4206825034,3775192.4394923737,1795244.9502821579,4198953.220892772,8816450.177523578,1239346.2457286203,9638761.120634744,4768114.436909102,7227668.214668168,1101959.9651000383,46211017.19191405
11608090.08531587,7919866.796486937,5435135.174266146,4580263.874573847,3189513.1424281234,7250860.163232297,6735525.739794952,8468937.405274076,8933835.714306736,6700017.993838787,70822046.08951777
2375971.741909705,2416297.4181719683,10103462.166450033,9992871.538146062,5673772.691521035,8286616.782342151,2000347.263107462,4753062.483410619,4087018.7515495494,3592249.596233976,53281670.43284257
3783244.445800097,8367911.068034992,2237823.4041706165,2693719.5022215866,8367653.700479471,3889131.153704157,6504014.356959382,8255862.265558844,5703963.755988049,9807168.076949108,59610491.729866296
4695461.043670947,8104411.591061976,3799856.3350269874,4962286.37092397,5338698.950858143,5238775.241203163,8842513.42802408,4248529.492522493,4446577.326690553,6193657.123116695,55870766.90309901
9008614.16156171,5744083.767947923,4701694.577580717,6307289.086878942,7466756.058435611,6315709.508329068,5759954.033398157,1444878.9661192393,3838952.067016717,6325096.945272395,56913029.17254048
6895673.996323575,4731297.131138367,3495084.4003944183,8388089.580783258,8001618.427057111,3990862.7628573943,6860233.596526389,2884107.2120471834,1631936.7269068654,9308379.850128144,56187283.684162706
4383653.588054999,5576257.911663573,5970020.909708376,7237850.277500236,7726372.605990287,2805889.5515979896,6153765.153114838,4086177.539821213,2162726.2804971864,6783300.951757733,52886014.76970643
7758688.503233465,7411091.04134707,2869994.040439576,6584824.457353339,8070677.01486695,6335952.204652967,5979031.099063184,8251739.632981644,9195281.497345455,4014067.8339107474,66471347.325194396
7048972.686324512,2347670.347287894,4007775.424572689,3657799.0133971046,4384114.414477027,3596704.008540904,6137998.624791569,5241828.025846649,1728449.9215054198,5408235.998012436,43559548.464756206
3061810.244153081,6812197.523393748,6805780.055434183,8105347.662459525,10794772.68547058,8746129.242273135,8968850.70647068,7011258.093239942,5788810.610906242,8184111.967796168,74279068.79159729
7040278.862710986,7949554.099159445,9451497.64989598,3241448.8470898974,2449347.404239519,3222830.9924272294,5530481.137844192,2404159.4527717726,8049346.243371377,2593229.8266767203,51932174.516187124
11713272.553753266,3611888.130435886,3863938.9323691395,10269804.338974604,7835030.426431984,6963544.640157949,11304000.412530964,3402543.962715135,3467397.537271748,6231420.708553531,68662841.64319421
4822253.988287048,6894743.169378402,8671840.684801145,4327898.068492253,5059955.635478536,4234735.739539814,4497226.404754185,6257540.481878465,8501284.603355823,7991841.096339662,61259319.87230533
8144638.332321051,3873640.970067685,5395513.629270899,6125269.925871205,3185202.330560873,4884975.836060222,7460680.016963256,5214388.447072982,9356422.285067607,7719694.526057336,61360426.29931311
5022371.038737614,8256378.446887721,6011445.872053504,4715179.4522680035,5078254.786850882,4934037.739228898,9719412.947147615,2505618.2350968914,9159358.46073958,7083863.093811739,62485920.07282245
9082632.09820375,4684351.676088383,5822390.857252504,5797797.596209896,3611757.942358083,5893604.790886068,6030085.937189677,2098501.782583618,8729093.25728582,5758956.903004223,57509172.84106202
8889685.963802746,6247062.441382611,7136799.543024646,2817675.2482927577,3613795.7663871334,7817995.952119037,4893773.259607096,4329325.443161025,6907556.622616997,6300371.9788180655,58954042.21921212
10384894.803879378,1217415.7983508364,9895838.897066517,8665534.251277901,7979330.718722643,331106.99255682155,9520725.720187716,5316888.381830271,1215597.6264134534,1811776.0371122833,56339109.227397814
2765092.0884655816,3417553.4365605344,6964212.2220604615,1783711.2450796075,8522613.295377662,1194495.336754679,1978009.5811504337,7402301.994666951,5610062.1106063165,4733219.120092952,44371270.43081518
12982116.60027954,6531963.970702987,12139912.45723583,4684993.819715759,6089892.885425586,5603465.635103642,4762267.540502079,2438823.224058712,8482086.569660885,7926930.426200726,71642453.12888576
1817209.7112801496,7726893.476067427,12339370.630443508,9801812.707911259,8227015.708576489,5557546.315493556,7212938.482961259,8781789.41905671,12165479.347788494,4508694.842495675,78138750.64207453
4250601.808406883,1504167.4074356288,6141980.118542537,4324331.889274067,14980480.151979366,7819708.157889786,7634550.897511251,6799521.167526756,9983500.58468158,8861771.711741084,72300613.89498894
8038608.15961069,3162665.286972352,7146691.25096577,10484748.16137031,5817325.943785623,5402898.826438385,4903216.706127782,3917718.6740510184,10011404.942030529,9881174.802902639,68766452.75425509
3527353.4681296204,4317432.338891793,4715826.1531394385,4623490.607237846,8651729.545817716,8738851.812819917,5650953.484696999,5818683.5377907455,7572260.040273637,6517024.050537802,60133605.03933551
5771401.366366138,6857154.402223129,6339002.843485801,9753394.059991056,3870423.5170700257,6137408.089599208,6914932.013909082,4820415.706185602,8631872.915461142,3742114.0362883774,62838118.950579554
5709390.051439278,5640165.995018101,7680979.4583549695,6432468.818612036,3407330.1327283415,3431191.3443902526,3220361.608259728,7496332.924191824,1524870.2736518935,5792049.543121944,50335140.14976837
5774124.3774054,4866310.487067514,7275757.093805558,8708550.617206918,3802499.010997629,2979857.8142507556,4803110.181134037,4724792.546795013,6005294.29228477,9613401.025150301,58553697.446097896
6843563.580469278,8380128.063422472,10240912.30150302,5551534.453350808,6394877.26177279,8467313.784752522,8166690.846279926,5153183.777996431,6670123.736701875,4547848.362396486,70416176.16864562
10078428.73214032,11732025.6628973,6428143.402282615,9225674.862580217,10271942.038461555,1840814.7033914288,4607830.36913881,9128324.56049259,1608729.579791914,9437648.53873189,74359562.44990863
9592022.70267207,6090679.3011804,9006495.06406695,3898082.585864339,5238116.869337854,6973096.133182483,7414994.371983244,4771837.886782972,5723047.756149086,4267150.986591473,62975523.65781087
6317404.202505486,7569839.3362629535,8301674.110816054,10458782.494798636,6782919.127519292,4687524.591772484,9606205.997273546,11254217.60480946,6874545.185548904,6774647.721697469,78627760.37300429
8680945.221834341,10178570.127949292,6837074.825007037,5553402.7371670855,3634137.403235758,4405267.310887849,4951191.058650477,4343200.490769095,3765170.046208419,4384472.312491553,56733431.53420091
9583170.770517625,7811632.989230946,13458512.543922024,5683275.909389148,8429271.481096966,7659922.7760775825,5430621.201912125,5088408.266182346,4342315.998076775,5459843.802455536,72946975.73886107
8637488.32579121,7272334.862173647,6698102.049723656,7488287.527608494,8255832.699247757,5021222.051637019,5354394.824917196,6855256.841123848,6750429.8225406585,6066433.504995701,68399782.50975919
7990729.538037233,3524935.28960414,6732648.012697778,5518285.316346609,3161781.9797191797,5936975.05885183,7750638.442616469,1317525.5325598908,2210759.9772900995,4738130.500770994,48882409.64849423
5634896.3220978035,7365536.447071742,8534621.919409942,8289320.879500946,2120283.972410348,8396884.441697104,3405323.878927353,7697453.702731164,5968856.713211513,6244739.103375711,63657917.38043362
9812994.37438115,1082363.026242085,1776766.0231164142,1267818.6736161385,8940841.876246655,1750445.9391584713,7335023.300418963,7933066.36747348,6072398.328860536,7449312.579200585,53421030.48871448
2835206.8488686145,5724612.279827024,3303649.4257442136,4424071.105111636,7487175.8379337005,6104255.043084557,1455947.0694532532,1625360.9004663313,7698026.280114599,7252021.344497679,47910326.13510162
4057244.8539134264,7444224.263332731,4814202.573311752,5427742.250578472,9340219.718247589,7977837.937349465,6733431.260436763,4565538.317758494,4028315.46604638,10141232.893489178,64529989.534464255
9035557.282297855,2890679.664989556,7944194.170025541,11964649.562274832,8817494.442493156,2264980.5316925715,10169907.306997988,6885768.511429827,7007780.8951069815,8061090.848310142,75042103.21561845
4049494.731509388,8668594.152025543,6614448.553422338,4372138.981973613,7472506.28203774,3983485.204836413,6346486.859630463,5106616.182734467,8168486.260643361,5538349.026053268,60320606.23486659
5259167.257334712,10339202.357411968,4324771.679899485,6212599.34100484,6309377.303426811,6532365.82255582,6718499.813205983,5980471.983302494,6341786.7662986,9934292.766407324,67952535.09084803
5125932.060019565,8256884.533982753,8259942.734911476,7208058.756713839,8030391.396202031,7287831.401879913,3560823.952388622,2149104.38164034,9621184.018270561,9003458.172627127,68503611.40863621
8064752.287721322,8256171.808347199,8448605.53188441,7170731.1394684445,5651336.634723997,5584282.657422845,7093116.968148912,3435817.982602472,9742390.950541189,5416880.3970319955,68864086.35789278
4486184.620157598,7917996.218050877,8627271.636763552,2041935.5114163945,6287553.707756073,3716731.5686321063,4777006.870211597,4623523.993646059,8755278.56485139,8488751.645884482,59722234.33737013
3265880.7472356996,8806809.787821755,3831892.484070601,7182934.826873378,5190513.044007735,4606246.119124234,5632854.872919731,7777062.97854609,6327206.621944655,3942894.4519451973,56564295.934489086
3083696.900071656,2247224.098725457,7761730.565174429,1252248.9940500602,7901428.545997284,9569214.39391431,9270699.714168495,5860263.801927782,9049098.952179573,9600432.663933918,65596038.630142964
7695038.075007837,7885660.015157721,2592019.3884249334,4925094.591847332,3156867.6624349877,11181433.053583669,5582875.0959283225,8268238.5106890965,4497841.21145461,4111694.277896325,59896761.88242483
8232403.468941974,8402314.102342857,4383060.611974879,10148178.811972393,8464593.34358524,2241040.6665917025,7304834.747520613,3523211.044795301,5777393.243822669,5083508.119804652,63560538.161352284
4341620.899027472,4588221.914233653,8650312.75417638,11015414.140390998,8434773.03073319,3927019.561786703,5766904.807066736,6321684.397787892,8567685.248484507,5242631.530467697,66856268.284155235
9667059.84234224,6036155.3170076255,8362191.1952475,3549796.811955791,7238174.609078525,6916041.270082156,5762522.089958084,3792319.113722059,11171510.514707528,6906654.603544496,69402425.36764601
4546792.191410619,7958120.01012148,4781473.336825738,4811219.168191073,8234598.933813653,2481897.5038894466,5281039.800014143,7984730.0762709435,6179677.406784944,4792613.609674887,57052162.03699693
5341856.395214057,4779035.40916246,8200026.205272379,4294521.071639679,6281300.251007043,5804766.262443944,6497915.599504697,4003487.8451709067,3753546.878323958,5705031.642776855,54661487.56051598
5709643.7505418565,6081527.045457734,6178921.9403709,5874954.677629627,6414775.492712387,2438078.4026677595,8687760.243293388,5835213.818503904,3271279.347020208,5302226.76525168,55794381.483449444
3264658.2432573345,7701061.443746146,6949353.384450969,3547400.605378949,5564545.87854271,4073252.893494724,9870803.684447302,3088691.6199965836,6351554.506362034,2431597.054363093,52842919.31403985
6924165.777918122,2697902.646779813,9207112.3128236,7928136.299077298,8067224.486155165,7573523.447058053,9673046.118057115,3954910.5822972693,828132.4278337434,7420758.229599702,64274912.327599876
6748778.795749367,7528516.953130239,7393806.17017832,1581844.0317002737,2146017.7051946376,3108626.717402328,2190753.2560333284,7403384.075343741,11370467.04072938,7156875.014320836,56629069.75978245
7990556.64374619,8779936.009787412,11668288.001307277,8532782.99211973,5163996.876176598,7093641.993660313,10631826.874169294,3146538.939562303,6169849.661217753,6492750.158153267,75670168.14990014
9524492.462478857,4553971.254392448,3503839.283051835,8033290.838516773,6603791.924876396,7584198.62215059,8494201.936594348,6164505.017835394,2455258.0103908405,8826188.288067888,65743737.63835536
10925952.658542028,8068444.7273311475,6393262.874222282,5496347.192610126,6396778.140496618,6456573.827851967,2564363.053312043,8102762.875256968,3228825.594687251,3571269.3145609065,61204580.25887134
8611862.3704592,3735007.349140741,11893475.698154153,7553529.437675728,3372901.010749925,7641190.347205879,7339260.462770434,6892334.543710783,7754023.944128672,9444709.189186094,74238294.3531816
10473048.620834146,6215783.120232408,5979121.067653606,5218840.3246185,4744182.546387838,3600021.655209684,4041750.5187636605,6247754.506628108,4071114.3896452496,3891574.4159521814,54483191.16592538
10672996.922153838,3726371.3641079394,6098867.991114052,6906738.645485404,7916762.77731002,5932098.373423402,5028331.371937859,4177428.056250701,5402024.752912852,5527137.507631055,61388757.76232712
6005548.951993137,4080578.4396041166,5215249.228646336,6708146.746819047,5348629.760851727,5592272.16916117,5257474.533628846,5920146.115013439,5285225.078198745,6134397.5139287915,55547668.53784535
8150787.779339184,1530434.2811310694,6573493.562952732,6298277.714453207,5687560.759589889,2918599.3487638636,5669380.218483318,5907073.748244495,6962136.816256692,6261006.499049428,55958750.72826388
7399144.295926298,5860995.9434645865,8338034.457498049,7627057.052183333,2437319.5997761297,7038344.373514084,6624888.782474159,7360367.759532014,8279789.287302234,2030057.9208381698,62995999.47250906
7119518.294281116,8609948.473914461,9290417.236215409,8134444.6176890675,5989338.845932677,5007620.493183539,6114561.141614669,2841177.8715340644,2124828.2156383167,6381591.337433679,61613446.527437
9128342.500754064,7669754.817611812,2194092.6357354326,4154966.9985906132,7907198.554257737,8248209.298208182,9866427.861917125,7125041.467119016,2665562.773011281,7447029.825107508,66406626.73231277
8267039.300895144,8160693.613045692,9329900.661947776,9884517.839042298,1500015.2908692246,2283207.7119465275,1989169.6579188313,9308239.506795062,8060692.367721416,7738423.470912429,66521899.421094395
9339022.355227927,2027465.2651761565,1631727.5776583916,4065349.0081071747,9048762.783432353,2592416.173417037,4033574.1546060317,3620378.7283609565,1783797.654917232,7428453.1945090685,45570946.895412326
4323368.882851722,3165783.1376105025,3641969.875085773,6710436.3277991805,7549543.850900066,2546543.3163758432,5136082.457587311,5846681.142753257,8298178.9029901,5967833.544572446,53186421.438526206
8218112.176783985,6768408.045370813,4416868.3924700525,3112743.9466200457,3626488.901468713,7328769.110794624,5370387.087429704,3262863.489202907,4541426.999019578,7604311.831756514,54250379.98091693
5200058.728080467,8546617.918680204,6768062.890749756,6210852.055096916,7451818.274349389,5643853.657898581,2711975.837240894,3822341.165109475,6284349.315476287,7721064.095440113,60360993.938122086
6542378.801601699,5895622.503417093,6804554.454253259,7559030.356883809,7737434.432641926,6109595.586893,5769724.165883166,1075714.0121166122,6806496.7185433395,4879036.960557115,59179587.99279103
8502519.16939349,10805967.388309952,5998004.404492534,3567143.5939307576,7408981.81741558,4274445.4901633775,6129658.5446647955,2170009.490413704,5384274.872506602,6077994.354144679,60318999.12543547
5701054.128935898,6317758.766950655,6760840.618460064,6040638.43982745,2815032.0954642296,7419525.501514269,8632903.911985965,7089294.50408146,8204009.088436035,8184868.646383766,67165925.7020398
6473890.078889068,8055261.9747290565,4459950.879804621,3036270.774141866,2758789.055387181,8393958.112629514,10291597.182039503,7445794.55591584,9967063.78584685,2637605.915356593,63520182.31474009
8280872.656390754,2446897.3424726753,10353907.26081559,5774433.569129757,6885115.824902576,6677976.395218065,2383514.6344252736,6859566.79188064,9692053.406020924,5595857.833699844,64950195.714956105
11973983.220601264,6243041.866669587,4851601.842199326,7268793.8039069045,11366837.862349752,10377214.002757087,8119368.214502552,10182328.828993058,10349368.75697985,8216281.814988401,88948820.21394779
8991540.702243697,8928207.694857737,5435841.807576517,2364897.9514108375,10800307.357641786,6795971.67208874,1790536.2920414566,2840295.80554766,2565112.3317587525,7550826.881884214,58063538.4970514
4019665.29885481,4832421.27840546,10051520.488470905,2939101.6284920913,3486089.5827278146,8660168.90498948,8940059.692286342,7902221.411843279,7643999.828451073,3292004.453106459,61767252.56762771
7304665.443074504,8203690.823940246,5598540.445889513,7335483.365652943,5270413.378104043,6879285.426148973,7247081.738810795,2720023.2434750916,4065191.036972894,5117447.587063521,59741822.48913253
6124360.454292889,7940247.928220672,7172484.777845556,9338199.70947953,7276232.711359007,8069474.547686373,3259202.2264799555,5144872.395790907,8203666.166550489,6698649.700522426,69227390.6182278
7774899.365449541,5677242.888522487,7015869.723392507,6642174.55040148,8561085.924471814,7662230.425259529,6589417.701422769,6094028.748837632,7188047.473497702,5396177.627020923,68601174.42827639
10145891.706363147,9685622.842554161,6239066.686069518,6264562.955651358,7222894.2280672565,6650718.389836312,2011460.0135622588,5402573.276889984,6547144.757870919,3920862.521155869,64090797.37802079
12261556.253521876,3889356.308318483,8344991.468017138,6093401.156837824,5593998.336639172,5774208.983596318,2833184.3008931936,7395690.0603136355,3411402.8533077193,6966313.744481566,62564103.46592692
11664130.084735278,8424454.732320435,2984479.892397246,8164371.683628397,8054204.689419778,5813647.308377607,5919686.990061142,3447952.9372139005,8785849.569288073,3589691.083012797,66848468.970454656
6587631.4875221895,2292447.8220404685,8422315.543984003,5014080.873598442,3904457.6947292252,8660877.110913934,6627982.256057655,5316440.246060985,1845889.2593045032,6770297.064734252,55442419.35894565
9042588.506010331,9637366.78055193,7782040.910756449,8313573.774657325,5022745.166101507,4310988.256349834,793781.1013091698,7300432.607734344,5239832.462247628,9085125.11314933,66528474.678867854
5523533.358632918,8320940.5802708175,2021631.9629768895,2352101.749900319,7735222.996210807,7140188.130553362,2189854.283383211,2669817.9714460685,10583484.541071936,7614492.01599701,56151267.590443335
8600082.955736762,8678719.361780154,2761575.1273137513,4154254.027370066,3164199.2479656725,8446131.914130313,4696891.215075167,2807916.4747660477,6611373.1000072425,8135263.361316915,58056406.78546208
7329627.3552803015,8944488.018359812,4900905.934720506,11023371.878311142,4662560.7765213195,7725281.109256749,7844975.922595817,6099639.665955694,6327889.174409736,4604259.13072262,69462998.96613368
11530269.976099988,4815866.804805695,5392305.762646257,5971911.834492725,6683920.958090699,3731693.94891977,5034401.900521244,10133427.456935829,5664447.633126805,5333000.981413785,64291247.257052794
6179773.782724529,5181527.9073099,2853048.4437914155,5660348.249012062,4400603.087778328,3782150.460588445,6407473.592777027,6342986.841005758,5370218.665431535,5855010.536465136,52033141.56688414
7009849.713202555,8466766.053350441,5906746.491130478,3826251.59162914,7215826.031901234,2768595.7868967587,7580319.487302391,5118213.40767803,6803855.171537159,9032400.934921097,63728824.66954929
3736342.5105629517,7210091.036943253,7597672.812738697,6473536.112052106,9717134.652603995,6667059.294568261,8941874.832178412,5203467.46410692,7087547.172156353,8764295.136206452,71399021.0241174
5524624.600610049,6925039.6030722,3295960.636525697,7382998.063925636,8420073.250332955,3159084.744109497,5165927.1141536785,8227576.780297547,5772232.024628523,6351014.8908458175,60224531.7085016
8166352.5843153,1310201.8362322203,6039096.1340303365,7532379.285108836,10210529.729054779,6007163.035246048,7103998.564115422,3328061.37140031,7342536.4333526585,8831604.919443315,65871923.89229922
3862130.6806388684,2162861.604970161,11382475.362338979,8322350.836692846,842388.2686713914,8963325.362956246,8251138.714441427,6315659.613000886,5124103.859078278,7848061.5179753,63074495.820764385
10014084.755320566,6961926.436903984,1793154.3791457915,9739540.237823013,7224841.705676345,6070096.044268808,6028216.89141432,8386070.140078376,6164486.862907188,8546564.659002153,70928982.11254054
1434382.4691503432,8624935.709103195,10808597.719669558,3415831.1320538325,7255028.24690827,10135013.523736177,7254156.016136479,7995545.8028133,2068268.7140522613,2582105.8131635813,61573865.146786995
8723351.18507957,3868947.3278754684,2717014.858424346,5927909.807966367,3375091.1199793005,2834566.095004815,7783765.111452013,3669337.6811620737,7821494.906767642,8665190.053339243,55386668.14705084
9054423.35602298,7515720.230846208,5082493.99650387,7033757.223573118,4324588.778631587,9211046.062821815,3641966.706014075,7347476.037466104,7705465.506350073,4221304.176596025,65138242.074825846
8410132.782231951,2448174.9830440483,9119378.430339696,9657704.191895125,6626672.038222595,9333314.869509319,5609553.717782447,10422706.597508196,4281472.579481895,5909170.487287387,71818280.67730266
8533307.38239695,5513133.015757929,5408279.776230959,1235164.2728349546,4120569.049281454,6261976.668700275,2673072.7625963874,6805268.923854025,3463410.3385448186,7077075.511448991,51091257.701646745
5584774.625587025,8661689.19101736,6678906.949324462,7077682.31910177,8340813.990104675,3160957.187968342,4285167.569241211,8891882.774793616,1424194.2378876184,6881360.55805138,60987429.40307746
7843438.855134861,5454975.8258716,6631597.246754357,8189183.901673713,7728011.349997327,9608407.609164324,5623459.126458388,10343753.215804528,7774350.297029711,1292340.8619647038,70489518.28985351
3604169.307227304,6450300.8432913665,8262074.59061096,2083973.6255422402,5424106.89829284,9597545.789236555,3919973.501711455,3807502.638189629,8107850.573212396,5292779.146520722,56550276.913835466
10560949.494513799,3050695.426702851,4657753.178065142,5196840.946633856,9333236.890436884,6712493.037039616,6468348.4123523,9380516.100797648,6547172.246217118,8113213.508349224,70021219.24110843
10478353.577690693,7288139.551599295,9200879.321348535,9631473.238872921,2632097.541354605,6939215.189389421,7743080.904358266,3089579.1687631267,7048478.008449153,909806.357929079,64961102.8597551
11180707.33692706,8213314.218232395,4660687.262525619,6121575.948235116,8680221.94348516,2525385.1980371703,2275321.904043139,9983107.608645463,6742795.581835203,2172634.363277029,62555751.365243345
8166368.659246784,1568589.8723149255,10865213.928944807,7430986.469558272,9669413.714272764,8677786.299228271,8382461.083556034,3117801.311055789,1656292.265290502,2555552.719465,62090466.322933145
7605513.306523225,4173215.6553898924,4044168.233904427,8255633.11681977,4166961.123005642,9121482.947702877,6186873.02876835,9063284.826621506,3588493.690763627,3917350.903668299,60122976.83316762
9106918.42553763,5813784.834592041,5973126.746377609,5455341.229822673,9638107.326342037,8325056.940627927,3148555.794169921,10026222.729444439,4664494.917197351,6732563.858927379,68884172.803039
8310552.941188668,8160004.749617867,5001086.411749353,4148021.1903475462,9948782.31832499,5311821.66209206,4255699.034521689,7479896.474801862,6869922.9046971565,6426204.250033043,65911991.937374234
6935569.218099146,5179282.555634329,1702641.7225351797,5144279.779931433,8500103.438317467,8057711.027403041,5640759.781298926,4762382.245739994,7543428.562539358,6340450.454526765,59806608.78602564
8655036.115159156,6062623.980149903,7665501.618402878,3545278.8977390914,8189595.79134892,4880359.152908654,4027545.2410311727,5219859.328743661,6143957.995905415,3144131.2512808237,57533889.37266967
7230613.731090085,3036916.940981388,2149961.109989614,6817901.875506802,6612453.34296775,4759364.074446217,7396181.223075224,6632560.077206051,5537428.6275824625,2010758.3606743482,52184139.363519944
9593673.425241243,4140926.117757609,4052374.0986701893,1707563.3175863398,7979060.493316162,4775565.938762782,8918279.432352364,7109616.548470109,10064292.102845458,7775013.124086377,66116364.59908864
4812295.809586388,10915058.078234548,9593687.174922626,5418855.149447254,5506420.135736328,7266658.945776493,6065431.4880503705,9488262.351264985,3311550.0059995977,1953909.9515341332,64332129.09055272
5587730.1395958215,6033783.305338192,3201079.5225430103,8067297.542882506,11201970.548020866,3909621.5179555444,9963018.83895245,3608398.7597927647,7783349.596214903,3146472.35983913,62502722.131135195
7815167.495277513,9207441.918913605,6124857.928075278,5400688.540328461,3741653.7474744325,4937336.255447391,3944592.665699582,8635058.869577691,14324880.182749553,3600741.938399099,67732419.5419426
8702931.767163554,3980522.6228636024,9744553.169721501,9480145.777322698,8484580.420220125,5566903.533567031,7706598.828640164,3044395.020415962,3480247.627113866,7233860.648864187,67424739.41589269
4387118.754406175,5894473.002041794,3391699.0774713256,7865036.376072425,3397412.634834152,3289402.2719453094,6602916.860469596,8143030.1661179755,7957479.35524724,7667637.269628649,58596205.76823464
5634440.197635527,7143183.777486445,9475549.46801616,11359961.126623305,4294127.107682308,4552030.516370408,1174145.7001251152,8428091.215910804,8528482.237598682,7718042.22975569,68308053.57720444
12864773.981075123,4696532.010169574,10787509.788379198,5202454.821479713,8467857.58393894,6160992.273187829,2542623.1496038446,7134002.083765268,9410722.517999057,8072153.691965302,75339621.90156384
5707261.7758470895,5895385.080840123,8343458.606045973,5245592.074485492,9092057.29667903,3091091.5983040496,3267073.841049264,6278463.88084838,8627273.917053284,9270437.307601329,64818095.378754005
2699344.7345517073,5011636.582927663,6367718.838244984,7530119.431288596,7058904.613534023,7132408.864995994,8758366.980968127,8244539.743789784,8986245.273419311,3483676.744753982,65272961.80847417
7261394.157549884,6498340.351307535,8177406.006711405,1832716.106023028,7894764.978140411,9539032.7918988,1699020.2792152292,2770471.7234311933,8398307.437821534,6568420.794002949,60639874.62610197
8865047.71872371,7478826.621508026,851600.947161022,2736859.062760558,9425895.587855373,4536069.27865757,8253249.807385056,7004104.1673576,1125362.6592313298,8658398.251935847,58935414.10257609
2559159.646052368,1396054.4115380752,1172583.9708834835,8533669.476400018,3835242.755580169,4502781.951660159,9426884.070981646,8793309.706977304,8265841.77087376,2103189.294046564,50588717.05499355
5930391.01010473,2345988.9239145033,4071804.201026744,6261685.8474110905,10319083.83086931,9415175.051260084,5568946.250004129,7986235.273782963,9068083.033283465,7229761.086231515,68197154.50788853
8184416.144588948,4548881.488887864,6633093.760687231,4149158.5370508763,3571549.3165396177,4729437.2533451235,9001893.89262596,7323363.034224799,5277238.877163397,5218457.842362492,58637490.147476315
6432253.434656494,6300258.104545839,2458848.9155097264,4896291.164941978,6366022.84946237,7076463.660437071,5601598.093834597,3921983.130692162,6359162.886837643,4437086.717566101,53849968.95848398
4197669.537581448,4947955.483819848,4821389.383497587,6677696.728599067,3606673.1540127695,9007486.31389498,10583494.699258171,8102620.343484958,7719265.503047161,8030832.107433208,67695083.25462921
6466384.788120919,6735443.823710069,7390106.8541601775,7185778.87018711,6379476.139265714,8424777.597032234,5459907.0995412655,8785866.310317004,5884911.445956196,7332613.751470798,70045266.67976148
8713124.928953229,4528697.747730665,3518299.373477103,7389484.409803669,3168966.666093572,10422188.437312268,7453717.008060144,8856616.624966228,7180839.760935038,7135843.134046593,68367778.09137851
3678420.5989400926,1568275.009497454,5507526.333334208,5089502.654847938,4113336.0714852037,7958108.473223656,2124978.7597102392,2886981.5623010327,8131558.196587484,4723889.404447877,45782577.064375184
8352396.010423771,9452525.343378771,7109859.04581639,6732418.551618042,7486188.365134414,4160078.906585259,1960388.2993045344,5515042.0988747515,2211075.806612219,7709877.056297585,60689849.48404574
6357703.528051772,3141415.415796203,10597803.371563366,9765348.860288858,9314662.645567454,9551162.50953028,9145336.450825732,7801350.939551461,4129840.118757665,3684614.855661079,73489238.69559386
7919959.488416678,8937097.911836728,6832345.38977633,2028254.6985769996,4804009.392784492,2400057.9466640395,2017366.9511212339,8965541.474466654,9037753.33304116,4770908.368256277,57713294.954940595
7885589.430237745,2395552.522907466,9134920.24812799,5586931.790477721,6364803.110291223,4502412.391035856,5080513.070501856,4638538.331221422,3286327.6116259494,8090025.144400047,56965613.65082728
3373265.244207957,4062001.8072445327,5285402.653406532,7716382.673228166,3155722.3016878082,6327093.837882216,7596066.049643568,8374841.450721986,8902398.682695149,3710920.0162010225,58504094.71691894
6945247.524229427,7177477.183267823,7319439.92669234,5956802.536423722,4253682.816577991,2806591.316823141,5919886.018043849,6146399.743331693,3571407.911692198,3205229.16618379,53302164.14326597
7704963.855495827,5423365.274343035,5605223.283940823,4710128.011264566,7741174.675157161,6218000.217523146,5156869.877809495,5239629.208881681,5848399.269476662,5032284.442200579,58680038.11609297
5633566.851687182,7526725.23279541,9728845.989474924,7303112.672669779,7402651.46357748,4654089.2631419245,6190640.753519299,6133489.713438805,8962655.639635319,2145616.3585739024,65681393.938514024
3353954.481213777,3439217.9584299815,7189689.191888416,8262772.677942232,8209988.68762035,4366256.245361869,3624759.405547669,5979426.838709229,8194123.823612673,1173955.1463029247,53794144.45662912
3159028.9784392626,7709589.976447343,8862540.779869456,9977201.222401801,1197712.6744929596,6273048.989589164,7115149.383319348,8025924.579176879,7271618.045545413,5169500.2387373075,64761314.86801893
6542944.562785861,1200752.7284254434,4916373.348872232,3218214.7098052674,9351213.748210637,9415051.903354712,8925389.204157514,2204330.92311596,5031801.41516746,8000305.658647582,58806378.20254267
8560237.630911954,5428263.082040631,10136775.864514058,7518747.747879629,1193917.1159151467,3462186.31479197,7482239.154903719,4454456.895255312,8629038.633181334,4118666.546643265,60984528.986037016
6791761.835059528,8788018.99521841,3545475.6585152713,1822736.5622845243,10299265.597492881,8505033.147836464,7534400.799044112,9857773.148304017,1991107.1528590447,5263768.734534974,64399341.631149225
8680524.205764363,1966887.1175595692,8312136.680170522,3100068.5854618433,7742197.375822191,2405278.06398904,3409024.612752276,4380352.352167542,7033135.34545705,7376878.881482912,54406483.2206273
3557498.324209449,6317353.767169899,3560888.5533582848,6589738.1279126955,4006136.2084441204,6321443.089274712,7516370.805576532,8477650.895651914,3594840.0750494055,3742833.2077517807,53684753.0543988
7613761.65942013,4280303.361089257,4464455.124860474,6376875.246687452,8054464.28843591,2537766.3346947446,5457839.773444598,6049248.557573441,6084507.551305444,7031089.967883158,57950311.86539461
3730405.2831779947,7447682.431066864,4174899.6777572418,2168801.4477424356,5780460.155963149,5468061.863988563,4662515.6651860615,4880774.023374143,5806238.894695371,8545339.93325135,52665179.37620318
6218890.274878822,5657653.379510575,6458082.188409505,4895483.905639647,6425791.541297833,6691284.822894324,7248234.081817808,7282328.921924629,9219850.792745026,6891098.151910852,66988698.06102902
8609873.397308959,4210135.049036949,3663023.781127916,4797208.790243138,7615027.951022283,7552459.361012292,8619329.885320345,6848937.735075001,8876893.595942162,3650275.695916345,64443165.24200539
9573202.500165163,7653552.0224913815,2377874.479124908,6984036.580072715,8621135.846787624,6516978.3764626095,6797556.086313916,3655666.817642074,8102547.74529966,6693998.830675061,66976549.28503512
9293783.118344137,8840184.7904672,3020680.4004214094,8850433.895692376,9494962.103978312,4793204.657976203,5816570.819368274,8368618.105411216,3311451.504628424,3088823.721367984,64878713.117655545
2751556.866448049,4508962.855393616,9282594.992053086,7471281.054120684,3291616.3871791186,10079134.091840338,8158411.226565008,9237457.992133703,7032674.202666654,4091919.968403224,65905609.63680348
