6895815227.2052355,3901411851.2590923,7580304594.907062,3526184127.9713693,8296145350.551404,3489717630.330124,8373004054.739777,3857927375.349781,9191942670.376299,3422570080.790148,58535022963.480286
778173.3376348383,0.0,7925876.526906968,7451131.266777975,10573988.103996042,419.5401796803497,1154084.0762626568,4542369.34565271,4087203.78115455,417.58710093860685,36513663.565666355
7852939.051947888,414.4160521061926,12554466.909591833,10994376.245408773,15058405.55827699,0.0,6497887.679150593,7099896.668782852,6400745.565837911,425.00998419881,66459557.105033144
3560590.913267064,426.11210411254984,3010372.3779419307,1344622.6926856216,1607396.9245963078,420.5297348150958,7589116.472906964,11226813.193708682,5384752.272166195,0.0,33724511.48911169
2069343.8594640912,0.0,3679657.2423411473,4578781.06373236,9331512.547199825,5890376.273668171,7539202.669153883,2972199.407397419,6042015.416636021,433.97011670809997,42103522.449709624
10040782.80632138,432.5264911653148,11650585.0214262,3959350.502853743,2350622.943698188,10901783.283393616,8849819.709978778,5483283.175566701,7123469.737708748,430.55808398088516,60360560.26552251
9289772.450394958,434.63239230830345,3768629.6511244467,1476792.4465387657,5710061.241243707,10652858.824925909,7952250.238611804,2897154.226209818,7190889.18999307,0.0,48938842.90143478
4466865.966940396,425.47776871141645,4612850.805332905,1743297.4733211559,4865916.163511987,11247999.092639012,9756775.390934112,2916492.7953615985,4380635.279633419,4696616.780068083,48687875.22551138
5873501.741957075,1120445.6316616926,4887259.444939263,55233.84874869689,4455832.291807815,9274889.103463529,6407565.92181093,6187451.007773335,7588236.050591172,8517570.026880447,54367985.069633946
2766562.3229458923,8822095.749825275,1570534.485248453,65684.2661028941,4360403.282139371,10713164.38768947,6276583.230523969,6089955.556735922,7228483.315427142,8818652.7919521,56712119.388590485
7094973.707227593,9039972.440941667,2665289.948207046,1383358.5261153236,6449104.657893721,8988240.030700287,4907753.532480938,8026303.800845207,4563596.1909592645,9688689.875523534,62807282.710894585
9164105.58677928,9553481.58851386,9210174.90203109,709673.9862860353,2179645.178689315,8336611.292473606,2732173.7009650907,3095806.61239163,7493270.762251694,10787980.455557672,63262924.06593928
3175438.97833978,9587008.93898081,4225811.564335713,2850933.4745172234,3999209.813381889,8596369.826055473,7801347.129049837,4170187.013857192,9018354.971574932,9027105.73015276,62451767.44024561
5893006.146047534,9739207.778658418,7997221.412392342,5242818.371020512,5034021.765905074,8980148.473342173,5384291.367605004,5614739.685810928,6970490.377947187,9812142.750497393,70668088.12922657
3732032.0411568014,10883757.595565554,4775139.059387512,5386603.635167568,133759.11314180552,9691913.747511728,7118623.117727359,1961617.0441952855,3571339.5315843546,9344799.998322321,56599584.883760296
3251852.174390498,7488402.928994679,8338378.234087569,5139025.958696806,1601613.8457696866,7769665.525043355,4975662.801215797,7395147.587227572,7999820.250795322,7424182.206782611,61383751.513003886
7307376.347130027,8304520.3523536315,1706227.4528364693,5408266.943907252,9380212.901926637,9682105.423818875,6556026.401235857,8685664.320607224,8367803.622611306,7763657.100679549,73161860.86710683
3211699.493429768,9156456.672352465,8496863.210351836,1352777.137289895,2923530.545437792,9793492.71392925,9334193.948542405,7407771.56243969,4829050.487695335,7621992.119828684,64127827.891297124
7249148.087866678,10018225.86992907,9675777.295679279,5330823.7926393235,5795481.170874523,10444372.387887975,6488915.152953814,5088474.890510704,5166315.2711743545,7540258.043959853,72797791.96347557
9547896.300061272,10586253.884233985,6722276.334772918,6925527.407998272,763331.678527296,9263339.917916493,8168122.977764945,5216260.115983343,3280951.7253518375,7587349.903157242,68061310.24576761
7886440.959449409,10286838.509891002,3437017.8909046478,4306450.760674337,3537504.4557549297,8738669.937898058,8738091.032598319,5140711.57047294,1963130.9103370772,8884142.797157776,62918998.825138494
7444179.135462906,8035579.200413058,10229464.643820293,9365491.398695176,8343293.640298978,8932416.774646882,5110496.606899374,6477739.805873361,4183746.2273720875,9867767.717553938,77990175.15103607
6506957.296459054,7999520.665140143,2369836.580516195,1622498.5268315081,1898909.499721399,8753211.11566785,8655835.507431297,7610912.931452699,7455494.799442664,9086581.672406008,61959758.59506882
7276217.926348947,7980531.426855386,10171401.035250735,2182050.306064662,5977295.026641528,10243092.246596362,8838332.84873543,5243968.753557189,6051648.972983749,8039833.523278181,72004372.06631216
4502240.22523104,8223545.889104396,8067792.486747306,4687257.1498262165,7764143.635406966,8084407.844008564,6704298.062705448,4272227.143584177,4751184.394084642,7504075.842908379,64561172.67360714
6497232.667114245,8783992.366421666,7277238.2751239035,7804377.712660462,5487906.163581676,8451651.382153321,7422547.0717811035,369274.6846034015,6994463.1926898165,8127635.213825728,67216318.72995532
8120860.401721707,9627238.709277637,6884864.534370396,3950772.62069542,2769264.002965609,10007776.888135614,6910523.913129147,420.227255934065,2590281.326510586,10775701.441511618,61637704.06557366
4953080.851747701,10516249.201983303,6297353.098589699,2085669.6524130804,9228953.084429927,10212801.070305284,8485750.191216405,420.09055480309996,9341399.4874982,10462472.361600429,71584149.09033883
10230822.056464238,10390540.844250789,9490595.802692432,5713042.521799403,2257981.0151877105,9648268.56357899,9561553.882807055,411.1666358962126,1699550.55760023,8085350.668247787,67078117.07926452
5380108.713937713,12460498.543631215,5971573.695069021,2358254.8584214794,8330162.618124078,10916527.811425317,6616242.506589868,0.0,10509949.60143817,12913477.030213306,75456795.37885018
9432281.965417162,11414480.787262706,10079748.648916624,421.67776679796367,11074608.11402654,10537746.358868457,9484342.46376936,425.7927189967931,8598159.736110438,11680966.40437978,82303181.94923687
4427326.858883262,12131660.170206135,6959075.3721009595,0.0,6701400.931632256,11687124.78285787,8716979.635769852,422.5347096952926,5950932.215486715,11974466.915026037,68549389.41667278
8684388.50957998,11530225.046206746,1813123.8458829909,427.7964952094396,9050636.830737373,9855804.304840589,5737656.7581646005,0.0,7647310.340465897,11486942.232667256,65806515.66504064
3947157.2430874,10795418.023483263,7648259.140815322,418.8888116739066,2059619.7866528325,10969545.577088,6259718.157681392,416.5751246663494,6013560.806825468,11574283.08868792,59268397.288257934
8484747.110038169,11315357.120167358,1486317.3112088984,0.0,9431864.433750765,11373569.429019397,12855922.416697482,425.98164267971174,8689386.662591808,10289910.704646992,73927501.16976355
13032354.63413357,12185630.123120397,10274233.121096816,410.1574242337813,1891628.3763338258,11974746.176608795,4462434.480831577,413.71458820183483,12853537.927211085,12248991.54379812,78924380.25514662
5396406.32724677,12169747.918393042,13979310.802624693,422.5455288813593,3055854.910142485,11174063.773630235,9841964.756001472,0.0,9809850.328780554,10667370.101271868,76094991.46362
12938275.514362333,11175506.661585372,4074212.736388817,430.1446765997805,2918280.7021704298,12507644.429719837,4502188.66446431,422.034351951541,10764520.467929436,9705425.344886426,68586906.7005355
1321990.2803321967,9515448.127892926,8374422.636046512,0.0,2890196.885080851,10833671.664758638,5542601.118132588,421.7279386658567,7003901.8909420725,12021382.437858643,57504036.768983096
3772175.035568024,11668855.052883746,7645957.807423274,404.4643754733697,2751216.7276771823,11316558.39244203,6807688.41947431,0.0,8329947.712309679,9590608.16921684,61883411.781370565
8420468.197484132,10258814.159504233,7279692.95419548,434.35202073222985,2950506.572675672,9799138.98235668,6634084.91978913,432.1715372026288,9599604.177895194,11213477.32162491,66156653.80908337
4956177.654014661,11045225.150538731,9278907.779258948,418.2037561078661,2834223.673057833,10992036.959118305,3722248.225049882,419.94833628141373,6159231.608990833,11134006.199254615,60122895.4013762
8541524.182541661,10307913.516952788,9472020.585155278,0.0,2021021.8753546274,11091024.27653081,16106701.480077263,429.6740990680953,5829904.133238998,10573064.023076922,73943603.74702743
12559308.940330908,10337600.206680031,6326945.2141725635,431.96457199745964,4040806.1931817206,6581766.681109822,10807535.130034823,0.0,9857457.477901433,10758798.488083003,71270650.2960663
7086278.50700338,7537411.785000336,7058937.995492352,429.17627797910893,1341515.9864311845,429.82766251392275,5833306.093928125,430.0469144204329,2278927.267400042,7812816.711397576,38950483.397507906
15642747.891628167,11106774.066842595,6546729.193198691,0.0,952611.1384624718,414.74464951186906,15686118.544289162,411.4316543498706,8296088.784179439,15038216.61238917,73270112.40729356
11615830.633333981,14277340.972211463,1077021.5649532382,427.98592786169013,3178820.330974121,434.804545213052,6646243.490247888,0.0,9550070.972042505,12139179.539023789,58485370.29326005
14802021.764883228,13684469.354193758,12780627.324806843,428.2027579591485,3785368.9663596926,0.0,13819724.649138687,429.50790825915897,9898055.532977067,0.0,68771125.3030255
16069101.899202155,10131058.210520077,16786841.92784019,440.66137315411237,7573505.2695126245,439.9153324003029,16612100.175366862,438.0296880935628,10552954.927952306,431.671525278073,77727312.68831314
11532552.656635232,0.0,14781398.69660203,0.0,11580883.990177551,429.11215356647836,16142751.89398813,432.83577481667106,12787499.640643993,440.6395762014269,66826389.465551525
19021332.615261953,435.2566961872831,14534012.79566158,430.32718073107054,9102483.609629989,0.0,8101654.261544125,0.0,12936808.838194922,431.6437601947093,63697589.34792968
3541397.068365938,435.16459174826815,15005254.167045992,439.8094279802874,1939763.1360914037,437.10767169190865,23366253.936898194,436.333127224046,21049418.769892666,0.0,64903835.49311285
4064951.9707308505,0.0,18594034.199096195,0.0,11639049.36924383,444.2117716677982,2217176.153552895,445.0107292437541,4520095.7169378,444.5437900599624,41036641.175852545
12470848.824649733,440.66947522606773,15769337.665192828,439.53404629016114,9786603.452742219,0.0,3804568.3630876653,0.0,17928223.762920726,439.60420322272694,59760901.8763179
17319873.312697753,443.40171271848635,1858179.9270974712,443.17302553202353,1569530.6487810556,443.12074270697144,17274777.968734197,438.21951832693213,19860331.610426515,0.0,57884461.38273628
10543751.212397533,0.0,3819286.7911413624,0.0,8603889.9386901,435.98313554989096,15437269.714821914,439.8754440778693,10340129.616503874,439.05707446039423,48745642.189208865
12137226.439056767,434.31088625901486,9548099.653151825,429.8604259091532,12828641.114662733,423.5524477172213,10648251.118106969,422.4644871385683,11865985.319234459,420.31121468928325,57030334.14367446
13064780.700113777,423.4343243991308,11586704.97905989,427.98410821954707,8832532.978877962,0.0,15946318.016363481,0.0,13925708.006962923,0.0,63356896.09981065
11832622.75283367,441.70377285427344,11503315.073332557,437.4237341753588,7860153.927418209,434.6252613235905,12974044.412346365,431.2752858776107,14701799.798434459,431.4513538025281,58874112.4437733
7352710.310162799,0.0,9249869.486375736,0.0,21063572.18491547,436.47237286684145,4326952.96773401,437.0106084259624,7130220.705381329,438.1829887315005,49124637.32053937
24843687.82779781,438.7102532634163,2813168.3469778746,439.0146611093109,12456516.20490824,0.0,5817826.991252683,0.0,21311620.423682723,444.35265949557515,67244141.8721932
5386404.573429783,443.83288691361946,6358158.156799119,444.64589835761154,12810584.637784854,444.54113979601505,10974686.44520029,442.8856225713803,7610557.489963772,0.0,43142167.20872545
9860411.632127633,0.0,18881086.605124574,0.0,16507633.627299484,441.09177375002713,19269568.690188415,441.98857611539626,21266045.06370208,442.3708296180996,85786071.06962167
15317106.535252744,437.55359649586075,19509255.736644242,437.2980332224413,2608499.4646178773,0.0,13113409.516715875,0.0,18831630.17193465,426.6420731769341,69381202.9188683
20933563.462619793,432.8019980643644,11134950.50286935,431.26918846202045,7853365.2702639215,432.315101264972,12458239.401539087,436.5238557072671,12889848.073901307,0.0,65271699.62133695
7814106.0439233715,0.0,15195159.044594781,0.0,13840775.83679056,438.00900834848466,16964769.34704579,440.7728992654974,13420401.23137445,439.0990171631669,67236529.38465372
12293507.04566243,439.04405278562064,1764673.343163601,439.44722091256745,8094628.093978729,438.78196441126636,18793995.87796361,0.0,13581521.195263337,440.66127670266934,54530083.49054652
10044490.544109358,440.4287586274789,13976282.74825282,440.51211685923306,8157313.369562259,0.0,15842898.934625002,434.56934750249525,9579794.480189733,0.0,57602095.586962156
15889323.334843308,435.1980797610769,20530455.842955705,0.0,4040324.328717186,441.3377629344975,11345543.734320795,440.4903346693619,11485966.448086165,434.47097036082226,63293365.18607089
18957843.086413994,0.0,10099839.741072206,432.27769303706145,1079096.246585026,432.72460126030245,8245766.800017122,429.3422122001106,16361006.295880636,434.7775023614824,54745281.291977845
16475036.709010292,437.7848966111705,18643761.218860663,438.5769328547456,10067382.931203779,0.0,13214359.895829052,0.0,7452522.188014252,440.04052296924516,65854379.34527048
21781115.85059073,440.2858221322765,3267644.925383562,440.0946789022913,5911725.882150554,436.8185066815942,17348126.489909586,439.959073694884,16858654.588550113,0.0,65169024.89466595
5149637.437990161,0.0,15257681.018280748,0.0,4527357.148375995,436.26003991479644,7744495.850432121,433.36292784631576,19046358.999859758,433.0054827212123,51726833.08338927
19477858.631099783,436.84684671000997,2257470.1686262996,437.4328581451168,16244811.219463913,0.0,18183351.674170427,0.0,6103419.004494489,442.7492659205945,62268227.72682569
3143792.549064826,443.25771866694146,10108665.036661599,443.6407051038385,1559204.9877196483,443.9543455581432,18543667.336650345,444.6739863633653,16466012.157743448,0.0,49823117.59459556
14505447.01979268,0.0,9136329.753949398,0.0,2194359.1735884896,435.5290979594706,14705585.844471492,434.31547719206503,13859392.286601039,439.8276837250516,54402423.75066198
6973036.6126683615,440.30758410010657,15239050.26234266,440.57323414851595,9384482.925208379,0.0,15407599.630457362,0.0,13323510.92051106,444.3706077847067,60329005.60261386
15511013.748847187,444.00261470427114,9294211.33910792,442.1428158866648,9935903.37090005,442.402130633125,7720870.250023729,440.58817865252536,13082051.125067908,0.0,55545818.96968667
15919873.793531831,436.4934755771555,2148474.322523658,0.0,229318.18881639987,432.62668560832753,10940999.648362514,433.3303745348179,2733992.476576211,436.87490601269224,31974397.755252346
6118827.459249743,0.0,4503443.997284143,424.28108186025946,7941325.544022653,428.6743150687119,11817927.650391394,711071.6870889664,8755865.935979202,425.37106134760376,39849740.60047438
11337106.843363494,436.6204187749308,11350970.515654817,438.5465528759996,7722876.356434538,0.0,13181654.413305355,12355339.613158738,18629065.673163187,437.1053940539373,74578325.68744583
6381259.360954817,437.65936859725116,4163795.214871817,435.5493557403577,11908364.458020654,435.9086553138972,5896432.943837413,17183303.222651653,6685854.622103846,0.0,52220318.93981985
13316375.818564538,0.0,10471129.198934095,0.0,7170930.425146088,433.58897705254003,12317416.079701636,12986280.420812543,13126003.94229543,440.55944753746013,69389010.03387894
16258888.833077395,438.10622966573186,15409490.640466042,1338842.1696680612,15497148.408535648,0.0,17102755.49698697,16265185.304082496,18029867.525901556,438.42879859372886,99903054.91374643
9043492.347179981,437.30173765926116,2027220.5014398652,11819197.623016564,11444334.492129324,440.66600287303424,11813921.655859612,19193548.94156319,1813364.6019570753,0.0,67155958.13088614
5513634.847696272,0.0,4954420.717010034,13380405.52673567,13984569.96005472,429.3444096526395,8269497.167110627,13498362.165242165,5807190.829622606,430.26657402802624,65408940.824455775
16424168.597160066,431.47511780415243,6638462.493590198,13637021.859749578,16055110.137717944,0.0,4337457.611214107,18980479.06715685,11207931.425399441,428.0392502457233,87281490.70635623
13776372.5130048,428.21505339751104,11325137.571665825,14055649.084801324,17336188.320760675,426.8552808254074,6040425.470846328,12897237.69082094,5778603.259365676,0.0,81210468.98159978
7327898.944169756,428.54602025288324,13987657.551597325,12399034.576723522,10493543.207439719,427.45370606279874,2235057.451735092,10923243.311857624,5002400.924931736,429.3056828470573,62370121.27386394
11688153.706135336,0.0,2874792.9172326587,11275914.741784085,4362405.104604998,428.15458485974847,9066330.268849788,13721936.619269213,5998877.136026578,433.1921008074641,58989271.840588324
11365819.588059995,436.70688842864416,3562971.3679312165,11245637.492899895,11911671.23351954,0.0,3129893.397825713,11271686.841159133,11174807.253751969,432.92931647490263,63663356.811352365
12975592.064323785,430.8127418989335,5458320.052519693,11506855.804834314,5882083.4149186015,431.41501935968296,12421871.68541866,11523658.62489133,6663660.063011288,0.0,66432903.93767893
9905205.530349445,0.0,11502733.439116875,11669069.208672697,11439435.654762223,437.99004569027295,17959933.123545814,11029123.630074987,11453268.624157874,436.45136681417625,84959643.65209243
11866795.965701694,436.5885103693966,2886801.3276559194,11482454.97667088,4418946.6617856305,0.0,5183892.440484332,10787976.610514168,12497262.399778929,422.7027356151507,59124989.67383754
6374482.247807627,423.2011219969932,4790489.6607814,11645365.363897236,6875236.469128686,431.9830164910747,8155520.033493849,10437584.964361275,10033763.410871537,0.0,58313297.3344801
13037410.949819906,0.0,8904718.694576748,11659452.237347733,13435424.575924944,434.84896664114365,12629398.279708453,10954811.097055335,11708606.625613714,433.9814358943407,82330691.29044938
14199307.480264874,428.8095365890439,7406535.069444905,11603147.503733201,8257833.767482551,430.5181252417736,7535202.277618544,14329984.816772232,6837795.395801445,428.2984077615376,70171093.93718734
10175854.291131312,435.03689546123917,7155098.201837675,11649508.26199838,10166175.665022884,0.0,9991049.094052622,16842497.42247271,10685047.232137337,0.0,76665665.20554838
14336273.508190751,431.99349069866844,2140357.240513106,12882111.125476032,13754185.545132175,2878723.9551865514,7011125.41355215,10880986.955478627,8932291.617392652,423.6345314385574,72816910.98894417
10538523.03538049,0.0,2497608.4067082717,10900944.298418289,5025449.406067063,12557893.07253502,7754799.9643089725,12262794.902006347,11166855.0402417,436.02978125371567,72705304.15544741
4394105.115606105,431.94279283966483,10861282.778077047,11347360.419363055,10791492.857125089,9038848.363278935,9949012.776144851,11338900.424546639,2381861.081659322,420.8418861510721,70103716.60048003
9627294.785170645,419.4528582051164,3485406.416873015,11668321.408421071,3283079.843112781,9724523.750280175,7745345.680014621,18229293.54361889,8041222.834457297,301329.996398945,72106237.71120565
11036382.432897706,404.91153760986526,7941332.332550016,9097682.634821082,5347756.883344528,9646992.253185948,8833719.278770443,8630284.800983725,6922300.524799365,10260711.399392206,77717567.45228262
4568015.852133787,3779625.4012894253,4376754.921665073,12210433.774577111,7373771.634200218,7692818.914758604,5094398.318965669,9672558.17003142,4485693.29748673,8581856.893594708,67835927.17870274
5769683.111547507,10701712.585961992,6371953.488182423,9756494.112612398,6404720.208710156,6953748.613875785,4326165.754128856,8747542.322986554,7113227.120438752,9064629.522420047,75209876.84086448
3281356.583013192,10511108.31979769,2667435.465340698,9257985.10448963,6903135.473422906,7081138.549301455,1311560.8609026768,8550371.323733184,5367537.663359701,7682192.198363143,62613821.541724265
8477878.517564816,8815645.15818935,3396398.1080975016,9356418.140471583,7431487.753621318,7802652.808784479,7780927.987488616,8782545.07313486,7749080.751636149,8805859.846080685,78398894.14506938
3298806.2563554645,9304035.583500981,7949269.218613104,8506190.35999346,7878832.906791186,11715295.187710503,8858750.900753424,8205452.622843286,3525568.4134966587,9098704.089400057,78340905.53945813
4103978.132324509,7892291.657352007,3499797.480655385,10147388.484964877,3092788.735486695,9912716.079278473,6156842.97785229,8082858.304135747,6311053.166056438,9648132.7762857,68847847.79439212
6758220.332530815,9061107.655440032,4881540.716025549,9485590.507638773,5027678.433934752,10126926.344807504,6309283.995320781,8518090.163808264,4194330.248993986,7812850.66580003,72175619.06430049
2144292.130565354,8114069.269704747,6705958.738712063,11154928.789517678,8504156.699302746,8392256.774226995,8101848.3527566455,8095935.606095627,4445966.17521389,7976873.734455596,73636286.27055134
7171777.212544117,7633347.406736127,3675836.436522124,9732184.151477622,3345104.8894208646,7750368.247239279,3406237.691106141,8232680.51673135,6672245.240599038,8815103.329297278,66434885.12167394
1980144.0774581204,8300569.403404997,7505154.222318063,9834213.749227218,8061051.886677841,8495873.846222123,3272101.338668286,7712835.772076801,6299995.347091957,8062312.264044153,69524251.90718956
5163656.99177279,9016924.667734269,2783681.4848579783,8182515.522719363,2164465.530813542,8341922.91657726,9786319.797275415,7603144.738051563,6157199.580315666,9394929.25645761,68594760.48657545
8236663.533049074,10763617.73534526,3773764.9351041703,7920000.536413182,4533125.052348842,9663289.989158073,2344164.160963573,8958942.743069025,3047626.5803683773,8340241.671507809,67581436.93732738
4482267.345550786,8610745.453111256,6060832.398489517,9682695.498377444,7580524.594360845,8763276.499315733,5072802.085000444,8405040.887784058,7953276.067336403,7828402.970172328,74439863.79949881
5527115.997316374,8278597.705818078,2927309.616168236,11786407.5624243,2747011.165252323,8371749.213148347,4493817.56485667,8077259.334171637,3813535.3107561665,6847893.94791628,62870697.41782841
4729423.908807166,10857723.335226,2980597.709252911,9621193.092579052,1165033.4068962566,7768860.675499236,2445755.916595386,7650514.118661296,7217126.51370745,7100375.891742457,61536604.56896721
7643802.253977656,11224866.289564958,4808643.884162098,9530543.448965829,8635718.67326096,7284493.458666405,7815087.8072896665,1269346.6837283457,2174918.0059001534,9306296.236474553,69693716.74199063
2253234.661600946,8905218.795677831,6905055.994942109,11974536.556049457,11295971.301800087,10173878.697194217,9372561.769886432,0.0,10053239.953500576,8405095.159704577,79338792.89035624
3909459.5204766383,10250025.582281353,9497766.824597428,9998117.265476022,7675490.040529671,10425050.613465594,13073490.662863651,403.2659062179075,4296533.319656434,9551427.289756207,78677764.38500921
8114383.196866762,10860070.239126058,4702962.670142162,12584325.225354694,6420820.093911574,10880467.280609429,5508380.853910244,422.4496830891786,8837566.050029153,8940057.337575307,76849455.39720848
9449307.779661577,10164585.312267397,9787767.517646901,2717067.105328328,3079594.209112799,9709788.48685049,5532413.994324579,426.6207370049374,7210112.813073457,9863760.531357568,67514824.3703601
8108618.88954572,12002242.349069506,4749153.606765449,0.0,8720498.99974735,12953863.989985367,9191344.870656952,0.0,8668894.70843357,10465367.852501122,74859985.26670504
7446473.5389803,13197572.14173216,8923926.793102685,424.4201664232493,10009998.614041135,11245368.365166942,13982769.85871146,429.03305355747796,8392251.132124122,10373178.42047778,83572392.31755656
11842618.43393321,12591534.042267492,9945948.369389215,427.6497388877265,7427116.625674841,12513292.090028265,7533064.704695712,420.79306821925,10399980.1633579,11183680.63536722,83438083.50752096
5858581.947957913,12276879.321017358,10574730.677576981,0.0,17537706.122411072,11377894.58918678,11558584.41294063,413.99762985275106,3233342.458521598,10109152.885760004,82527286.41300221
3855402.7309494577,11615066.346548783,2794424.976504457,425.39775564179774,3871200.0532692047,13239130.304835761,4023454.531910744,0.0,12199323.217775978,10746916.7296183,62345344.28916833
8257067.093697951,12124147.945894996,4906262.24871514,421.16939086616173,5524211.684969685,12077841.45507287,5737415.845019891,416.66892668837284,8950130.482801287,12398448.846809303,69976363.44129868
5994957.375313558,11885929.226434976,8984600.81329467,410.30956039700817,11083282.97304269,10499045.945422629,5126430.632899278,423.2273666857476,7231825.68012311,11548838.297111277,72355744.48056927
9099975.122818097,15632782.810119877,8935323.996829841,0.0,3881981.254481616,12283911.280502962,9088866.729615314,0.0,4147184.118710649,9676586.91726195,72746612.2303403
5177860.250767698,11289351.237606434,10521108.452420926,404.76590009212083,14190278.07900225,12196642.614443421,9233368.064673286,407.73189245238694,10188094.686053028,10546059.784054613,83343575.6668142
2014185.6901403265,11320761.495751614,1319892.3659964295,427.11001605110556,1571061.1036807694,12498153.7181403,11398332.749557614,435.12941607207193,11518334.457951399,11402089.35319627,63043673.17384684
3438846.7532197717,10775566.196482584,6152739.356234403,423.32712619664005,5208955.35934403,12310436.855837833,11529973.717256498,426.97142702022217,12975669.771780698,9105369.662459927,71498407.97116897
9518122.86635432,10847719.060476681,6284696.648223995,0.0,5880534.196713394,11164966.839964243,15995117.055491282,0.0,7892420.208923975,10279385.240382064,77862962.11652996
8474625.674726645,11976304.112152314,10000492.909988154,430.13135113054267,7598639.727945,11488291.755500508,16064866.797847534,420.6328842578722,2676290.4370313725,10622748.078381363,78903110.25780827
3372504.6740510743,10783607.43463914,9376922.6013535,427.64619617212685,10206409.940128073,10494270.03557286,7717510.994157285,427.60931908015607,5902529.45703857,11106238.727281347,68960849.1197371
4402507.683583167,11302061.349894531,7611893.584817171,0.0,7153586.771295999,10883249.821117388,6405520.943449498,0.0,8714171.226982467,10493034.99350571,66966026.374645926
9644900.936533676,12391253.56206759,18235988.894177116,418.21513651580784,7330462.532569895,0.0,7698237.909315877,420.96349643357405,6713597.287317025,11799795.412732393,73815075.71334651
2086139.5613687297,12614729.06996142,6481600.3961002305,436.1474785318351,11289044.52825273,434.6612939580345,12701619.4090728,428.26232910325035,11379774.079939451,12059446.807810755,68613652.9236077
2232655.4910757155,12963267.341732856,18305812.362543542,415.2660600416449,5007856.75084942,416.1345278447761,13095336.383399293,421.29171947811926,13263469.324657207,11803632.336901449,76673282.68346685
6564222.602778253,12588448.758274468,3514420.2180270017,0.0,11728387.779454937,0.0,9503275.237169955,0.0,7156188.391453557,5673000.507934542,56727943.49509271
12751490.806966564,17280625.20033142,10985741.512774738,429.85592867682715,7310970.856987398,430.1104915366162,11630940.976065138,431.5921266385151,14963306.790014181,0.0,74924367.70168628
15933795.140244266,3285417.04125414,7007927.938349218,425.5738241350292,18511955.815081876,424.73417958123326,10485107.060479296,419.26374266229175,9787405.58646076,422.4613844075473,65013300.61500034
12561669.884080088,420.90048262316196,14777964.566905698,0.0,12637674.885538131,429.12303781538935,12812564.845525,432.2028032152672,16426270.439836456,434.844270500912,69217861.69247952
16477535.096711643,435.4622135559456,10650271.157308068,435.65048437805314,15729253.455571616,0.0,7027748.429052777,0.0,20892763.722035747,0.0,70778442.9733778
20123984.656936757,439.01963922716584,12193105.755980352,438.58792036138533,12820649.369778445,442.44879875524146,11699442.696692567,441.9060161738628,10767988.150212435,441.85102567006317,67607374.44300075
8769082.343835443,0.0,4951631.004248007,0.0,11942698.751697764,442.9834614947936,20944500.934503816,442.04466849931055,13130905.15003121,437.3012627279563,59740140.51370896
14919136.874128968,433.0833526936679,16305294.700457826,432.0686789007719,7182063.961509339,0.0,23509158.456445098,0.0,20060124.352610894,433.9211984212786,81977077.41838214
6261987.300712063,438.8031954079306,4712938.589882088,437.99176083804844,15241642.541489968,441.60368923980496,12773082.285606386,438.2640678768965,7500674.631676504,0.0,46492082.012080364
17384046.831061,0.0,15170971.98868855,438.7576756106491,5931491.04194374,440.18820862471273,13443103.8847615,444.9775827669441,19830206.52013027,445.85087250548605,71761590.04092456
16783758.04375075,445.52646283443545,6372944.290937935,0.0,9965474.279911581,0.0,12650232.844252074,0.0,21145885.80059568,441.6237410834168,66919182.409651935
12625624.62375574,434.70071149358375,21924649.80201479,434.5719740042428,3028955.4093996976,436.8063756194867,2885584.806162646,432.73073989976933,16923987.129803147,0.0,57390540.58093704
16909936.62892008,0.0,21262039.738460362,433.24197360090795,6276464.851856266,432.8066501965323,5367834.3158953935,437.792226854712,21903971.30364708,428.69676999527496,71721979.37639983
16643727.758041503,425.7489580255978,10280697.242049923,0.0,688622.7665136846,427.8254949040665,15179883.726617279,0.0,18569536.75020658,435.49819669588567,61363757.316078596
10782305.483482502,441.1351693643278,8162975.37400768,444.0373789066213,1574085.9015063068,0.0,17068204.27964004,431.7035521100075,20554395.44714723,0.0,58143283.36188415
8016840.23575958,432.37582219480885,12886922.683334006,432.51757071952784,5237817.597071413,436.2142900786382,8953839.96330891,442.205066434018,10235783.901349714,441.49435639480305,45333389.187929444
17126049.49492897,0.0,14980820.33685768,0.0,12372205.076337883,435.3601367018938,15617517.725723416,438.050560415251,18218995.87486713,438.798030922348,78316900.71744312
4610696.64701434,436.2293184085908,2150455.5909246244,437.7721406687266,10272906.201940572,0.0,21282806.966928985,0.0,9802994.126773579,435.9818137522941,48121169.516854934
20857074.03563131,438.45180966518075,7110561.6334117055,439.5040133008264,7396243.650402192,439.7915580348785,5430080.302246137,440.37712126335884,17989888.285344422,0.0,58785606.031538025
3269646.097001361,0.0,22254396.730791382,438.34250472358895,20356333.63988849,440.67651655437794,18551005.466717716,439.9091804763808,5071208.661015625,441.5477087073638,69504351.07132505
13686718.350549564,436.62647905846876,8636742.454715254,0.0,7569734.832990223,0.0,18919352.88169355,0.0,12992966.005406553,430.4431995857344,61806381.59503378
4659693.355261831,435.98936698937456,9516989.544166194,436.7300980528055,13408105.19900071,437.6225518219692,12678949.56414276,438.98776207956337,8972220.083567878,0.0,49237707.07591832
9479643.337662736,0.0,14556236.440055225,440.37952945329937,11249820.61351485,443.3082767692666,15899909.748074263,442.18680704664376,6351441.329295409,443.0160190861212,57538820.35923484
1516675.9792250928,444.803964131398,23492415.813018583,0.0,9995103.238940457,440.2807189733301,14815129.660067033,0.0,10872614.910978105,434.56887848766695,60693259.255790874
12240537.687816309,433.428515700182,14610712.822690835,433.87949096473176,7591957.769230338,0.0,17746441.459634002,435.68659292640575,8265822.214814624,0.0,60456774.94878571
1116190.7430829,441.73633645111624,16161159.795176681,441.6619124264789,9342893.293169195,441.246645335622,6765833.634904038,440.47048198346124,12825749.848691443,440.6441090184193,46214033.07450947
3010938.3760854076,0.0,22449487.95502366,0.0,1699424.8801076803,437.68658084099076,10342288.476874627,439.4778217440097,3791581.565578065,439.060425751669,41295037.47849778
5497579.775700242,438.2003466832202,2665926.4585799645,440.49553906753744,3125050.5372335,0.0,12682256.191729285,0.0,10063265.635475395,433.71554431112753,34035391.01014845
8103776.458970632,435.5600978398813,11545422.20263925,434.22564370894895,17580691.840935487,435.9904999975096,21578911.49829607,438.97838169852383,19000465.19961544,0.0,77811011.95508014
2422243.2641149024,0.0,14687357.9983786,438.706046937308,5123038.245009532,438.80223901253987,2985050.838419784,436.75804760879976,4903126.893789396,436.28462023547155,30122567.79066601
640666.1776103883,439.16338319240737,16891393.935424328,0.0,9253577.498902027,0.0,11095344.3651456,0.0,13490892.539888116,444.60750406288435,51372758.28785771
3708540.090644851,441.69660175483745,13909048.325152865,432.1822988803814,21410335.355668776,428.31243999258794,11732512.342909887,4818098.29211642,12684726.045146974,0.0,68264562.6429804
5530223.2660802305,0.0,21461667.60519142,433.7075090640006,2581567.5969459056,437.267260327527,1731100.930202766,16810968.303336862,3873473.5629929635,435.6324794795085,51990307.87199902
4109297.2062133197,434.38229093555486,7375047.95721031,0.0,11579161.364667023,0.0,7188206.755015143,12248740.278287774,12181929.239280174,438.1280627373968,54683255.311027415
3097048.6497281953,439.0012590454368,9794959.617714925,441.5506139221184,15351254.18557043,441.33737594369165,6688510.17350017,12510928.754885254,11936448.221429275,0.0,59380471.49207716
4181078.9225110975,434.9502400984115,4564242.534986185,1659180.1948498487,14369093.428607121,419.5095824336844,9272158.837071402,11307296.251735358,16241263.687294886,406.2099583957129,61595574.52683683
3884932.7079592682,0.0,5858418.920739284,12651357.485273473,9275531.738287186,408.26950258536533,2635185.145473311,12170600.481954955,1529305.2550001184,415.33339563542876,48006155.33758582
3307403.4220723244,418.75115073757445,10656714.27080168,11402758.9895946,18681971.149430208,0.0,7267169.56828792,15220211.83932789,5454137.644164757,432.8716974779147,71991218.50652759
4589867.99996043,424.85428452107647,13805270.810242578,16591756.65309619,11207906.779445399,420.17288049424,12644781.581277099,15204347.937305346,16391515.5427365,0.0,90436292.33122855
3298501.0756879523,0.0,10424741.67818489,11523982.794552756,10372887.40540186,422.3799318616816,5914494.693087642,15078376.46912948,5563942.586233603,424.04364144926683,62177773.12585149
1494881.8317054133,433.47741629048323,10885988.802007845,12168314.403719904,11822121.46257883,434.39681838267785,8666897.60958402,11750223.324414853,10618956.978574933,429.30659829374764,67408681.59341876
6659162.150991776,426.95657706216326,12766309.042351285,12042333.093989393,9315867.598406397,0.0,10168336.522636026,11628926.171131428,9258928.975799164,0.0,71840290.51188253
1695669.270990923,417.7122104410525,17947239.248168208,12600781.925875671,11632362.199071141,423.9644346508189,9975459.787452087,11638558.692713425,7837317.394828225,427.62721185014504,73328657.82295662
6691689.140653105,0.0,17325168.54555624,12739525.54785607,9699872.886936344,435.47313974462105,10753056.838821206,11804794.655389348,7586034.345443962,433.91324907231774,76601011.34704511
8085329.895912106,437.6577511928022,17659081.907802995,12930115.899270505,5949268.830762145,0.0,3673661.470494991,12053920.338410016,16254972.955931246,426.51237135613655,76607215.46870656
4704851.769623571,426.92588438643713,7727866.162651217,13503809.713230448,10290544.856192008,425.38562145638036,10316371.697157,10364678.327446982,12865702.949607009,0.0,69774677.78741409
7397058.86800244,0.0,17781884.999169458,13104302.681882966,2748044.529044531,423.6247260637878,3125279.6960241213,13834075.984915977,4514280.627039587,430.8451946347705,62505781.85599978
9865985.199178273,431.79567888167463,4068118.3452271586,13954425.872024545,5219894.6574222455,424.319533423975,5007609.0179583365,13142923.24592363,6436757.945919663,428.58132560385155,57696998.98019176
6449797.587609358,429.9960295229212,6570400.702995401,13995786.154249238,10819973.657403175,0.0,6781330.530144426,12791397.055730801,12405201.767831739,0.0,69814317.45199366
6767368.676245821,412.3687568591032,6002129.544272549,14059225.400183963,5862090.085060828,411.69937196020726,8553020.154674176,11641042.175153738,12689793.219637409,427.9485373235344,65575921.27189463
9635127.140601398,0.0,8050271.378260127,13523994.751514442,8795984.494149165,424.5274713966796,12882600.441472387,10945088.5403909,12646585.13757725,411.80463606637585,76480488.21607313
186171.4798742433,412.09696283920846,3817907.8894747803,12155068.82783726,9839835.733026274,3997026.850611,3323384.610638356,12377738.122223891,13162856.158407323,425.2289279690175,58860826.99798394
1792373.8313395905,432.0451276231794,8813676.349398945,11485812.243430616,4786704.37168755,10158876.245744325,9076995.132551236,14751876.03881876,12739107.89926502,0.0,73605854.15736367
2347164.3713492714,0.0,12060975.649591358,12108030.205053005,11591203.841219656,11074201.471516844,12367778.155955197,12394214.03279019,6502881.811549405,422.03107859872324,80446871.57010351
952604.2558745072,418.7331221156104,12208649.786992678,11884493.158364018,4416208.065769405,11668010.574519379,8457603.233686218,11035438.205014259,13405404.477958426,403.6328817305364,74029234.12418273
2360323.2180997594,405.0986837339652,10370248.610936234,10861274.332317758,6867413.385895131,10001448.568924405,6678769.6472312175,10929020.977825215,11200637.895269416,9715005.046230854,78984546.78141372
2308135.0330305686,2714563.660543141,11678815.869260624,11228652.565888185,7043209.589345485,10942444.175879361,7432877.957853229,8722867.731647825,8758741.821720315,10371867.599924196,81202176.00509292
2392429.363794707,8157005.316520965,10144328.118231192,11792353.020428073,9868851.941907395,7888669.18179652,10117715.406752484,7278542.784404691,6353699.737806247,9561724.282529393,83555319.15417168
3048855.471095946,8303026.878423485,5761565.944056572,11667387.061980443,6510182.71413965,8846087.262824768,5044009.911000906,7543627.974060588,8888819.107198436,9474316.684419543,75087879.00920033
3968250.517657647,8731148.920213932,7891630.205464831,9582211.851269811,8832643.949953722,8378368.521601928,8032895.812226332,8520091.502308168,3397846.174016562,7936580.73617889,75271668.19089182
