67876077013.77871,14128561950.3482,80646645642.14584,12874451916.528524,80807406548.20447,15753767039.286032,81754501411.75291,15706139322.003637,85540620587.63223,14245637903.127438,469333809334.8081
2585272.81941394,442.7687403012805,12270044.265601058,0.0,8207526.439474258,442.84353784591343,11649659.4150797,439.7866584648077,17055946.98071157,440.30854706873725,51770215.6277642
6549557.151608165,439.7981870387426,12307269.557320131,440.26512137181874,5553022.610767962,0.0,3942738.7808431154,0.0,16146707.716599315,0.0,44500175.8804471
15622.495727872849,0.0,10487254.21207568,423.5271427579693,3971684.8276900253,426.41399520649435,9581022.113664687,422.31046942009726,9761807.38136995,425.0727088693546,33819088.354844466
316033.19131974055,432.6443499232926,4902617.012339086,0.0,4075640.3503390793,435.5765889359986,7486852.115321089,440.6756484332471,8511007.158587402,438.96345049035097,25293897.68794418
324548.255576429,436.1244252658805,8864809.487947663,430.1608520717746,3515876.890223354,429.7416020947616,14395658.852069143,0.0,8976609.804654282,0.0,36078799.3173503
321389.42747824854,0.0,4242828.586413525,442.44977111248346,930576.2710714994,0.0,2261962.9733711984,443.2069769571619,5352804.446912206,442.9474977432023,13110890.309492491
9282125.737577174,441.03572969066516,13308849.266007023,440.1017980800718,15963268.928614587,440.86102164641704,14599090.677395046,440.3112434033116,6370799.494494278,439.80654563280416,59526336.22042656
4618500.142263063,439.86256601982853,11926672.152596157,0.0,9096733.299458962,440.5608936449662,10736959.377076704,438.77555726180066,10188761.774132293,0.0,46568945.94454411
15974176.30110289,0.0,2745616.1276683197,441.21309026645486,12008870.672521763,0.0,5006219.533772542,0.0,4049360.4433577238,435.7099771114751,39785120.001490615
3768778.9009293364,436.4636674104864,17998719.77770009,436.3877932467017,11684754.866209121,439.637322003704,19980204.98826206,441.15682203941356,13758015.228065297,444.7446148938619,67192672.15138552
12638852.586309822,444.69117483022575,7307486.116800341,0.0,7985700.9225099655,442.28560055132306,6983837.466106299,440.4918767004449,12342896.076195775,440.2615591116857,47260540.8981334
8646607.535714824,0.0,15875063.977573227,436.7240348925265,9745883.833714139,0.0,3115175.436753454,0.0,5097758.206768858,0.0,42480925.71455939
15731276.592301687,434.3241908625342,12031558.839242516,433.2892468283994,10816221.668252323,427.85931769596846,4261148.156796821,425.95181096584776,14146483.790438583,428.94932163370396,56988839.42091992
9273220.18535231,424.21939507519573,10583265.98228778,0.0,6717104.945182787,434.18228589100426,4307855.23425869,427.3942689179777,14993679.775784304,428.07392602294664,45876839.99274178
5708423.46759618,433.60681342595024,10095952.496671937,434.3333733882654,6311323.53055805,435.4559971760742,6847849.3797435025,0.0,8049175.170415415,0.0,37014027.441169076
8668845.822074985,0.0,5117087.711210211,440.8704826598519,1936849.4073478952,0.0,13776576.445907554,441.8728456605719,3792330.914819191,439.9540742495436,33293012.998762406
13218567.760095632,438.89455038216715,9327126.491110625,0.0,3698468.009653856,439.1645327572814,13373795.739765408,436.89813349999673,10228153.286568074,441.00964507246124,49847867.254055314
262270.9129160865,441.5336673749718,18407049.8029106,441.1262769170902,10505029.827420156,440.5094180639269,1184166.241463275,438.3978663535646,12515703.654520636,0.0,42875982.00645946
1495347.5213405986,0.0,2544345.1898189345,433.60102344754506,20707336.193745997,0.0,4065158.1569521544,0.0,5348564.480672261,433.4210509319798,34161618.56460432
17584227.31628795,435.2757993325788,2465696.911658104,435.83240788005605,10091871.307052838,444.8521233303953,3889327.6116836285,443.331217163306,10541059.22388698,439.1695142746142,44574380.83163148
20915391.870958522,438.3788700115949,5014844.532436999,0.0,19338205.7034339,434.73581788853835,2906301.084529551,436.9240184668792,14069722.744251072,429.96948965326357,62246205.94380606
15266126.675590374,0.0,11566564.35039643,426.53803430709434,4916008.79821012,0.0,2067281.0199967043,0.0,4918109.376864408,0.0,38734516.759092346
2045839.525495213,437.7607180675841,14114991.776649447,442.6383919727918,10321264.302797494,434.5852007991167,1596734.2823259165,433.04404162352216,11626168.207457973,435.30450425517193,39707181.427582756
10031675.991017615,435.1451221552336,11127454.586014966,0.0,14626421.31122461,437.67145193815236,2252450.5343534998,433.6955501777421,7868496.128105654,431.69170347962313,45908236.7545441
14416865.436766012,428.3756875606812,9700618.610468628,428.1117026196848,11515917.734831491,427.7706806073584,14957872.13845508,0.0,13066932.79616922,0.0,63659490.97476122
6291423.300667199,0.0,14951341.592102807,438.67947246881823,15940030.0258901,0.0,1620081.2224915528,436.66824277369386,11622494.061448596,435.7091284479615,50426681.25944395
11548409.800414093,435.8783607509281,7396392.748722162,431.12761062219795,4727543.006138829,435.7671280613846,51873.75797016998,436.64759667332794,7615727.61588585,436.69305856033094,31342123.042885773
2245562.479887346,434.65847869332106,4494048.897633949,0.0,12490004.411804842,437.87830417973913,3467027.395970222,432.70590738565596,21605034.690112833,0.0,44302983.11809945
3445069.3284096234,0.0,21121229.96515153,433.71283471777815,14526691.269335791,0.0,5660334.465309318,0.0,2037144.7945383629,434.07771961851915,46791337.613298975
9709509.624772731,437.0862248749323,6545793.258454488,437.1420289439692,17608282.391040996,440.2757122153703,14480715.929779012,440.55375960670943,17879215.112485584,439.1042845072278,66225710.47854297
22717545.22030403,427.7259669090481,13634385.65076531,0.0,8723879.164772484,425.28866272726333,6619394.484004903,425.6336558391423,3562322.583662439,429.0298535929221,55259234.781648226
9193808.945348118,439.8572804680005,19848695.13608519,443.8395404607826,13884134.109357592,434.6226341776808,9346581.112312654,0.0,8134637.455167913,0.0,60409175.077726565
17409195.699371487,0.0,7289635.492410762,430.47541258066605,2391272.815771521,0.0,8869253.483699065,438.81849830119245,11718383.395895714,443.1772203977238,47679053.358279824
16585020.167957297,444.0364974933889,13673903.551205449,0.0,4120526.7064517215,441.2059350905898,7595710.471976891,437.23744134560127,4954677.135749754,436.86021234721136,46931597.3734274
13067026.80976905,436.95379471266756,8581088.951421058,440.09920051554536,9316340.731484614,440.54489058402237,9242407.22406623,0.0,9909838.26520017,0.0,50118019.57982693
15567949.080527851,0.0,20947997.23499895,436.46688460390277,19701084.348253164,0.0,3862428.143490311,435.27514057551645,4277361.564618054,437.7298800217597,64358129.843793534
7542216.889347558,439.84363472151614,6170732.038115276,438.63378720378154,11394157.726826038,438.95780369556707,8886747.331296746,441.53608823063695,4435718.556759531,442.00410199395895,38431773.517760985
2442105.381722389,439.702902311051,3724679.1297757872,0.0,22035394.209553953,441.0729297614577,17554463.18589485,433.48273629493775,13271616.572595993,0.0,59029572.73811135
6461942.081341891,0.0,11766096.293784555,430.68353262740226,6989416.389971412,0.0,19733807.564601503,0.0,22237865.33459708,433.9769455679842,67189992.32477464
17761388.278101653,434.40272336473726,14688610.658569831,433.7019032539503,13579851.410450278,434.2208673694091,4588055.770335217,434.6997728977496,6310162.397107507,436.24396966413866,56930241.783801034
6934492.648016815,437.1066277715587,9668740.277077392,0.0,6569818.31472777,439.96599619139863,15856802.280480023,436.209375377814,11660247.37458544,435.735532861439,50691849.912419654
14599497.759377977,434.60208723921653,10197913.616778256,434.18640591605975,6271021.468213683,0.0,7274627.797211953,0.0,7487710.117499629,0.0,45831639.54757465
20648033.22261693,0.0,20964185.384001568,433.8569573124334,12492370.473499194,428.35135235191916,12534314.113940762,429.5328332664121,10838601.569606157,429.8225236109632,77479226.32733114
12703059.490835669,433.21186211093277,13691479.72278325,0.0,4213827.281625935,442.025451858084,9379771.375732336,439.68052791384184,9081791.729448924,439.70078960966805,49071684.2190576
11392198.559194269,440.2282499553926,18658389.364535786,440.75919665005955,15301936.156295126,440.9739044954341,9802079.272360558,0.0,13293610.10614353,0.0,68449535.41988038
18884305.715682723,0.0,16087846.856145756,435.9192263704742,10613475.094015548,0.0,14338918.768657358,430.25425244702836,14194088.557439104,432.48207842379924,74119933.64749773
3692793.259178552,434.8322488441102,16374035.716260297,0.0,20950624.74807715,434.3024541858487,12126564.978119435,442.7655269104524,7927097.198017383,440.787953825186,61072868.58783658
8022224.278481051,440.2677208953246,20728024.457849324,439.99378451544464,4846763.032674386,440.7164538241386,19976330.580431763,441.21028618339517,18872303.574432746,0.0,72447408.11211468
11050319.149544306,0.0,4148317.2629336794,444.36844999021105,22970587.96949419,0.0,12993183.978951683,0.0,3954247.9079158464,440.5670638103251,55117541.204353504
16055889.364794098,441.10578699047835,20654177.789170742,431.26835700961647,3414459.0293353307,431.28997581410493,20252684.46258848,431.4772446712205,14015513.53989762,432.3730364577841,74394891.7001872
16961074.707925033,432.48978960528973,7623855.278948438,0.0,5148096.966732035,441.8443346380614,12716717.367259772,441.7023192342205,17848085.968517926,439.33540584385116,60299585.66123253
7486866.43544515,0.0,18777718.586302493,435.6085380978386,8435750.892325558,0.0,10760608.639494944,0.0,17019659.650379878,0.0,62481039.81248613
8915774.509070301,434.72455318680323,11403587.831200382,435.64482822865284,12615917.214754129,436.6404941085176,17018732.356630668,436.98291108083964,8284294.0961590735,437.4118545768355,58240487.41245574
3406354.7155585126,441.64437604089704,15032863.939360822,0.0,2215263.215631508,441.2816563520932,13788071.680063834,441.7704558455759,16081788.826723987,442.0285574646852,50526109.10238436
8554892.360326944,441.927744589405,7762566.548421873,444.2927442873552,13816782.603253128,439.7476579376746,9406694.436989266,0.0,3987751.260782012,0.0,43530013.177920036
13389682.825670289,0.0,10689165.131073853,432.8703944792556,17035684.53926595,0.0,15799012.163740123,434.4315944770387,9812273.645934986,434.1859377274565,66727119.79361188
10169132.499596972,433.3618084535504,16545974.580687469,0.0,11386889.485489372,432.5533476453127,19311123.06202329,433.98517790395385,6933387.24752359,437.7654774122845,64348244.54113211
18103858.180660386,440.29102169890956,8467139.455164148,442.2799651231531,3888218.8994896584,443.31413366544837,16554674.918862766,0.0,10893381.864962392,0.0,57908599.204259835
10852715.435145477,0.0,18098765.21836114,442.8195765066084,18346360.412784345,0.0,3613122.4630310186,443.31432889798646,16409618.989004325,444.06842647171703,67321912.72065818
6403101.132057261,444.77409101222116,6987324.671224145,441.1613655044232,10718016.692913588,430.1750985233674,16157029.059262987,430.7764227598787,13141291.613388658,430.28285063099815,53408940.33867507
16558783.60466795,427.86513721010544,11897094.396354675,0.0,6298563.686953357,440.73767947344385,20327090.378383383,438.8800075687537,16235467.753026178,438.46116755519733,71318745.76337735
8484054.822232688,0.0,15507516.390601736,433.57674457669935,17139220.62879934,0.0,14409778.122926734,0.0,16742984.405483676,0.0,72283987.94678874
8041016.114228604,441.9438482758893,5939143.049079196,443.9169515290401,19012229.735308927,441.25293143488864,16552133.556708243,439.39658062353334,7982682.382041146,439.2037173585811,57529410.55139534
6091710.757917954,438.0526572881094,14031132.522240914,0.0,19255057.24406019,439.4566213414557,20479449.39284787,440.89896469222725,14855308.089641167,441.1613655044232,74714417.57631692
11445488.526884144,433.0594112159403,4674374.157588432,433.24094806335887,17633019.622316636,433.8157295933143,13689813.6425656,0.0,24273774.667464178,0.0,71717770.73290786
9512957.628556672,0.0,8004277.030109241,444.4626277937233,11160764.734164838,0.0,21288405.019618336,442.0437949793707,10986542.689640928,436.8117776498638,60954270.42029044
9004613.098946268,431.3609450720575,3969523.6090079322,0.0,12303582.445135476,428.208495742515,3041404.4576080507,429.7722422587707,14156545.592623148,434.9617984169741,42477393.506802365
14087006.593778165,440.38396059160715,12992639.38540997,442.97030334727344,9376524.765356964,441.83715897387054,7440145.927039908,0.0,13211568.524257034,0.0,57109210.387264945
7131221.279347571,0.0,20005933.65024637,434.9340782764973,19114087.37695764,0.0,8265817.162383092,433.4805896107587,10112431.31215809,432.37563647789045,64630791.57139713
15123977.426773792,434.7645455205083,9013865.821522448,436.5503589626609,4041833.088661769,434.1291071318444,13294959.416531289,430.6270624803752,15922388.554157345,431.16232691536715,57399191.541047655
19037894.090538647,430.69044271611045,8996767.82523502,0.0,8465498.97487749,434.32953167209666,15799558.672364676,440.131527946628,8735113.266137086,440.17271381467833,61036578.15336906
5145085.427859623,0.0,21392271.521658976,435.35665337342783,15603269.4596709,0.0,5129732.605040526,0.0,6062138.778706497,0.0,53332933.149589896
12988766.943909146,440.34080895210764,12940527.89280025,441.74186110907544,8368527.5565788895,441.19181880258867,11075301.593742646,442.8809460957711,9087302.374945702,440.14105389911714,54462632.65846549
6704429.174269632,438.12091192843707,758877.0403222857,0.0,12629391.960236534,439.3977314095798,16178328.833126493,440.649702836026,11962890.835674202,443.3636306178677,48235679.37560594
10678110.794159986,443.94964648590695,15086005.674238637,444.3440291405275,15534502.292293115,0.0,12772982.938995333,0.0,15824149.254008792,0.0,69896639.2473715
10658917.983405707,0.0,17760140.595491726,438.02949748791826,7813208.094492758,437.7810887893266,5793860.909465209,437.72759589490533,8264794.270107277,443.1946835990316,50292678.585828446
5662116.798133565,444.3863995550101,10141550.598756485,0.0,8621290.921091909,436.7412774459325,17524439.321721382,436.8687440326361,19454413.45860642,436.46792547075074,61405565.56265627
2239303.8110497636,433.7978760286256,10334038.212626766,433.47704296174066,11078177.386384973,434.20803733048876,5902011.414537697,0.0,5430182.447111124,0.0,34985014.75466665
11332779.967212617,0.0,11708449.406652424,428.9320491359535,17004753.16205263,0.0,18791055.118576862,439.0682775487131,11715242.835420836,439.8220146736528,70553588.31225672
3299599.797400207,439.15619854829293,23829802.753902815,438.136548666885,5422171.904080776,438.14360463382843,12523384.702821359,440.210249705964,9052205.322280724,438.8096033645908,54129358.93669079
9258438.985693078,440.97168297513406,8994120.781265717,0.0,12944092.56033032,438.4489450848264,2855409.9341681977,438.24498773163185,25071520.194398243,434.3292505735819,59125334.45072192
12601224.952737467,0.0,16401186.417946076,438.5178963766391,25636153.92404322,0.0,3510435.533342562,0.0,9308587.20531088,0.0,67458026.55127658
4588778.219976171,444.71671443481716,6179781.713323817,443.7130593754236,13722147.05026739,443.0179687943537,7199659.376944273,443.1095269170539,16990702.05557043,441.91445508147666,48683284.887806684
6671966.137731699,441.75213540185575,1572068.3419915747,0.0,11590880.86676152,443.0502389580518,10532763.715132324,443.3780815166152,23565497.98142112,443.9579678275527,53934949.18146194
10295372.907348163,0.0,14471666.274231883,446.15815491765113,22199380.608504016,0.0,8178681.397639451,0.0,18313128.395777386,0.0,73458675.74165581
9971299.405662049,440.446680393895,13422127.879642803,440.0477365780218,7035203.196526381,438.5436870575253,7677205.036254754,436.151446962822,18575446.120111547,435.68395293417,56683472.51170146
10767047.321945325,433.89379777616233,13338104.469096042,0.0,7013685.386246627,427.84404222452065,17311744.520411838,434.7492424204798,17465608.40725585,434.41753339103224,65897921.00957149
11845462.803835656,435.9507538158517,15714685.995686723,437.78308788753526,17973551.694099646,438.6256642514577,12120432.70870792,0.0,3261588.929832987,0.0,60917034.49166888
10173319.8955561,0.0,19979375.87260442,441.1279200596857,6865760.727327813,0.0,16333179.109580366,441.9492811095698,6968127.858366365,441.9706256779336,60321088.51126191
14878338.791711276,442.1750557916952,13088697.185169093,0.0,11034671.45618155,441.1678425205961,14398469.33224936,440.7862167081231,16216703.46173236,440.96067229187787,69618645.31683095
15978746.367848199,440.8014652030692,16772846.587025693,437.27115418907124,12353140.959121907,437.75881435867996,17798835.3071507,0.0,15917037.520906264,0.0,78821922.5734865
8777450.682303961,0.0,15867122.506916078,442.6423820820572,9246685.677582722,0.0,17424411.67168763,439.63415390447506,3691564.2364909663,439.3624433792701,55008556.41396072
13177130.000560781,437.27086927002136,20900372.45706029,436.9346388277895,3646690.9947410766,432.89841067924465,8620687.94058886,434.75055675487863,14702333.00383111,435.3636200861011,61049391.61487773
19891695.127725706,438.0441746079337,13306125.314362548,0.0,6939879.937437549,443.3056412164743,13755271.82543597,444.15395215022204,6253596.184551241,443.8555880717606,60148337.748869054
11698195.125729341,0.0,21631763.01782292,443.10026212752473,11757534.706223762,0.0,20228040.66887226,0.0,12802658.907312397,0.0,78118635.52622281
15222451.801527817,442.537787141722,5178174.269138117,442.6362509682076,12922515.014001234,442.4959630049266,19484391.288471956,440.12998843745635,22367547.571596783,441.24461448029217,75177288.98933995
12537383.516359113,441.12163752171904,14807980.02728271,0.0,12122102.455603998,440.8562912919719,15506691.349060832,444.61997411695074,16709701.389004419,444.3161789176978,71685629.65139292
13614486.28516735,445.10439226624385,9319869.357341476,444.2338254490957,10087033.166393053,0.0,19983070.348261748,0.0,6168191.648058188,0.0,59173540.14343953
11244460.431762887,0.0,16806520.782725547,435.29443357252984,9549171.048624309,436.07794822209615,9650884.01280373,436.4251593944528,14085516.51609174,440.31239898538126,61338300.901948385
14940889.090133522,438.72784422838555,5680699.253183052,0.0,4969251.820946329,442.6471508435899,12116794.77217181,442.4091302238255,4326845.310743789,442.46338456263885,42036246.494688354
15154336.632367855,441.2768202456401,5398691.644407356,441.519723763146,14415991.760662535,441.3020658888969,22987715.83143708,0.0,9572071.171769079,0.0,67530131.1392538
17232207.394563675,0.0,24889565.07382533,433.26388397206387,19423481.13128376,0.0,7271301.339824798,432.94179175089243,15334840.643528355,439.6320418636888,84152701.42074351
14892563.777254594,440.5958923416034,8441593.037704883,0.0,15619802.633571155,442.8817255015144,21500625.90740367,442.9064730601917,2973148.548731766,442.02351087611845,63429502.312267855
4330498.345293288,442.4911975003978,8309987.880939286,441.60843564697836,19693479.354533553,441.45118047925223,19979940.60884997,439.93004004080126,16258458.530573392,0.0,68574130.20104316
1827419.436305692,0.0,19598925.940489504,436.44777138620526,8756962.45473485,0.0,8065656.324439732,0.0,16467660.893838042,428.21159238790125,54717489.70917159
1772543.2044912307,428.0455296943142,5936840.977474917,434.05301301448054,15202377.547283085,441.3251860806929,18329577.969158288,443.17819595926824,6192924.241812248,444.88377648261195,47436455.42592101
6800976.11744411,445.2386588608704,9531557.111387044,0.0,12781570.634710038,444.80760027838227,13344941.708139585,444.80995889199727,12763800.090462038,438.2520471917479,55224618.770408034
5551214.275348135,0.0,15641721.641290287,432.4334950144619,14476722.637389202,0.0,8228341.252204724,0.0,6150842.038096618,0.0,50049274.277823985
8860139.985213257,436.11752865583065,18997866.981952425,436.0935339315235,12641799.779746355,432.1501082164432,10465376.115055367,432.501124612186,8440903.400950853,434.63792836567285,59408257.76314205
12882201.158332847,433.7564726317073,8276210.10778902,0.0,18936418.97803303,439.88188338967143,12919515.600962529,439.3808538183329,13087013.477523059,436.3278315897335,66103108.669681914
6156854.764384499,441.1261802620246,9401990.28820027,440.80629089591406,9936724.648628946,440.0073434147928,18270390.435882416,0.0,12200925.567609852,0.0,55968207.64452056
11946571.462750217,0.0,10630141.747769358,437.67811233254446,19520961.89296402,0.0,6654515.342481699,438.77766108129043,19018630.1109019,444.07890722932467,67772141.09154785
16486814.072997937,437.78375425766205,4108310.2574120713,0.0,4718490.095460107,433.34072763644826,18724417.423529085,433.56301887978924,7090342.943477024,433.415825747226,51130112.89620275
6268319.289682109,439.1458530737458,10264258.820662756,440.4353105019774,14157201.638503429,441.0881981002192,2373310.055887689,0.0,21408479.15019458,0.0,54472889.62429224
10338865.283598471,0.0,7569993.474127268,431.0555183127294,18813586.492136326,0.0,5616041.264995049,425.26476681015606,21374376.709347002,433.30528663781644,63714152.84977587
17219834.9939825,436.0319532604298,6874386.008747833,432.81158156582285,13530172.572414065,427.6333883823553,12894027.251562415,430.1557971060941,9766954.980164398,430.36029630871036,60287532.799887836
10029361.779082414,430.94700993744283,3636720.7413709643,0.0,19275053.124560017,439.26840161676546,6106997.771470746,444.3041181088165,10385409.495760515,444.5375080041511,49435301.96928233
14902070.869378682,0.0,16016026.126435418,444.69530026000086,14678259.153875662,0.0,15699986.405826971,0.0,13802220.903001769,0.0,75099008.15381876
9765672.54528743,436.99951009556935,8890975.968725998,437.26669049994723,9819322.702696433,438.67020083996533,8549893.470546652,437.5148008462283,13250058.100498375,433.17690820100194,50278106.415865384
2428319.5565753463,432.6912138319106,1495563.099466882,0.0,8535846.65504012,435.4473322154074,12871010.439779311,436.14265981986415,19358527.855807178,439.7436237951786,44691011.6314985
2256807.5710444422,442.11689142182524,16157785.703643885,441.2351374025926,12532028.659804827,440.40158969880775,13242871.454755664,0.0,2426217.22541954,0.0,46617034.36828688
7361672.776749822,0.0,13945373.944423242,437.9173548326052,20525407.7378657,0.0,6840925.396233317,443.83856198545334,11626619.29509392,443.6533165150776,60301324.55959934
12880466.26758053,443.0689597573544,10196154.271963656,0.0,11142220.559025021,438.29097370470885,9231926.100804554,437.8178370349751,25015500.415071685,430.6871258458579,68468017.47934179
25178496.084934127,424.387600834076,19082437.26882448,423.9692558648178,8373915.687552977,426.8038816427553,11391926.508752659,0.0,13915961.974077838,0.0,77944012.68488042
13907759.920274049,0.0,8877868.547998812,439.78089440448906,14802986.363486381,0.0,13462571.794628505,440.2441337509378,17954024.061494496,440.9154763010216,69006531.6283867
17029916.97889704,440.3513071216377,11029172.798583975,434.99055592358144,12365133.849954547,437.90106700632685,11711731.754370095,432.0790645318098,23455231.52469453,431.60600541269207,75593363.83450018
11904274.093874875,431.79141888766094,9748408.426146138,0.0,14705687.334774407,436.5970314455807,14304022.322128804,442.1665098167546,18062889.132396035,442.4374224930264,68727034.3017029
20466300.72093157,0.0,13221133.100306602,436.6416305033598,8266626.929071617,0.0,17220799.995824542,0.0,14608941.879999379,0.0,73784239.26776423
3818933.6504463437,430.47688528996264,12149314.104813665,435.6577433183084,14008425.594662597,437.17952437328506,10071839.09199088,430.18190038790317,22604698.677236184,431.83948760958117,62655376.45469066
16368494.832036272,429.81573310623503,1432493.4692703749,0.0,16169215.796985654,427.8715934188312,19581680.76156247,435.33010659313663,16872725.280965634,435.71902972799836,70426338.87728325
8562188.891170138,435.6186233197198,1893751.0339006674,431.5009190420016,10651628.166642047,433.25633163640373,3485454.22627212,0.0,2166771.9320445415,0.0,26761094.625903517
9849074.052111467,0.0,5512822.36251495,438.1892832144088,16082096.573919265,0.0,13294718.798709266,433.1963884843077,19985172.674897175,432.85503830035356,64725188.70286213
17433379.344150625,432.5357836876271,16564875.54366895,0.0,17929139.423760444,438.67469322974455,18176095.85141636,437.57813259017905,5764125.8717987435,436.6175780749335,75869361.4409827
17326526.47618156,437.34876096540296,6262351.563765913,436.6851967654425,17413382.26653763,436.8862824325688,4507468.093304992,0.0,8459993.047079196,0.0,53971032.367109455
5147466.73417471,0.0,13640653.858707698,435.42115105993634,16787422.413807873,0.0,12323455.238475177,433.9145583568169,16704085.299930187,435.937066191104,64604388.81787126
7031185.643653789,439.8497848123086,10778190.403990207,439.73661224743876,11141745.593391512,440.76353893597576,5359665.3520908505,436.82125521897734,23330765.136974204,437.5961084521186,57643746.89740023
13344805.463026179,437.5105223355152,10496759.535391083,0.0,11796877.061856197,436.7234664798816,12835375.877640696,441.56901450339586,13205771.360079942,442.261991010065,61681347.36298843
9443042.537766054,0.0,13921133.046669994,441.9069861468496,15947453.946233032,0.0,8008066.804788328,0.0,8301612.676537043,0.0,55621750.9189806
14064818.177201495,442.7228808678597,16759257.71589801,437.75434070792903,14055599.096788622,424.5485091732962,16174785.442478407,424.67567543623176,10551339.447233427,423.6424652103539,71607953.22347134
9718246.016399838,420.7278194131152,6337879.031788886,0.0,15003565.54734692,437.98966454814706,6045032.123045728,435.75052822091385,16689534.734724218,431.4387793588205,53795983.36009713
11723401.636766834,433.07748352619194,5453721.709764059,432.5942428086678,17307481.057968833,432.8522463848819,9897655.450583009,0.0,14697380.663279586,0.0,59080939.04233503
15365233.174087012,0.0,20162814.707180608,439.232176085058,22590608.556157105,0.0,11643533.641509892,435.5903481774369,20179354.71099849,429.79664743119946,89942849.40910481
956174.2105493917,431.0076239523809,3224182.127039228,0.0,16226398.680779265,429.99116210426496,22919772.512220453,431.36445717821636,8518454.738391336,438.0823969189881,51846712.71461982
4781820.604651841,438.12996965920905,11289912.08610158,437.42496969064905,14179509.205395862,442.61464744452934,9635436.39363688,0.0,11294560.403829481,0.0,51182556.86320244
16397271.123575663,0.0,16131166.590466939,442.91115007490873,16657183.595207825,0.0,18565334.11841975,442.0211817202606,8296411.162604236,441.91979018935945,76048693.4423964
14904451.3891521,441.03138204001664,11372590.77775082,439.19528585153364,491358.7174196128,440.02003760985934,6711214.013502287,440.4474512552735,9540144.342368754,436.93027683136523,43021956.86462717
7019097.1109529035,437.5038670407305,6459509.47726007,0.0,5577362.816990439,438.8903405212753,19802296.900492057,438.6316847637345,11000109.000461923,441.77869569396177,49860132.110745415
14331678.368267613,0.0,13752971.498064414,441.9043672295575,13378132.784282524,0.0,16282688.055228194,0.0,15428274.214537967,0.0,73174186.82474795
3239601.738272868,441.09467296810493,7669403.704084401,439.48799098873917,18916782.69684819,438.9385674004381,11006016.132829368,438.40999050781556,9252372.46517552,438.2267677437176,50086372.89519995
13794353.281008393,441.25825058185575,6265170.168111668,0.0,15143312.05544583,439.4308190864582,9339426.898123397,438.9229690557666,11602109.80094563,437.8308812895624,56146129.64655494
17864846.5711303,438.00872246707536,17386548.858357135,434.42456382025614,6758346.589284023,433.157709253376,10900152.499812365,0.0,20592431.664376557,0.0,73503631.77395593
2812300.83683343,0.0,7834919.42183556,435.0033382582546,21915098.684596658,0.0,15343458.731728908,439.0065240443711,9158345.048635824,439.72345419289627,57065436.45694688
11626678.46396556,439.02050083594776,2395888.77033702,0.0,4528820.379656371,439.7039586693559,21021989.920142468,440.2003357587435,21866816.20356333,432.37563647789045,61441945.038096495
11157089.035706548,432.372665028893,9615578.831591789,436.1664709629058,14947046.119413165,436.61397990800003,20976071.67408844,0.0,7805662.9110890515,0.0,64502753.7250049
13701566.101307668,0.0,3672973.8682567845,439.95955441677,22276292.575413078,0.0,7871571.003228361,436.73767723990477,15762768.585200358,436.340598069605,63286485.17123597
15077954.247464325,439.05793621612145,7157839.82070037,0.0,15439918.420731395,442.0156500734729,19894765.27363115,443.46998393322,9814164.040341647,443.6654397878092,67386410.0118789
13395206.014066283,437.05149688275606,13660005.31335664,428.61508551370173,20198549.142172463,428.6090630859864,19602657.65902873,419.47601801695936,14262793.258351784,417.9389673807781,81121343.07760678
12327568.215178039,0.0,2442395.408998915,429.2900293128194,13131228.382804478,0.0,9610692.688433519,0.0,18146551.554830767,0.0,55658865.54027503
9355943.16809308,435.15810169034324,6442718.140372712,431.3743468370167,17654552.955543447,430.609378301865,10286986.985763386,432.5099514634543,7545507.719389567,434.45587542841014,51287873.07681591
22713202.243557107,434.5784465904992,12999294.016419003,0.0,4050888.014030203,432.94747103258635,18954274.54478223,433.65547403181915,9721884.404093124,430.6782811082779,68441275.08255443
5513571.342909957,431.57445562455024,1705169.5477590417,436.110537794287,5987817.293855627,437.9380259238989,3308322.2035571807,0.0,14611842.11170583,0.0,31128028.12280698
12186376.35655728,0.0,13781660.512134627,438.3000384686474,14699414.924524996,0.0,21361647.443785936,425.4498056671812,5945845.116415806,429.3482552486916,67976237.45151803
22195706.98132633,432.0075806994294,8756157.789220799,0.0,7149892.940915599,436.8877993333187,13820381.12878835,433.9636622298863,7017736.762089483,432.7739013122087,58941611.23528414
5453506.86431252,432.35530144047857,7409893.821961027,432.5024253886852,14098823.644081831,437.0006483599229,8301875.602775249,0.0,14966864.47027259,0.0,50232266.261778414
16153260.97717184,0.0,12838790.11720371,441.02036837532734,8640076.563732766,0.0,19207889.504493657,442.9877502451183,21205944.951729193,440.7750222821424,78047286.89747207
15078542.551826416,437.0063397706378,9402620.128832007,437.15550757299565,4360759.774555176,433.8840727820364,4267674.283467613,433.82704072716444,15338176.059762409,434.45334408281707,48449949.12474856
8211725.438668519,431.18088765270045,13110110.197896508,0.0,8586072.608371364,434.29289823205954,10894126.64773589,434.5134480659907,17730586.750276037,432.6027945930289,58534354.23297686
6689423.325815318,0.0,10165608.369516082,439.9853226471598,9783189.930319745,0.0,9409848.495058514,0.0,16580093.49749682,0.0,52628603.60352913
8409643.346377233,442.6098793833036,12910533.861211097,442.0401068221295,4051224.368798356,442.00099673098583,6018162.48534891,442.6215564502087,18926891.1247606,442.70292378423403,50318667.161959365
8022805.06766033,442.15349726210707,3090140.76141701,0.0,12118363.857283842,434.3697325063059,9404424.486716015,432.02936639126733,7264890.577613289,431.375825703475,39902364.67911235
18187237.597725134,427.9762839346424,1352094.5424608695,427.68062658725984,5382808.254596857,432.0321477015728,16956237.297919083,0.0,8062657.974342278,0.0,49942323.356102444
3918412.5316132437,0.0,6779130.863860017,435.76241206900283,18174319.538894597,0.0,9039577.114165843,439.10179447428595,14388974.97389777,442.5942136196809,52301732.480851635
17103098.466851868,440.74038106638517,9361724.534988804,0.0,18178724.012249976,439.0852268972552,14781794.523441855,439.0923134534902,22246138.252797745,436.5884156926407,81673235.29666735
24154001.377153937,436.1807399967372,5973884.996454999,437.2797019332247,6086819.619362119,435.4239762129433,4265851.83848206,0.0,7023130.107970206,0.0,47504996.82384146
12993876.481061881,0.0,5490980.785847266,431.3017100042996,18941039.11555645,0.0,14922464.839902068,435.7568473292802,18513670.45244404,440.1965820506166,70863338.92995109
14286439.049639931,440.2247845523158,5631909.521757517,0.0,10913384.488542853,438.0921203665039,1260663.2991039634,427.3371159594744,11729590.375877427,425.33682205712876,43823717.725764625
6217550.412895239,423.5355180082954,5434169.278858775,424.76823229242643,14717653.944822945,422.70575314095237,7701792.993701042,433.03137417357425,7540787.160112291,433.1745781408916,41614091.00584604
12339822.520691859,0.0,4899191.247838358,435.9327240897344,12747677.94997193,0.0,18983860.1488596,0.0,12508707.894240836,0.0,61479695.69432667
10213976.139333071,443.38735792776714,2023372.8462141992,442.6335260832371,9427447.301207934,441.6653036009505,5359076.672683015,438.5243915215876,13134373.610922601,435.40081104046186,40160448.18175099
6048888.625176722,431.59564251022147,3398443.686968515,0.0,6823770.320761488,433.11577572342077,17635878.90452113,435.56754223722334,2355499.5075535346,438.20416180200226,36264219.52810366
22682769.149371646,441.15740205101235,2812351.9576397855,441.39620633566545,10975249.41151285,0.0,16458004.09026411,0.0,9002781.553473191,0.0,61932038.71586997
2630989.2737511857,0.0,20258949.814332675,425.2138397377328,8266487.457519278,427.7791336375058,13583039.529377185,430.6274309162062,23251189.42311477,431.5901836813575,67992370.70868306
14966832.137238093,437.8384987320019,4571256.352914705,0.0,16218704.624956382,431.4403511242005,15974333.202418765,432.620178066411,8510914.937462134,430.93492607648864,60243774.08894408
11283603.960585011,432.7264614356883,7097063.331679096,430.23678275826774,16529461.772531362,438.3204594158633,20997800.351995233,0.0,23374145.183994498,0.0,79283375.88448882
6005751.980678464,0.0,16166705.420703152,435.78674768531044,13966924.467427492,0.0,10192518.359524313,434.3277513876481,25275381.299059313,433.2174552600134,71608584.85934706
15341092.387340538,436.23678569973714,13745854.979931911,439.7923266047951,10278768.264529724,434.2348220681212,17557225.749836423,434.5248893974823,17597807.53709995,434.42362641654535,74522928.13118874
9164969.85518233,434.7044659174529,5347076.211864012,0.0,10291283.232732197,439.7345952682682,16207832.265525788,440.51298433617575,6586506.010116989,441.2717908073725,47599423.79925764
4803382.825567617,0.0,1212817.6393309406,443.1426882860039,15313505.250348447,0.0,16167150.401243685,0.0,19244664.519435868,0.0,56741963.77861484
15794806.990999488,442.0169116649388,6394627.296895315,440.9536218799753,9361522.60607358,440.45467821192454,16177642.559618613,443.0123146877583,6186394.095398777,441.99090492764645,53917201.97741714
18620635.386454295,439.25460070965266,12729716.523329875,0.0,19087218.43312008,437.3062020639517,17996050.873509362,432.6423045077179,7614054.178989909,433.62801353740093,76049418.22652432
4995600.387787042,433.7123675499328,3849144.8865507487,433.15276999355626,4761659.346312969,0.0,15027279.860657392,0.0,18868375.978344277,0.0,47502927.32478997
10347292.25334649,0.0,25598429.124246057,444.1364132724758,21998468.623048466,443.9559119376612,19822431.426180173,441.02829042948247,8788072.698900435,435.94914901536794,86556459.19548628
15571953.393376099,434.41809581699624,7293506.335790813,0.0,3920514.1654894617,433.87229116161774,21869302.78763839,432.7975321115709,13424610.791831741,434.84887271734493,62081623.41091831
12168865.796466848,435.6740532482211,7300226.731473907,436.1163005152771,16976805.736402288,433.5568566046667,17357501.201889172,0.0,10717421.946315832,0.0,64522126.75975841
12820455.601233285,0.0,15997594.961282639,436.1899066897884,18741648.161503173,0.0,9118089.155338509,435.93111942198794,16660052.953473123,435.8333513733973,73339148.78720821
17169511.333966646,440.65114953610794,21440449.058584806,0.0,5951188.327216801,438.6673334052365,9234295.361142782,437.9826135384669,9517561.494940598,438.537668960644,63314761.41461708
19673196.254401196,435.09001478202987,17783254.47382466,434.8437069709004,7052513.416318304,438.8033866875091,12460846.079397505,441.9940100488215,15552200.172604263,0.0,72523761.12766442
9490496.188835477,0.0,17442277.36191233,443.62780114614054,7947571.6467327,0.0,2410258.8398029446,0.0,14803272.666101618,437.8803041659036,52094758.21149038
16966603.871524572,425.1899522278869,11201195.324527182,425.10573873956434,9137744.062687991,425.5575420269759,16520000.029283326,427.59088291907665,3370249.201740946,419.4795140597712,57197915.41339399
8294709.258408744,429.15111989810873,9264603.732229715,0.0,4214895.908335106,428.7106457599346,16429685.097120225,431.08016175468634,6619006.20233105,439.08857861831643,44824628.228930876
