10099320615.720528,9367498780.001913,10078714048.418406,9819130764.91162,9850896081.472656,9438191447.298822,9706204571.750269,9734579999.054033,10159223842.044138,9934242470.967533,98188002621.63992
4330998.181651407,5356276.608967437,2304962.654825682,1427185.7625654757,1871336.0104709733,4310918.2614072,7407646.138150604,3703256.7384731118,3255592.4688779754,1003085.6716661352,34971258.49705601
8784854.620126527,7143205.485121672,6775043.230895081,4342702.323183473,3041616.345971082,5851036.318713237,1834059.2038911723,4112596.7213024395,6083215.28732821,1956175.1275129311,49924504.664045826
1730169.1125386674,6314918.86022518,4085467.2440571934,6443406.521808979,3972491.108945626,4306081.5585230375,7874826.687523275,6738998.565571825,2019349.8032318424,4934835.080408721,48420544.54283434
5266870.182447384,7045084.269746746,2492402.938560546,3721426.557532678,1464716.5527045834,9373900.856067847,2567594.948935665,7696777.9517159,8167597.520747881,5701194.886036167,53497566.6644954
9542979.382241763,4219344.280596362,7017875.022615902,1353274.234421137,1474772.6891648015,3578564.673748983,6175087.075169191,7687820.523561034,2988094.199956117,4252327.65122255,48290139.73269784
8866331.680442376,2424718.35856493,492128.3260470727,5380402.534564647,1259361.4117941328,6523034.182201062,10299164.971287943,3230584.399802425,7603637.104968385,1916561.834253404,47995924.80392637
4118604.4891053396,5064139.940343347,3374263.3217516583,7268205.824861954,1164642.8584352804,4754465.171420821,5060187.651460522,5536429.61387735,5399144.076926019,40141.1998821809,41780224.148064464
4870409.207852808,5612809.456572681,5757112.787704197,9022809.27099462,2866392.777793322,2702608.64668081,8460495.20425444,4277565.664676207,6068792.819514092,3451342.623093268,53090338.459136434
4577316.153538852,5119033.134939942,8115369.931530124,5986262.763978309,1016564.280147457,6709474.971254401,5936207.671294248,6496607.872389726,5114054.546993106,501536.5094498796,49572427.83551604
6516193.5998364985,3858339.6851518867,4574011.409676904,7146796.027383555,1817976.8255974252,3802453.190813108,8614348.449870614,6062687.171069843,3312265.227235582,1051976.0656966523,46757047.65233207
2321206.613161887,6296867.318809187,137982.13289205657,7849216.741838142,7122470.755559482,6201570.038061535,5357300.404467388,364184.07419003826,6788374.8921123715,1056390.161530715,43495563.13262281
7618263.54351804,2058375.1331727249,6531832.140725056,9394412.49736749,8170775.952039323,10864329.49129777,8282816.708152935,4489306.282715788,3288243.791947235,1669722.4148903273,62368077.95582669
10442450.844687313,7558135.986090429,8372478.03437821,899615.2086913513,6695473.54278335,4258583.689585708,9706850.114862146,8407599.518630939,10137368.160473492,1758189.1326641245,68236744.23284706
5420766.6454626545,7729904.5413566,1480298.5341985535,9066524.195604166,6465185.006305555,7240640.993183499,9876848.761297887,4173740.361725475,2801350.811487279,2797394.1605620366,57052654.01118371
8804988.668315103,6392348.50634331,2667206.488241313,3911577.3084548675,8746577.75874734,5072548.870399152,8540585.229314195,7990032.556744461,5906863.04230358,2758485.0275214934,60791213.45638481
4093846.915758385,8006067.067003228,7853230.96451844,5929819.580253489,6143736.697713252,3486621.825310372,5171022.015743233,4337513.001722663,3538921.973296553,3288420.799079508,51849200.840399124
5942562.960694574,4482771.255183494,11540747.184527846,7340693.422419212,2835721.194535326,5750693.377747342,5374740.346298757,5167424.141914245,5539859.74045164,3351315.4930327674,57326529.1168052
4082340.2470690557,8478839.241781088,6279922.8450233275,5193247.361004157,5722106.757249922,5628969.025748703,4167559.047557284,5654318.103841533,5087072.544227119,6032382.852067454,56326758.02556964
5973975.967043315,3828139.750983367,7886480.750348013,6890408.323023828,6679173.019430699,4182004.7257198156,7061483.346192856,4059793.0692992555,3163695.3280007103,7591121.499352844,57316275.77939471
4503613.796166785,392391.7669101106,6867021.978134896,7128578.569237824,2711026.1870118454,6612559.112938281,4357281.846451005,5874600.980515348,1541423.868932059,293507.3979346872,40282005.504232846
2795419.466456585,6290443.859227552,6668214.150676111,7991063.251018604,4364168.905391491,8370210.392962254,7966753.242570333,2833762.293070259,5886628.011881232,3389799.5441816663,56556463.11743609
8957709.537764179,7428803.322408125,482538.03109930723,4536666.889139872,4614252.911100225,3431429.094998776,3631784.519983868,3423806.933673116,1928999.0386126507,7767810.30476527,46203800.58354539
2911905.4414096004,6816405.943776277,7495003.830295639,6571406.865099023,6806955.775570017,7622102.552394469,8124225.178551291,8339162.2217524955,2827180.208022539,6640080.364460925,64154428.38133228
4368616.293288424,7568453.244270822,10787661.64706438,10301955.330931192,1440103.0586708258,7601843.324343208,8468068.240410093,3987824.7088921247,8780758.492194947,6235049.4793809885,69540333.81944701
6706124.390325318,2783247.2354651303,7805284.391340902,3622047.775621756,3311779.0840836214,2268925.9486840023,3123483.2093886137,7535924.053093231,3266054.105230709,9368466.92163385,49791337.114867136
7130890.488464822,8817969.8752086,7133737.829635835,7509988.799712797,7183714.097269598,8823923.254994668,7360063.2714993255,3744412.313276593,6327447.651006342,4664677.61442055,68696825.19548914
8081746.926489417,8288629.7538068,3268135.07080373,6158909.333773337,7912047.436036262,8410619.096135926,4541047.611310191,4022282.161326359,8426178.161365757,7501026.489524739,66610622.0405725
5374833.693353787,3987946.7596085654,5680692.09457794,4326784.374305666,7976841.434750724,4627164.448234421,6795686.672487358,4038121.423254295,3898700.7101112963,6722033.159336328,53428804.77002038
7733785.875745913,3572797.5023517655,8901097.8955777,3956602.3743169745,3749733.147606085,8457168.277884059,9393371.448111435,4527361.304767509,5600899.563866002,4524986.037538469,60417803.42776592
5411356.61577456,2599614.719776716,3427377.7123518013,6546329.990472571,1561627.9221931926,4154643.844317248,2811390.444838379,6492785.749120707,6260515.626924841,3127324.1128539303,42392966.73862395
3069846.1140419063,7233161.737338631,4015986.415019654,2920613.9179792684,4869455.363240078,5554642.442385145,7516309.599939161,7496447.746734597,8163229.238867371,8045913.3666905705,58885605.94223638
8698404.73776415,2505411.7190556866,8189295.385657729,3853565.7698017093,6916591.0941699995,8422379.446854396,9180379.81268979,1517359.568841763,3961500.554392285,1315871.6825923147,54560759.77181982
9927876.857641824,3253141.96141686,3270713.3993661106,8010365.142844493,4282761.576551385,5314590.235953518,2083416.4934618052,4859431.9824175285,8156894.120051404,2618138.7180639296,51777330.48776886
6436809.1349041015,8502887.991490854,5897817.782626997,10215635.576679247,9191778.487721486,8454901.637368022,8085423.18842566,9518058.045432774,8948895.886273157,8598782.339908464,83850990.07083076
8171982.557613117,9409453.76412668,8029046.286203185,4334015.872896842,3767332.971014411,2628229.412387245,7858481.240180496,4484059.971945452,2581088.1376020503,9225444.37929445,60489134.593263924
4895258.988022728,8673028.761182103,8065399.6304158205,7388840.739703776,6871907.170053123,5444629.54410008,6317696.931076738,8019383.095601502,5990721.454681427,5353727.385041913,67020593.69987921
9397666.304116147,9641592.157793738,4818171.80482007,8729959.421877215,7313317.158719312,4066093.2748545078,7973652.629881874,2590552.507070799,7593805.806984999,5447617.218084344,67572428.28420301
4703238.571633491,6600441.13725665,8196646.432102745,8986510.328840842,6257131.207698798,4470993.367720841,4055292.6195670557,10181316.570695784,6929477.144597232,4688148.86000195,65069196.240115404
3642041.026089017,7830994.929380784,4887355.108617001,7855977.420858995,8178621.9137130305,5316012.040820414,5092336.954686693,9619991.462442832,5182441.011310466,2823400.9166305927,60429172.784549825
732638.9078913764,6062821.975058777,6213018.027618583,10570472.07800871,8867243.755954327,3416606.183610887,7808053.40047998,7831280.726721141,5854382.502951005,6155234.4808590235,63511752.03915381
2354960.31280865,7286374.89702542,6966505.531532915,9253276.480128316,9803600.519423356,7277978.638980807,7837207.650876364,2885749.7170530856,7416424.538365097,2010650.4106761655,63092728.69687018
4483624.2954948135,8851347.289786018,1194845.575024143,8623014.581171282,7332899.659194671,8781956.220668742,8016488.459535018,6956070.740838718,1595608.5085375507,5657998.746045862,61493854.07629682
8883048.814528275,8539520.494848428,4428656.521534818,11458930.990444176,8950566.347287687,5624334.603056922,5869873.421538836,9831464.46630457,3275212.9416765645,8046209.101659407,74907817.70287968
2300446.0498610204,11061301.155511929,4991313.73926822,7447043.367560489,4753998.531837941,8355722.148876681,6702779.939785841,3073245.2715085284,4778626.355253769,9603745.425345117,63068221.98480953
8727151.46101948,6473915.891927396,7437695.650560419,11038276.851862065,10072788.69112719,4878982.282727214,8886500.728566336,9694316.984711695,8680195.885508753,2876287.724947871,78766112.15295842
6479232.7928465735,8163783.034663637,4528830.661780327,5699970.826065769,5818981.702902115,6373007.531181456,4617234.170256523,6297619.010858453,4027118.863555318,8177945.49725614,60183724.09136631
1187815.188803025,6235665.532864073,7252535.891111513,9088254.5257788,6224694.518602911,8453239.378900802,7855749.792554406,4802577.601825061,7868566.22092694,6189708.835141376,65158807.486508906
5565301.204884684,3952667.622416389,8715696.500506,4744122.81324348,7537071.109871652,5965496.736083947,8909991.08195312,6988923.648873441,4191643.356752532,9841736.749142423,66412650.823727675
2975912.1689186497,6643268.565202059,4980435.399163984,7241140.619024222,7563137.220797283,2291365.8346248274,5164915.266267578,6281938.590731889,4156930.7595420517,11443092.86810578,58742137.29237832
4994210.91623082,3419140.7093106373,7419222.331584015,8422280.075579677,1959181.3898025537,5591024.289592193,2292581.263189287,6214410.631371856,8772958.672979677,13122049.396693502,62207059.67633422
8553888.958933342,5179127.870783844,2416270.348697572,3391805.214828955,2484759.5175918043,8075356.975875591,6242570.0786328055,3837906.6855990193,4322267.786169792,4799101.539738208,49303054.976850934
949860.5211740241,6869250.039539157,9102992.145521903,9555864.317688731,6295604.138739786,771253.5544599231,8131273.4908472765,7533494.897335707,3814631.4149022344,4885928.828496405,57910153.34870514
9486171.646922028,8770603.970107183,9375544.434345976,7788096.632183477,9184723.668642042,5353957.545904482,1695098.628371135,2722839.777801736,6724434.501751371,6746489.445094922,67847960.25112435
9608442.667045828,7620549.799884375,5531138.393453429,5883924.858689851,3064180.4688194855,6034025.711938679,10180909.538073622,5654393.76626262,3076731.415638887,6940178.787735571,63594475.407542355
2837405.722495491,7756563.603319901,8910422.94915585,8622382.113688119,6059831.852458193,3825240.574201859,9849274.086539028,9281037.299076367,5043346.091604277,6196593.226551353,68382097.51909044
3714819.0950139817,4695071.864614154,4602143.46372245,8132314.725216166,4551534.423047331,6558882.308091814,5662869.077880186,4123653.8239077665,6755884.272494874,5082941.318674091,53880114.37266281
7790102.386344994,5239168.423873757,5609230.488181019,6665175.186623283,4844358.985395361,9379564.455485959,7373140.387761576,4456370.95752078,5181851.730329463,8741049.866434421,65280012.86795062
10112895.53621202,1304703.4286904505,5106581.703937335,5700827.898551699,6553436.976122523,4411458.692532852,4987272.963639093,4223510.933088471,5977182.959035289,8231304.01988615,56609175.111695886
7532516.121087041,5265383.988005563,3172152.32247138,6548966.276139541,3779972.141648881,6739168.857949758,8441965.206573961,6006668.446834454,6485936.852794804,7893984.016648123,61866714.2301535
11402854.544045877,7834927.456837083,6596389.969494264,3538442.7490387536,6631761.698763014,1900277.429269166,9211684.485241326,6995059.257446707,1809860.5725890617,8325914.709094408,64247172.87181965
1952720.6892046565,2203573.52292913,7749480.817611675,5929135.717435057,2141019.008614246,8962531.107557852,3847089.6643829467,11023758.759958945,1928675.8845723758,2892119.9534530966,48630105.12571998
5079646.64397233,8487440.539479714,4369677.150120528,10462120.967262777,6598866.99938875,2389451.3353621424,1898209.034483507,2549164.639776934,5624136.587853302,2153038.8067011926,49611752.70440118
9868340.770769924,9361298.61041749,8228733.568319507,7555583.442327242,8911707.282329127,7467734.763519359,2586154.4996852134,8561306.660344113,8017982.803872857,8965798.985341646,79524641.38692647
5946992.36650707,1882824.3976608291,8263180.656435002,7289037.853956794,4554184.190467367,1742109.3650288372,5665493.026124191,2967182.5843418264,1792001.8920503382,2965569.666429764,43068575.99900202
13247240.229417488,4345992.928928644,4252726.441279939,5848946.92474158,7463602.313095407,3777683.837794781,10986173.399696467,4422879.996269719,3133469.632752782,7812155.333629925,65290871.03760673
5233992.635239451,7335800.209574907,8453207.061257832,6156771.980201714,3684782.674755561,7469588.001308971,4529488.960788403,4447102.934960372,3910730.9015876055,7484918.975450067,58706384.33512489
6415892.512275488,4357027.052245582,10468365.096591214,4517533.152860143,5478772.198219337,8153882.13374481,7846063.275244417,3944788.2680286043,4706298.4467349285,5207706.1347492505,61096328.27069377
7957799.964808588,6080786.683159874,6941213.539927553,5666675.30459522,6436233.244312882,4802762.427729206,8282829.07946453,3557885.2649197127,5684640.636512022,6262874.992675277,61673701.13810487
12775212.48725127,6493434.081463548,5148575.988871113,5961173.314368291,7069855.672962062,4079453.5204634587,6710102.191852877,5824097.177385368,2248974.06388055,3722848.9211911736,60033727.41968971
9009732.963712657,7046149.523048074,7436319.213536833,6036059.215430851,4387509.243642219,9264369.634146862,4095257.553388145,6696030.844775212,2112288.21937807,7334207.040454364,63417923.4515133
5728003.983419989,8498475.25582284,9042249.946926644,8740125.74065842,5561421.541726621,827612.0438532685,8935072.388411263,4364991.2939740205,8103769.916385629,9669805.998658365,69471528.10983706
9523936.404999143,965678.534865911,2293589.4679587563,2340081.727598468,11444834.577456225,6907319.289893088,2365146.823361423,7242755.94311524,6892416.888746565,8994813.963040061,58970573.62103488
2426720.51574805,6493399.076709449,7362424.735584419,5066391.8543199245,2199702.9978355323,7471222.782455535,9776060.964984743,2451479.5319177406,7338428.446388762,3504490.56817968,54090321.474123836
7633144.626665842,8148413.772350475,9016537.85268434,7893626.797674313,6581517.866187799,3543778.195209292,3599012.9661060255,7966558.156555353,7111827.249164788,6723746.749374684,68218164.23197292
1682297.9215864341,7160671.483128602,3027696.549415183,2072448.4846445099,812188.1134607198,3526055.3823454613,6797233.313503883,9711871.731515585,4682886.283513969,4792847.915177023,44266197.17829137
3825059.542409245,8237715.373652095,5650269.948515013,3930629.619961744,4302738.300918797,8581599.368898371,4302861.767332075,5023406.317793058,5060572.43858311,4695532.427149007,53610385.10521252
6106240.39441759,6813848.373051069,7664291.683268145,5414548.514581966,7817257.452849791,9252280.090027012,5724147.474637935,7475631.439980892,6015546.396412418,6454952.513295621,68738744.33252245
8962067.655717824,5202049.624112174,6851772.012150705,4533315.928074431,2693614.5447351164,7375067.251150991,6288190.448288271,7273809.32866134,7543834.498032957,7852735.427511691,64576456.718435496
7112710.515430227,2993337.254305863,3281028.1509257616,7118019.620300205,5149125.655183264,4905259.225157224,5362625.654131131,7996587.2945155,6017574.922513438,8136337.184699635,58072605.47716224
1099496.882428912,8665564.616162146,7221527.704444699,1853018.0213301796,9399470.710212158,4887525.0579429325,8372595.012802901,2677980.7658865913,8479184.655532092,6508142.111722025,59164505.53846463
5788595.0280982535,1576417.5941328942,8179883.6471901545,6598910.531008893,2883335.8567912662,8593128.91839566,3587719.5565753845,7331310.833431694,1353040.9813823765,6276185.510183823,52168528.4571904
8873881.340073451,2259644.261846134,6863624.3747804845,7577610.368852388,6677314.015316896,9142184.20665674,10762898.163211128,1152261.6993634861,8003805.67070549,2996288.004225582,64309512.10503178
1781756.228326539,7057405.762055212,7657456.085016528,2123164.6814474384,2351213.281886962,5059223.96069984,3043378.8293970944,4149273.8592347493,2402450.2534872387,6336332.220347559,41961655.161899164
7449936.845693363,8211507.092776637,2912132.0344400434,4630950.2979829535,4553462.076205749,7424408.315775778,6908036.756434327,4553727.864374085,4131483.976300868,2441857.922082387,53217503.18206619
7338510.358310836,4494584.474199989,8102771.853920225,4871081.892372202,6795378.435581503,4793144.075556122,7114180.017441659,4133665.752217219,6652993.648390152,4227936.035911116,58524246.54390102
4784589.212614034,6031642.664159362,10750973.720101068,9304847.176646829,6045312.316186583,7368168.594062753,5227101.343290585,4701371.230286988,5547427.580732268,4392652.240859896,64154086.07894036
5635248.060525399,6865638.783395141,6926364.116893345,5626212.081214328,4561850.592059606,5612928.532322917,6510416.024813814,4402331.389681717,6500677.7687324975,3812314.812508308,56453982.16214707
5508541.867797229,5787736.192533311,4219996.989246523,8327191.7709492,4338422.802008842,5232486.527833394,7839272.169031091,7261263.379581294,6877682.502986063,5781142.6542799035,61173736.85624686
7085993.057220032,8897416.741760815,3996613.135450678,4894747.559790927,6916203.933189923,7220333.1165274605,7005747.500848305,7615264.213100166,2675207.8295385875,3985342.0759848864,60292869.16341179
8634469.159029169,7754980.232418914,5409262.636495139,5167512.105325663,3426583.8074902673,1521994.682433946,3302008.0310581527,2067232.4936651217,1858426.0698052105,8587396.564172104,47729865.78189369
3415643.460905403,8902163.21998516,7000776.109505136,9358016.36521605,4561906.990527837,8602459.32443049,4103627.956599417,7610866.5335743455,3634035.2528805523,7967455.417818023,65156950.631442405
8289533.912598783,6688971.806425216,8611151.54943308,9581361.179117855,5582529.229711214,8385286.68337393,6616987.905790553,8422018.764065688,9288607.39636218,7244868.547071388,78711316.97394988
2515141.271084778,9190215.943891881,8698340.72678394,8616044.996079693,6537610.835067983,6840038.479937952,8464272.593905771,6728562.527301353,3341017.961514392,8260787.906287113,69192033.24185486
5090410.374350924,4353313.755571772,3224610.1442507952,11061126.177702192,7996122.348904244,7779109.740228148,8865678.671247268,8205596.276796798,8387721.363471262,7035354.836897848,71999043.68942125
9836791.830612367,7024444.630490378,7778832.788036767,8963526.99288854,8492912.544808341,5171916.0108392,4951218.725183897,7331414.975697205,5534184.695498125,4554551.893965835,69639795.08802067
6870244.306085056,5895657.33795498,6067690.653030212,8799251.434896158,6441432.318241652,5315361.060018641,6389712.202893282,8633786.769879894,8117706.932609362,5008400.380165745,67539243.39577499
5048062.000868701,3237469.414021372,6642807.037259289,6704941.375090226,7309738.189887841,5169111.3786097225,5863249.005256631,6711835.102158921,3602236.198862963,3915754.6959408815,54205204.39795654
5892475.010402549,6946926.597670263,9419034.412182845,6781521.784079824,3487805.6277408157,7873160.800469512,7982292.767862979,6290395.391519299,4220008.879920868,5584914.680988436,64478535.95283739
6098416.4505034685,8487307.152770275,3248546.2131363396,4457254.25943237,6162560.361449312,3145428.3295521713,9463752.521485658,8593668.364780039,7846901.501922545,6356366.436390208,63860201.59142239
9367371.235716935,3590188.4815283744,7249530.510616122,7772403.660630387,7515529.419115376,5920063.608481085,8219364.587229919,4853038.215914482,4329398.833159382,7576206.0290681645,66393094.58146023
10281389.108173661,7609517.228659499,10351319.819778806,8703140.213661436,2244634.0874304143,8944777.068444658,1613861.222073308,8668136.996045604,5341558.234389166,3237204.878614113,66995538.85727066
7960857.534377633,8375835.134390348,2465788.3709168644,7743754.3208829155,8049250.776536813,9362581.398111388,6569809.808454935,5706403.149110566,8391378.225876087,8241900.9022760475,72867559.6209336
7744612.580694018,3326937.9386419747,7504626.6919400785,9709502.536008732,8571792.601613881,5892232.977054593,7187373.2760137,2522757.9171306607,3557468.720259991,2872485.1958408793,58889790.435198516
10005383.427673364,5434289.2257404635,9376906.233476516,7011021.8021075595,9155566.618075188,7773141.815137851,4000394.5940017477,5695744.852111113,6823585.367175024,6513460.567907607,71789494.50340642
9431475.210912528,3920148.229846182,5104253.156438318,4778471.855426031,6493655.813220792,4695417.057559587,9638320.393326433,8504756.86076573,7476657.048563433,4809539.053403348,64852694.67946237
7378060.393288266,5625286.428367541,9876814.608168634,11079589.03302528,8996663.52270641,5553723.633509868,8637506.062386913,7823343.265008414,5324573.6268497165,6861770.554166541,77157331.12747759
10474100.780541714,8888166.638756704,10377191.749003055,4275025.463020327,7228615.567924843,3889187.2778505282,5724816.924239952,6491588.012505911,5970838.316050692,7228371.697105809,70547902.42699952
6813108.225792395,7601016.130674195,5748514.973843729,5440492.582482943,7608474.236946066,3434188.46576936,8130779.328809233,3533707.812979516,6975883.357214798,4931846.125228373,60218011.23974062
2273051.1602361016,7058251.031105533,6724182.111393007,1768181.1293202797,8129739.616579758,7497158.525720801,7283322.512944136,3831948.6013734834,3714812.9297245503,3969558.911174318,52250206.52957197
10622735.392697398,7412317.151242848,4255388.424609616,4582001.609174462,4163682.951472152,12011520.95933975,7152978.058742921,5265369.550027012,2021115.8375048076,7144224.413414283,64631334.34822524
10659920.557617739,8624602.002876569,5793428.13510645,8295209.281743356,8563227.21186429,2127544.380321681,4922405.262972993,8157370.9982006,9264321.141323654,3533399.040099833,69941428.01212718
7454230.694130311,10189901.113295797,8438076.69071097,9024759.52988904,11502379.953816425,6973171.516529256,7122719.910809885,4926756.099848343,2763593.7724761264,5690864.729053487,74086454.01055963
7641241.503968963,8781013.435313683,3895723.3095452604,6367042.097276777,10797801.068771608,8220963.799050819,3033713.9349512192,6081470.965593009,10170004.87003537,13065301.474533025,78054276.45903975
3047008.5375152603,3826490.326310906,11084450.244084815,8879464.381138869,3170523.7678542463,8635871.817948967,4739559.803118263,2458739.6011808636,4723450.202189791,4291613.086642722,54857171.7679847
6256559.880873099,5049946.720665204,4003005.3454938587,5380623.300360323,7814348.880995356,4436291.337715104,8613861.549608665,3435030.0480884127,8493527.299167698,12786247.637474172,66269442.000441894
8542733.32816922,7224399.630761943,5994110.215669041,4978376.823765521,8779509.24475682,8115518.627380735,4354603.184184648,4770320.869479896,6658326.003036355,7671242.312393572,67089140.23959775
4107305.7706416366,10854293.26820827,2300190.98391088,6763159.325417684,8331769.7079899805,6761422.049591921,5746043.132216411,2361282.3729926706,7340570.453000135,6260954.138004081,60826991.20197366
1303380.177943854,11854673.498085242,7509494.3741268935,9295891.85417053,5011837.301104576,4365897.63249209,4654916.622332216,4331152.479983574,8159368.436372195,7568901.577565749,64055513.954176925
9643627.845171465,2462143.0934307342,3504847.3845154024,4440624.540663339,8680774.827360537,2543078.4308792846,5414829.763244396,7280720.749386281,3675743.542532358,6529932.397136023,54176322.57431982
1171389.115243111,1841597.1095763408,9912439.869582519,6520048.0215398865,2573356.658090963,7029451.741925762,9874476.40099286,660609.0703539699,9153084.380013855,9709918.105104951,58446370.47242422
11495259.003516618,4749371.976128057,6545221.599499372,9841012.680783309,2947406.0682487194,9576424.468406547,1395738.8007405908,7964804.410513258,9691734.084820835,3829158.7092499477,68036131.80190726
1500599.1147007118,9964095.13677614,8935878.879551062,2341672.4648728594,11050693.76994935,5825925.21167355,4600364.524682701,8514126.246904707,9858375.806195153,8763674.739027994,71355405.89433423
10620294.395779265,5182893.751086166,9388961.184560793,5907897.1459728815,3549754.2802650286,7075199.793805605,5960601.482034122,5604008.575801308,7881723.155043902,4101247.7483648276,65272581.5127139
13606242.039599255,6803649.776387187,3336056.0299440394,9405222.663654953,5470549.680204404,4557646.011332455,6295734.275125402,7183242.283728007,3456041.576368245,9749345.320270954,69863729.6566149
5839802.043538142,1657397.148886802,7758818.95762311,7021055.737189303,12899812.595025066,8868472.23207392,4809843.40426028,7102719.427590642,6624147.437513559,8321237.083834111,70903306.06753494
9563175.870840184,5335865.6011344455,8576361.129198635,2759338.682846038,11863398.661494378,9620473.403530832,5922101.654634787,5329939.573964074,4907124.66490237,10091089.933571,73968869.17611675
7506500.431109039,7955650.824508709,8836826.625170419,7784511.910213001,10108284.89029332,7380902.428904101,6739323.024367634,4326429.724333243,5495063.355761832,8896888.035987435,75030381.25064874
9162950.792299775,5672402.086368967,8787009.382080296,10289118.77642046,9526762.403580839,9282841.200290216,7199395.146825248,8331566.749949278,8007774.688747696,7943271.778019749,84203093.00458252
4220261.361991475,4536849.3208081955,8103052.160271058,3320315.4261434795,9930490.220328737,9789073.07742546,5090319.119366171,9307461.628997806,954404.3615643951,5932984.301101499,61185210.97799828
10604947.248248164,6265583.800862689,3306576.7967920494,6717657.843117316,3240824.3491397887,8726912.093649616,5904581.743935722,6110696.914064676,10343692.447505219,6591221.376384563,67812694.6136998
1533141.9603682968,7831332.469320439,5944917.535538775,11570017.050112158,9100232.433575787,2669780.940756174,7624484.10393815,6804944.814553691,8905197.734183127,9350296.476680152,71334345.51902674
6470394.866800092,2780882.7578201783,8473677.580666825,4064592.362866605,2742867.411017249,4048335.5617720173,1837117.258973461,2488208.453542506,8795089.59678556,5792281.193837288,47493447.04408178
6631298.723173327,7676180.2554201,3818868.4965179893,10426985.577937823,6521885.869941306,7544044.860589207,4489225.614055677,6735597.260096064,5740364.222855238,8757918.150323808,68342369.03091055
3519082.4306558087,3842459.262789002,5543332.216551521,6760601.38387286,6277394.918545841,10167242.219937723,6133321.32599345,5525254.2219618,4539198.324508459,3719539.215038354,56027425.51985481
7468597.3503271835,8420245.482527616,6838603.418089481,7685109.961449279,5905302.020811107,4563359.966492816,7796613.806123686,5144159.863576502,7037591.460652634,5649339.025093144,66508922.35514345
6577579.752157826,7141815.538324817,5752151.081541436,7557328.655786011,8840679.65435248,3740003.032416634,9217852.568719713,7114191.7549394835,7788417.004816842,3700941.515067121,67430960.55812237
3500514.132188598,7844268.90870328,7139958.464582097,3040643.5424532807,3402902.638501059,2945002.4294549343,7335044.486155726,8905150.332389528,7020707.894939614,6998970.092953818,58133162.92232194
5428931.780950025,4713243.231431119,6569933.935105374,6283124.897652901,8574072.742289966,6213792.112959682,5281367.053000796,7230596.69252683,3589317.810495819,2404131.4342118814,56288511.690624386
6337984.113717441,4677756.0247565815,8334030.319603577,8307348.216727593,8715982.503493166,7344033.86127363,7537072.539899896,8894000.335107777,6423035.396738162,6105632.2117684,72676875.52308622
9400256.72591287,6527023.925737444,938383.2718552271,9956280.181015067,2895351.4058604217,1887850.9325803989,9391585.309897013,4399470.272783342,9887088.708971044,10274804.123779805,65558094.85839263
3838863.085421483,7690513.323605944,6473356.920759991,4548321.124936803,7532076.598053986,8281849.316507822,5433896.452053731,5501968.066873317,5063233.041242792,5082469.599247354,59446547.52870323
10084275.274238354,3424089.176524466,9024121.085603215,6190208.507454978,831755.1833260109,7156171.424986054,6006335.2091050185,2282721.893394138,7491832.3160107825,6197967.117178622,58689477.18782163
2591174.9078415805,8020187.376869072,5311927.3046228485,7539624.716077027,3577233.7094422947,7966213.289119697,9078639.721766878,7594723.849522837,7125035.938529801,7855016.342105252,66659777.15589729
5997116.788465844,3125208.240798952,7814448.671954909,11147187.006264694,8419921.320844175,4223745.679693558,4466141.673699638,9146557.291596103,4396782.254483305,4581422.476364646,63318531.404165834
9353029.595560886,7440371.321356991,11803750.853577245,11317670.515821617,8678327.222954579,7323834.786770356,6222861.046944686,6686621.078716402,3881285.1868140493,5293856.148656883,78001607.7571737
7974031.146559615,4747276.050602361,7179864.44078592,6534821.848857336,3491238.6628866144,5216158.491010648,5964849.636440199,9096323.127292795,2596402.7559229806,4752793.87955464,57553760.0399131
10061783.78442086,6861067.504806444,7513258.821395388,7447061.565404009,1647567.6521274962,5436069.237522926,2499914.8291935683,6947565.272418307,5616573.210161055,3584725.0954479766,57615586.972898036
7560752.665597337,4097642.74158237,4159647.586456585,8892359.635746352,8553598.843890594,7086418.0514699,6399896.811308616,7840555.3919026125,7173728.782509299,5107587.307480287,66872187.817943946
1758131.5624865128,5961274.766011194,5316870.010509936,7868648.299134989,8384328.75154365,2428219.267003689,7147429.896331986,7484623.854101119,553713.8201095792,10326701.512691855,57229941.739924505
8649982.488259193,8782972.462499509,8589825.308886845,8741972.87710435,7273885.310184349,3729546.2125088484,2321530.184395198,9530846.824883884,7010531.803004644,3103903.8092869907,67734997.28101382
7986024.186739688,6159453.231231845,5304514.783648023,8755838.158538377,8665831.65772743,6423506.400561061,7389347.891603462,2434343.5105848103,8445264.536238244,6121250.1584134735,67685374.51528642
2000008.2919620927,7575642.27540157,7304721.846854343,10878438.050608028,6051410.968357117,8237033.256193068,10400160.91753298,2875787.026660015,2398961.140880931,9262749.61665969,66984913.39110984
8278109.148760888,3470472.39912486,5816478.635655979,9466081.465271205,8172907.232506446,4164997.172497102,9610688.88080899,7084145.061772811,8918190.266861508,4675188.712519301,69657258.97577907
9727262.62262304,6157374.935063416,1009588.9675943081,9511430.602903666,5351574.375491705,6137422.021000896,6640973.165528428,3936235.0923039736,9837322.615004398,7380038.41902608,65689222.816539906
6255105.908329522,7052939.5819052,5012300.603532249,6215593.57099957,7031548.266919118,10033153.730530303,4027554.5282727666,5118383.663996966,6509698.163105455,8660678.540752929,65916956.55834408
5100111.900627635,6343315.090573464,4122164.552647808,5634332.337918893,3921497.4945965866,5775395.352346741,5503056.065524798,7404871.216497137,6758730.604523685,6507608.390405765,57071083.00566252
6026581.809966072,6339038.933977058,7813204.477378105,2688830.930076512,7976879.708612143,7005324.588386718,2759986.267064413,3412333.2673507617,6555061.374749055,2790342.8230458167,53367584.18060666
7879342.923907766,6375692.873104501,3797812.8806664147,5153440.734279503,8615120.051259376,5434966.300944988,5778431.6753425365,4862980.12720701,7628177.529943555,6467679.179353465,61993644.27600912
5865142.045990716,11261669.121204171,8739080.773066908,10663664.331291432,2524956.192167375,7480657.271544339,7310136.741720557,7606669.377809652,9415229.170221066,7354965.0395487845,78222170.06456499
7420236.894797601,2277700.376156393,10618689.73730383,3846857.079850113,6205278.723437145,1405292.970318202,2472973.6154176085,3378637.4478916605,7941003.648256712,1071567.8556800038,46638238.34910927
8600780.169689637,10032354.264407657,7921759.727992635,7657531.988542542,8722211.234734487,8012125.415560994,10575215.892753694,5596889.074683571,7475766.955347767,2360152.180877284,76954786.90459026
6302063.258655233,8358928.253554029,10164820.395956779,3015209.005498289,8818861.624953449,6641887.828970047,7784733.679053013,3728645.5876531713,3235944.8551318767,5068319.1551044835,63119413.64453038
7761208.521122025,4663451.219665057,6713417.596853057,8199076.638188074,4337946.517772281,2221229.721893302,3855713.6469795364,5823898.64179256,8239632.466687416,7972120.200297844,59787695.17125115
3082784.3052542326,7296836.7812776845,9258152.78635753,8596193.1094476,6328104.986995996,4363751.2654112615,9118459.78899183,6372001.387216083,4649884.282522327,8717757.21241051,67783925.90588504
5851512.802129259,4511871.135052747,5505676.26013127,7798292.339953864,4906786.572552143,5109596.8613926675,6702382.655778901,8191655.954114345,4049808.6680197273,4484932.947357002,57112516.19648193
3338818.430323449,2014696.6784582136,5360048.068985544,8038403.797910148,3204266.309122426,7731802.817562147,4854889.035404956,5504139.725950453,7477791.961070188,4584473.833495664,52109330.65828318
6143995.89429048,7935955.659804352,7594274.322551454,7827727.064043028,4112645.926955596,6556195.651343075,7772814.965214386,2881028.5543203186,9771025.791479694,5870821.152939881,66466484.98294227
7701413.716849998,4175053.387742588,5208373.697388968,6955314.139538992,6008850.400399776,4175585.524582331,5151571.782909677,6313133.3270013295,8018851.423153436,3956690.137275871,57664837.53684297
8992964.757292263,6284555.619592778,7650618.927686476,9066499.202364774,7391723.110671678,7474155.633633948,7616820.605000796,7814676.385002456,10311029.890362056,6220305.692549719,78823349.82415694
9155152.275549322,9208636.482121084,2095997.4682934743,3017249.521180148,1720649.2526357933,1588733.7050850664,1731274.2888469785,5059600.151269992,8033066.253918371,6483079.017829472,48093438.416729696
7514369.535297093,3053208.649424401,4368215.952174275,7398996.06443784,9642967.411810406,6835997.939366132,9418321.568055088,10036649.146102477,8621175.286618546,7391296.8586864155,74281198.41197267
2874586.3427803246,9652273.976857511,7799881.758427323,2002123.4688228124,2500489.017179865,1462759.8782988559,8216193.2512618005,2229660.0557533395,7806199.19042187,8113144.5007513445,52657311.44055505
4242543.476207081,6224196.34374042,9799024.407220073,5957678.578649442,8871083.687111175,1805189.859123361,3484634.317875572,3602692.6014610324,7054511.367383682,10657259.81556921,61698814.454341054
10471032.818815008,4112545.533849714,5691129.994149182,7761997.076390743,11596879.01363267,3952581.7897638315,6401469.898813669,5573809.264237783,9601115.436073756,8156398.659510393,73318959.48523675
9114884.530575568,6850325.371838469,8984909.776701337,6049443.279904466,5684021.936223319,4829190.053531975,4593565.596346929,7076352.626523197,7001407.410836125,4980160.225793422,65164260.808274806
6526276.708384413,5270629.5349809,5457144.401306354,3197454.4405061295,7828418.660852096,8227496.106271067,2862380.0314130792,5323208.721132533,9167332.558191385,9245918.412426384,63106259.57546434
5918707.382339911,4238593.687098458,6503424.464720267,7750802.5920254635,2606858.8791545723,5122317.368663821,6158153.445397051,2642002.0460153366,6956940.512402206,6453227.747224304,54351028.12504139
7183737.991972596,5473751.505337181,3411761.9635957363,10409669.409163114,951571.1256535348,3020815.7393787573,1401516.6048477762,1823454.2988714948,6954496.3517068615,5170208.916543319,45800983.907070376
6284831.520053208,9111142.382680945,2138247.071910078,1630182.7288368295,5652362.106548614,5765575.743495221,6729384.661863891,4203811.830384144,9020539.765955966,9241879.217487257,59777957.029216155
1792533.8122262498,2711567.9730630624,4753987.082001935,3434450.9003714137,6841404.623577121,2269974.3795557646,11841039.83863069,7013380.174953138,7759070.821332309,1609323.0914941637,50026732.69720585
6403535.61562353,2977159.638851916,6783068.244996395,9066784.9011049,9236112.148225535,3353733.1471739686,6003695.4632346835,2004316.684010751,8907140.352189407,3781827.479950423,58517373.67536151
8966408.908836693,6282493.97246249,7808812.719682467,4287858.812323672,5552895.052370617,4351942.355824812,6330210.193062573,5795853.617122872,3299063.868174674,5366868.137658266,58042407.637519136
3712357.4033555216,6949781.230745223,5118139.1336384015,6626692.3756760415,6574029.331246546,9649278.90162274,7682840.487910864,3111562.745612226,5726690.037775922,3406500.303901937,58557871.951485425
8711780.502070557,7790675.546685367,4179780.7602327964,8861956.297472663,8762292.33964748,10742876.233446995,5062719.245707701,6094877.242844697,7968804.220619837,8282837.98394396,76458600.37267205
10935672.745029692,5171137.739021473,3891191.9148723157,6203136.525820702,5679043.424471037,6048616.471047919,5352053.783332504,5050521.3492255155,5591588.26391499,9693115.43985568,63616077.65659182
6552308.776102989,8463480.544654245,7080968.089398772,5526984.61972725,6699347.102650139,7603185.50422375,4523170.347299582,4573547.065293654,4968542.553362757,7321099.462238387,63312634.064951524
8152274.398953873,5710941.465133526,6349009.250043347,7760468.571436996,5927134.388860485,3642034.410039185,5909793.018005627,1758932.6793442918,6990699.27412,3148853.893860027,55350141.34979736
7975198.891414474,4307010.718602625,5233812.837716218,9567962.82854906,9722358.214699345,4054277.79548543,8504446.702962186,7566910.162038117,5492161.006964487,4877844.585492935,67301983.74392489
1475888.3621266447,4990780.650645402,9787934.373986237,1529113.7786060325,1005826.027304097,8170856.311510411,7362595.0279494235,579632.5620109494,9686502.347254675,8247443.515902982,52836572.95729685
9166038.691164298,7946116.5992790535,6916377.417614929,5534279.538112407,4531843.1358980285,2204385.789122194,9781092.493994521,5512032.463441556,8618961.705046335,6770559.8732557995,66981687.70692912
1877107.8501628337,9755907.47069829,9583971.004849968,8536819.88886864,9104784.41008935,3171003.164512438,4418257.4166816985,6856137.701403242,2877191.399541541,2491374.6662637987,58672554.973071806
4871247.8236749945,3373338.01125449,3325963.082625539,7396204.314667995,2741743.2836270127,5371918.800758025,7984859.747870012,4533240.356500349,8206100.155008145,5415621.872772784,53220237.44875935
6518971.092518422,6885788.500743746,9867373.663095409,7687538.395015715,6195282.194430883,6401538.071641755,3392806.1290768776,7929022.150744992,6806178.646796322,9707774.865170423,71392273.70923454
2816007.1167016835,9410087.644925874,8535788.592303101,9087382.571113413,3641471.3954058634,5995367.9457607595,4477569.883167186,4868333.661891744,7332650.6763448,4878417.444239363,61043076.931853786
4965096.985938512,6432651.744669663,8678488.852718806,4603929.6428867215,2395576.7370546726,4986090.685817667,5026355.379525137,4636503.015624291,9125948.556670193,7562687.590699132,58413329.191604786
5635534.11102164,8322850.333305835,9118210.897525989,6557305.794781007,5919859.609378715,4069977.1017268053,2390575.722252015,5465823.520441094,7755308.986477316,8828888.680878766,64064334.75778918
4339438.003323693,5364998.790233474,5735285.071203623,10025249.318411786,8004383.960968167,4591225.752475594,4691099.441234944,1398025.8853496674,4912107.232997833,7421626.3615842,56483439.81778299
7714123.99986842,8001864.850214103,8788450.31744123,4416735.394725457,6814483.0946833715,5147792.257336748,5298846.412706479,3276664.8978134757,4697346.624370254,1862306.907436399,56018614.75659595
4421650.361690524,1798000.4774731135,7249053.950017583,4674409.883488355,7495656.821476437,9239651.49523723,8056819.381110783,7755589.300786518,7422848.906300796,7095037.481139067,65208718.0587204
5759146.53576024,6353288.287531484,7202506.405046149,8734821.075751156,1264953.9064888982,1574499.182389929,1220310.5675260185,10238286.564426413,8026854.763161987,9966479.414027896,60341146.70211017
