1635468829.8556688,888316394.179114,2054919584.153764,492243073.25577176,1932000420.8854532,833978928.3436912,1771900893.6040494,913134590.2971216,1867322820.2227693,806234724.948886,13195520259.746288
5804731.698607188,721491.6251889762,4963601.684600542,3600382.6252164547,3654493.065670293,7147786.733040043,2382577.7875832175,2842024.1045018304,4882746.841590342,3218220.7948402213,39218056.960839115
5664914.219174852,5400026.627551498,7386231.409675817,7976379.947314069,5243866.174507571,8364330.195852941,7379522.1880457895,2517058.598097767,5456422.0244909255,4048489.653162192,59437241.03787342
11269798.918195553,9011646.891888693,3046502.77319638,371217.6250181488,8144391.2139634155,4492039.739896051,1518119.247188413,424.25533215141957,5956159.512828349,6866966.666817389,50677266.844324544
9291244.828498924,3495203.812423659,4538826.1431866065,433.57795845566704,9500395.986721383,5346574.721509355,4452805.379851503,430.47265127789444,4487257.478251899,7534323.748516889,48647496.14956995
5224015.388756199,5414969.712073246,7710743.895763791,421.3067951388497,5450905.568043661,3676254.119627985,8532113.657150345,409.62300129157643,4106318.504058625,7409219.310642088,47525371.08591237
6737302.436074224,6453396.064511866,5735164.752275895,0.0,7710466.827838204,1491114.6852164748,6416878.09938522,0.0,5232948.260979333,3063204.674201516,42840475.800482735
2211611.904415942,11844538.307378834,8609483.395176101,422.77028525350266,10933325.614594053,1054686.8421296978,8435225.170074277,434.05572685999465,11330565.650035467,325596.5876732981,54745890.297489785
3971437.4892741377,6976277.147579565,3763596.634888505,433.84985174983467,5700036.547829678,0.0,11752631.293217476,434.7703666143917,8512625.8489895,436.75283640332407,40677910.33483363
16356605.830858096,500.27416983773963,9453117.05892144,432.3399817852789,22626001.779733732,432.9681411517668,15447943.521013187,504.49880899450784,8458500.763824144,498.17559255658324,72344537.21104494
4736480.400794833,434.26264048579225,14777913.435365451,0.0,5817258.503998333,434.38379049802546,5377054.628923854,434.6949861220418,6773355.2777805375,440.4630617787632,37483806.05134189
10509184.51249178,443.4539641926834,11138218.022076407,439.0417549231931,14129099.60815523,0.0,16178859.723813865,439.56360352626234,8605779.565312482,439.100836776828,60562902.59200918
18101537.363489334,0.0,6734367.26074216,441.8801194696559,6011802.206341886,437.25671875770337,548264.2076968789,0.0,8588901.762838658,0.0,39985751.93794714
7335721.917109881,437.1137455092115,11300069.393562762,0.0,6301475.30073073,440.3036359727577,12971923.920998579,439.832488120302,12030874.938187452,440.11603712663396,49941822.83649614
9613955.572567582,438.00605425858396,9686245.297926044,436.81424177826955,15714267.919549543,0.0,13531304.311624307,433.96020121195346,11206975.692206288,430.9710874364011,59754488.54545844
10715850.047825878,0.0,10341331.275038058,433.75974349290124,5489568.888361766,428.0749272443164,6743873.104220939,431.6556061934076,7602944.378293599,0.0,40894861.18401717
6634283.738426061,432.4137117824583,5220718.3782875035,0.0,12543811.437470062,440.01455593577293,15232756.259412292,0.0,8038290.439465202,436.2170310175861,47671168.89835986
1528403.8833549784,436.94914783381716,9737592.511753418,436.8322497144041,8088583.176944575,437.29081450023807,2954732.7924971995,437.89754289926447,15770873.856101735,441.5762783129145,38082376.766685165
6079765.384128494,441.7917831437771,7048170.809746125,442.26636295716514,20624900.212955747,0.0,13697278.235624779,442.38084157276927,19889298.70304697,0.0,67340739.7844898
13186151.212753175,0.0,15578969.117705155,439.88053784625095,6266190.386034855,438.0162508019991,18731694.34604108,0.0,6782170.644147865,433.738717388794,60546487.34218817
4976438.4815485785,432.3597582713048,7821134.064458747,0.0,17268843.837610185,430.6271545892738,1618732.686121498,434.835817704098,11634560.69553343,435.95292503531226,43321443.540928036
7414364.141925143,438.23411279217737,3699586.3351701507,439.1954774730987,11830018.963049745,0.0,7354252.383610437,443.43237844608603,8732987.93959501,437.932596001266,39032968.557915196
12124948.563029751,0.0,16335082.132458853,435.0140534411052,8240043.238393824,434.896027566995,9300321.747161267,0.0,7982567.823351972,0.0,53983833.41447667
14103087.28256703,443.3417607790157,8270562.131574537,0.0,19021054.57720875,440.37384616730685,14356430.191434741,439.1873337040373,21281104.956903856,439.75707122468293,77034001.79970078
10884266.558251413,436.5246128984767,15557003.420341149,435.6683022086959,16450395.05092287,1014.508882313077,10398649.74302411,943.8097181277756,10563463.615750285,435.59798210411253,63857044.497787476
8246248.344169738,0.0,23502278.762899008,429.44515037447235,10815936.772884257,432.7294377495711,8527012.361696541,432.28948103556263,9972777.687503643,0.0,61065548.39322235
9640644.281582924,439.8297015582727,17829862.71980591,0.0,13844648.427209022,440.52088817236205,2887342.843218947,0.0,4503352.084918917,440.2127523263363,48707170.92007777
2671606.50261085,440.270416729903,15763558.306889556,439.9782072371117,14842835.7249339,439.5209963081183,21612093.80441103,441.7943037787186,15337843.969847688,438.1027022557242,70230137.97531934
6053514.530573893,0.0,9197597.163652733,434.6700215104094,18846352.88564156,0.0,3520416.6611701977,433.53323617269785,3053460.81747576,0.0,40672210.26177183
16526996.195408165,435.8585441562943,20072426.33127126,435.4045775673636,3530583.8313736985,427.40370516224016,15249879.310831904,0.0,6880579.438057412,427.8635913862224,62262191.63736072
5372511.596110984,431.8720025810222,7522432.843034631,0.0,6449340.547100003,436.10279142570096,20685045.75651611,436.7187297653809,15211710.944088526,436.2130613930497,55242782.593435414
6232606.149930014,437.5129943537202,12466553.864735343,441.79129840958586,15237184.7700759,0.0,6684647.782569864,441.3845938318238,17984218.40278584,438.5979529134808,58606970.25693647
11070482.255862191,0.0,18793291.064278517,434.27322553361853,8598325.597692845,434.0597509002909,19422530.237888794,0.0,17954335.19266138,0.0,75839832.68136016
3577293.6818808494,421.513025607355,18761702.47970537,0.0,18620765.427802805,418.42435095118174,12567307.692667624,419.6136312856614,12692068.626667568,424.1715778109822,66220821.63130988
14059071.857420059,428.19911500189824,20140647.751516897,428.4426920267834,8060102.963885941,0.0,15877470.957792507,433.5742234651766,8650281.011233639,437.5129943537202,66789302.2708739
8068974.870428315,0.0,16417847.508116607,438.69553147491615,4253363.354962126,438.36693847778514,14686744.71826999,441.427369574126,2057833.6918724019,0.0,45486082.63348897
11853656.96755581,441.95481109531045,19696095.562260695,0.0,12878206.937394407,443.48014339279837,10082105.732230734,0.0,12978759.156292522,444.00290846345666,67490153.79359713
5711158.963142175,439.30942609938865,5597506.356373348,437.87458996818924,18961405.246801823,437.8720186278734,16141701.150654182,437.3869570318101,18781113.561685827,434.79205625591334,65195072.513705336
8279381.11160086,437.7077059644962,5189616.412085457,432.8601569055941,8324574.365275037,0.0,7060767.764343177,429.3501780725512,3116651.936438398,431.1807953067683,31972722.688579176
16584497.819412112,0.0,19546001.22501157,434.82633217898916,8865708.246339079,437.65955888091344,13685276.729783352,0.0,15789221.888260733,0.0,74471578.39469792
6103097.714460339,440.63205385988,10258340.417322906,0.0,12066391.466982773,442.77604363572067,11260207.485060634,438.3377328239156,14992103.198334249,438.59575526757345,54681900.62374648
10369003.444562536,433.9046453993109,16244204.577036595,432.5582732440357,18926569.647883553,0.0,7330824.059768556,438.04779638624575,14128298.723674908,437.8844946723477,67000642.84813585
13623927.167896843,0.0,17375179.817836225,440.8567739765503,25940022.199244365,441.07196344647065,17170253.14916667,0.0,18544784.852501336,0.0,92655049.11538287
9843783.14165513,443.03356707804153,4933221.129120488,0.0,18732680.795635663,439.0685648149057,13148597.784673534,438.3229405951652,9012675.616824266,436.0617969351049,55672714.95477849
11116798.976594936,430.7404783732869,10414078.090356762,429.82408362208656,17457929.43133034,0.0,9479118.740680793,427.91033476319683,6848274.3721167585,427.0752244659507,55317915.16120082
8589576.60577043,0.0,11887806.419650525,433.2008626723779,15543684.23316385,433.8403157026649,13463406.151161743,438.2404087439725,11448869.73173474,0.0,60934648.423068404
13222002.125510696,434.8098039359668,12761838.77553529,0.0,10040906.310781304,434.9135958326394,3378815.690079069,0.0,4818913.546734163,437.13747297564015,44223783.30951326
9258647.618268302,442.93853208042066,9722307.7054129,443.96814965814775,8412828.820105206,443.13332457308655,20441439.41659891,442.27005489092005,11547237.961280078,434.4137839218219,59384668.24551052
10252908.378198223,433.0483263699125,10888909.138494736,430.881894243061,22422180.574523155,0.0,2096585.2837942112,429.25039710544775,16027974.586665688,0.0,61689851.14229373
26934363.974092998,0.0,25782832.11028711,440.24692556676763,12494389.240464807,439.40319772561946,7978142.604032287,0.0,12445637.287978012,441.2551557898377,85636686.1221343
6832481.1928512305,438.7561456974887,11102883.625661414,0.0,8423830.47345982,437.13139849892445,17053705.266123448,425.33098125875426,16834312.33510887,424.25810367136035,60248938.3698339
9918961.82720948,426.26953953725905,10180909.608379593,425.80595711200834,18136311.5597256,0.0,21492307.059350654,440.3461061310479,10606298.786907075,444.1931501798932,70336525.45632537
20743487.24784155,0.0,6423675.184406071,445.0688704503356,8871685.469056591,445.26189795847955,15854405.996672068,0.0,16717119.330856342,0.0,68611263.55960102
7895074.69537675,437.24038507689136,9466504.108830113,0.0,21332903.732405465,437.46565055348503,21598474.543835465,437.66793152586365,8257769.719534863,444.7313519151848,68552483.90530172
16398786.682890883,444.9034390935157,9159490.009550935,444.9725669647199,11731938.377009723,0.0,7453676.605611717,438.5777927267135,9102348.7492172,437.91335420161846,53848006.791433446
12061376.705975367,0.0,12126804.315559696,438.5743532590724,9745177.083577987,438.75566760181414,16407949.853979887,444.8195901571974,6709468.129147275,0.0,57052098.23785123
18644627.27776416,445.39576693192936,16652719.594781524,0.0,13395944.674800355,445.16777490620206,9859817.002424326,0.0,9286592.14526898,444.8745356558624,67841036.13311683
5737650.200438229,439.9199464561623,6780121.4348420985,435.21454345474496,14898097.73203623,434.6294835889134,19132578.433272626,3188165.5564494585,3122601.105055273,430.45985770402126,52860954.68592511
9680003.984372191,0.0,3634788.1312732226,3057073.7461077087,21479355.45670823,0.0,10276624.884125616,9029498.745668003,10061439.944552451,0.0,67218784.89280742
6964229.801627288,437.99862156348115,13526659.43674037,11318631.830188634,6871088.958860878,434.8723549299328,7249483.206319519,9239898.978828942,11439711.552801989,431.1848585652029,66611007.82120269
9539946.563176025,430.11848594362755,12077272.345894497,17941278.928066045,21632146.769831434,428.70005627941333,12463137.84456079,9286051.735251023,4310686.450774034,430.5502573764497,87251810.00635344
13136102.487616869,431.298660901353,5875810.665377481,25417532.631704558,3591450.5323505076,0.0,3614563.227518249,9199623.289967675,10073951.586229058,438.31664227178703,70909904.03606756
4812883.718055344,0.0,8386537.0703729885,14582282.029113552,6011186.105682828,7878654.37723674,9318489.839594116,8992304.04556196,6799947.825431322,0.0,66782285.01104885
6779029.935366762,3603434.202403208,11436551.631198796,11340153.182459893,10519397.962670278,8166623.210100806,7956817.98997601,7788350.8994053295,6769298.273359507,8845487.366251752,83205144.65319234
1247742.0199102252,9503044.073477753,5617435.619712057,11609538.09852552,7226680.948576285,8776026.055956263,7299166.5855485285,8388006.807254199,7952887.204530552,8962270.997462798,76582798.41095418
3557636.6382227824,9338667.767907433,2095753.6250988578,10320224.800092917,9504555.3251,7806423.615342945,8647948.054433716,8782244.825905802,9387829.79892784,8236539.838695438,77677824.28972773
5339736.27806759,9437754.241003226,1934934.7121088677,8532482.46034597,6915515.2234932035,9058796.613929084,7171690.668971858,9193987.323745923,7416507.388116771,9802143.369561553,74803548.27934405
4767122.523721562,8702676.812805787,6579982.104721246,8522236.681332419,10498301.666397091,10671459.874317314,7331451.267182539,8364284.0620403355,10010139.08883528,9477895.610219117,84925549.6915727
2608161.4567031283,9911287.46844584,4123944.4073589523,9218096.326074244,5393815.441129753,9998279.939420743,4227539.419427946,9937150.11185549,8554626.692226594,8282114.726912411,72255015.9895551
787984.4954228629,7874040.231588382,10718696.016904103,8161407.2095931005,4291989.75599235,8784515.145248294,4840571.705521837,8878318.962414209,5928149.228808377,7135791.879509124,67401464.63100263
1311562.2639041184,8164174.026164685,7985701.343741077,8620747.881530011,7474171.3623019075,8151944.404200432,2274918.054177186,8408443.25477107,5091953.713204611,7034550.640651483,64518166.94464658
1301287.0114537934,8595183.609995982,9832039.037897205,8089630.582579781,9105459.285243142,8670703.497524936,8330058.6416863585,8076219.885880212,6683438.954495225,7650022.90494285,76334043.41169949
3639442.430987388,7261728.94707479,3120890.0802905424,8606725.709260758,3166633.7789582554,7450306.305114849,2433768.168442637,8222303.048363304,8020358.948663792,7135954.367482292,59058111.784638606
3300514.7785385507,8797318.6523133,7912409.714392064,7804995.351812484,11765226.347505303,8282055.931431218,5829855.5443777805,8443462.016770333,4840715.939737086,7814624.026623161,74791178.30350128
2353043.7420195746,9357687.730701521,5730352.030215937,9607772.383567961,4190754.588945535,8280043.870434329,6324742.241521648,7162826.127158664,4831222.439946551,7662066.171496874,65500511.326008596
2100860.1918931003,9453189.237543834,3814872.185374686,10140349.426052095,7318571.12023303,7906291.529034492,5803565.666600903,7490539.652872771,5072399.3093349645,6785829.498562954,65886467.81750283
6498540.283294172,8195163.877384478,5980602.794195305,8610907.91207206,8049543.284868728,6629865.134040874,3729060.449190607,8447813.45458202,8892253.390851222,10374880.645947266,75408631.22642674
7173377.937557882,9173448.53756378,4553603.430335044,8168254.345035216,6148574.772357515,9139646.119272802,7706754.898849439,9060022.986760674,4217788.654747228,8329750.39096432,73671222.0734439
2424826.4804384885,9338574.464705093,8020340.165781991,7509390.555547819,9145867.417878456,9247081.85223033,4455647.728611239,8867312.759443931,7838300.343133443,8365011.086578478,75212352.85434927
8780135.361547906,8213920.087014409,7457532.9448905345,7582728.793077737,7964807.904147853,8359604.141574599,7382929.327599919,9242429.25898805,3536749.7439129814,9948963.989788964,78469801.55254297
3298095.8653763803,9353769.916561477,2770260.0842714664,8892155.570697842,2920692.5252354043,8296725.730237739,7811806.774450638,8911925.586255156,6194531.133084641,8488348.526597831,66938311.71276857
4402025.523961607,9092158.897846242,2533408.4138184073,9084054.919375828,3705470.4227983262,8882628.991467299,6980832.299704329,8946439.973233849,5498538.7839475265,8632635.061778156,67758193.28793156
4348574.8156728055,9930136.287261082,3044838.008287008,9868863.998737842,5667987.51410915,9253078.414101586,1890209.654884681,8525520.573895002,3691825.833540479,10565817.392323896,66786852.49281353
5050744.5750706475,9399186.881719524,877809.983577035,9258223.206145085,1931779.9870620137,9438134.117240436,4399907.865326026,7506697.155189107,7678872.153891871,9236228.55774256,64777584.4829643
2595615.671816431,7995223.891880088,2513378.8654824346,8375245.8354899725,3061802.828629626,10634945.40895269,7427326.968763816,7829654.76438555,1886172.540867112,10374730.894112375,62694097.6703801
4641115.002107988,8936361.749606656,5603334.158352364,9029797.834800078,5212217.466888069,10835168.403204449,2376936.549690446,7731434.723056033,2283303.4866453987,9645739.961070448,66295409.335421935
1887046.0042400777,11648667.349374725,6057530.6476622755,9454508.848484749,7734622.528440387,9050123.040608417,5735881.662606961,8084152.2273144685,4889942.164446494,9713223.273313165,74255697.74649173
5223298.206294311,8436022.809777854,6371138.572279974,9327103.096973067,6732261.088158702,8339947.046526445,7105616.308587766,7917176.14447287,5383209.2947658505,7552055.957932152,72387828.525769
2906488.579621557,9091676.515758099,6262441.664490972,11292824.18688987,9153859.15828652,9263534.438164428,5859467.925255174,7813268.883217339,4511759.633523766,8748804.358183168,74904125.34339088
5472109.240112018,9261837.787056481,2412347.736584405,9301157.483904514,8051409.788045145,8749179.376157593,3273470.974723317,7834917.11174662,6900081.516500852,8122847.205736833,69379358.22056778
3324065.1967269895,9066638.369455341,5137894.7356060855,9607540.611257281,9282094.648676181,10368791.625030506,4726540.690767323,7394438.934746218,2560477.787940538,8530667.41912011,69999150.01932657
606260.1027994864,9663262.253531896,3116442.818143454,8840333.816755159,1671062.8632996946,9443991.794289773,7089618.483942365,7615311.632722548,7885212.723819804,8346254.08172468,64277750.571028866
3764421.6746299574,12697576.98708755,4783005.534366188,12575015.48107214,2926700.899658481,7435026.722984768,9845894.38894511,8140545.809258573,13363836.145694064,6707240.527731901,82239264.17142873
6061208.530796412,10811185.875900036,380281.9152262371,10366118.196909707,6754552.917805899,8958805.67366238,4098009.203019523,7277601.308600084,6798348.80640877,8711490.203541279,70217602.63187033
1496521.42130816,10542149.479466062,4163484.332802059,10523821.062585251,6275385.077040609,11032154.429255787,5941217.846604262,8177372.02559082,7424155.006482039,9435990.875260364,75012251.55639541
6712249.4248750815,10070361.427681629,6345082.571635577,10346210.44533707,8873341.65172177,9197979.887593623,2770343.772536231,2828171.7811220177,3617835.2334300447,9596527.49633799,70358103.69227104
5791799.193246344,12714065.869477343,1239961.5427556138,6250935.165110984,4426005.356786108,10953122.59850025,3678710.3707587933,424.50885246565315,9503375.546682702,8183599.932797559,62742000.084968165
1858674.5905043099,10543302.616551476,2801193.3449292067,0.0,9642586.82277759,12693804.855799463,9806042.783507317,0.0,12642955.510163944,9614190.119428195,69602750.6436615
10160959.212023912,11890617.33278854,615818.577373624,426.47830946245836,3321215.3335904987,17430600.963335685,3548067.3667427357,423.93684870169903,3357428.5109618693,10837065.97630525,61162623.688280284
10144258.816514408,11506281.495189885,610121.3072325286,422.42114168311645,8359090.207047313,13286109.667775521,10051741.800089128,421.3847473427802,10838346.673034653,12283933.001464946,77080726.77423741
6474707.266038079,11710769.689503973,612152.9249704776,413.9434076551116,1132769.8397380572,12386347.083874963,5824758.622075808,0.0,5843397.653183559,10778119.22309921,54763436.24589178
7291226.364252566,11696885.11692019,374114.21061765734,0.0,9834972.894348692,3633199.587639418,6436896.52417628,429.6413640688001,5349944.849126463,12780508.044604426,57398177.233049765
14656853.475312915,13895878.830149017,4794720.762185907,432.44649906369335,15192356.963753017,865.8750182248423,3989716.479567386,435.8358044752022,10122556.37487652,5557887.579576998,68211704.62274352
2976639.6495039104,333666.0864986128,14049182.729219742,436.94696667986955,12720301.978738608,0.0,3351178.959469753,436.3495823366132,2142029.370483344,436.9178551013242,35574308.988318086
17151867.65865392,440.9140278648016,9823325.539173935,0.0,16624793.515767049,432.19538060693,14176041.720022727,0.0,14871957.082268052,433.6900381006584,72649292.31533225
2149061.678335538,434.48841053278335,8375293.505536882,440.25183539773894,23099995.77852434,440.71954106425073,2951034.8596256506,441.0958326660075,21933379.700919405,439.0048966675796,58510961.083458155
7852129.273909565,436.11289954676676,4528506.629352212,436.05905794660856,11439327.3329062,0.0,17592623.973988857,435.97114525081594,13419171.044632202,436.35194667889647,54833502.74983846
13505916.988684945,0.0,5010987.567287798,434.9117168059619,19226256.931588907,436.71389842244116,15764143.309125666,0.0,19132494.73780023,0.0,72640671.16010277
4913659.974539688,439.1730588846085,12314464.16275035,0.0,10708566.083963165,440.4903346693619,10144371.346957985,440.18147161674597,8423438.579833793,439.46352803529214,46506259.456438184
14221597.7764988,440.10689709220236,6197514.961207379,435.38103784330383,17450767.602854658,0.0,18687051.067007717,435.60090380117066,16316241.373739073,436.8672272642053,72874920.73737364
7188917.415352563,0.0,10294290.1179064,432.8285165574276,20776096.827420235,432.7685056647998,16321729.009679439,0.0,15439588.927727176,0.0,70021487.89510803
13663553.034677347,433.0454388141155,9734482.46830476,0.0,14008166.01655971,436.2498304419258,18666225.939002853,434.77853518638693,7109961.103502455,436.56522112479735,63184129.201072685
9160677.156169642,440.4661454698363,13029861.558797054,441.03930448985744,8076325.6867617555,0.0,10152954.319539614,438.40636273781166,16163272.494148975,435.22282281139724,56584846.35005254
11479671.697027199,0.0,14120302.482013566,432.0853703371044,5777021.434676869,432.2267428642092,6465199.861820709,432.1671770202435,5641418.337204514,0.0,43484910.29203308
2736615.2029916407,438.825671899838,3089863.8484310615,0.0,20701700.423487935,442.6258381957849,14023554.155256715,0.0,20658437.10793857,441.7227677022853,61211493.91238371
15674605.518613955,440.65356072402096,8474827.308546992,440.1303733137396,5017742.536133618,434.7186394520807,15634859.112554833,435.4275547927148,18716475.820663806,425.60540238180704,63520686.83204387
5442639.255988537,424.6230086166205,12070507.340845456,426.1499862519693,8174351.991824737,0.0,4585693.668453915,424.0341743672868,6234796.29588507,429.96838772259616,36509693.328554675
4843672.780672856,0.0,6409403.0424585715,419.79903602851255,11072794.395689782,426.74200186995563,10327360.628459912,0.0,17385507.111136407,0.0,50039584.49945542
9341634.888316713,438.0341673739632,480905.2188753576,0.0,8613993.003369447,441.59506847548306,9202626.844115108,439.123918448468,13388768.694884187,438.47787906665553,41029685.88059418
7094063.671699704,439.53548567386537,656186.5873074667,437.0122210507877,19263390.41336709,0.0,10976798.938040843,438.75174725658377,5238170.8629482025,439.25833836970065,43230365.03115565
15780297.05999828,0.0,631607.6986281041,436.35005520302013,13401725.997109616,435.71770953132665,18330335.889651544,437.3737491796252,7636972.142801444,0.0,55782248.2297029
9460325.667861918,442.7802309894666,299977.396839428,0.0,9696903.710411875,438.66398811209837,10365314.123088859,0.0,17377073.909149602,438.0748663101604,47200914.32643709
1517178.2924431104,438.2878249797158,660470.9725948025,438.25281039024816,12821655.095094355,0.0,8465365.4699284,443.90520601382343,12302235.50698267,444.1185818671782,35768669.901466586
12139060.306432739,0.0,7535271.021800578,442.6311904942502,13949186.868212866,435.5628305637749,19957155.657887395,435.48076956354714,17989414.478231847,0.0,71571402.00735605
3212678.5783974533,429.45412775052716,10109703.687450038,0.0,13266076.635321459,430.1026811960787,8604664.262291158,0.0,20493505.676379383,427.5660919674489,55687915.96274041
11913301.03859791,433.0662114443443,8150229.720613833,439.7088563969079,18113652.948673062,440.35602664534804,13638288.476945294,439.20994538415977,10687058.654772485,436.097217989266,62504719.27786044
8264191.874858595,433.7801173960342,7608738.0063647665,431.9548406129816,22508946.008152287,0.0,19408663.38976705,432.0361343087949,17109891.828079104,430.2829425927054,74902159.16125672
6130445.844010416,0.0,6419653.298566596,422.1407193099362,20518011.378759313,421.21785552064586,13286099.306962926,0.0,10676454.85887889,0.0,57031508.045752965
13069421.073472554,429.0531687134751,13399604.770685699,0.0,21409211.416750666,436.8979438778566,10962837.145939864,434.5878274925004,13550759.232149564,434.6329552907468,72393568.81089373
7700310.064882514,428.7298177020945,638193.3574504459,432.54015131104876,19642183.16799978,0.0,3906101.4133087755,428.61818804251465,23737222.54332137,428.50488362935926,55625728.940003574
13762659.220618827,0.0,2419060.595632558,432.5095797992931,13663492.643681526,435.92356820295896,9371604.044995986,440.24134197051626,17827823.086968362,0.0,57045948.26638723
10620551.471271569,439.70981674843796,2442224.4230850935,0.0,18184899.376844857,441.2885238053905,12938721.03556431,0.0,6216872.448803149,442.1695202929661,50404591.92342983
19034198.388693772,442.5277680818944,1839806.2505665275,433.43075518078325,14928908.80914302,434.2168403412455,8327975.079238109,433.6661229144287,15232043.626442367,433.87799488207963,59365109.87356519
4429333.085667563,0.0,2413471.8963800967,440.3436983066395,18396742.288607635,0.0,7548357.669779938,437.8011757964678,20140409.760373924,0.0,52929192.84568326
12153222.027911864,429.8619861954168,8273714.593520944,433.21605695920346,2182993.3300549057,428.9783864361015,16544175.974328892,0.0,2387037.901574281,433.13953706016486,41542869.02335754
19970927.240097735,438.06171219687326,193252.71830969356,0.0,2828235.509255756,439.2356258782734,14102793.413091533,441.0170837046325,15441270.47158592,440.7945163909894,52538238.46127881
3526235.5916893166,440.0156137920664,2443364.5712488475,439.7934794647068,10889313.027009517,0.0,12579370.678680902,436.33690989868484,6319045.070874645,435.8812862103905,35759080.9667926
7396543.105337397,0.0,2426246.3775234795,432.6383067058461,19514397.42381923,437.50919126035984,20588048.360535715,0.0,4953103.754828027,0.0,54879209.16954181
10668217.42735288,432.9379746124986,2409083.2411545925,0.0,21818224.74748215,438.576837313624,8285401.507258455,437.00994440743483,20576855.074418325,440.62732841769366,63759531.149751164
11787471.264104497,440.4401281811197,2444057.776717113,439.79741844834274,10982119.422191897,0.0,14203141.442450918,440.67545551790477,14642440.250810402,441.1561453611426,54060992.22542234
15178004.047006942,0.0,7259396.816035462,437.6461442880701,15153088.679130102,436.56607312654296,16692092.92585507,435.37746002809143,4781530.025611681,0.0,59065422.0833167
8649903.386641035,433.8520020929032,11888626.161342967,0.0,19387349.126521513,437.22490719156264,13587401.693408461,0.0,9837032.2295253,438.7343455941897,63351622.40869415
13794372.757249532,439.79540091132446,12067530.306542905,439.89668491060877,16474244.773077145,441.245484844573,18554476.049729485,441.41778786153986,16774216.871647801,440.9940923796736,77667044.10769777
11400629.163283898,0.0,6708491.547290278,438.58505400222987,8078417.077587111,0.0,4493922.104770166,435.13364813857424,8040887.391826622,0.0,38723221.00346021
13741421.98583266,434.8574199491761,10683308.521198982,0.0,14747901.373694379,433.1883724618095,20819594.35987506,0.0,7896655.08167872,435.3768009632818,67890184.74487318
3168423.6643997016,438.19157216212125,11593694.287485855,438.3956707123087,19633387.23312058,437.50367689242614,3886442.2983548623,437.889637676242,15447366.977926236,437.8643047881195,53731504.306149475
8414074.721734304,438.7989872993953,11010140.389908176,440.54749341235447,6380364.179232434,0.0,6274701.534484531,435.4543960160645,7381973.735020155,433.3268303434216,39463002.68808667
14963730.400512535,0.0,10810471.786379894,433.4580040485185,18213363.359654717,436.8301645089499,14035093.421982322,0.0,10622486.391252328,0.0,68646015.64795035
7277858.884938463,441.3443418820357,15329662.394335626,0.0,28174128.596212134,433.02364366753767,11568201.758533578,432.56561538243375,9995821.815317303,432.55910967760235,72347412.9420477
7903970.340503218,433.64370482263126,10085916.037242997,431.1117316282436,13288860.077396959,0.0,7308356.093317386,439.7204769321393,13328151.04229038,434.41387765776335,51916992.48054198
11376495.988067418,0.0,9142453.005325368,434.30123624678686,7519048.9912540745,434.7101915387162,13215202.31753086,9815273.820767844,9040438.1572516,0.0,60109781.29162495
4741843.3864197675,438.59432203210747,734533.6878282762,3931646.8197668795,8607718.338632317,431.18735196624806,16219432.949106956,8344983.0440163305,6002715.077255782,426.0625968989787,48584169.1472972
10737073.872615393,423.79959726463284,7013615.485208218,18376935.620601952,1772868.1644434696,428.50461001972394,9198571.485551052,8100945.579323754,3639840.8089636094,434.5421463158154,58841137.86306105
9468353.131970765,0.0,5318354.470359741,12710935.777069231,8303986.089001724,0.0,4317305.61324896,8478310.345991328,11866433.557365457,0.0,60463678.985007204
10938360.353082549,433.41862493767604,1383330.6698871052,15575650.16287945,12608904.087118808,430.6335101984417,11529400.711444546,9611467.160555214,7213640.310849298,420.93330729592446,68862038.44125938
14370641.70930678,423.249521515811,4112293.8339809985,16448458.303697463,7161852.692835959,427.0391704189395,10781289.546978852,9025834.969132667,10963132.600733697,426.2443601007523,72864780.18971847
6821936.310522298,922.1177474337798,8284235.4236774305,15446228.677448433,14039593.934186216,6265317.281923959,4010766.922236018,8977352.924006658,13255521.683056932,423.16144976604136,77102298.43625514
8123139.255728179,0.0,2130463.990077255,10532908.184034143,4037130.22522254,11966676.027244145,7003824.9881080305,10194946.008194359,4303893.135659066,3978688.749365285,62271670.563633
6425698.558216096,8199212.831441432,2178093.3115823385,7974885.766128104,8385294.716469101,13501135.472690688,6190631.86082591,8088733.754690685,5103423.468310609,7330756.079184719,73377865.81953968
8829562.525546545,8151122.2561842,1461635.7761702763,10393707.688370071,8411091.047610579,10399872.752312172,3000039.627549652,8710746.920063162,5137846.1871847045,6810180.2379779415,71305805.0189693
4947618.4718649415,8428223.201218382,2462746.2427320746,8947312.045417966,2572891.6430611173,7667328.045000766,6557465.953636095,9231311.769163044,7621259.44575739,6889898.98072592,65326055.798577696
15329713.984116875,8148858.970477609,6978370.047585082,8747346.86883858,5981735.847125259,8035501.070042978,2019849.9554539553,10661665.59220298,8251899.252808455,6736586.682295796,80891528.27094758
1168550.7850368626,8081364.733441721,2157688.8431070917,9177623.864042155,7561576.295861506,8018889.76773188,4537400.648428041,8579114.896824466,7784245.916925775,8204837.450431488,65271293.20183098
4132850.4736560206,10457857.977496935,4817420.065547227,9113381.026944457,8987840.381412812,8169867.677770553,4250909.99984593,7454049.250252552,8165481.678455984,9343598.774947658,74893257.30633013
6237218.684647089,9870527.779134642,6239285.099645118,8791546.102205545,7165415.778363969,8331935.333420195,6974737.546026508,9194484.761743715,8279439.025888935,9315130.398478884,80399720.5095546
7404166.811082669,10631696.766359676,5136037.997797799,8533494.811137509,2282340.4282211256,8586063.10108026,7737178.389515405,8649445.936003016,3325908.686513825,8824340.874267193,71110673.80197848
4400206.996735071,12615882.197755748,12436303.479726566,7758799.41556082,9899562.498712149,8622836.103562932,8166606.849527731,8752794.487710867,8129764.320686643,8644535.942071939,89427292.29205047
9375383.95644766,9736641.32722733,3714887.9911218686,8720354.237134311,2401080.702562982,8229746.136541641,7743084.77867585,7752688.327604922,8484576.986548752,9305000.392313257,75463444.83617857
11802135.504461776,7473360.89914421,6681881.2670060815,9364185.740924401,5233031.864461275,8942223.34625815,4961958.860290305,6957557.954093646,3454318.540159932,8865471.068413943,73736125.04521373
5008800.1577368025,7823442.529866812,2339641.4860238545,8599603.009538487,7060265.886148026,9524490.381040774,5967815.746818697,7303910.997850098,4642144.39188963,8320457.370656101,66590571.957569286
6677158.363447406,7331900.556608225,6239087.429079279,7654694.130530018,7194828.286310576,9909980.570155263,7724043.705270062,6869853.164027689,10491371.861044148,9187702.38870882,79280620.45518148
4692730.71860975,9853577.065689605,4275001.131627648,9421054.511011831,5454230.877948619,9417050.528923415,1445833.229666501,7789726.620030808,4915807.1327061225,7723373.075534978,64988384.89174928
8703082.188869221,9221342.020776583,8457371.32511499,9094659.238088831,9854348.442261295,8724161.208328638,8960886.112975001,7187027.511000677,8929644.562160615,8876997.323933069,88009519.93350892
5540599.829513766,7616616.395109793,3859792.024950141,11293364.894784668,3072268.5130109005,10283746.188874625,7976640.975325207,8967832.643733371,3955800.7286410388,7045157.677002876,69611819.87094638
7915705.503245006,7932297.4671257995,3700139.3528465414,12031624.980073499,9214623.277168037,7358666.79170575,7155015.078767831,7899357.904863917,9299495.649006601,6983642.754647671,79490568.75945064
4236050.366305753,9481890.188869704,7815647.183600588,7828385.136553663,2937542.6581553784,9977725.46905215,9449601.48940111,8989247.870971192,8010344.057622829,7198723.515031442,75925157.93556382
5807728.442356984,10115091.015135763,7883386.514924393,9111558.880517587,7830491.025511989,9599830.332071524,7583707.969720017,8910734.466049235,6448903.031809703,10890559.77998667,84181991.45808387
1922735.9231405891,9053516.203306776,7575028.434387154,10177487.85756413,3341695.4910868993,10182691.437171068,2133585.3532072185,7590423.232577158,2543580.348744571,9605269.700138215,64126013.98132378
3887822.6899196147,7726475.371295646,8044531.212848605,8394403.26955498,4120084.8211398227,14387667.307687808,6011537.493269326,10540258.324998911,7598657.103341202,9528655.858661944,80240093.45271787
4283736.955458625,7745909.58338022,7885427.705627382,8911487.601539677,9081639.743533045,14744998.637607386,4583814.214814686,8064264.882757006,2590633.2926397095,7476307.734798365,75368220.3521561
4517021.047027877,10369605.922433244,9171930.03802912,10422992.227196496,5942589.0420856355,8693819.065618422,6240083.92905644,8292667.634523163,2371422.9238470206,8542155.633049393,74564287.4628668
4518342.093404565,10594777.552788028,7095694.487636051,7740107.481869847,7513440.288442083,10367965.859658686,2251442.6979744816,8203018.686966681,5080732.963550147,9699664.884414902,73065186.99670547
7653199.671893396,8460233.675345974,7173166.023257015,8642301.660968458,6571772.112019953,14240744.374264501,7944797.384050871,8413324.232659511,7737711.853823405,8750236.559531005,85587487.54781409
2266181.2084666276,7884586.199038833,7844457.444840789,9864447.537989467,9171073.333579915,9766053.435664661,8935596.947549615,9374131.856073286,6410138.822533455,7256434.517405969,78773101.30314262
6680608.622501718,7477003.456432379,7940865.972314538,11047142.509858476,5460916.505086425,9582027.908793902,2418249.8848545365,9628255.23551456,9057773.291050427,7460837.84790702,76753681.23431398
3545108.299660799,7305528.508623587,7786715.709159819,9488451.584397173,7821602.269727539,9541480.468389709,2948792.7386943954,10838004.100885602,4962961.260518574,7795547.25836499,72034192.19842218
799872.2466184725,11277427.191606864,8799846.71492157,9309850.2995194,8094142.9275222095,8426594.311588455,6133790.926385899,7454595.711524203,7827952.373077115,8224470.80589712,76348543.50866131
1645606.6962512857,9853377.874152053,8102715.879864569,10900590.132401962,7750059.445122812,9264126.264452294,7962539.634047852,3015718.4297455335,6374906.031857341,9531690.270829195,74401330.65872489
1904501.8143721179,10023801.41166175,7381416.703820475,10756791.544869866,12277691.082909299,8614907.754181206,2907157.823909741,403.15955239781164,5446767.894700102,8729898.155627986,68043337.34560494
1602307.513552878,10463890.093496874,8404673.415071834,1132377.1486477377,5048147.874736568,11317569.162804088,11809478.876914842,0.0,9410683.802673696,9745930.096449854,68935057.98434837
3880626.6299966034,10357166.034544025,8414944.123833511,0.0,12358348.820154652,10225148.213359507,11854627.849494614,413.12423075265684,14419711.640684403,11166073.00106288,82677059.43736096
2181817.1360720824,11600624.837678494,7877360.513194249,417.02650285261893,5412517.391244988,15072779.857593209,7508007.270067615,415.3178876665023,12958474.76539751,9972014.50406236,72584428.61970103
3930883.809550116,13886533.78781078,9216703.530246368,420.5529258512513,7963010.685850661,19893336.927376945,2963821.8708890947,432.3297692849334,13375422.49697131,9283714.18713296,80514280.17852336
4069367.8056424423,14944500.417395191,7230662.738167341,434.377886030673,8925412.722930828,12873300.05400859,6784304.386064532,0.0,13794187.940663377,10328121.485709691,78950291.92846803
4097708.2804336706,9706331.50926569,7183786.582173671,0.0,9719034.02519584,11825505.089878693,11097553.665369617,428.33986928104576,13269732.220533695,11046242.666076504,77946322.37879667
4073388.309631532,14204461.793244611,7571425.78537315,436.6903116359668,6165265.417350609,0.0,5962650.106504306,438.36359776470624,13578497.974922631,18069847.205459412,69626411.64639565
5309009.591574764,20456011.698306743,8172522.990661052,430.4818557582333,13188021.8197162,426.37796241126506,12050301.37634403,0.0,12905733.674686043,4685087.763462279,76767545.77456927
4414758.073656314,2608014.696051,9805862.158501597,0.0,23430807.174280416,433.8604166837271,6334758.444044003,434.2685418204902,16253402.855497448,442.0345747016606,62848913.56556398
4089007.1833590986,442.41583837275766,9758702.303918548,441.91232107439214,14088600.539185943,437.89230446656404,18247184.533700004,435.99928101022397,6885306.467144237,435.5993958236014,53070994.84644858
3700520.041048213,433.550321049738,927984.239210124,433.94261635206567,15042567.888835926,0.0,7617703.5321157165,439.99936183386217,368480.078349503,0.0,27658563.271858722
6149193.253665027,438.219804483574,1828836.3438980493,0.0,8343754.440900489,435.0229831633986,15562287.042026773,0.0,365980.50978633465,433.45156479460275,32251358.284629118
