12662005093.318216,11757171709.765871,12661699645.746725,12639970077.30059,12637148482.915825,11738857224.684309,12619291835.165709,12443897857.939766,13137947965.547186,12785536573.38247,125083526465.76666
6870556.994600398,6774867.968779307,7969275.315900186,3632830.8903558324,8143246.232779799,473450.035004894,5736146.903726229,4805850.8178925,9177867.315478118,2726669.1192364236,56310761.59375368
6112838.894564799,5323568.671384022,6939373.134445025,4592173.576226779,3866399.984743411,453036.2743519476,11792.615697736295,7276228.198222982,6997009.040400945,7513975.5765538765,49086395.96659152
2828665.7447204203,2438611.3998461794,3285358.4306408493,5893134.381395942,7454335.240552599,434386.8716901751,2442508.97576132,3366962.113363575,1435962.5773969812,3400691.963741765,32980617.699109808
2073834.5327556485,4176178.463250403,3725726.938393654,9108197.033277914,5077603.859869099,437853.38953991194,1293759.1071166173,6315100.895203706,11584187.854108794,6544147.0387003785,50336589.11221613
2175810.8854989978,4866674.16145514,4717753.902337238,4691821.761032535,1047714.294808034,436622.9209845169,3769226.8464650153,4491602.275689592,7139966.567550577,240209.8089654486,33577403.4247871
2160571.0946847154,5966662.900345737,64443.301386190455,3069582.570004932,3992545.3927149447,457550.14639056276,7423161.513299604,6286684.632109893,1693450.7765414978,2494096.5980127407,33608748.92549082
2226719.7532251324,2326719.424795578,148675.2390276737,3853701.2863845224,2466408.155926529,3394967.0627626185,4419130.107609283,1085713.8748945217,6614818.801621557,4411141.606154492,30947995.312401906
3832991.889957235,4331992.48754391,298661.6788841389,4478963.740079346,4507036.251573615,3198745.9213292995,9638629.980816206,3723539.3958702222,8472573.707098318,8453441.483642867,50936576.53679516
4983536.143808891,5441348.049202107,1162445.9952427791,4382332.288821513,4752645.801408114,4291370.870685803,3215250.829165353,3911720.0624682726,3034265.257272246,1675699.320977007,36850614.61905209
9159240.586949335,7073709.441195376,2608786.9265502193,7481125.550597253,5562234.6935768565,5199445.913978054,5713050.435743783,4930252.3655823255,7215634.221607296,5535911.082321316,60479391.21810182
4495595.346811565,4424446.348347358,3588287.1389227747,4069766.328332901,4455494.278139533,2778400.2965231747,8310174.049974383,7744901.65207396,6004971.457802317,3646542.8507610965,49518579.74768906
5150293.00193141,4153522.576031293,6778862.592011615,5873855.866310814,4260549.6872278815,3976142.61439483,4590144.554412394,5086608.478626321,5576710.766240326,5226729.139326672,50673419.276513554
6670608.146956499,6979304.890629264,3675231.4049118455,7246654.469477026,3950871.1095882175,4128373.410952147,9828224.508791933,7857884.186770707,7519416.714641977,2179542.041330416,60036110.884050034
5133181.220035757,8448261.134586029,6422881.679965263,8096934.965439484,503310.10544121696,3970781.449763621,106981.02841520657,7751763.026027941,8961517.812437106,464697.32861192693,49860309.750723556
5313292.647920242,3552536.563159929,6332821.146067524,6415308.841985786,1655429.8636936354,4614658.891354992,7607668.418272326,5916632.744762592,7978273.925179006,596469.5778234918,49983092.62021952
7012264.737323151,3281135.525561725,6545063.51795427,2665885.9784043785,2115435.486164011,6628079.384865177,7501885.23785726,1950602.0042379857,5746168.634101524,195515.04985087606,43642035.556320354
6354425.775983412,4635445.479966187,8548004.121204553,5150190.604159269,2974212.7790479115,5263038.302230759,3855196.382238557,6339450.296679711,6956811.055751589,1416560.4919247874,51493335.28918674
6965477.493317271,8105852.902851664,4534103.311238813,9169761.523224209,2989732.9453699873,8873678.991305673,5045700.476811199,2392393.429306239,4011861.234544933,5581753.183147759,57670315.49111775
8730636.082665022,3842498.83317335,10062552.374330562,1211925.4977857238,2478478.9961807085,1163294.3253721285,9214833.025629012,8954003.825915873,5503032.888528527,1896260.5727328374,53057516.42231374
2113538.844619443,6944580.848358696,3190714.1081474693,5244830.788726696,4177336.2070606323,5827436.984078757,5716809.233503548,2050276.2611426655,8856788.307128837,2856741.6004154147,46979053.18318216
4311014.62081118,3097746.098044274,4420531.436876993,6342953.166136224,6307958.181468165,7692298.093503517,10313025.188454585,2842792.8069351725,3378214.823863413,7618719.20442745,56325253.62052098
5103462.025413768,5980365.54223983,7224190.4681985555,10201031.98257282,3012751.652236522,4227491.342378016,4801411.492162599,4623836.799452456,7424843.22869646,3208822.8229133273,55808207.356264345
4227542.186332631,9404739.783795388,10795910.712216925,4905531.330122443,3960495.230138175,6946154.529917254,4505074.1715950975,5631740.791059529,5280249.578585864,3939385.3485356523,59596823.662298955
7608946.296159157,4179917.82270753,7541491.985896308,7331924.850010868,6008269.921106592,4770063.923053248,6728469.8052946385,3903456.6904776334,4578039.104803152,6092143.67024063,58742724.06974976
8277655.449781775,6584455.686311515,9088178.618697265,4283480.250470481,5461119.619986442,3130772.2942180694,5113364.842191186,5605670.281448246,5475030.070691793,4356136.862851608,57375863.976648375
6281115.791740932,3963551.2414022237,5698675.646048012,4819904.093050387,5962403.63695139,2375934.503625135,3212329.473503335,4858780.442934068,6860683.777870053,2525790.3700596592,46559168.9771852
7491875.19996051,2187594.061086886,6592225.780821483,5725860.087062655,2296397.7510386906,5107803.407711335,6386362.789704639,3353175.2217580527,7679270.730705214,8593674.6606379,55414239.69048737
6792837.235346983,4165516.915754323,8527702.7632286,7984222.401522066,5737782.173237917,10036738.65941893,1658280.947929109,5493109.239941087,1986269.9690863541,2651901.388173155,55034361.69363852
9213696.012253333,8424434.109239602,1379853.6575044834,5156418.51656807,7104354.12727046,4316370.858694305,5257588.986027058,6414048.877498384,3210549.353171525,1317782.5881763618,51795097.08640359
2300636.872464668,10107201.854885802,8703036.354394216,5502771.293141556,2747339.0840549883,4688726.124125768,8813288.939064728,7487349.373858582,6409630.004071147,5367950.693307269,62127930.593368724
8325927.300127678,5430794.5911266925,6800646.640464367,8377067.151791439,7570841.325158976,10277721.321880512,1756205.230326718,7886127.348346674,8130587.415520379,6620217.360921487,71176135.68566492
2560170.7202784303,11740299.548485162,2569371.5861879694,3049612.054409943,9157750.791943142,2789513.0355947292,7590268.417237638,9702646.621827627,4018144.8854510104,7259879.052715602,60437656.71413124
8166221.628064088,6086453.61386944,7307830.548386611,5769775.244206294,9788802.453415671,5807616.342343584,2872471.84889592,8121883.649505693,5787590.144352966,6951783.251577091,66660428.72461737
5540107.308429364,8411571.695549613,3136401.6973496806,7808797.24909752,5349896.493444643,8562772.98838077,8790652.531317236,7589450.328970978,4525427.360893998,8625024.204809293,68340101.8582431
5625076.572024942,5188457.134381176,4462774.428436271,7022606.191361135,5758807.727008697,8014245.798768621,5687819.873487004,5588036.870208474,6022432.133463571,5732961.289712296,59103218.01885218
7933433.298225069,4901303.010577901,5563551.736858883,7723407.407638098,7076270.549458575,8950449.946866672,6913890.254435189,6154185.719798349,3966701.6885603517,6387851.516259642,65571045.128678724
8856529.281205105,6513948.458315661,6625690.3425679905,7178725.253377585,8986203.875330959,5337480.4694642825,2991051.9572112495,4739630.63145711,3976828.4404150965,5511848.229147499,60717936.93849254
4680765.084282617,7135302.959452675,8617336.184673823,7090817.947909882,4546513.395865882,8188396.756604613,6952026.158098177,7099432.599652166,5867145.128946125,6478014.34536391,66655750.56084986
9510960.969729783,8632325.0465259,9356632.902564256,4461489.878168963,4040290.5451295045,6928990.837223839,8745460.896735335,2487514.4937900025,4010261.9503444047,8627050.327544412,66800977.84775641
2501622.6535886913,2596594.645700584,2810675.2396395667,7816686.5429530535,7475910.614579105,7386003.15145179,3814338.2554042004,4137557.2033202103,6289802.666429885,6012649.331828931,50841840.30489602
7327650.826701153,2828037.5892360755,3853135.3177831722,3987436.5442682276,10424137.219225056,8367501.023708077,7046159.495606491,7086498.137722598,7458935.49831312,7536889.325724516,65916380.97828849
7815357.331618973,4317358.411200775,6762057.064155594,8104283.470102411,9232019.685324196,4776869.252037811,5919699.454329115,3041559.8736061,6765477.532250035,2047107.8329138404,58781789.907538846
10190861.121200794,5892228.926861621,6304897.235425097,2968418.8969415776,7952998.17126524,7918939.474705121,3682266.0212005605,6769869.976318364,5011321.483371428,3281075.257634829,59972876.564924635
5012552.632229645,7897083.050894379,1459500.2616649854,5185594.201842403,3448980.9840793214,3775193.3678646837,6528344.917625551,8015310.459116196,1369654.8379195319,4961316.143988674,47653530.85722537
7278685.076978763,4594761.257063761,4444068.668916428,5027114.523676325,5164390.821868559,6887012.468708711,9857945.69013908,5412464.9181915,4892160.897030095,4391052.928085005,57949657.25065822
5722967.522929741,3828896.4777739183,6009479.021449862,6138039.848084343,3866862.7290889067,3248554.384329026,6193513.6648845775,3352592.774200024,8813009.083084065,6038358.071200229,53212273.57702469
8899337.0043142,5935592.133217618,5834736.768663622,4006869.171688196,6467421.09709676,5979258.9350353,2366443.3655905165,1900806.0692353349,7234329.6259177,5943996.188963687,54568790.35972294
4081988.8203032,8696071.018912276,7243351.006197027,6624675.115965029,7110611.678990081,2866090.1838669186,6350358.564228213,3443269.6437333506,8039074.353545468,8838226.841733892,63293717.22747545
9165628.056199117,4430615.510448574,3840427.4650005163,2740520.9936707783,5258034.266061621,4922238.334371023,7601257.123041942,7352147.370246101,8881768.017646251,4165252.3232099554,58357889.45989588
2704646.5654894523,7066038.969768097,9880900.845624667,8187564.022852846,7252170.832212934,6709747.944209,2230530.300534458,8756349.497600753,6784770.307969389,9273014.06388832,68845733.35014993
8435424.810968665,7520832.913024585,3616989.7845540256,2862596.1283956775,8173842.878247511,8863978.215154996,8995947.67787298,3428006.489795608,8788745.628916662,1758703.566733668,62445068.09366437
5107400.229782376,8330814.041334806,4463715.0425976785,9911502.729874646,5747100.541695971,3034656.3298509363,8345987.224830432,5180707.604980219,9558033.131547976,9528027.583404323,69207944.45989937
7494052.631546008,1991681.8791518663,4572161.077123743,7585601.150190406,8375453.602615929,7869608.173557533,3906953.593668338,10219599.63392387,5526567.043963533,9542194.498376466,67083873.284117706
7721619.337366077,4067013.4186978578,9622268.951995434,6395133.738814767,4607763.391994404,6011773.718018038,4438827.553643993,3989512.3906193925,8039771.217967387,6499545.658117525,61393229.37723488
4734699.77732391,7403009.7853117,8579650.94759059,6069805.589799973,6264239.715259823,8487525.059291376,7390945.8764649555,7131129.325027962,5040471.891490183,5023151.21412378,66124629.181684256
6212526.57576765,3537498.222638593,6641812.093102931,4885662.734611563,5535860.150867541,515033.6900140647,4698075.68213268,2785734.5405253414,8750451.656930283,6278489.161272763,49841144.50786341
7271485.673863004,6406927.190831634,9265661.764384275,7046076.484478372,6498264.913924588,2756978.7517713117,6124885.65868212,5340888.326510405,6764087.732633552,8328024.592389096,65803281.08946836
10043104.911728485,6922849.827517129,5555116.200081444,6886207.236670921,6673521.111950708,5795329.148101608,7542619.784213193,4956774.226938639,8271893.3392417515,7908244.810888633,70555660.5973325
9403442.485661993,6988940.898007567,6923518.9474306395,8647876.76140193,8049948.279287123,6812501.414066248,1238822.5564914607,7178160.614884941,9997269.48499624,7852247.003677531,73092728.44590569
10008549.897264946,8865280.116678309,8750005.246091995,4622142.975188524,4116014.9897177974,6905665.457873725,5013656.625371356,3698498.5476650125,9078485.279139971,4112908.6518814503,65171207.78687309
3796057.778226567,1068945.4439310143,1187434.269521683,9381481.31648844,5608129.718305975,9318214.398641935,7514777.147525402,9126514.030037185,9516703.870536555,8986181.642929943,65504439.6161447
6008779.66158553,6436293.06682097,6858961.210556079,2140363.085038108,7490993.756654388,4849738.104671579,5842511.68383862,7836712.588025477,8148119.829883681,3156336.605444763,58768809.592519194
7030889.160472048,7990442.603633021,3265341.318520397,5187389.509736087,6856826.412016739,5460215.254020889,2763636.607416529,2022387.6468027432,7876405.830135694,6759890.28917481,55213424.631928965
9739449.876269737,6868528.092867779,7847780.113658173,9122078.089843465,7877111.6265662415,5987872.951709008,4937900.170142421,4207736.344418094,4071147.338987443,2509748.671677533,63169353.276139885
4745087.820718454,4325954.755395331,7225749.863255097,4128918.56260873,4821248.306249018,4347706.839966417,4774284.464565235,10620199.13519158,4946061.518568539,3847878.4011268946,53783089.6676453
7659778.302765804,10465260.546333948,6871602.991512414,7237014.155784587,4728607.601685081,5430789.33044574,6085526.250101524,3462639.284626271,5415247.977936958,5378433.313303713,62734899.75449604
6321726.181286268,10159315.732682524,5591564.455935609,6053461.757615603,3684638.002649661,3896606.0059544845,6077644.362928114,6791197.878983899,8325190.176302423,2693720.6840940923,59595065.23843268
7409261.933520701,2636984.3505473784,7050108.392761858,3317059.9019444436,4053689.2699080184,3545396.4088512175,6549806.8251397265,1867428.1266415555,2066778.2074522192,3656332.653379516,42152846.070146635
9093476.738577858,8809532.83039117,8129440.092455318,5949793.904275976,7836085.741232304,9017466.725505628,2245100.2746929964,3302070.5915737147,1780331.972240151,7653268.7986426065,63816567.669587724
3015502.34851877,8541348.210762892,1715760.4482317395,8002602.596892187,5625960.131111828,1911742.868719631,4244101.229999186,3985064.5524632325,2536486.3273063204,4555616.819598485,44134185.533604264
7786475.89058356,3674994.1287055113,9808090.504644563,5060093.356100559,7460031.188075329,2537240.7019800763,6350257.2166421395,8414998.792804867,4096205.3933813344,7322517.91045332,62510905.08337126
3215531.1535029137,8290345.340300912,2763908.269243584,10970290.72373192,8216249.321044646,9561324.633341556,7538501.066859515,9612812.494994767,5977589.197209936,9236702.095042692,75383254.29527244
4666170.592991311,6374893.3671891615,8076965.934332693,5707065.263910615,4242132.830710423,2646929.419947233,7994240.066231325,4089167.573485191,7989556.157904229,8177655.860810976,59964777.06751315
7840707.866436357,4263046.769735871,8507040.673559777,6436522.874062504,5896506.501625586,4433790.68988084,4213537.619815066,6626215.4457025,4214750.389432772,5937820.066325546,58369938.89657682
10188833.314311901,4669626.245293847,5070223.302026656,4796046.0146475835,8541508.338387413,5461600.975289216,6445634.6282546315,4349129.739643915,4131754.1141915005,3127023.2235540454,56781379.895600714
7935949.888735229,7254602.221554839,5140114.859979296,5550179.466937734,8574078.824787732,5105475.354619507,4336116.129823764,4703574.635223386,6091448.665199153,4581222.441610078,59272762.488470726
6640284.260007946,7632764.871571322,5058369.070785977,5898541.394118942,5714790.566787042,4110632.087218799,1636182.8755797301,8636238.647584733,3863465.2716212934,4260844.569813241,53452113.61508903
7136384.949920188,9242444.306617519,6263002.995111851,7257427.939657945,5403140.60913394,8264821.177999124,2952107.364222368,10728107.264690086,6560878.325361582,5078955.352497268,68887270.28521188
3366159.1646398176,5423317.7350643175,8590900.278876627,2043952.060204143,7922796.976052911,6468223.603187985,8853213.725314043,2873184.29662497,2822413.647920067,6091887.5282154335,54456049.01610031
7811251.362147492,9569001.99709776,9559720.261607226,7633541.644756131,6008745.963207017,2108618.7946551424,7799028.476048911,9065025.073418804,9008225.184421634,4385476.806309813,72948635.56366993
8154593.369652484,11353981.551713986,6776621.033859342,8272047.271203054,9268296.147061497,4972112.545362112,1063950.907564459,1609293.1850195955,2640534.5531647643,8850047.579997165,62961478.14459847
2537088.1011314527,2484941.0547082652,10062252.334986508,8108812.572052689,4978063.848825785,10137263.703629905,2447321.1114730136,7972291.716286254,5416164.912613588,4319212.127341063,58463411.48304853
8230979.132196104,8163543.834260415,11953748.98360794,6785379.231668952,8348653.605843048,4717600.300785362,7914107.757924463,10281229.832974976,9686835.306746582,8625940.80470645,84708018.7907143
8248386.8585377885,4156613.9818416545,6751658.970543926,8942616.07248236,4247018.433093727,8784834.744939806,11041144.19831209,8505317.926592948,6736504.593188822,3225164.9481297676,70639260.72766289
6513926.784698258,5433138.384354106,11147494.17003064,4670983.800001024,5577383.8586790785,11781801.695842596,7149204.377545376,6431774.598694145,4149201.9616782856,5876654.09530487,68731563.7268284
4737892.756648815,5824391.355697064,6339422.664433095,6250926.015698931,7871393.048676999,5958677.3139590705,8451314.161721408,5897971.627867536,8678638.002227731,7435831.016845957,67446457.9637766
7462957.984717789,6602552.639126948,7022273.356237473,7761666.159610393,6191876.291327399,3819249.2428272725,10398285.83915057,8308713.7760302145,6523116.050195086,7796117.261045773,71886808.60026892
12213712.311573552,2323508.5860721036,10776964.408788336,6853257.718015075,6087327.861725779,6969597.1067907885,9549075.03050836,4284001.038047996,5618083.127795801,9599978.003177863,74275505.19249566
5125572.623502424,4793014.622698282,8602508.736779338,5349839.810019215,7652877.892769885,8348718.317241281,4428894.3732003905,7813408.431710765,9883110.159929365,5903398.356204826,67901343.32405576
11215463.697254155,7881413.768400765,10282187.942065544,5336329.86480041,848379.49793443,2137481.242308,11577109.607424386,1958775.5697072593,5402235.369687537,8065872.5870692935,64705249.14665178
1989838.186095595,1297108.0968402552,2938051.595155729,9115499.025813255,4209173.98041458,8804686.55419659,1746696.71205664,8665278.479715351,7984153.594519577,6605994.584006923,53356480.808814496
7155064.11333084,3868911.7860083994,8448862.848979434,5603857.846650485,8689576.261038547,8641812.165055387,5707405.145124652,9933128.0562194,3621174.7761137076,2145077.581019857,63814870.57954071
12490052.32076673,8011711.958484203,8330753.750318631,6528188.516157357,3238756.010247738,3500350.5121092857,7548132.529721966,7739130.6458379505,6232933.169346658,3843445.3940091226,67463454.80699965
5218208.122120589,4038051.70311405,3559965.277286288,2540548.140973387,9921959.02286351,11290129.488822607,9539509.298591636,5991728.405394349,8399414.715544762,8451657.489386179,68951171.66409737
7815478.896976729,7009450.458499789,6924682.344451713,3939500.402503845,7673493.1148769865,5828263.921629134,6342837.027986609,1582346.7183690441,7815298.765253608,3569973.7162868967,58501325.36683436
7741504.025981809,8467099.171241518,5404157.632752506,6703927.908878971,5449218.994689333,6070183.204100321,8039758.079864677,4137103.483361134,4149365.258932004,4502164.116266162,60664481.87606843
6378624.90488439,7102170.432919035,7493855.885003477,3466364.2093806537,8395571.327801252,6177684.103215139,8485075.369995177,5867305.271499722,3798893.5147475195,5313844.302127432,62479389.321573794
5958051.22051733,8772119.797825254,6895722.839537575,3340325.0067820726,6324810.122518045,4500984.549267391,9435942.556309659,5956906.8253572555,4378419.39924242,8150306.480509361,63713588.79786637
4261946.117483916,7673697.443920303,749072.285343165,6490262.675863965,7201109.741575808,7308702.980104098,2310856.831871461,6294157.951095429,7029250.291327582,1118325.3798683076,50437381.69845403
10152780.576224191,6178070.063217043,9506275.324003024,7140898.511721345,1747838.5528889182,1289639.227041711,5104650.749232375,8089027.805992041,3225558.577312505,6472732.041278068,58907471.428911224
4374983.6974247005,8669984.43023959,1814340.129099674,7945210.087753815,6986299.714303594,8023509.089001609,6862855.215398655,3649021.5690858182,7786098.304474569,8791853.99572471,64904156.23250674
5783836.99079907,5074120.619988156,8165172.0237173345,4379469.466430487,8160907.746278928,9277241.297601135,9117627.768453078,6759679.325038059,2626867.2093996056,5026636.829101444,64371559.27680729
6585187.786686098,8003853.026321882,7835564.459094748,7178972.909359647,7657337.474456493,7441727.186232516,7137436.2265083315,2095038.4888145563,6568102.931059097,8896665.727802848,69399886.21633622
3366871.707895172,5739273.398144624,7815474.6994911535,6800627.447627877,6360668.583682064,7566876.020380407,8897043.377782566,3777646.1705693575,7025909.707679865,3485673.270850985,60836064.38410408
4628810.510157725,3909237.395065692,9659616.27273035,3276535.8274440225,4251362.185967956,4685406.592537313,9129251.51893684,4206427.190319913,7518116.94425654,4393042.4885169575,55657806.9259333
7699676.959304358,8651010.492521606,9884756.425819902,6357072.161986253,3429497.088006744,5458195.847251786,6325279.052889488,4761863.395766481,5650399.858195822,6272649.68973891,64490400.971481346
8877808.474330546,7785858.794447518,9003543.878367512,5416275.223642066,2081420.116801592,6028914.00928308,3024852.008885075,5953011.629831879,5332042.704173667,7665919.993781503,61169646.83354445
6161925.7108639395,5399005.826260146,3850592.4009913485,6492439.834431081,6477597.293472653,7863728.405538781,9332993.057815012,7557003.738466535,6464804.384709004,1900551.4425803933,61500642.09512889
6221999.415671243,7440045.802645907,7291665.586133691,1013912.4885241719,1565726.0327435627,4889703.575651037,1220233.232711856,7127133.304088871,8146077.872270029,5091308.4091342,50007805.71957456
10984868.984205546,6897068.651799068,1146877.0161005612,7176264.076555413,5284054.375397476,8582986.58537901,9116879.619796295,2719347.0552120884,4521941.194665007,7087437.716807398,63517725.27591786
9046895.518823447,8853449.377740132,5119928.533157133,7524653.791766022,8098843.635051118,7607126.862702081,8955846.118639605,6335891.96739981,9559090.335228708,7939524.770497935,79041250.91100599
8060742.036661234,3108984.0938483174,8857387.225661444,5707828.11499066,3233727.124541611,2492847.7132262746,3483620.5819729897,8851279.44724699,8480307.854456509,5971548.6284366865,58248272.82104271
7081377.608894061,8208619.127244802,3684048.4211471607,9336120.975190824,5990248.283783888,4231306.359354234,3844234.579815995,8879245.865282752,6930195.35800594,6604595.897278148,64789992.47599781
4361232.1566639235,8628296.377737487,5538900.705135533,7080445.997085555,4967349.868882612,4173019.342703993,4723120.500301305,4757090.451894296,8054964.119655945,5668311.087709857,57952730.60777051
4162904.5302560907,5751367.429466466,4167256.630675898,9675725.203895733,9104899.905491231,7828597.6777516715,3930964.461625817,6018386.842417331,7982129.295305339,8628070.434791854,67250302.41167742
4295645.662871111,6910628.52756242,2213262.4927592594,5415567.512233121,7815742.998029731,3572716.401734887,6148509.1088313665,3457314.6498062056,5760283.219016712,6398880.325060863,51988550.89790568
7301556.822537179,4877669.7612752635,5895956.843533088,3696265.7802324463,7367837.455066775,6368743.908058618,8041893.607933022,4003915.1752042007,4609969.492103119,9505937.388695339,61669746.23463905
5556714.60573192,7282607.44566142,8723248.19698137,6451104.2341902,3666644.1434855796,4097901.737757426,6862161.376545881,7504220.617131735,6744914.806779391,5180627.868130972,62070145.0323959
7477510.320982962,8658297.937347215,5478829.379179351,7522930.9426953625,8411479.865563706,6028067.908692776,9142685.694684004,8934154.212002734,3620598.5255235247,7067204.6555652935,72341759.44223693
8172941.8793871375,4440687.172754658,8938057.441406462,7167252.157333188,2863981.382828318,8713562.806109903,4547970.3027525935,4649911.68421366,4354263.664213965,8836097.34531468,62684725.83631457
5777354.064004479,7970436.858299553,2928722.298671681,2581856.988012434,5205905.210678246,8108717.29871956,8420720.265592331,7615504.373471164,5685181.141212846,2404279.091034951,56698677.58969724
8831690.996811185,2736446.7548085684,6655942.043676959,7371099.208251048,8489573.597257216,2166484.3855386684,11030566.182520388,4483018.558377132,8569419.82229387,3773605.2883098884,64107846.83784492
6883684.081303015,5387341.243136258,9259123.398224501,4364149.091908625,8585389.27971469,3646596.2372719594,5359768.006201062,5779519.823213616,4858247.8062098045,5788683.691186812,59912502.65837033
4107541.0958814803,4981430.8373400895,11406293.685895799,3766844.078233432,6929270.217082064,9494100.684647096,8420284.202435544,7667823.727160386,4449059.2932736175,10386733.852112543,71609381.67406206
4966911.668550601,4542463.930542101,9366915.9140699,7146576.334934784,3980581.116334217,8658200.724771937,5847754.139430636,6347431.255293467,711774.5030521584,7139173.337254462,58707782.92423427
5510663.979487321,6252160.078438787,6089459.589865806,5989290.454225438,4703911.443149474,5712660.9796120515,5843458.294758014,3832662.017198241,3840735.583058308,6411228.839181794,54186231.25897523
8420534.5235169,2908166.240016873,8370454.757859772,8127054.730259656,6943374.311274161,4794011.775526652,6075977.59421258,5030690.232807211,8845025.777218107,3597393.4469911666,63112683.389683075
8429486.752691243,3085030.0202518706,9276545.008112347,1185869.8341442263,8749181.050300244,7901160.999789729,1173025.6256705876,5829306.286789766,4021442.5255342773,7191742.087372008,56842790.1906563
9296968.897039037,8514474.66553212,3256989.4043666488,5122624.884780037,2485217.4050755277,12189258.803873999,4139628.1801689384,6738659.709195747,10315605.51950348,1066630.3640099713,63126057.83354551
4554281.489860037,2906039.655893235,6222928.324320151,8127861.319922104,8046089.874184522,8637757.553075418,8090652.270392804,9585963.956838217,1691976.7356272375,8571875.837383533,66435427.01749725
9805688.414671618,8119846.102915224,9176398.156127568,4283723.2204395775,2956935.4461684613,7589897.6293537915,2691579.7621011455,2711025.889687123,7455653.296063526,9565999.242139146,64356747.15966718
3363654.1306017186,2397374.5833126036,6638063.558933965,6724613.018421441,6340209.296476217,8449928.53348459,9491843.771736672,6787684.5529309595,8013987.091500758,4698706.138496593,62906064.67589551
9431706.844353374,7203011.439253985,9357811.33923105,3298793.8373232456,9231797.102770891,9399647.144827677,8061803.978232056,3581254.393374872,6629206.394734335,10519642.577508103,76714675.05160959
5212711.204375651,7603826.272567578,6321172.7857403,3510043.4499442796,7784802.556660092,7231549.636996426,8491558.682157954,6947391.35334442,4113514.1583031844,5910514.377832233,63127084.47792213
4319527.132037863,6467054.327111258,8770086.597908,4663209.006066705,4516373.903187507,5797828.306008657,7064035.54335781,8820085.562928928,5225340.94711353,5166249.657412986,60809790.98313324
5749974.246088693,8581295.8860692,3088094.565571469,1910809.963014907,8057937.198699245,7389625.229557864,3002867.2415406513,5032929.76674677,6039253.984503716,5797137.521793706,54649925.60358622
8894053.319720834,5478769.391884523,1913440.2671966904,3121768.9943829947,2083719.1314579132,8085673.405294902,5068749.8485915875,7774590.883451064,7306710.913104628,1250120.3098211198,50977596.46490627
7193840.98390353,9626031.608308759,8795188.796987807,9706827.45817836,2721330.1226291996,3766122.131988696,6724073.654940179,3476002.140923157,7812721.07621587,4946310.774620921,64768448.74869649
5273272.044396565,4533524.712698334,1851456.2881610831,1924971.1736244557,3769624.8581813164,7755156.317600865,3782751.2151802,8134871.316212182,2622030.921821947,8303245.053697356,47950903.9015743
5905396.620335645,8976834.546231272,7609736.862033968,2334367.2297832123,7201618.888876299,7780176.643670526,8966475.893702183,2188795.4103615643,5043250.198084355,8352693.96994903,64359346.263028055
7943899.594589211,4332906.048102533,9110200.778995328,6450922.491214414,8666779.83561542,2135454.1223681383,2832181.7436641688,4832012.807744841,7126902.063682413,2432278.726633303,55863538.21260977
9791753.700822521,9660843.511006737,6500582.985604073,8427430.263181733,4062494.2117674164,7255024.109534803,6944104.634181736,6122640.285075554,7759079.93278724,4874294.975783037,71398248.60974486
5995881.80301888,2809121.1978458264,7183448.491068486,4321790.598245489,7690359.513360627,8983187.855989048,5861048.728028519,3573315.6619437397,2476421.587714055,5494381.526823875,54388956.96403855
10358031.738148933,6541114.783847535,1959548.175042872,6382222.820045546,4343009.828067329,4249500.551849941,3099433.655094135,8030303.2857761225,5011794.019374965,4060297.905616351,54035256.762863725
5178298.431808613,4869528.291721656,6289286.263885496,8066074.605601148,6700800.487549084,6292375.968690163,5372278.721184308,3138881.4347679107,9115855.395713463,4685202.2891034195,59708581.89002526
5447905.329462524,7064683.326386433,10458328.977753747,4139031.3628747053,4761849.735492369,7606122.648825885,6737712.198324417,2620108.847391543,4825393.723925972,4614603.96592745,58275740.11636505
3826494.234131152,8855016.502181984,8556633.0528038,7781172.75883225,4460541.771783916,4845797.040953194,3232014.310737314,6559657.271715287,7712052.778732744,7233392.222175817,63062771.94404746
7883387.640605227,8373819.27759483,9710389.570900364,4261395.964970767,7570422.553541792,8535755.751517853,2486993.8922802308,8019658.770591838,10489174.882439101,7694808.8004338015,75025807.1048758
9244206.400716236,1112304.8214408716,3503143.3282711566,10792562.20330888,8065749.050438782,2845870.213524272,7682183.4094852805,1557570.7433870074,6802625.217888389,3195679.6821813653,54801895.07064224
2130518.32074479,6421532.684024034,12051883.18649218,1127398.8905614722,7982225.3619916085,3047700.1905757505,8077760.697660235,10627210.801745381,11232313.69547353,5797314.782785984,68495858.61205497
9383597.822562018,9192140.663898923,4339164.198820927,7643856.593586039,8609564.048611967,6413672.0162094515,6987701.226618333,11570986.87756271,7100095.491421925,9794246.443644991,81035025.38293728
2729636.877298842,5171340.0265251715,6571536.488957678,10365989.307730306,3088095.1085360125,8428818.332107296,6957730.708766314,6729577.80964056,8290625.475797049,3054362.790427026,61387712.925786264
4734700.075719238,10114154.416168705,3932212.371123156,7429917.370989684,5539110.450567877,4210790.179004499,3688128.540202842,7690575.956556199,4653143.773398249,6352048.881297566,58344782.015028015
8058385.790902618,4243102.632517229,7397413.850884988,5628829.058883519,5459670.756809668,6155783.769189402,5869980.292745376,6525366.674828803,8111706.440367487,9287037.53865847,66737276.80578756
4461035.592004085,6296401.793305757,9278755.898516031,3481432.6098334836,5194735.388208104,6035327.11994737,1753404.1459063613,5085877.268208281,4511516.651990158,6077786.211782581,52176272.679702215
6811910.819638156,8609973.25946996,7421732.931306925,6666343.640378794,7959592.978065387,7354064.413879989,5279030.101151428,7453065.676105068,6641729.888805431,1941510.5621134364,66138954.27091458
7598818.6964590615,7351990.772580592,8806377.517411007,8550125.613916146,5288194.107812032,3576364.3536493243,6875915.791187061,3892843.125606481,8182822.250575842,7479899.819968082,67603352.04916564
8603915.262809934,2910728.332360671,8739665.62658127,7364226.00537316,8455725.686878411,8473584.43842792,1661404.4211090552,2949443.862791305,7943849.875707195,6541588.967637097,63644132.47967602
3404048.1617587265,7584969.015253519,4486204.82756125,8526736.950272271,1449202.1797284747,3468341.699367577,8726452.923019664,7959957.339106364,9586461.213314489,2034599.7044571983,57226974.013839535
8309080.023564931,8732685.208488517,5446101.1762006795,6021354.736879111,2303461.8827049085,7740879.693076571,1420411.8210876014,1194111.284440661,3089336.429779743,5178790.159172558,49436212.41539528
3965027.8880654788,6064060.43649497,7374812.53790839,8361044.6399827385,3776324.753190774,1729889.1590383607,1988927.7535513286,4451086.64661325,7004168.187852951,8621643.006586766,53336985.009285
7238545.47789111,7575357.48303442,7543033.806092348,5123771.8882162515,6322821.853511706,2775947.620410737,10154189.03140454,7325607.244021732,6954087.087284038,5688613.294572337,66701974.78643922
8677618.440933643,3170695.4501305167,7251257.526417558,7451192.019154203,3726107.6174721294,5841428.816600257,10559722.222550454,7423239.663163431,3357078.3366171336,7485084.741490731,64943424.834530056
5413816.937408384,8104486.921666367,9166518.312159851,6989738.086227563,7163769.245883975,4279470.284680346,4263835.931023386,5786498.564643222,4634956.97851815,6855659.441436912,62658750.70364815
6177280.291957986,9435209.334712835,7119755.822792583,5208340.295373246,5432194.443812904,4774401.775292354,8252111.994492719,5492618.7120915335,5558056.320394219,3505253.851099701,60955222.84202008
5889758.460662885,7686696.32514871,4935574.881617325,4268380.082787703,3523201.436268142,7189128.706781774,7793060.101538728,3889123.260903491,5211791.026589763,5051773.173984268,55438487.456282794
9485901.164826514,4054253.036386346,3040647.856442795,2035352.1655982547,6114336.092336862,4041060.916825905,6761697.043572857,6457240.3432965,7463502.549484984,5375272.292472541,54829263.461243555
4273226.707950908,7321022.385065453,8090939.73665666,5248976.35997267,2783906.570748086,8042745.03096208,6370545.311905544,8083181.356588178,1208889.9566982414,7528018.891841821,58951452.30838965
3223584.5072497707,9013284.402452324,3573438.256966844,8295523.696872972,5137019.642437175,8239427.079929586,7751947.257260701,943054.9349693363,6628983.618931008,6656378.78260543,59462642.17967515
5655186.668096606,3287875.4699117555,10555686.799187884,2562736.332701929,6400267.325311811,3123367.8130125203,4588615.282467367,4628605.759564227,8071458.717621017,5598493.529259957,54472293.69713508
8323158.722918877,4432909.460578606,2987586.861242177,5775090.280108147,8662713.044543639,8272977.86793121,8454576.736689784,7727958.458008533,1594671.6797124431,7420681.212820515,63652324.32455394
1675884.5864656284,7003486.062583155,10313952.064267185,10892747.25210006,2234211.47544217,1943170.3180537745,1839630.4881967118,5227689.328331837,4429027.573205878,5844380.911910361,51404180.06055676
6646687.870339186,2591839.6014153603,7766512.301093997,8902462.094866714,3363407.2213503416,7777345.942368135,3669944.3556788824,5965381.846933092,7604274.347951387,9989571.04789382,64277426.62989092
10236038.22635912,4611228.781162956,5244552.714248958,3296166.3001910527,9035219.958892386,10252230.980036395,4166068.628570231,7779578.330455222,1352089.7212108923,9103059.350530483,65076232.99165769
4156376.293206759,9761381.418443462,7969284.411906783,4949283.261139081,9938909.70035146,5415262.2392552905,4389031.02763469,5911684.073747955,5955245.26841091,5023562.155388128,63470019.84948452
7133199.516240072,7239727.99713652,5407499.11829903,4010791.971839168,7934212.092044782,8731506.433879603,4777764.5295397695,7418869.581652009,8631242.984011585,4250010.873958815,65534825.098601356
5265753.293170693,6119426.561647591,5480765.816290615,5924390.937598409,5069559.254851299,5828913.623075207,5461223.208357436,5689621.53595733,6140829.0568122985,5744010.948614248,56724494.23637513
7060475.094076938,7015129.638954901,7473407.026376807,7530230.920493189,6816520.27170972,7098877.7374003995,4035372.5261136675,8210733.208364335,7089902.6981803775,2268677.1695613344,64599326.29123167
8613612.30988218,1887711.8121081574,5770719.682834108,6909872.501446175,1444604.1897124145,6938696.414090539,7643761.396765633,5695205.335597082,2088774.363095899,2729547.636075809,49722505.641608
5321829.531291152,6360391.143073987,5903621.8442593925,6628649.544168564,5588869.690355493,4149526.7108364548,1273987.7929032524,10423045.663130358,5388431.360295775,6553476.353004905,57591829.63331933
9116040.519527022,1021446.2886217934,9855093.706296863,5242028.815980006,8773228.1056826,8115933.482040644,5643040.700131076,5237067.930011488,8267660.264049887,7282718.783275889,68554258.59561726
2588168.4051291607,6098534.078873763,4650942.037510934,5495146.321736255,2148775.9189363588,4343501.334797971,9079937.725261528,9358251.304226324,2641362.211499621,3178733.9802213167,49583353.318193235
8413692.716987787,3005660.2999385376,5315442.064747693,6346790.974046597,5109628.2935026735,5881439.147722644,3467084.670288316,3162131.6215740605,6584246.679773198,8081578.187263382,55367694.65584489
10075912.956455704,6037443.013056728,8101194.504000391,2956667.165393022,8811269.188795313,7926135.305874086,5500848.840139638,6019437.926038452,5306048.014876506,4109930.674602335,64844887.58923218
8282980.530767669,9013630.998070415,4299684.333211913,3919755.048946007,4359891.702737267,4426138.127394912,5854813.861199659,4365398.983278168,4148489.6224380652,4594892.860138364,53265676.068182446
8810032.875378776,8472506.409734579,9079203.90090764,9527014.779853242,5399940.949733263,5005365.826933792,4387507.4179612715,1957193.7784628144,4774612.209354933,1978291.0884904005,59391669.236810714
5323994.122053582,7599787.735111831,9625172.382415101,9622033.74461095,10439913.959854016,11134221.500907302,6103614.004123384,4913462.490052897,6554621.954680381,3930518.751045474,75247340.64485492
4629646.723223948,8157148.223671077,4655659.478350778,7183760.18657241,8014841.835820457,6412919.670949191,3056867.800169141,6041917.338376541,6423507.055932337,6359236.8869797345,60935505.200045615
6179818.311672212,9625562.694473082,2466099.811528929,5893198.993738728,7639851.554719663,7579065.851290291,1657078.6957010916,6558135.423467058,6871057.01305585,3550957.6972716423,58020826.046918556
8159610.157268518,7199049.094974361,7863724.810270251,7943400.00716032,3220628.4523421926,8010982.296594411,3972912.4575837385,7510273.1271438915,4024001.4650081773,7180186.763808971,65084768.63215483
6421071.248329238,5378333.216080723,8817848.166100897,1235409.5147811652,5419734.129313192,2259967.746106792,8489036.99899203,5524712.634169064,9374282.738363983,8067692.163301485,60988088.55553857
6742519.454117035,8429580.040149437,2750512.263423236,5214232.721462519,8455685.28801185,4479683.057438617,6931998.7266511135,7362446.952789211,4258317.772299815,2827564.7416276745,57452541.01797052
1361407.972527039,3361074.2712596315,3622557.5519847446,9237481.78323449,3996012.3286049315,8293765.564559867,8372884.094171278,7520403.105539625,9494181.560386488,5303166.466597535,60562934.69886563
2706503.0263895905,8264873.787846217,4795518.0706363395,4409163.990170026,6354690.195632279,4882706.663852214,7641623.244011884,3507501.47696016,7097732.913061599,7879336.61046497,57539649.979025275
4704301.342628771,7643807.818760543,4102326.918778277,6916869.576919571,8357826.091993367,7871372.237199937,8251383.1256965725,6071087.153327438,3858757.6557153463,4626629.193037441,62404361.114057265
9357431.066556651,6258773.944299119,4808763.873386929,6270946.005627001,5371537.868837244,5837319.512551223,6496774.703995304,6099194.438965337,5832762.353925947,5848344.425124917,62181848.19326967
6893428.668827215,7275171.56619894,7556322.406500579,3500589.43504355,6689605.127891992,4620445.29208539,4437385.983194951,5174108.294369445,3930571.933328582,6611466.164725369,56689094.872166015
8150986.019879971,5036818.096747493,8837374.298099067,6020696.872506277,5854348.416591875,4558023.28930761,2651220.62657352,3628767.4233063995,8515990.528285338,8597089.73794037,61851315.30923792
3479078.835483414,5352590.465593942,4694341.987848783,7751762.996613109,5399343.025847849,6208690.149723913,5420296.076855675,8787632.71200052,2236904.2601428227,6066497.692494083,55397138.202604115
6791039.931033986,9380357.914990287,5500885.023235144,999618.6865048641,7530828.904623906,7769309.439005916,8808596.07042447,2751856.5606679292,3533278.6887013656,7143900.784843645,60209672.00403152
