5780743808.121892,3180335220.0359063,6158265005.303452,2713182742.8737326,6706359656.50876,3094635277.7174425,6733831966.398993,3010466214.7647557,7448443269.689113,3003880311.8024774,47830143473.216515
9140215.514356904,441.7292612137898,11577816.57890388,441.7066801230823,10047301.271423895,0.0,14201127.36427697,0.0,12238212.753768168,436.8724411998105,57205993.791112356
4837538.567542032,435.77505115838517,4846502.030907505,430.64843280076593,14368990.181148672,430.8215921602111,5755232.103415765,424.44960500619936,7894363.301551653,0.0,37704347.87924675
5081565.00080698,0.0,15312979.5413258,0.0,3968819.028418825,425.26916848785135,7618185.044271443,430.1297888882218,5923701.507789578,429.0600265841423,37906534.58159658
9798912.593545808,436.16798286929,7999002.562914552,439.3749086120511,4148267.240539542,0.0,8287710.055571832,0.0,12358320.181624308,442.1817568440168,42593530.35884437
14061514.808373263,439.7155789457131,8625389.908900643,440.22593968061267,6042009.776287935,440.0494678793204,8279541.296588164,4627310.399774534,9840602.98195547,0.0,51477689.16286652
4324631.690452019,425.2175218858831,1246298.0484783577,0.0,5818685.66951913,419.40025560662826,1542812.1733967958,9047151.636899719,8208177.006113934,424.9188465768581,30189025.761484027
8177413.418310343,0.0,11945084.913954252,421.4502883088636,225228.38880887377,426.300950315925,4834742.944216448,16444762.391414113,11059611.218691371,426.0871236251352,52688117.113757655
11374191.420349387,425.63185614401834,11691706.019064704,6573842.406916936,1007820.2666340276,0.0,11137793.69406575,10215939.680516593,7900300.317884572,429.4436847160639,59902448.88097283
3607369.630445242,431.0332770259421,13458069.428660763,13654483.506312935,1965898.6335982445,433.4181584034235,7235439.080502628,12223179.818249341,18456321.462320305,0.0,70601626.01152489
5001944.8166393675,0.0,4868429.638834958,15761021.061571695,997733.2171468487,431.2133958785043,6847564.436144476,10289949.865137093,2667366.3590420187,425.34625753183866,46434865.95416986
5278726.636148769,424.2902022983671,15068288.413736228,17400073.558195155,2000168.3825117906,0.0,11561610.927838612,11783886.143184306,6719315.746776852,425.77353869840056,69812919.8721327
1314581.5368777418,427.7504128744154,2851808.199011608,14437802.351375153,1108320.8329021959,431.05274956274155,5916043.808699854,9535669.606591126,7028132.542645042,0.0,42193217.68126516
1280151.7013080025,431.063086410845,6526188.816057599,11014121.044648351,2312393.2624476734,429.32573202310675,10959720.130354116,9387611.432903085,6122214.656523929,429.31950650771364,47603690.75256769
2144620.113707868,0.0,5866524.958025231,11296304.778090557,1327810.9238132874,428.1341896870929,6516859.445249716,9629487.510145001,7207863.360302186,430.6783732390886,43990329.901896775
6309937.529486248,430.88327751638553,4761943.341464078,11433324.697888624,11330153.995884636,0.0,4706771.444072054,10363260.911074525,3757222.6361264503,433.40061744434183,52663478.839891575
1186891.0697526906,433.1524904161802,10457488.982738612,11403257.431632401,994165.9689291382,429.38415080078204,8243705.566116664,11048385.970754381,1406859.5936503706,0.0,44741617.120215476
5082794.594522479,0.0,4356978.126323699,11386808.774923487,8264412.2589940755,426.4076732229748,10820924.79416052,11656940.163364653,5688576.989136184,427.0021262448607,57258289.11122457
5953705.502010425,429.54346392887544,1554247.6236694388,11172315.93125959,6631569.48860254,0.0,3181023.2739115534,9805702.797966784,12795761.785725672,422.71240960020424,51095178.65901953
5605847.641328877,424.16335611532014,6134972.983267813,11307293.263681814,3035597.1668503564,7643324.485316702,6557245.536740728,10942335.953129817,3315918.7041735323,0.0,54542959.89784576
2612075.321564568,0.0,7390979.986179364,12418318.355417307,7410081.703584932,7046034.919513825,6897471.268166708,10142877.186978439,10242754.331133414,418.473664584344,64161011.54620314
3287023.853241682,417.79377990758286,9080639.183839656,11335998.042589666,5716983.626109574,5285958.117780193,6496358.214880538,8670317.746480988,8793247.459690547,2452912.043004553,61119856.0813973
3095262.5281441063,430809.02165652777,7137388.432779822,9096256.932771273,7543126.680281518,5041118.807815509,8495431.629199916,7893861.923933768,7604246.271123598,7847341.135576614,64184843.36328264
6913842.150341916,8346537.067658907,8238522.367208873,11691504.255108008,6209821.720292395,5038857.684834807,6141479.908287925,7633464.260595618,1914474.1259389233,5956032.425208312,68084535.9654757
1518690.4802042753,8921832.803487662,4731830.23754501,8347546.324742416,7116498.630969897,6075675.519058009,8723874.23316171,8457196.126994114,6672520.07016418,6786055.113268841,67351719.53959613
7840896.206276004,8384364.3379481435,6791072.395616694,8633515.640419463,6532908.435736965,7093024.470773446,6651691.7370747905,9045327.124837548,815503.3695371405,7580568.969845785,69368872.68806598
3427918.4573567016,10014262.066123435,8636753.452639734,10628636.31474826,8555528.732417945,5972205.079131755,8108682.758915231,7704937.671950606,4246444.022048617,6363048.523680555,73658417.07901284
3792626.3956234464,8803289.362492578,4636747.203220369,9010951.286222445,7373633.574004141,6095287.230842982,6133694.871555786,7997393.894348981,3309964.213105096,7214912.466366808,64368500.49778263
1070951.6299932078,9167087.755484786,7434552.5564695215,11241344.553022768,7281055.5556343375,5088505.018466493,3052727.460010496,8229284.757363683,2132544.641650872,5654110.69688698,60352164.62498315
4773102.402182058,9820503.507282706,5220037.153854685,10144867.776491806,4494416.993069166,5402301.323117603,8056561.88534794,10010431.866791693,3148548.3974355734,6561885.942477526,67632657.24805076
2888747.3529449105,8792262.845127637,5832266.503115286,9973987.775880013,10010281.092267008,6159980.813325071,3023734.1339665763,8072370.029344477,8910503.221544519,6868370.209561524,70532503.97707702
5544768.717982016,7887559.801175477,9770058.290169388,17244058.304516397,2751518.8863521186,6434908.793490854,4733276.68489608,7059476.802244879,3288048.878870915,7655749.842255687,72369425.00195381
7064953.492109478,11573033.4435512,6465428.246964307,9859662.020385161,5370840.082511044,6062197.708841114,6050436.031838221,8902436.411678273,5567578.133867535,6162666.754941364,73079232.3266877
5854137.623700277,10422834.551952738,8670535.663324181,11257024.301037576,5993078.375001065,6305357.214800063,5122905.785369342,7612193.699447889,5684653.110083599,7360495.888903043,74283216.21361975
6983475.981851088,9056537.800803332,8385244.101867978,10335952.05943773,4616417.860142599,5133940.639631787,2250978.9416696713,8873408.257494472,7530783.256066248,5831036.879897759,68997775.77886267
1797051.2111197964,9387352.88515335,5683709.86888947,10295758.841186132,7356255.706182222,5498873.664511472,4825457.323128885,7994881.461049474,4341564.979880093,6403308.439368825,63584214.380469725
2318833.8090032903,9927297.04030416,3853406.4975317195,8922680.529542543,3318121.6590418955,7215093.38202741,7611923.506886353,10494952.51306963,6550491.092675126,6426178.966404295,66638978.996486425
5354472.389526737,10529658.762543505,6032589.554030309,9920497.030430038,7965718.0732045,6221931.292105917,3791935.5391662517,9399862.813770248,8729382.915442845,7126671.174247766,75072719.54446812
7593084.747401034,10902054.087900307,6052551.264044168,9313835.801127767,5781949.875901499,5699435.68417773,7876307.257905039,9143264.963254966,5701557.113626916,6726591.636456261,74790632.43179569
8396481.63308723,11191273.751833083,5245828.555370487,7561492.331219734,8962598.40171267,5714639.17923479,2406097.048762073,10270731.377828278,7021484.062259786,7179340.157594776,73949966.4989029
5548042.926526231,8745661.058422394,705818.2986921091,6962833.3455656385,5994526.823525022,5153523.859987053,6948189.569212348,10120429.416304452,2038572.1076405637,6557060.867227129,58774658.27310295
7856587.375167119,10409550.32122177,4523128.619983465,8732279.984834617,8547041.757925441,6933941.063600268,2383332.826659578,9571445.365065081,8764473.916409116,6534213.440892624,74255994.67175908
4422819.717391174,8881504.35817839,2895375.063839283,9132712.23209388,4612021.368846733,6255961.450519221,4785192.424013959,9256319.097947095,8332588.880107435,7092933.275941014,65667427.868878186
6495501.557954344,9647343.172746524,3744875.314391295,11244293.6369416,7704431.054343648,6811174.730865735,5368553.817814252,1313794.3500554536,8531918.07975813,7885089.9838267565,68746975.69869775
4087591.4256967357,11715663.104932442,3213755.0539161875,11921988.883771116,5750963.458560786,5111649.623799226,5914550.773807768,399.5175307084814,4414098.34146527,5496741.095628854,57627401.27910909
7829814.221810931,9859248.426934015,3301509.592926657,12002373.577505177,2375292.6945402906,5230253.313625858,8809331.916489532,423.23243806865,4534983.893159829,6613475.152400033,60556706.021830395
4801548.553856247,12554926.888375372,3499594.269838633,2812570.788449611,18593726.44716508,5964583.642678957,2572573.871568249,0.0,7573387.947047579,6478856.123868654,64851768.53284838
12055729.304635484,12808600.849547807,3267901.7555443365,421.91751585649155,2049944.5514159873,6410533.125556643,8412440.044718947,426.36622371803657,12895949.208343646,6641128.622939333,64543075.74644175
4159045.588084559,11983885.273707485,6815906.795115762,0.0,10812581.543435005,6816348.476314804,9914156.291419087,425.3617146425955,3773084.7364428127,7759600.178000273,62035034.244234435
7868867.616096794,11884148.345483474,5502336.466677548,426.8801704411488,5422237.580955664,6698455.1099053435,4328258.945971202,0.0,8117369.5751647595,7357804.12893941,57179904.649364635
5132338.904398352,12838634.536145719,1931232.3291314577,420.9626162225049,8164997.586446667,5745308.561758818,6303920.762931265,411.705433712115,6944708.116724077,6609352.030249835,53671325.49583612
5233274.176894824,11037341.797443992,4236008.543163275,0.0,10724681.913446702,5282141.509390005,6693993.516487071,432.62993945270193,8606501.976691805,6775076.523355019,58589452.586812146
8528853.008624783,12416560.796486309,8512221.277836978,435.4015643406289,10320371.798069077,5469668.018151281,8107795.683889278,434.3737623708971,11051627.436492028,6109194.247879253,70517162.0427557
9999778.460133629,11957528.98037328,3739845.5850019474,434.5332363226984,11189497.21385699,5383332.885842903,2390791.0348571376,0.0,9729445.875284184,6061507.329271463,60452161.89785786
6897021.333158574,11446855.314616006,9316535.839133369,429.4767560676645,8783711.83986687,5980505.090546909,8689801.014780678,430.6441032972971,11418014.687942008,6957239.261967975,69490544.50287175
8901277.926388536,11943777.986250557,5495262.519831342,0.0,10444764.893670203,6007746.917719671,11149709.982541278,424.0157772848546,7100306.749278108,7352919.404569036,68396190.396026
8311704.977535508,13071898.522906268,3189017.7297482663,421.9448396234561,6897431.351351171,7329915.295939039,4695091.805205228,0.0,8705558.176285665,7563428.589073603,59764468.39288438
3164514.290643742,13216863.60520936,8246462.695222529,428.0312419409259,6811937.722156632,5722311.831804289,6336527.755735266,428.62366320293086,10171057.459292492,6511113.487371371,60181645.50234082
6185482.64355041,11100477.710113438,5149705.522504588,0.0,5762422.471811353,1572466.836995864,9352122.899188304,431.13508892566034,11635541.878503254,7565336.958611643,58323988.056367785
7266501.208499396,12463229.63347162,7309648.10237414,431.54846058508787,12024044.818334565,431.359004195821,19678980.1627113,430.2343003386713,13216374.981854044,6057181.737667356,78017253.78667754
6167943.837278764,12242018.935677707,3659910.1442503305,428.79264064958295,11347691.930075303,0.0,10349380.977602787,0.0,11993424.297081614,6160415.594181433,61921214.508788586
11140009.473402571,13288018.24081623,9992581.493602332,422.97670720936117,8023868.871178524,420.2084860466631,14817000.928013608,422.9120232312513,13340225.15709294,0.0,70602970.26132269
11050493.323923577,5033684.577706504,962493.5750049994,0.0,21061745.50634477,441.23378356758224,11613702.449352805,440.69667721820315,19567903.20366388,440.8260773412918,69291345.39253466
7494596.0876358105,440.03763759195476,6827150.067615334,441.83803167733623,14865643.097143847,0.0,11277036.058921287,0.0,14165518.539981563,878.0879140817451,54631703.81488119
8132892.956185731,434.50369527552056,10693925.074063916,434.63642704804266,17182219.200333424,434.8215426156299,20892646.66519584,434.66242007413115,15147650.076831635,0.0,72051072.59669556
12148283.34480085,0.0,16827161.782586485,0.0,6502792.392766434,432.30136250348664,25503893.043062385,432.1019703221857,19981106.41553121,433.96497181863566,80964535.34705202
5750975.910152612,438.59470422731584,4340969.19165982,439.71356215948816,16762366.639829611,0.0,11480376.907955257,0.0,6970206.127208082,441.4040451211892,45306214.48911689
13375114.296815816,433.0133988438585,9926085.079814794,432.63021835592576,7979770.696151593,432.4033100579447,12398792.203530319,431.26752556041845,10690765.58314716,0.0,54372257.173912495
7022163.563807285,1226.9554377216548,8618425.129761154,770.3222754509519,13937065.448577963,1199.7149385283105,9878186.405344816,1191.7230321573954,12707129.855925702,1193.2321802738588,52168552.35128105
6951130.166337418,0.0,2760684.028610875,437.9328817833108,15601059.074480617,433.4620170136668,9218845.424407113,433.5448126636076,15619818.84338125,430.13006457721855,50153272.60699331
1053509.985469186,428.87484963137183,11238829.978300625,428.1421107956883,11416231.995963996,0.0,3128354.7196997115,0.0,5973594.170203489,439.5784796130648,32811817.445077047
10836969.788906313,440.7671093240471,5963507.526384235,954.9506628384657,19333322.727494523,436.1213075932273,8184257.3874046095,436.31468762434304,5696391.920107805,509.62579292376563,50017227.129857786
13881454.254782684,0.0,13013560.746116884,0.0,6142917.269179412,439.10581684922886,20172153.823167544,438.80883822559815,19648767.69137917,437.453483521068,72860169.15276429
5216719.836265142,439.95811225426354,15629407.917367298,440.0841929653101,19231158.076585975,0.0,3755582.0543865855,0.0,3960022.9762236327,431.27011230178493,47794202.17324615
20789927.39289357,431.48963640065585,9672969.965217633,431.0516420727056,16213378.328958465,432.8689053475362,8282770.838031736,439.5024781784079,12226076.095075354,0.0,67186857.53283876
6346685.516910062,0.0,18290186.087270334,0.0,6102743.1394755365,437.72816692438414,20338775.117545612,440.3390753575888,17925028.162867367,436.81253584025836,69004732.90384702
12798715.680471363,435.2532145138747,8269019.226297131,435.4091916516287,12660473.85072197,0.0,9203422.11529566,0.0,12603853.247803427,439.92821354830517,55536794.711209275
17037243.837796137,441.0328312473753,20113131.082005717,433.9355079834234,17576700.843728535,435.9752048845295,21678969.956405044,432.3361752514756,7767509.717994476,0.0,84175298.71764927
9133281.557613555,428.62521452381304,13880352.947822768,0.0,14684237.027284792,426.5010770218946,19519831.968797605,426.91465866924125,5081983.070224235,426.9166502856656,62301395.529343456
13376104.913965011,0.0,11894792.642203247,427.08256284422754,9468824.412915226,433.66416123886205,10684259.698019397,437.4009259160688,16358994.052225173,438.3964344111206,61784712.263412476
3718496.3303586566,437.5135648234269,11603096.403689157,439.9522475574731,15453328.835607814,0.0,4772022.406708714,0.0,14295144.654737476,443.14317599022706,49843409.24009019
11957678.428295944,442.7280407968492,4865314.869668849,442.5257254166347,3365052.1185493614,441.9805224955495,13956253.33276853,439.9730150561039,9573739.489881556,0.0,43719805.44646801
8171279.07952739,0.0,4676119.681500586,0.0,12672562.568839183,437.6835359462901,1136766.7366775407,435.19883235990363,18123546.83186607,435.52947483121403,44781583.31025391
10724526.353011781,438.14398604392136,19875358.072056245,434.2739749370947,17935018.868921503,0.0,9930413.303686509,0.0,2752986.5694694943,437.55949251541745,61219613.14459903
19089064.3465122,437.9964299194937,5012962.279123001,438.38412009223794,16397905.169657908,438.62403969709527,12025696.409850363,438.75595445909386,17859407.00312816,0.0,70386788.96881579
6507494.959255057,0.0,17597013.63484255,0.0,21617140.700316835,430.17758025982886,12599199.480288243,429.527976328518,18639206.185399286,430.74434901901463,76961345.41000758
14003583.493203018,431.0551491440093,14273494.519462328,1457.0543598383774,13827498.318975067,0.0,10201167.641516559,0.0,18600885.773552146,931.7179622346829,70909449.57418033
11448056.896006221,430.19513706518745,14132490.683952758,429.06825631833044,14582098.980369566,438.3342971204827,8584090.642059352,434.5808855860595,18617828.11622842,0.0,67366297.49719241
532503.7522501686,434.5213256394584,11821331.307582812,0.0,14550484.023925738,435.7616575196943,20758071.741014063,441.1894017205648,15096971.157973185,436.162407766435,62761109.617538616
3609668.1552073625,0.0,16273554.872936523,430.0249607945077,14755415.794670936,425.0548497461725,10952681.997141711,425.2371012080588,16303046.328639865,430.6441032972971,61896078.10961144
3584660.6771598486,434.8537568086771,13042605.788747106,435.98115285650124,11422066.521422941,0.0,9998198.956452394,0.0,21540492.086082593,439.687345621987,59589334.55212017
3708203.0738645443,441.32576653509017,18498638.862570416,438.00977070073395,15051094.145400459,438.5895446482042,16372029.696663585,438.6026349282011,5966101.456988894,0.0,59597823.76320471
2725477.187498729,0.0,13094664.547461923,0.0,22525572.102297604,436.9628990883592,15035076.883554664,437.60466890548076,7830571.8939420525,431.07776189493285,61212668.26008486
3987544.8610996883,430.0362588241375,18564442.95489471,429.47501534322424,11234147.734640699,0.0,12959074.944277788,0.0,17094728.363108255,439.967438405592,63841238.33673371
10294991.291387293,442.6015111976802,24600515.191481046,442.7019503139844,13051413.785253072,442.7548159445453,18730768.78710961,442.93755757372685,3547257.845220882,0.0,70226717.89628693
8201912.844363032,0.0,13943913.499002578,0.0,17418229.708418928,432.253933356235,5073289.672696717,432.36207957375115,14117576.478006946,436.83850545021295,58756223.65700658
10418407.89066335,437.16253197672336,16911089.337315854,442.67381887335597,10082596.24560004,0.0,14298720.078172507,0.0,11721626.966186143,432.5813228192498,63433752.93561156
3344831.151724169,430.16581524457564,24604794.836886145,422.34971643581406,8758521.82901096,414.8066881164618,9496825.227513228,3009095.2546659075,11533166.26896803,0.0,60748501.89098823
11874617.133269828,414.050503787455,9704511.470448427,420.80432612479746,5274087.252879545,424.7787180424191,11638504.73099423,17331175.320743654,9394057.03583481,433.3440855053819,65218645.92180395
10209349.740859028,0.0,4428426.267952395,0.0,3869145.818545983,438.1848961314668,5754387.04575303,12796408.147160303,5135344.850408028,434.8865394148924,42193934.9421143
11928184.762473015,435.33970824631655,9394790.645364054,500965.4838747464,3823527.561479234,0.0,5821459.824200428,13118544.345955601,11815242.941956664,408.28680702063207,56403559.19181901
3998601.70341807,399.1091743535751,11941660.247208584,8141868.758406437,11134101.768473295,420.07626726091365,7284006.651672567,15706194.708626645,3533200.4226256693,0.0,61740453.44587287
9645635.067530056,0.0,8018953.94915162,13501450.869577622,7278436.218888744,421.36781409522536,2953840.378516639,11437982.925080668,9801908.03441786,431.8811743556961,62639060.69215166
6515771.269336517,434.5146671955837,8928068.455254532,13234901.126954114,3858666.791157181,435.7762773777136,7034214.359527328,10497019.34824666,2369101.5497041233,437.407292982463,52439050.59841802
5273168.875109392,432.44649906369335,11558341.102069996,13833049.626065439,6824005.0998750115,0.0,9115497.873650666,10624345.149211684,6666383.7145032175,421.848382195698,63895645.735366665
7857895.2119119195,428.06227579133224,6793594.04820901,13272910.07105539,5381519.557164014,424.8155567039089,5924436.306053497,10550251.038007384,5927512.205694313,0.0,55708971.31592803
8019577.602039588,0.0,13194316.057138013,12016919.148874694,9772963.430792449,427.12224881453693,9848930.75920426,9482625.103436675,4777440.970457366,427.91279043693413,67113628.10698229
6399993.781290368,429.297901707817,7431403.625734519,11172565.715439714,3239078.365806853,0.0,11743034.859419137,13786753.41718157,8263904.035946536,437.5984863222347,62037600.69720672
1483712.205179636,436.2020035342212,11092859.38885407,11536515.668103155,11361517.214805715,433.2919511316401,7590173.976442391,11949758.564278238,8748885.923936281,0.0,63764292.43555415
4051912.051716,0.0,10204487.45015324,11786262.39642736,17922184.866106,426.39295275923246,15094814.488560736,10066604.126376275,10877859.876432508,430.4420952256743,80004982.0908201
7045766.255909122,425.8119010233364,8766321.217246065,13240363.855027098,9596341.96427827,426.7171283632123,12304741.854070619,14686175.538023854,3548927.2950635357,422.3353634079745,69189912.84401135
5529814.31304307,425.9153156095856,9277554.459024668,13396434.23340356,11797000.91399011,0.0,4831750.822178161,13760493.98429584,3583497.7821465437,0.0,62176972.423397556
11698243.028592588,427.4645063415846,20330695.56450318,17425359.259131067,6659053.11303648,419.5222578943848,9202987.154093007,13628547.924899017,4693029.468346192,417.2198302659741,83639179.71919604
7073630.999933867,0.0,8728855.329117607,13188898.830285886,7459890.787556618,9269939.561522104,6659544.131710172,12130825.341308802,6909008.393543636,418.76029628421685,71421012.13527498
9584449.619491586,420.2299750754926,7821517.727279512,11462656.252461547,2625443.757735367,5302013.816032762,7764525.9342957195,9443917.102573346,10254250.961931663,432.2774145881765,64259627.67919117
6867434.3820509855,426.6135048885611,8589660.179718938,9941715.806829004,7702258.870000631,5312267.25511153,9572589.1427339,8766753.487881979,6731630.954324817,1974447.4237188327,65459184.11587551
5446606.3504963685,0.0,6800299.344666335,9116485.184367126,3173557.0902387723,5448274.398178691,7794432.919480006,8067606.899581454,4990856.653486374,7288659.829248199,58126778.669743314
8815607.28568415,8867446.292677889,6107209.37508413,8931053.52242916,5508948.681905226,6136914.918034161,9177414.952803079,9054372.93965925,9015469.848542491,6677758.963725147,78292196.7805447
6283340.506238163,7632540.556191679,8720824.101510936,9322686.592450498,11244298.368559271,7526950.589953357,4330492.485360869,9312663.546041543,2724860.585515002,6442841.432412528,73541498.76423384
3379933.816061956,7844895.865253335,6179499.177434056,10546334.396491533,5876725.869871898,6134593.518857957,5456432.106807898,7696953.236729637,10670297.54468598,6893422.259317113,70679087.79151136
4785422.979492562,10148592.14472912,7108753.929583477,8435623.629492631,4499067.302138515,5178227.964982603,4594000.586494365,8201992.465777361,7072331.651818983,7985439.803015801,68009452.45752542
2368996.0981168128,8468602.683657857,4852642.073569531,7765394.767066262,3326193.6822355897,5643093.182940274,4911347.960675027,8268364.776675462,6654481.5662174225,5938015.302312996,58197132.093467236
2028949.655218366,10158920.30012527,7370350.704498509,7314567.902021736,6828754.289344035,5279794.447271927,8055005.418418827,7638526.149051848,4308401.5483983755,6300856.514861435,65284126.92921032
7040997.593946906,9153496.62395879,2710305.260455092,7962929.844030412,8774625.828890601,6352513.052432532,1694015.6981765043,8212346.492284773,6344147.278443211,6683920.222058392,64929297.89467721
1678200.8517368655,10292668.820759997,8846172.906583203,10165954.016271168,6951896.417886858,6475249.302814651,6266416.581890045,9379826.607720304,8088328.69910283,6980945.713190045,75125659.91795598
2680065.8501231405,9435998.24285059,3151455.5885994085,9877744.573019955,4446910.640362696,6340524.528210852,4554803.767083149,8263167.19232153,5265825.243726279,7391651.13730882,61408146.76360643
73444.21304096412,10200502.528135294,7727528.635851548,8697814.20723571,5829754.811885177,6859649.7717229575,5703004.848358967,7985814.320537132,8644564.316726461,6848712.360762678,68570790.0142569
2073770.8372168893,11780358.098809093,6825595.33889374,9059644.812390752,9044003.78853676,5008823.988177973,6988069.48573389,7350577.152524241,7130785.704705307,6229154.33842588,71490783.54541452
209322.39148821132,9117539.131044768,8198580.433059066,9205469.852482354,6112796.002229869,5060481.846508226,8494970.43630166,8488477.804960985,2773287.8572052415,6182327.353006398,63843253.108286776
2148280.6092265854,8981765.51115456,706525.8274772791,8709689.285483072,9211399.457640009,5850034.826067842,4953329.603724824,8748027.021336708,7268622.013576487,6956370.615844717,63534044.77153209
5657098.779931557,8835224.857586445,2664672.1930208886,7676182.024164711,2218538.75957876,6445060.706419237,7681100.821692181,9947963.976608895,9223041.517225167,6680344.0951279,67029227.73135575
3859581.7982344516,11059771.345534423,8141809.046403048,9073983.401861643,7572129.607613187,5637979.642766849,3238457.768872548,8153926.745949129,9074054.544124262,6987445.90985109,72799139.81121063
2705627.14891375,9835928.620286237,4477372.203167235,9871487.82418759,6476503.805355587,7503648.967224056,8529945.071485095,10130913.129879788,10039329.088680211,6102413.548118428,75673169.40729797
5096203.66136842,11058197.056602739,7919012.115782413,9740636.552766666,5376423.021578744,5547734.412513402,7201350.937712297,9181221.075449515,8030474.847060174,8018522.909276667,77169776.59011103
5774047.488625822,7968694.705552499,1471698.8682847752,11721821.568954961,1963525.4345219505,5114620.790239315,6220995.39491707,8881721.82980915,7721735.166849532,5815028.532901286,62653889.78065636
5516694.919875372,6200187.230981482,8276565.74474027,8729081.773017576,3519595.772347984,5455404.019581686,10577339.231779197,10270828.62747706,8827997.80609517,6688282.158804075,74061977.28469987
1319099.6235455018,6712164.019652463,1903475.1830797754,11363158.064172665,7446762.366758226,6194963.940185437,5065859.232549483,410.8816645672904,3445715.570790113,6364612.229657117,49816221.11205535
3977896.036984812,7985497.788035927,2221474.461302499,9710778.219760407,7931057.299275509,7095153.61187239,8095792.14691632,0.0,5675335.883563775,8550954.39106658,61243939.83877822
7693148.240313543,10024507.709607463,7492775.765659963,10565726.416538354,3227810.671929066,5446125.513757684,6015854.921210586,418.77553974971636,11276084.646251937,6095507.528340024,67837960.18914837
5598156.009051663,10397473.506819772,3774518.097205671,2572689.8714058744,6944046.051599227,6698825.930955532,8644471.386324769,403.29272560426324,7863784.710601316,7283069.361150004,59777438.217839435
6842625.802596166,10763331.757795192,6258232.883800229,424.8151085066166,8981280.138856944,5386232.792575247,8962138.668808075,0.0,9787628.60481419,6041703.554701815,63023599.01905636
11684195.559963254,10831125.550114566,8838180.563748732,420.2511154074645,9975795.172847254,5256629.685618453,8803406.991762815,418.64352460853786,9237185.105676321,6023628.652461876,70650986.17683329
2657030.0178991435,10660701.166433234,2048358.765969625,427.1931220170188,4176756.8067188323,6462181.959503472,6303046.047680895,431.4336018597411,7872373.465170975,7159452.931488624,47340759.78758868
11860968.976923116,10968023.639917426,4224524.669609577,0.0,7533292.074545056,6397345.797568656,11687439.980126433,423.50077179289445,9782316.138097977,7195811.926902149,69650146.70446219
2933797.3714982043,10327422.441513376,7911202.509193676,428.7659751731928,7724798.257759271,6160978.833726158,7141015.994578837,0.0,10451565.17269404,7061396.583756784,59712605.93069553
4880146.150127444,10642305.96800259,1809252.064958914,419.9297664806399,8587946.643270949,6850187.987217512,9810120.581669807,423.65396524981236,4485342.390932491,7312244.696596061,54378390.0665075
5987911.637493792,11558674.39343083,2980703.214750387,0.0,9798436.534395538,5952416.794621313,9753987.744800605,415.9355019449079,7749803.788161319,6535807.392878414,60318157.43603414
2809730.6387132495,8547553.587445345,3691248.1906336406,408.09480170489337,4388305.571768283,5098648.491461746,5692143.192133747,410.2889903414466,10085255.653944252,5186396.567518751,45500100.27741106
2446474.1731640087,11501442.859300518,8436816.681815024,409.0824048917599,9001837.545931134,5081394.631479281,5420469.375525436,0.0,6671842.833632498,6792557.728306655,55353244.91155945
11069142.790888935,10828568.102807427,4688654.918962402,413.2919808543606,7990332.61394984,6116014.936912891,7324079.019384646,412.57419052999865,13330906.303479906,7425893.660160874,68774418.21271831
2916533.5567734297,9906685.545061095,12951629.472961709,0.0,2936281.006280814,6686992.250980937,7859929.009698704,422.3997824708151,5229281.95230194,7521008.142463957,56008763.33630506
4645889.259674316,11436812.164520886,4260332.634218365,423.56572512006284,10305803.270903533,6831974.314799981,8104261.345099834,0.0,9188426.111618277,6398324.338408527,61172247.00496884
6025779.078555054,12217151.57430751,8262470.382375561,414.6359985023176,8855386.673257349,1262342.2913205547,11370414.328158846,422.3967693118192,2042455.9470247205,7885733.407932603,57922570.715700015
4849538.449570831,11502662.74355505,3802413.0599735687,431.5917565500887,7685836.681930489,431.09151529958615,8350950.694744371,428.8795090841,5750304.192420068,6173142.048884442,48116139.43385975
7863105.469872887,12378395.897336846,9065958.506856889,0.0,8133664.201712635,436.5549027010137,12156076.289748905,437.6544212801081,8743291.869432218,6065776.206629155,64407142.65091352
849252.2442189186,12511839.852818409,13527159.88843803,430.830442785121,10266831.751872653,0.0,15935111.267299894,0.0,11665496.366772145,2427582.917891941,67183705.11975478
1743448.160187734,14739708.52199378,16658470.575683767,437.0323324306577,12818516.995117966,437.30819682742555,16612092.57418752,437.312756355131,14353608.658435406,0.0,76927157.13889179
3834337.809391423,0.0,19470447.664019577,0.0,16463431.990024608,441.870033185258,15679798.975902818,442.08116530641644,21982115.57136665,441.9570425322528,77431457.91894609
7338170.350768832,439.72422252479754,12892307.123744506,437.9754674765133,9173008.240985623,0.0,3065857.8169170604,0.0,12580668.571988793,934.9657496003102,45051824.76984441
4728989.940182153,435.01762528603007,18099311.258565247,436.41721263999057,18098358.890292335,431.8393949813291,13150469.295634883,435.5716885941806,22595534.35620623,0.0,76674402.58680235
4337577.756972315,425.1282702098775,11836952.386765504,0.0,4926142.796173829,422.91504374586435,19936499.28126735,422.61081048062323,6601363.926512748,428.4770684376699,47640235.27888462
4874115.735859865,0.0,6088279.239877991,434.22667391360613,17166774.482987203,442.0903875278905,7804650.330135641,438.4983165892517,7668374.593299564,435.7546780624659,43603944.95221635
4507294.936470819,435.83938982751437,10561155.829643842,436.83139667340305,13940939.39822955,0.0,10371429.49791194,0.0,10821909.71838768,440.01599846834335,50204042.0674288
3412986.74412554,438.01377309358094,6485241.396995628,432.3763793465214,11859138.17196523,431.62682524767024,9243622.366601758,428.77994673863594,7386079.358363502,0.0,38388798.83497608
4489892.72846306,0.0,10515294.15981531,0.0,7871039.552878362,435.7467557062732,15470070.14824732,432.65569303340123,10217021.17636436,433.6983529825372,48564619.86657014
4089839.073680439,433.0637894207004,2093598.872248758,430.7261944494365,5909806.41445663,0.0,12497347.0668009,0.0,16220944.30493876,433.7353534013028,40812833.25746276
11201488.566459585,433.6603313519993,8290957.400349178,433.61624581867585,18178971.96593796,427.53113525421577,11330742.800623272,430.36130825382963,5894432.562080732,0.0,54898318.464471415
2527741.1104009342,0.0,4002507.2407764564,0.0,2204653.3300516442,420.4929330802772,22192183.36875304,414.5667546552292,17466076.708483506,420.52947129529156,48394417.3476246
10976980.846384924,427.8858705158415,4919772.996544461,425.24455619457024,7538266.67348696,432.4211418920791,6178344.411914588,0.0,6479027.713812568,431.37517869815184,36094109.5688908
13385265.141776664,428.46275186153434,4847715.240462264,432.00007209779034,15145944.957257444,0.0,13891706.810770305,436.0549023056309,12671448.197293317,0.0,59943376.86528626
10568735.767541852,439.57051358329284,5045979.791585446,439.6677572830418,16254753.152907293,439.96801529391684,8912938.253079126,439.83133505586954,10918901.676194357,440.0820765982673,51703507.761005886
5025605.554510678,0.0,5827485.983708195,0.0,18926817.180998653,426.5738230141035,13905556.189779738,425.9614539933531,16068565.825704131,425.5365840203267,59755308.80656242
4671563.123496254,431.3625162703748,7971463.506962374,442.90627818672203,15232738.215598324,0.0,12845765.668623563,0.0,16406479.822454114,443.0146543005694,57129327.62058338
10672768.251141299,958.3503128864669,8124857.394049856,441.2475157079148,13489722.719045239,440.9717795625078,15081709.53152899,440.37432779602403,15707866.045538358,0.0,63079204.8852397
2333753.1645364664,0.0,6019749.231199571,0.0,10566650.778318487,444.1281832151869,16714618.92072314,442.7945464946543,11632797.110138953,443.179561752646,47268899.307208076
8534344.96168235,443.3021271948319,7966503.810601205,442.9873603552936,7929884.688659966,0.0,9348168.39682154,0.0,5780570.802890488,440.0587017163301,39560799.00884481
13806772.003274307,432.84526675376895,3256140.576118649,429.4410282356976,11187528.053184994,427.02621781314673,13649536.8539122,430.6745959081691,11667903.244980382,0.0,53569600.71857925
2107605.233977956,0.0,8103988.1528321095,0.0,22230093.33382254,437.703709163105,19756666.33605859,437.8108867641785,19835516.389561784,437.5754696251236,72035182.53631853
6108780.43129695,441.12125090984307,3144639.329191068,442.5029655651564,12797582.594416508,443.51287173993353,15844491.038359111,0.0,24481700.626714185,435.7554325876038,62378956.91249862
7558039.866468601,436.12092969654066,5872926.407898667,435.15405725940167,21396961.24351456,0.0,7170081.410611427,437.83630869015286,19182773.59105104,0.0,61182091.630839944
8990429.271022905,437.53457816088934,824462.6924860099,0.0,10191847.271897227,438.05132291214954,9660408.951703107,445.4232599260071,20721212.711380478,440.419990982755,50390122.3276417
8475324.135851325,0.0,3132988.9857090637,437.26450617464945,9720750.36536964,432.8293540364552,9410324.029254211,432.05375043081636,15738039.611893224,437.41004893435303,46479166.685737036
12834878.723260026,438.05990118517303,1777771.8616380272,438.3798245623585,14866292.665841397,0.0,15189336.782604367,0.0,20485454.237292547,436.54732985630534,65155047.257691965
4221326.872690605,438.59957727461074,2262658.7494512517,435.2998923893986,12478748.722332638,440.60620982297326,13386477.298070159,441.15769205738366,18389588.33511239,0.0,50740555.64102858
3725806.79793493,0.0,2275149.0771378195,0.0,7106589.35209139,444.7606297667933,17900485.53578198,444.22735611295695,16969589.30475911,444.8366915945587,47978953.8923827
9922919.859205246,445.00266347432876,2294227.9411640414,444.4202428425894,13656620.488639519,0.0,11981230.189170932,0.0,12379334.032933332,434.5222634648498,50235656.456282854
14790594.321268836,430.9427666724247,1127914.6368684398,428.14256604072114,21243154.79530892,428.735569619121,13240280.516669782,427.61440519747316,8885280.454251735,0.0,59288940.15967525
3915574.6123665706,0.0,1541378.7108987593,0.0,6401503.828147174,433.34912240635634,2978437.1564040184,438.5479857992826,14711009.136483112,438.5476992138769,29549213.889107056
20328043.217078947,443.98753558818925,14448595.802624581,443.55606101097595,9421366.94284453,0.0,6938492.223244705,518.0361820935117,22001480.86429835,435.0932117567275,73139819.72308157
9002105.059612114,434.56165578715206,4173898.3696865547,435.2598956119577,18030558.829675607,435.7377019376404,15255648.1080899,430.64797221115265,12850048.531432882,0.0,59313995.105722606
16375754.283454027,434.26442023650804,4725089.633087308,0.0,5415569.295590911,427.27626033031544,5596728.381441976,9377640.018507775,16595920.629894625,428.09995930079015,58087991.88261649
6839913.377355893,0.0,12913472.571269896,433.51867307836415,10861323.484511036,438.3408822660428,12500987.957567582,12084651.909651512,12610235.449356142,436.7524574114131,67811893.36172481
6339923.458383608,436.6480701858643,621377.4272186942,436.54638326918996,16139971.061871102,0.0,18776190.78620949,14142145.505532106,6595182.733834104,435.8074067948835,62616099.97490936
9274244.695813265,436.03733615294334,9435353.310040448,2986901.664339181,5545476.350039231,429.89622356263226,15100189.928553527,14509590.078034114,8525225.145747006,0.0,65377847.10612649
16754231.653339578,0.0,10980862.67445881,12296148.280514028,10417441.93926735,428.56399150052516,9384513.2232575,14341466.108584786,2481756.386637652,430.4238741027874,76657279.25392532
11016920.42560074,432.86983605366015,12627238.969571562,12880843.362090051,4549914.204296652,0.0,16671016.727555806,12820942.30510358,1555882.857456359,437.1452561456611,72123628.86676694
4492276.990284196,433.156031756277,2897159.902549284,12165384.461735185,10380890.526068658,432.3644009011234,6642760.692683768,14571968.63994912,11052609.247869534,0.0,62203915.981572405
8642681.031439252,0.0,9848109.399081727,10550378.37791086,3451735.9027475608,422.0020629884322,8929033.534612576,14942547.438364776,4258468.268597537,423.42443923652337,60623799.37925651
14220947.85892431,425.97335066623333,12370795.734047465,11172657.394816728,4817075.07960075,425.9827242704872,11216992.26254818,14502405.558140755,10995401.342660142,420.0327970364164,79297547.21961032
6592299.039963983,420.2179584905377,6518238.372083057,10816604.373680454,8231920.459750274,0.0,3885205.0413878905,15506473.190088576,8008945.186819819,0.0,59560105.88173255
11528141.634819042,427.8625911531913,11426576.500539316,11221089.541988032,6518620.229590437,420.510323073443,6486040.83850136,14452728.905436354,7201770.999660109,420.27497759038266,68836237.29842646
