21226836591.13454,19838223015.015522,21082170323.20469,20757660351.470676,21233951717.603138,20150753359.85542,21255437030.19549,20980435562.032516,22107527679.728973,21319225629.17128,209952221259.41223
3452064.8176515093,6497884.28038079,7354939.182143488,470906.59602914826,9032137.99060682,1720739.1641159127,831932.8437350477,102610.39054949192,2534763.680087439,2106545.6341575384,34104524.57945718
5133577.70272541,6562929.412424192,4079607.461449012,7044352.228306578,9681685.562610012,6916505.0541919395,8889032.407726927,6624554.172866105,2771470.285771334,6099146.670731043,63802860.95880255
6127423.988232122,7227603.779816028,4020129.4480002173,8522313.6286806,4799502.2593423,8152357.496265837,4424249.506072271,9274575.014868243,4315905.8148959875,3095630.260722008,59959691.196895614
4440100.241311879,6971643.02371446,5947359.7632257175,7945733.772682156,5823286.654009871,2819101.2674684175,8570813.397938188,3302540.0306358966,3857441.1639416306,2564001.7341281795,52242021.04905639
3084022.2528556464,7011880.494101006,3017991.0699192733,5958144.5472412,877685.7535055248,3696986.724018774,8733514.772842811,6942826.939752831,3773215.0457503563,5835540.840683526,48931808.44067095
6766182.112174814,3836541.493123139,8670078.581380926,3253736.9498109636,3666383.6114924424,6473942.089558257,6513405.728905314,3417568.879582461,3198067.5984155294,3636758.8071424346,49432665.85158629
3707300.744809474,5554947.222736688,2295879.8550571003,5087454.44593288,6900329.998633384,3630657.4241773514,8734924.314553767,4200193.033486978,3138267.317621085,7682506.827934993,50932461.1849437
2564749.9145383155,4183834.3231540415,5014329.859859628,1211190.8154686862,4583998.564949606,5433616.592064209,7226461.861264498,5647489.201665389,5692117.767485785,5512201.19968268,47069990.10013284
6273190.87369684,5780028.14014412,3196562.413802431,590159.078967833,6579285.436586816,1000237.3612957646,4681419.052613386,6870673.104781406,6962811.735317535,3015025.2936293827,44949392.49083552
2968833.3219337813,3965584.5720458417,4423801.081743796,4139539.137650298,6527163.761041625,2002325.4495031214,3614185.157830455,5967600.512195907,2261124.9347807327,3647205.651162081,39517363.579887636
3671072.945830963,7266289.888141364,10045949.801574165,400059.293524069,10006722.556180174,5553581.37048831,6606088.242202479,4386519.381965525,5626571.115971013,7000015.704463574,60562870.30034163
7867217.022614608,2043064.6865601537,4452837.115618471,3692265.958674022,6523229.580652865,1350302.4811830102,5715127.319621363,5452279.25696881,8685518.04000109,5866062.610111053,51647904.07200544
447816.14458805916,8632864.125500737,3966460.5820222003,8971842.781286322,2379013.9732619217,3943194.907143137,5698670.531176347,8570078.863895169,5591325.183908807,3608206.8459197325,51809473.938702434
8061161.470045378,1855777.9302131634,10172484.782311695,1403944.8345187001,2658399.7398703885,9471078.89037098,8598046.412510945,1791305.6788370209,9054956.053479929,8170697.155129787,61237852.94728799
868071.8695941531,2506378.503323553,2163795.2566026226,2694155.8828814235,6605531.522060413,3211611.779567251,5779043.565671059,3013204.277631014,2805088.022634165,2198613.221772794,31845493.90173845
3932670.6348203844,9132409.827633608,6984529.615348604,5544161.55372812,3489612.3293426903,4433894.110611896,6663752.420185755,6058828.804362997,9120815.567780538,5437570.917556307,60798245.7813709
10163711.50734521,3559748.315303089,7326739.312479611,6647585.65126867,6186117.223309449,4413454.745505844,4452971.709522007,5747779.731751428,4091059.700432834,8518031.293852119,61107199.19077027
5790590.395811071,3852553.734805727,2616338.813655175,4701199.05879743,6245598.748351264,3753492.107686351,6924279.277206001,7078193.048982089,7500549.288945065,5937887.160016594,54400681.63425677
5137148.997790853,5823995.826616113,6491243.926534522,5836489.462677202,8164364.113021647,8475209.327348527,8004803.739343845,8225356.9230489,2842924.3933775513,5997101.323559688,64998638.03331885
7522957.826215661,2559005.3381679063,5177910.64082155,5233615.226544109,4760400.338054577,8509589.612992555,4712545.528709112,6794886.396755168,5203267.461782324,5801781.600368995,56275959.97041196
4436570.091769552,6628135.646502922,7625926.613891318,8189909.121586831,7734637.682338148,5972641.449443627,7492343.002770743,6523016.703338995,5192655.173503463,4364498.296392553,64160333.78153815
5111448.92764596,8940952.104221072,1606188.0873925637,4035355.6630680324,1277859.210040555,3846842.9578699046,8889516.311746858,5719146.700590198,7323182.0635077935,6746709.688892906,53497201.71497585
8651018.524092566,7292021.945116767,2515592.7149628364,6085321.584277254,7373661.4652286135,7486135.236979546,5838169.594417127,6420896.553651393,2006445.4906091376,859743.0440852795,54529006.153420515
2621453.34201053,8930425.327123582,10588731.028391395,7530007.173326327,10797068.105918793,1663372.851632011,8319629.494064067,6498982.856220609,10670871.47216363,6665142.845684729,74285684.49653567
5514113.350734585,1604382.709137086,1976540.8746233748,9646328.403967971,2094492.3130308746,7190694.248175629,8127308.979228978,4978650.054015291,1878406.4980453132,8052580.6266121045,51063498.05757121
9144037.955507578,8761428.8845783,9089158.796780027,6476896.734618567,3042463.8655860987,6892035.8824213315,3925430.035670228,3754420.6373529895,3959766.8413080135,4700228.140172488,59745867.77399562
10756509.314962318,10585495.912201004,7802431.28937569,8068629.178906004,6954493.798099268,10039506.3381636,6999361.58047203,3750440.805353813,6279900.85586378,6674836.375861806,77911605.44925931
7008748.16096672,4057848.309579689,8072127.843175393,3669021.217679061,3968914.543375506,5260739.522354088,3816289.1422952376,5584302.8979309695,2574392.644273931,3522920.6313175843,47535304.91294818
8833274.478783047,7311913.161561328,7826925.688528207,7860492.806648144,4663253.831879088,8057230.675946511,5373484.796648562,6671425.977544452,6190505.174623989,6322390.679862458,69110897.27202578
8857301.787358921,8535860.105176842,5372417.0155724175,10195501.353750786,1950789.6673426032,4474930.122458493,7188176.868696504,5074931.750480257,8258059.914590164,7163452.141862014,67071420.727289
6793913.679886782,6756461.528239876,4162248.569602637,6899258.774379307,5816082.081768494,7329807.184859923,3130349.026517556,4805076.139200916,4308958.293557809,4896955.132726839,54899110.41074014
2982618.9569476075,3645929.9098895174,6285157.940017185,6302835.893518551,7141189.705793919,6694271.195757755,4409518.526135495,6277071.987900823,2172877.121162276,6458943.781908606,52370415.01903174
5242641.886777361,6806229.571783384,9822729.77397311,8665844.245380595,6316622.1609618785,5544377.878195185,9025563.864016918,8930230.829941696,8945461.707071899,3843656.7266726,73143358.64477463
5876343.308650416,9437673.017887348,3316467.8759041056,3824203.7285263706,8195399.950582156,7971230.489100584,2091158.480601217,4971859.187113824,9236110.345743055,7857198.253161368,62777644.637270436
8912774.88601031,5292143.701124597,10142313.75685302,9752587.901841655,5718603.021177027,4741718.231746218,4878311.353720171,6122618.305052244,7586075.465938443,2598191.2483276213,65745337.8717913
4066989.359476885,8728202.761383729,4559193.338363712,3108728.047104353,8738366.612230292,6737382.589947229,8441063.466741398,7904837.776940542,8992524.852805622,5933860.426503911,67211149.23149768
5208092.012816841,4383090.655612442,5003896.548438047,8645828.321610654,4604645.181423182,4851661.41540318,2885204.456034179,3719016.0210993076,4434482.578398168,6328018.025540836,50063935.216376826
8105824.192149712,7417793.083904597,7614079.593072557,10596288.079306003,5330512.07955875,7197296.441601783,4429982.274786932,5566380.649188759,6065676.008589676,3807528.85344111,66131361.25559988
8849487.943001052,6091127.440463521,4897031.138103859,9690559.969013467,5612364.425385773,8133526.710780643,2996276.9394993996,2291597.6100062,8823093.506778779,4365286.565444557,61750352.24847725
6399637.997297108,5850511.620661068,3204533.3673737873,3927506.388735098,2500288.6829223307,8662683.32324119,1412353.0402255945,4503305.147702213,4234854.366000464,6767636.543372883,47463310.47753174
9188174.9214726,2737543.274638697,7927520.28158133,4624709.478038801,6852292.308504276,4940590.0640942175,6674197.2301172735,7228517.163803104,8731671.047849683,7808433.494864941,66713649.26496492
1895093.116491526,1781562.030431886,2087046.8074489818,9356305.603127778,9640505.520061666,5345550.289707091,905835.5133756498,7514803.549616033,3573057.4146084934,3147840.992260921,45247600.837130025
2877292.6134461435,2964217.27691339,8100872.959059671,2100711.5150835807,3637273.4650312625,2370481.7788903676,3327969.609865807,3517722.269125232,7762989.560000843,6177138.927117163,42836669.97453345
9553952.814938482,8541748.690660795,9950598.564902136,6177362.152542284,4751696.075938393,8845889.84913447,6676144.940787339,8481241.031047596,8042180.863418986,7758164.377561746,78778979.36093223
2796186.7153563444,7768170.932862933,3125412.408591397,10494800.39589442,6352055.322015805,2913654.7204723707,2961832.6074815704,2767456.794418644,7684162.327129793,3903390.2580632754,50767122.48228656
5644996.896189758,4015627.6864506905,3813302.1508900053,6512909.750935183,9374814.950521223,7680253.205874244,5464186.103055126,5565452.063700172,5888142.850421568,5247104.357821114,59206790.01585908
8466921.513113206,9637575.605799712,5354823.7034966145,7475500.647173807,7065772.876364502,4755839.293840585,4056481.174189855,1885462.6441730924,4157621.719898363,8362874.64582458,61218873.823874325
4219480.21074386,5262290.032909899,6753045.486988905,5789308.290445659,4943493.406844418,5118507.322942396,3660200.3462925055,5845279.216704151,5451717.693171782,5694544.868532076,52737866.875575654
6554382.267943241,4962875.280723449,6095688.0951921,3359738.4516313914,9184369.211445922,4246403.887576494,2706272.9382495005,2936275.1504027685,9326714.825012164,5894607.841396188,55267327.94957321
4870151.713747646,5526019.961468491,5116929.667081009,5268093.78982973,9324189.191548858,4736983.20315154,4742854.57864562,2120474.903184098,3272433.945089063,6619175.31483739,51597306.26858345
4259718.341382252,7367712.126007321,9157700.359160043,7317007.01315957,8881787.077202966,7510329.016002296,7575325.956765124,2923827.4792940225,3229561.8263884694,7362246.626298217,65585215.82166029
6208322.873743405,8868917.16957214,2957376.094268397,3076180.757872839,1934117.894742446,9486509.238979531,6091516.781204804,8188183.428879696,9296777.537534319,4947049.0258954,61054950.80269298
12376285.506541172,1700157.2096997944,7003250.209218686,4454509.895436686,7883721.71693766,1377074.9527042864,8064613.033569196,3901234.0355057814,9422733.88218536,7249686.065195314,63433266.506993935
7917640.784756429,5916211.799182758,9319182.022884814,8348636.828996275,8464095.3081326,9418609.194974793,2265837.747792724,3055972.57771264,6520224.556186552,7053441.248089851,68279852.06870943
10745571.957717668,7363890.380453013,2961175.499098491,3008841.3805271275,7133422.243331141,7464866.619866372,8093122.531800345,7284188.1634345045,7157702.781371828,2807342.449313506,64020124.006914005
6073505.519651906,8479949.117834352,8814420.889437176,7397668.843346419,4348698.334046562,3699721.2582583823,5977656.109346891,205013.99835013607,3846854.5720270853,8025403.178797929,56868891.82109684
7781359.702166419,8489555.760031004,4640639.527250984,8348899.4655639855,7140541.418185781,7744643.165475153,3141047.9979389915,4333417.224897843,7362147.904362188,8386814.257346236,67369066.4232186
7667071.415315187,5727719.263593778,8744236.015593296,8899454.27984073,8538653.302631697,9905841.929882834,4871360.091427993,6136625.5658492185,6065322.199575057,7235127.656451274,73791411.72016107
3994033.6718832683,3902874.590688688,10323552.97354226,7661452.249069003,6775164.15744312,5412001.02630524,4581396.939150562,2284055.3883643555,5586505.691914342,7628305.054451879,58149341.74281272
5453234.900289441,5394166.64969211,7092436.139827923,4242090.578948081,9462723.951465283,3109699.7405174123,2969457.571326817,6733227.855050448,7518474.214040405,7097478.643784819,59072990.24494275
4464732.038907421,7896145.996344984,5518382.895164436,5964903.654076629,7695958.575350635,6258219.498975678,6720258.170572018,7827182.965469915,8441080.596810313,1270559.4751879596,62057423.86685999
9493909.903665824,1224990.0773951851,9567068.324135773,8733264.900678018,9896363.822802609,2062671.9010461522,11245772.014205566,1309986.502248385,6148346.303706311,1917448.9896589695,61599822.73954279
1887365.848435416,8580468.407034423,9650540.02080081,1513189.4343874126,2305507.600869438,7181376.376367335,6602286.271962482,7291821.375840915,9231529.019505551,9807063.503593916,64051147.8587977
6339275.539706299,2152098.16496741,2506881.4860601034,9193213.537896914,7955286.673924264,2212501.699923086,8928304.398426697,7019922.54536773,1813394.0237260996,7409121.144853142,55529999.21485175
3504654.5815047966,6742796.696703244,5506605.882426673,11068348.056153905,9616509.48310764,8724325.5844891,9984529.346739134,5858263.924806124,4217807.821414683,6701611.576449451,71925452.95379475
5768200.824198749,4724924.514276903,4995427.704605933,6172806.018494493,9056024.899588166,6808077.433177465,6785296.585860679,7659544.986064362,6794410.97657111,7646828.895685902,66411542.83852376
1704117.0147604214,8032682.597522703,5632405.671406137,8909840.571791358,5673119.82277168,5351627.957622637,6396159.135188946,5665774.589836324,1560995.4012197347,5216867.524671807,54143590.28679174
5922114.854045931,5967929.296292699,5829666.996252702,6815093.164289804,7001808.809436231,9031356.99224171,5606885.737502168,4469931.528722648,6839197.040899333,7027945.401320029,64511929.82100326
5518080.552830368,4508365.668397447,3168168.9710804224,7025521.127536676,5492751.91612376,4564135.8760291925,3886876.5305728004,6219013.148925245,6960101.325649778,7572030.025990856,54915045.143136546
6211553.105336301,9114579.260435747,2296106.700619412,8024634.500933594,7414788.541415907,4075093.4596316307,8793827.92917662,7625280.488416011,6259408.839075381,6517094.96618391,66332367.79122451
7798372.1857827315,3604029.9444580646,3743508.5147134666,757988.700598976,1450389.2312502884,9822923.371415725,6978210.593396227,5729934.962610021,9296593.354486892,8230504.14100999,57412454.99972238
1700555.4351263933,9254109.151967026,7658378.861234531,5743772.894578078,4696584.884564688,1725043.5026457754,5113029.992069021,10444107.824421067,10111555.939580785,6269881.591142266,62717020.077329636
7334421.023230709,2261484.069251611,11056953.95080636,5974107.942514687,8234043.711480075,7516576.17477824,9747680.696876254,3883009.6412531207,8649815.411877979,4324961.629953647,68983054.2520227
2615861.7787515773,8438991.409744518,5595442.199870874,7085060.309636809,2847396.0610954207,1836932.9470497575,4906994.230371886,6926223.153120543,11548068.86618052,7177859.430509027,58978830.38633093
5973196.496647107,1669760.717950108,7634631.220352599,3792125.8156395843,5588135.451126607,3952321.450826094,5195574.890194959,6475311.034697903,6643472.452992546,3734359.889456213,50658889.41988372
6551821.446407551,4952740.652412696,8565328.679917179,4821164.533968926,9026119.379205562,5268076.873354358,7067665.661963349,5528276.5894611385,4117500.2801453783,6739570.065839359,62638264.1626755
5134347.048082524,5585615.729301267,6778138.251646528,6003030.529178588,5978027.975614542,6224639.902253436,6493255.364619703,6812010.113366174,5709129.973858596,5163742.789744003,59881937.67766535
7711982.80811769,5519425.973108395,9096414.588847162,3371420.617556228,2883077.199857032,8015257.939375574,6628821.492221024,7466813.962911485,7399940.1638874095,4345727.995772838,62438882.74165484
9321913.066830013,6631502.8191560125,8741939.99997031,4693700.644421292,5878943.276176254,6600827.10751786,6534139.999081092,7361626.747400726,6651447.487085411,8345423.510974793,70761464.65861376
2180678.1836217,2254348.3254506933,7557187.949896988,6383274.756791911,7706513.28899949,5236874.0798069555,7850715.799910947,2878911.0519182323,7499298.07985491,2564251.334629254,52112052.850881085
4998137.43168266,4176284.510525213,4539824.939302659,962505.0825617121,3613294.8257462475,9242756.264302509,9431990.383301487,3736529.228957144,3052329.710787756,7223203.526902845,50976855.90407024
6890596.280519077,9858712.017392008,5421066.055280817,6914521.002779082,8568277.10091694,4853006.22902321,9813257.62570438,9480639.399915637,8901770.303595712,7204613.302115138,77906459.317242
10532884.99822207,5028349.757527394,6120407.117723798,7686904.1257328,8720213.103662139,11177949.34782406,1719154.5829835231,1808087.89316823,1984933.3634558425,7290634.6399280075,62069518.93022787
4504692.973667121,10254178.00367237,8768511.67192474,5159954.308772922,2565661.849790951,1785021.4486022603,2672119.574417893,2460058.435848924,7573815.66899621,6174603.130221273,51918617.06591465
5134011.2187262,3019369.4486991256,5254992.461749029,9226302.945993125,5175375.045153985,3322557.831960349,6450361.092481613,6208171.22682121,7961998.439334303,7967518.147986116,59720657.85890506
7372455.9295776775,4152985.569309779,7846637.964046844,6603686.098092345,7827866.776270998,5106559.243705454,3790283.370306309,7016649.43719441,5063814.027394948,6163088.518099584,60944026.93399834
7999946.951067744,5826867.249091444,9249796.674543617,6886653.369541344,6178570.377419904,6055288.409842614,6155727.070130549,7790858.649882803,2587913.197875973,4789179.367981988,63520801.31737797
6673927.874511671,4222582.292344746,5588770.549683562,5383467.263280769,3521073.2930612024,6282084.603029454,2891554.4277222976,6628134.098643252,4834978.8328259075,6715548.491955982,52742121.727058835
6737212.819302796,5535599.729733366,8014977.424303939,6484310.991811161,5448036.73046315,7442682.444291634,6270904.257496095,2518318.532939211,6837344.104317912,1683143.4948277606,56972530.52948703
2233648.4519496844,6890243.78560683,5943786.904867772,6123110.400174967,7856528.030621058,6574227.500577859,7749968.38180399,9031713.28022929,4240994.3216051515,7822170.25767997,64466391.31511658
7943478.018770218,7823503.592321175,9221338.175448567,8144408.460220602,5443789.184439888,8531644.61924495,6847065.446592368,1775170.2703570314,6881500.304784208,1373066.802851832,63984964.87503084
2139738.6711725313,1264005.8918548846,6758254.00059123,4833889.675830192,8633902.325094339,5214294.348665976,7217098.922734815,3960032.801250043,9165096.553680183,6528442.865972284,55714756.05684647
7527525.653795102,7627791.8608624255,9303717.09213575,6035080.640429813,5301771.166809068,7620455.140830663,7788469.4308542125,6145089.817581772,2870169.399359067,7167253.275873232,67387323.47853112
8142165.388405371,7402048.744024073,5175237.684498367,9319638.576870585,7625437.652320199,7832139.564137931,7353292.151729505,2772308.682194284,7673869.5334579665,7829783.980271795,71125921.95791008
3121953.70195793,3181793.8002055003,6309917.969155247,3588047.0232596975,8726346.813266398,3625595.3479592223,4864158.771972198,6243006.050771298,4937516.253563656,4837259.390074389,49435595.122185536
7904166.373048636,4812384.860999508,7777465.628616006,5008461.466635789,5768149.849460766,4551154.447712845,1898006.3055878375,6404698.22979856,6227315.406204,8854887.903239165,59206690.471303105
10144166.284378817,5367532.494120204,8676968.300608361,2902811.2544830837,6215697.77484455,5859974.927523231,5737076.611081472,5830458.070536466,6915330.983342757,5138585.501845652,62788602.20276459
8007646.30582346,9219088.337546688,6657506.99285095,5922664.797117256,7520797.127139775,7410759.611353637,4902789.201891422,5307450.941445103,4156109.4997477694,6813967.5922715,65918780.40718756
10492529.352314634,10691129.023603909,5104687.686578617,7751239.779022698,10678231.927343624,4397792.369104975,4091404.574367933,7200315.664205199,7155795.7514301,1192012.8336286012,68755138.96160029
8524526.45271188,7782080.603780441,4854203.330980607,1560547.758787581,3121913.899080942,7950785.275872567,8075550.657563768,777429.2402486175,1491311.352330767,5397593.153746301,49535941.725103475
11173901.317077136,7276775.717438876,7293585.76241824,7916745.651464613,7622344.177115454,1994170.7774338978,1300397.4470759665,7823491.6447794,7138672.442177725,7703877.537244077,67243962.47422539
4727558.961918167,10454496.646123009,5294037.760282355,9019300.311425572,7653092.756804047,7639092.664359108,6535429.925456963,4860827.89876145,1756587.5460403832,2793319.3605750045,60733743.831746064
9940012.99559433,5638721.817306703,7323833.789932877,596273.6903477052,8817131.380146092,8450190.11122933,7050215.615633713,6039336.736813283,8098857.86194204,6799646.953549729,68754220.9524958
4422210.367639429,6070938.477493893,3365300.3031505076,3358252.570507632,4032182.253279482,2508827.7238432877,7869258.093234182,6591739.500589581,9570624.185132554,7224515.300501861,55013848.77537241
6711428.8246228825,3145314.403618402,8624929.310819227,6684411.959182148,6677227.0333985835,8639985.790077446,2181696.0562707786,3733239.1232365277,7441340.8974386165,7925565.804878587,61765139.20354319
4236744.234052761,6107336.666219036,7115597.256417226,5358775.973605985,4039412.1915930323,7048801.994588383,4319549.995481867,4928921.472779472,9197873.517946428,4097840.040285922,56450853.34297011
9450233.485305432,6529188.720479133,4873551.021262424,2743887.174188863,4119159.160785292,4326766.44211022,5549520.287723477,2340188.0198629526,5616725.706585848,3876600.7012137226,49425820.71951736
10596744.365428584,5856298.1253473265,9023268.753481934,6670386.7612622,5414043.994910588,4475859.236936319,3296123.725453641,5812995.6513223825,6364474.861594768,5973562.933285575,63483758.409023315
9131389.734686386,5455045.205328034,9841744.37476657,7760048.603078331,2310215.6630529673,7928574.84945229,6054908.636240681,3801554.612438662,7285778.320440143,8314269.103745864,67883529.10322993
4418946.306153083,7482971.971740304,7211637.219771896,5862887.384761057,6408300.587717518,3623682.9590873583,2526166.7790113767,7158665.43832276,2854322.250758033,4749880.167941414,52297461.0652648
6421626.183610422,6614858.616066572,6455338.3043388855,6498546.59116823,9355165.293135757,3534505.8769367747,8675185.305235907,2018905.119886463,3238509.3257879294,5039725.069794847,57852365.68596179
10521986.437545672,8784550.612666734,6577803.81741474,1533519.8786030079,2187753.237934356,6472797.91280138,8798724.409483617,5663360.1197379185,6688310.280287415,7762243.977692274,64991050.68416711
1344962.3669931001,7529490.523371281,7924441.656797138,5795997.909078625,7385630.466731023,8372640.593447803,2474518.9313700846,8308546.848761122,7931178.187245704,1833386.7350326844,58900794.21882857
8493996.135898748,7690251.552948213,5315708.73357249,8868541.4032554,8130991.587115225,6963103.367516678,7327167.811743243,4484958.6464305725,5428405.140924084,2796276.88897186,65499401.268376514
9306163.63385296,2553657.4831123133,7793376.494555518,8198090.8361545475,11468960.0361713,6302539.744759341,3067085.8254208453,7885570.563713833,8880525.81757563,5806840.931082714,71262811.366399
8181054.862159301,5230770.658229274,7800037.324165442,8165046.114187572,7353097.572281106,3551577.930799501,5978173.881179796,3892021.0019282172,7799188.749119364,6830554.545412973,64781522.63946254
8746750.92472414,2767629.9117008746,4588628.909389486,7122644.224324445,8637111.944355948,8993917.523232754,8930443.938618097,6558454.37199845,2049796.905755176,3205644.4913847614,61601023.14548413
4820694.275218517,4425054.086450674,4915667.63383363,5500457.941809883,4935576.852870836,9339248.849873869,4164481.821889799,6972332.0183797255,6253712.27528865,4345137.018759998,55672362.77437557
8154402.731573788,7755883.341198054,6114658.4788735295,6841157.626094448,6907563.383744525,7906437.422398508,6129421.206524648,5337572.154833433,2646040.2539098114,4693511.699686341,62486648.29883709
8327615.388095225,3510984.6139180427,6660563.576929304,8233469.3936001295,8671840.784447651,3770195.613680188,7245394.676071142,4583775.6612422345,3337352.614376478,7276155.585819897,61617347.9081803
7803877.473088596,7228166.333404717,7178458.285236901,7928399.297259595,4861301.693293801,6183350.314100299,6915484.832852207,6888154.292715914,8266300.685733272,9454430.772913394,72707923.9805987
11017132.245439064,7847428.543127743,7845285.654288433,6435519.064814228,9898029.964957915,6921522.590635911,4485800.712501264,4311346.863821873,10123339.195764635,11150318.23642003,80035723.0717711
1535490.5355279713,8474705.738749344,5612124.022821053,9862669.59914626,3866365.0242509823,9214954.995187774,7751908.142455639,5546333.567430389,7402970.468494835,8714357.132303732,67981879.22636798
7134755.917603813,1832008.676991654,8810251.342710622,9871461.011108099,6128697.433203856,6218848.234491666,9901282.85363993,7359175.637608763,8415475.320580924,5333558.38364127,71005514.8115806
9500071.201454572,6879179.792108718,2575144.18099189,3078321.887382126,6657540.364981127,6969066.780933215,6816305.383734256,8584438.34171025,5272016.904262518,6518024.9108649725,62850109.74842365
10945819.500072576,7182559.716996437,5500881.583299673,7626137.333176265,2074812.4911578838,3199787.67904656,8350860.080617605,7011822.739931856,5932609.790006807,3955026.7738317875,61780317.68813746
6001590.152399256,3066590.504392738,6781192.969854598,8956684.496483281,2965961.106783878,6128307.094798159,7522294.782722612,7116778.559770003,4745379.7660716195,7300997.132845153,60585776.5661213
10052308.280620025,4587063.548635383,8453367.402087465,5324360.6179988915,4477913.168383175,5572707.885330069,5723346.754354272,9964526.21415593,6351289.757337954,8566612.873176571,69073496.50207974
6482249.594021371,4893107.827011177,8903760.527120702,8302310.688567111,4384227.222360187,8407897.586864356,6654723.748357566,6253870.587682748,3774939.5553066074,6822239.488224205,64879326.82551603
4531171.77541568,6781710.382414077,6553001.030566491,8235162.1495932,1757731.6761896638,9049695.336802676,8136680.454991054,8319225.568228139,6787030.174642019,7423380.778234791,67574789.32707779
8720118.34624586,9429930.077846201,7547604.494406013,8626517.119636942,5662290.616832868,7067754.604842668,7357766.8069686135,8888356.466985354,8046736.548335178,4093831.7102772025,75440906.7923769
9621211.654875087,8486840.562929679,9592962.982834408,9313515.566910064,9300814.84527487,2670215.869275837,4965723.4753352655,5979501.723246672,1337018.2014747844,8316454.308000471,69584259.19015715
9411639.679720342,1253472.7645600468,5212894.64294338,2235519.6882136283,5443243.35315565,4776306.4074942665,7928840.281901087,7720051.652411863,9668016.196989208,2868671.0517857946,56518655.71917527
10024720.78822115,6925485.686761226,9466545.962299634,7846287.157856516,9167209.47636268,9911683.717473542,8216485.033769795,5887559.5691977665,1216951.9008731984,8421120.78596975,77084050.07878527
4745315.307251266,10830126.93199851,1682623.3355920753,2551136.1085408377,6183549.867021424,2261761.7300940147,3229730.2369455886,9217252.103001006,3228167.341131322,7566462.817356111,51496125.778932154
10988076.345044034,6373369.590436143,3645203.1286736503,7726278.1156862015,9262342.05045461,7634016.182178936,5999215.438043006,3301544.189036321,7529322.149898736,3176613.5776118464,65635980.76706348
5402372.955211212,9953221.127158726,8046883.191295439,9533927.266172675,3669830.6129376963,3820017.8157614,3943920.51495053,5980957.765329109,4190292.776528131,5292792.2249113945,59834216.250256315
8359699.442917239,5174298.449611763,8436614.654941797,7469448.397042554,4736808.969343264,8311750.386782501,6409080.245862948,7996971.682963413,5159355.612905459,5108297.9800672345,67162325.82243818
3992766.2429192774,8089510.710909494,5789423.56746686,5522034.141914361,4706243.214695401,8104981.284089209,6483644.596566167,5904287.896939851,2366105.9013072634,8821304.789046418,59780302.3458543
511471.9081253216,5463153.753705785,6696180.144723902,5414929.598318208,6104806.102085946,6656523.453487698,6049100.440671062,5577962.977419685,5565094.489573474,6120558.05997242,54159780.928083494
2235554.7972990144,4031614.37618379,2816754.9046069616,6214943.290198995,6451443.337757605,8548391.943598788,1949875.3892974649,2927898.999791876,3172752.939063853,6311387.502919584,44660617.480717935
7605875.760948326,4465652.27727747,3189061.8388638953,6389632.181654972,7498320.275609349,4527439.547528146,4961536.200274943,8144306.560314699,3711176.266861578,9432225.933753792,59925226.84308717
8007634.374909459,7717538.112508658,7777312.940428653,8584016.169415573,7658851.749226342,7714236.650602711,8251883.5227205,8709750.463088643,8199421.645048701,3312542.7504935022,75933188.37844275
6264944.770179704,4095299.7543210317,9758192.752519872,7894929.359536883,7675925.3273339905,6632501.022093307,2622141.7970136735,7143016.007710405,2722355.6684110085,6852256.611579127,61661563.070699
2138757.4922492336,5003161.438423314,6177976.839573356,7920174.379182398,9645842.380282098,4236002.525878329,7403267.655779632,9185018.765808864,6433203.097666473,2756223.892672635,60899628.467516325
6862033.940245511,5467897.520792843,10161585.6455223,3203632.494057713,7726595.978601256,4426522.914555367,8489805.09567962,4304825.38133128,3579101.9075545715,5345773.589439014,59567774.46777948
7305520.702262392,4814751.18088403,5298540.332325624,4048264.1477625486,9448123.934342513,3240630.7778407917,4732603.271150891,8115037.87228764,3855688.681432492,9066496.797729868,59925657.69801879
5139869.106429817,7798577.187121609,7949219.655133237,3580607.64657472,6136710.692093808,5688606.60986435,5569275.511205711,6475022.102570071,4120822.0519417804,5307853.5611887835,57766564.124123886
6855912.151444583,9355646.374824492,4012743.2297419556,3153819.7568423273,9788835.45882328,5693233.840204546,5430393.309055983,2580702.5209463276,5891507.393077689,3960773.865670232,56723567.90063141
4640695.454770221,8300688.683859959,6832923.768203399,5872957.314432327,6152180.326183192,4064487.646950153,7555383.6824676795,10183099.30563621,3497815.0850802404,8101699.787784239,65201931.055367626
8553652.634021427,6239577.504550348,9816284.194162194,2823087.942238242,8008115.883929761,9126075.698638478,9826740.921760462,1342370.6465070783,3983820.2330099605,10087548.531726144,69807274.1905441
2415187.09859732,7755220.67435474,3578205.1970935506,8457180.89456041,2076833.8001902597,8661363.476132723,7475812.881861452,5348636.274581345,7220924.4650581265,3492226.823983783,56481591.58641371
7130091.01909125,9263138.936799506,6015529.502014124,8309485.256324301,7013865.030858886,2216026.4076101803,9531579.888483344,9347866.26651047,2137487.881458034,7992626.504658274,68957696.69380838
8219810.683711709,8014130.273914436,9643248.248751905,4105699.866843084,3115138.33607565,4732443.200915578,5667153.3969946895,3567043.4861067673,4985939.742990196,6555449.706325046,58606056.942629054
9640814.187493205,10383790.169345647,4119075.8666686113,5084662.791626754,5087487.584550179,8058771.404652989,1085562.52674585,8134483.721558515,7918324.629823964,3781965.2539488864,63294938.13641461
6930783.625523268,7673467.820171059,7423004.376101233,3676504.827646569,3382866.8122317316,4626184.612082098,5387086.2836690135,5398726.328277243,6909754.419488937,4986997.480397078,56395376.58558823
9033831.169610335,8617475.363061963,5362745.701515585,8522830.864624988,5144091.32050436,5545788.398901409,9262696.103094859,6199213.202706836,6010242.796688573,7578253.280817881,71277168.20152679
7765301.081488971,7512462.610722199,7115666.051724186,10145182.169761958,4696306.922766443,3704284.3700700654,6851171.592952997,7103316.758933601,3961480.950347428,2158350.400596051,61013522.909363896
6915440.561007309,5596029.378455662,2008097.0364832098,7131649.149821275,2815656.933184468,8229698.128930491,7503156.490284292,2622288.804894087,5073121.671358016,6663788.748461852,54558926.90288066
8342485.401778249,7682570.345557769,4617429.008398113,1077639.502894421,7450249.422405475,9437456.913289918,3905574.697450951,8244327.980194976,7997326.972983064,1145264.0230831422,59900324.268036075
3637100.1813716176,4539608.020878463,8552191.141386908,1094804.8599431918,3001606.365559346,5595786.0926425345,9944523.547832895,8807382.372311268,8402300.884974578,3458826.464691856,57034129.93159266
9022641.468229532,7815777.747976334,2783759.8900013296,8409560.10097958,7187881.296288308,7759835.867918423,1264324.1203504556,1228254.9584261237,6066434.707558439,5576866.013375996,57115336.17110453
1759230.945249729,9340077.810626427,5484665.305032138,9330078.605258854,1942267.3118974962,7313750.501553496,5882783.9029557705,3376616.233924932,7393259.906095797,6717192.476670411,58539922.99926505
6611557.608991327,3505283.4421193018,5906245.822735619,3791807.9460367667,8634361.128362585,6333735.614820685,1008255.0478624161,8205481.094168165,3243660.729593946,8114088.820818793,55354477.255509615
1762733.4824756496,7631010.659211924,7527224.046554026,6262400.999473147,9188595.160243684,7764345.630156593,3702329.540300527,5813802.400067486,5874619.141829197,7641156.265270842,63168217.32558308
3892531.5781526337,7119270.564423584,4086507.250843887,3830791.2520000897,4204044.845878136,5542338.841350893,5136582.552888365,4797516.864910775,4852373.3920266135,8244281.540769772,51706238.68324474
6378226.407704581,3923991.672100106,6501142.380102571,6235461.134462781,4921079.403072233,9069330.380391002,8783319.520037614,6165989.574638813,9919251.862098584,6196371.355754867,68094163.69036315
8787019.29534111,4603625.767124027,7556453.353056783,4757512.225644101,4990719.349805788,6327195.064948493,9540947.772490198,5916181.277266902,10254188.241591189,6447794.37101368,69181636.71828228
4932272.153929075,5655158.855007909,4795451.165387294,5989309.742473659,6798090.096547691,7130605.794475843,9182933.87071878,3099411.0600360776,6866082.729295444,3648190.5542287296,58097506.022100516
5307743.174641157,2352731.7857559845,7205093.797869969,2153829.924581625,7542377.168191034,4665899.133309012,5235887.999814939,6933127.095666076,8338697.277956017,4947509.675247002,54682897.033032805
8034968.514136517,7379598.988133483,3076598.230322568,7910327.995115782,7225832.272229347,8648388.121885551,6246115.076014231,8847578.602520293,911901.2954229921,4808821.766845444,63090130.86262621
1931012.9777507572,933551.700567281,7450160.442726984,1363014.3613295413,7313310.664331293,9583931.977387441,6002174.96349623,5593082.762514825,4281265.234085664,5983414.127772971,50434919.21196298
2361812.328836459,2346475.881468402,7443656.569692626,7567446.006753368,4508001.824315791,7649768.051035676,9116061.961457316,8815396.678728828,7767066.66444351,7390078.805281378,64965764.77201335
4580256.212911639,6869743.960530492,1877766.7971425774,9449630.914640889,8973644.10029359,9829693.174716895,5459359.351267262,4338442.712571158,9375817.910485566,2316497.723068263,63070852.85762833
8007028.970313004,2232238.377278011,5166207.9154949365,7572681.008482474,2805824.4235851606,7629376.810716833,7348476.300164773,6417049.485844288,7557318.5256834505,6419571.7242453275,61155773.54180825
8349458.134447576,3255789.0937380735,8127085.629321512,6377143.168903587,7399396.31627571,8275138.206542431,3624044.7626460916,2772984.974336177,9305705.630418627,4693327.0722477,62180072.98887749
6362708.651747671,7376169.718189095,6935458.085625477,4523317.075120582,7979854.450067146,4899390.23545012,5044463.541723677,4832509.160479522,5111969.048256972,4241567.587208016,57307407.55386828
5109396.353491265,7774018.1783454595,4938154.693166315,7913298.54481726,5710887.635523495,8069704.934330641,4730193.585909514,6345615.974682585,5646533.232099712,4806861.283940963,61044664.41630721
5242819.668610703,5751405.303786007,6288531.14767648,4510476.41287717,6144742.12653812,4570430.293849819,3225210.5151799186,6681723.336605824,4800772.701191396,2592881.1851530373,49808992.69146847
3940539.9231732497,7282966.840463232,7067973.451555899,5695303.980003358,7472756.569099354,7543418.244555618,6509168.84161208,6101093.364399369,7327206.750831937,6414007.603854717,65354435.56954881
7337571.196305957,6308101.775986792,4954744.753814872,7670147.9463305175,7611819.385269255,4119822.069709834,7548481.707455795,7585184.458474271,8639290.461363114,1340255.8139789323,63115419.56868934
3928759.7572601493,5383403.483240843,8845679.899354165,5107720.273144411,1813010.812372083,6242649.077337693,2830051.7892538714,2723867.32947353,9253931.369102558,7153632.099778477,53282705.89031778
8296620.347459361,6861106.7645180775,9819817.155661719,7737849.222342228,9931634.678083543,8987049.510861006,7779853.654786153,2537290.4658599277,9623373.819250548,7535075.340226648,79109670.95904921
3850853.5656254333,4630391.749196769,9927596.248482812,1591960.9412980247,1316716.5102164268,7723849.869232085,2472998.8174621197,4107086.4430605858,1069126.8448621025,3363254.0803389507,40053835.069775306
8954208.455560038,6431458.200766274,8198306.788325111,5302161.035995311,5111168.253327811,10253958.05607485,8829275.067133615,7220298.559150192,2143349.294915062,5598202.019844645,68042385.73109291
10053009.986641627,8795224.014607802,4745312.979910326,8140208.21966407,7940801.316982892,8638658.149398528,3473269.7551373304,3268373.91830133,9358011.061582956,5490734.820901952,69903604.22312881
7278703.451470405,6407876.948028846,6434246.2698401,9004738.451036537,4702290.441159335,4632086.214978117,5652036.721980393,4228712.82660781,6142542.480675643,4298982.492313532,58782216.29809072
7178793.216402718,7651262.11554475,4777652.494606562,9029695.06601883,7300550.732609577,6707329.3525288105,5567222.153091423,4956718.883600026,5467375.677416821,5417999.284454465,64054598.97627398
5606655.553541242,7911147.588893264,6969263.522199158,6571119.32375549,5190664.185405877,7817318.948056357,4317061.027811153,1255990.5994979371,9176581.707046758,6109438.230006615,60925240.68621384
5778235.451748515,8012531.899925382,9135507.992522173,4863553.777263681,6325046.190883812,5644111.541558074,1822312.6441372286,5855991.806334682,7752485.000432961,6718473.262662009,61908249.56746852
4377529.07024578,9530873.61234003,6405808.779945235,4867730.937419305,8764614.605221288,7958240.522465911,3030757.945050283,2863944.6103293533,6910863.771531524,5750388.2543473495,60460752.10889605
6991508.362197239,8251000.82604908,8917956.177904455,7375009.406365669,6302162.861680116,8863940.578006137,7127371.3580761235,4320058.812702917,5885819.241612942,7084762.6887902655,71119590.31338495
2076546.10828525,7645876.39866917,3033477.006081504,5104346.444404974,8075890.140653872,7592036.194368234,1217643.799262886,4860746.314902641,7850672.972480419,1732424.7628956474,49189660.142004594
5359542.114420438,2959734.323893529,3552108.3768457505,8354384.437710351,5744664.221227493,8048432.691028343,6249563.081010341,8650463.978314662,4166038.4573630802,2614073.0049620336,55699004.68677602
7080160.428791525,6439319.474115417,6718477.584620229,980619.3435238564,10603143.541531201,1019979.7767159486,8486020.120097619,4920152.279911473,5114572.20116339,4157589.8691159547,55520034.61958662
9091101.516337452,8541089.420516195,8026944.309341227,7151977.2786965165,2965342.47411287,1811738.8212704607,6110080.963003188,6333759.086513644,7974428.331671626,6570047.616639865,64576509.818103045
5654037.769344424,4344621.730853514,2484716.2830188014,7233560.38099509,9286749.678741118,5171973.041357119,6623829.6439231485,3407990.950652424,6084331.431711172,2627655.783018452,52919466.693615265
9225290.241000168,5770241.749188816,5349185.355005019,8856345.086144002,9945593.510472389,9822268.55968451,3263442.26839479,3236115.8667299524,2210567.499909719,6210162.187882337,63889212.3244117
5904506.598766771,4114923.363891784,8471830.794673767,4702679.781940511,6951795.548604511,3733170.4153806744,8010186.073749442,6865844.662286063,4199647.213628172,7076940.757924025,60031525.210845724
8953626.329189532,7678997.189090651,5445979.161043403,7973011.969200066,7107592.80914158,4999830.043646626,6998959.612073156,3993752.017794216,4338398.890743774,7853096.964133389,65343244.986056395
