241783969123.25934,13697857320.65573,250793765358.485,12415066979.643099,245706080799.26648,15120371954.96439,243903477862.71063,15009953415.250614,255860151110.12378,13603531908.793867,1307894225833.1528
1029054.5904889792,438.5753086613391,981160.4753084764,0.0,88048.39272850653,441.0392078729011,737756.1232570548,441.90068139854833,1050042.1409461135,443.62868093759215,3887826.866608001
86453.21534734387,445.11452833930537,507873.7201879694,444.7077752395207,1316606.090707131,0.0,2325778.3160643647,0.0,2439077.6450595018,0.0,6676678.8096698895
2012286.5695034608,0.0,878184.8289485516,440.63764737141724,1391846.2804092541,433.24579610181934,3016120.70298132,432.1189425752647,3393792.775523966,435.0753469121726,10693972.235099513
2800103.270880548,435.1315791179991,1456973.9224486328,0.0,3145153.212067766,438.10155824305525,4487955.3697664095,438.88785291416394,2311825.3827022575,439.5564057812045,14203762.83526167
5429296.173219461,439.6709258665975,4189274.5399607285,443.56935170976374,4201662.11005143,443.563781246406,4211425.971024897,0.0,2606194.3831539424,0.0,20639179.98146928
3484820.8271435187,0.0,3617903.8918127967,443.2140020394397,4888924.418457011,0.0,2591616.0310634896,441.4095614704956,6294632.135844429,441.4983259050946,20879223.42621066
5022066.769267339,442.13465954747466,3739890.6459987657,0.0,5733800.962350394,433.7841363276932,3207112.796549867,436.35260869932733,5229813.913577342,436.63168724904585,22934433.99083553
4620702.277669137,435.78363483860494,6870340.80581302,436.08049853467713,3675556.3531949497,444.63303405730704,3717373.2153096194,439.47964449854203,5831391.1673167,0.0,24717119.796115357
3975832.1329395105,0.0,7918047.677096158,436.7529311514046,4377230.874546622,0.0,3938360.637445758,0.0,5699308.582481741,435.93829332238545,25909652.595734265
3466166.500608527,435.19045984455397,7141290.649807817,435.1039313676927,6197632.054473842,437.8804946417293,4851465.228565576,438.1479908899889,7738985.871222698,439.57089748172024,29397726.19845269
3573862.997772418,437.558066044502,7406539.4752761675,0.0,8371482.9324355405,438.485041532966,6966496.847604449,438.67239923197803,7025761.995608382,436.2327211931047,33345895.196924962
4801200.147918214,0.0,8038186.870597299,433.9491637397468,9546921.931300523,0.0,10941459.282569723,0.0,11163854.345409987,0.0,44492056.52695949
4992191.275278239,436.2298855356566,6528785.400546771,437.6688829830597,8352906.445088884,436.552914803846,10625821.727971083,436.58396593143175,10602757.292618765,436.3821179359273,41104645.559270926
3212486.806978805,442.79133272924014,3897791.8970529274,0.0,7263630.84710721,442.8383752243869,6433510.414019037,442.56376099173946,10763809.555463348,436.6579194794632,31572994.37200975
2667534.088656919,436.5515895491254,3073137.2307777754,436.30787955072077,6150702.182785965,436.0049463674302,8822790.248481097,0.0,7155573.084378955,0.0,27871045.699496176
2287438.1309806868,0.0,2995904.2192339054,442.37831424048096,4565250.377976693,0.0,6445850.786633381,440.8259808177348,5665185.875513337,440.2340257484302,21960952.828658808
1850060.630158646,440.21178977667176,2767315.035250694,0.0,3722816.042896199,438.6361763646635,5182319.119494366,440.19022976731594,4680991.427198161,440.8097654601869,18205262.10295944
1736576.1152978858,440.52898507913375,2566643.0185888503,437.0347990480716,3424882.0202887105,432.76441250478814,4860050.505989971,0.0,3460536.2065573903,0.0,16049998.194919437
1384913.2520731133,0.0,2281214.7528775856,431.3853461490498,2647901.025098095,0.0,4210098.514456245,424.58083084112207,2662017.29222648,425.98497760224353,13187426.787886113
1003384.780385056,424.36962032894104,1967506.2086764348,428.97783800714654,1925151.4994497227,438.3004201511447,4142968.9827407743,442.0851453758578,2244846.0463344543,441.7478705430609,11286032.99848085
636608.7774908836,445.1947475285336,1713478.8633237125,0.0,1386045.6536870715,442.9247919320454,4355474.267327031,443.03249466087624,2247379.8507093005,442.8852328613075,10340761.449804982
711095.275799296,0.0,2159073.5535388417,443.23673751279944,718337.3302325028,0.0,5700332.697565068,0.0,1898.3248337417212,0.0,9291180.418706963
113980.20496510885,437.90135274722337,762969.7634019818,437.43000686368043,908519.4881400666,435.6712248491528,3427655.9979201555,437.92078400305917,535730.4708763426,436.6225966699617,5751041.471268788
1117304.1175305035,437.33508041514625,553900.2390040845,0.0,2509676.3754573953,437.6130394503976,2344909.513721441,436.30920332617444,1122473.5759903737,438.037407761572,7650013.116434751
3966222.0026174956,438.8968467039669,353448.2803804887,438.46556017193944,1175454.4946813965,0.0,1706999.5806388936,0.0,2978852.475758751,0.0,10181854.196483903
4258417.518042567,0.0,123571.40821066762,442.1903034083471,3397576.753136777,442.63936516354056,860044.1321117812,442.49713008290723,4040006.8876161003,439.29514334229555,12681383.32105989
3720728.1272296887,439.375771615884,466544.2807213864,0.0,5768403.640652299,439.8399831864808,110083.68680901219,438.88967077812515,4485875.906739422,442.33963021951695,14553396.087207608
4017875.469833637,443.2446418074419,1272135.3584454465,443.41753336039443,6714750.035304184,442.99769266754123,551780.1431702256,0.0,3937954.0925378026,0.0,16495824.75915913
4203912.6372557,0.0,1103439.3010218292,442.9265459460744,6567558.090286057,0.0,1730955.4848898314,441.2444210664738,3959559.0096948156,441.07457250665306,17566749.768687755
3976827.4591312767,441.4309507250088,3280492.453423376,0.0,4923711.270826794,441.7814100642638,1537611.5485369544,443.77144887559683,4775947.214329662,440.9007992543563,18496357.830856983
4128524.116120829,440.33454881403145,2407256.2422079258,439.1588807879298,6243437.465761753,438.0557073208305,1811715.7300570353,0.0,8535760.63866879,0.0,23128011.741953254
4067713.886664597,0.0,4671315.023397618,441.99876485017387,10106109.429934034,0.0,3110210.202205278,440.3088359601478,6409191.373422793,440.27580849810334,28365862.49903363
5875191.943650507,439.84248159863915,8294976.581858433,431.48353292258156,11244665.55758482,431.4515387262867,3964843.599655831,433.0417129925683,8799392.504878683,433.2698514358319,38181239.27674595
4314002.112720347,431.40318656205505,7465289.224544462,0.0,10479090.550422356,437.2596627485731,7152521.426971025,437.80079498298284,7501536.32220946,438.55142485336717,36914184.6519368
5244666.051135823,0.0,7168812.88420687,436.6739255292752,10362864.403117381,0.0,5599283.361575285,0.0,10368619.490924045,0.0,38744682.864884935
3250607.8405262507,427.66727165201786,4709988.162196687,429.1876229514487,7223439.36876213,435.32822396570765,7762531.245775674,436.66464377165954,6120565.454063991,441.0005644850208,29069301.91965156
2943697.336514576,440.60717409825884,4133569.4368688203,0.0,8427582.604807625,442.10776518021254,8221290.629999879,443.3016391406765,5543819.541201012,444.458801042541,29271730.024771374
2912886.6204065206,444.65483506544706,3761656.866096559,444.1567937747723,6194917.588190209,0.0,4593703.050198022,0.0,4500201.0363322785,0.0,21964253.97285243
2536782.5882789753,0.0,3358857.7672052043,437.2385808497857,5814460.255358078,431.41455712884283,5438017.623814993,431.4765048889925,4227446.575800578,432.8062780222785,21377297.74637872
2124560.7153969654,431.2230015196836,3359708.9528497,0.0,4608890.069308167,436.68567035953157,7320553.515214786,438.81955041431695,3850872.095327576,440.6224102079581,21266332.698729694
1820855.3894122264,442.58905680967314,2896091.4149728087,442.8318490637752,4032890.7941311826,444.1960903110308,5625130.969988818,0.0,3233328.0556594613,0.0,17609626.241160683
1682682.0835116245,0.0,2892079.901053898,443.6723816374307,3866498.222887132,0.0,6022799.003577341,436.90448593681066,3161879.5569331,433.2267774960992,17627252.57160817
2151557.232539915,431.4270377092,4481450.045233233,431.7302139066102,5208392.141832758,433.766378820001,9651372.733810559,438.31845540693354,3422351.1287875962,441.208158971746,24917299.732448876
1913679.1345129213,442.99515828218915,2227883.732731151,0.0,4421996.518234198,439.0453932164779,6939663.977177154,438.3148291516408,2961235.8215904366,439.33761090827437,18466218.87723742
791343.1227726588,0.0,1838216.7590266592,438.6466889817486,2165026.6563570574,0.0,7677937.093647953,0.0,1439040.7125344807,0.0,13912002.991027791
400772.31879933394,436.8681752432403,1760925.9391987014,437.6970479896532,1579727.6711287608,438.2066416648347,8803463.83773029,435.1609234308717,1159113.0679869577,430.6628958158059,13706181.430528188
269313.2751933881,431.60887380398714,1467695.187014389,0.0,1296610.6563935524,431.30485154939674,4721695.032201134,437.46270378821345,223095.28327736736,444.51552220694333,7980154.32603118
55632.00447961814,441.1226040543738,1141160.6986969975,440.58895000927896,755474.2573458347,0.0,4286982.140978468,0.0,347374.73960021074,0.0,6587505.552655192
805608.366055398,0.0,827112.9922231495,429.3807624436792,125031.40717417427,429.08224759102035,3496273.365685886,433.8889352246065,828867.9005407864,428.1349180526581,6084614.518542706
691612.0815777427,435.41163998095084,600012.2657687803,0.0,248950.56993445868,433.91970205098585,3007115.80038706,434.256832979661,1498436.4974667032,440.4437896877572,6047871.247099444
1519861.8059450365,440.2854369840779,591197.219057811,440.16328272525,587594.9281276094,440.7518632058898,2951351.9893184425,0.0,2763278.8465806483,0.0,8414605.989612462
3152871.875615584,0.0,491335.89152188273,432.06543349346043,2610486.692763338,0.0,1782141.9134552362,442.7713694739238,2192792.9676275705,442.30989283365875,10230946.487679413
2196798.355979504,444.2461765231571,513125.363191783,441.33873041448135,2624749.826969371,430.6037601950101,1104590.7685431861,430.13861111140784,7283803.4849691605,429.61340114339316,13725243.740332393
6068374.044018641,420.28252281500744,768364.4183026815,0.0,4846267.197907842,424.397888873032,1106565.9205263727,414.1992362294373,5544698.480159582,406.14538447386,18335935.08594751
6023746.261393142,413.9002613620968,2656278.7036913303,417.4414653515438,3336970.109732867,0.0,1095461.8978759772,0.0,3690194.9741640408,0.0,16803483.288584072
5546101.184813793,0.0,3233430.823066222,436.2493577927181,3084042.9405655693,432.2093909937141,2619789.400719641,432.1805361550802,4391912.352714502,438.4874290737354,18877015.828593746
5123781.529160835,439.5131283110582,2695337.9844395886,0.0,7892430.781124872,444.44526075976194,1460154.086961673,445.07054309561937,4157445.334104526,445.24899799034114,21330923.99372165
4547307.277031641,445.5308009665392,4050778.262185331,445.6873259990224,9331311.180547623,445.6701590962923,1778345.9542262817,0.0,7330354.186143218,0.0,27039433.748420157
3982319.9684387986,0.0,3024773.654293681,444.63273946372846,8014897.958172234,0.0,2605792.2249466176,444.3000979846932,8041603.570192431,443.8124382894514,25670720.1213195
3927531.6549178665,443.0641819030097,4184295.985096805,0.0,7697886.2360236915,442.6616524028098,2669200.622675183,441.83415302165423,8160842.797287525,439.87140759048293,26641524.72739599
3314619.67039634,439.7783006266395,3525609.797015866,439.52473850313237,7587029.320093317,439.9140827768307,5451203.211090293,0.0,5574913.31760799,0.0,25454694.53332571
2894571.611934067,0.0,3098295.5169681315,443.25274156230245,6918721.530704517,0.0,7404256.523256603,443.78328513641395,5791766.526552947,440.52021344356626,26108939.265656408
3485763.372479724,437.485708623458,4748185.766673875,438.0808717114819,7705747.635148538,438.0558026350374,9428811.11664998,437.96965551808034,6463513.880001645,434.3640158499271,31834207.7270081
4032965.0467445897,437.8221215584235,3825630.153620652,0.0,9906309.548853992,433.94168102709676,9011597.071065472,434.1607506689462,7860145.441009401,440.7942268619071,34638393.98007422
2306446.3501678295,0.0,3465904.822715864,441.83521964517837,4466444.203733444,0.0,8137012.235471825,0.0,6514197.958878419,0.0,24890447.406187028
2442724.7183664767,434.89320926077056,2120512.9385780026,435.8474099080815,4951087.050902223,435.5036606245721,6758806.702159619,437.26925473575204,4630141.580137672,436.42061835646587,20905452.92429688
2375782.9132262543,442.0717493298985,2127517.1351229884,0.0,4508124.7047823295,437.57470878391814,12600707.237912264,438.2127460621566,3991098.2662347085,439.05209549353907,25604987.16857821
2387142.4777930607,439.4084723700304,2161533.3953631306,442.83749856476254,3417643.152610868,0.0,8715290.572321318,0.0,3554859.2905991822,0.0,20237351.134658493
2070917.4841202693,0.0,1797361.848052983,422.98159485228166,3005240.306845352,423.6336400220942,7207402.023904389,431.51608680108126,3457902.064230661,432.6132988778251,17540534.47177421
1887867.2995793824,436.22194589092254,2001328.3841323121,0.0,2730204.595856829,436.64342980729066,9665665.981984194,438.40664913852385,3184122.335218935,438.94737186359237,19470938.816168353
1859000.72954125,440.55915831709814,1881112.7498762202,442.6253516296157,2508383.503028713,441.7100719850633,9188547.817861259,0.0,2774684.7237370927,0.0,18213054.418626465
1615289.753227825,0.0,1999874.5602353846,433.89174052951074,1533715.5607338587,0.0,8582812.25971919,442.2398411397869,2079462.51432176,438.91139063338994,15812469.691210318
1648578.8394102582,437.0626927364478,2377766.139891646,0.0,1688605.8703984546,436.9683998325284,8809183.923016962,436.5418397081779,1305916.3293136847,434.62873295797135,15831796.30369624
2148051.0334384968,434.55809142602567,2501743.497503463,435.12217472699854,149896.9213248232,435.14935452725746,8266508.676016723,433.9862069679106,426935.3546343999,438.02234989599157,13495312.32109545
609285.7938067463,0.0,1332660.3616813947,430.6636328107369,237042.88091752847,0.0,8636564.444095396,0.0,793730.7868819014,0.0,11609714.931015776
294687.3116431766,437.24000523836855,1324183.2583920879,440.7728992654974,667341.2632670703,439.0601384961265,5224388.22209824,437.75529254085666,1535152.0433580233,436.9888865808736,9047943.91598072
122084.95080861107,435.2173659273056,875079.4906332477,0.0,975200.2045710065,431.6714327218617,3850823.3918756125,432.74636631343634,2730878.378806768,435.07130401935063,8555801.12316423
919696.9427516888,435.8123124419995,595844.0585168304,436.3487311796635,2884944.0595891606,0.0,2805384.6668632384,0.0,1857087.7215511552,0.0,9063829.610315695
835325.6477780278,0.0,379800.56564536085,435.9669912852766,3051390.957371309,435.9060126298614,1790669.6291389612,436.36603869034656,2936390.019893306,428.2858342057113,8995313.344703777
1044010.294963613,423.9354204007924,108252.86001255308,0.0,4821359.508574192,421.40371066764095,562048.2152480676,420.7403927436571,4138996.1783337155,428.49384831788893,10676361.630504273
3282066.7042349693,434.85385073458565,336072.00698100514,439.29389723975277,4110238.3616151777,439.1230564337099,311770.6126263408,0.0,2926716.2213686397,0.0,10968177.177630542
2994164.1561999945,0.0,985860.5830856739,442.47388693944777,4201842.966726757,0.0,773837.0534390202,442.28929280626795,5042836.059214978,439.6610361963796,13999865.242882367
3130607.708130343,438.79917857530506,2077297.7115037406,432.60920865319014,7401749.28613921,426.98709303462465,4588976.909840075,426.1482723906787,9091193.622979403,427.0855526261974,26291976.86789805
4915003.121014645,427.51588320696067,3579902.4987923317,0.0,9712004.204141134,432.91805210457903,2577990.6883693277,433.15882759199377,7902279.3233973775,431.0984384863313,28688904.526916206
6028340.202299574,0.0,4202956.338201818,435.4727629703669,8830350.673925925,0.0,1861263.8863739402,0.0,6236800.308234183,0.0,27160146.88179841
4062963.1732451585,438.1019395799477,6144902.558466145,437.9201172157093,6066031.745856303,442.1592265761235,4644203.448207561,443.7923828569312,8554336.230253572,440.91711787357536,29474640.046812844
4189528.5877998904,437.74510814333183,3989249.040912669,0.0,8949708.242107436,432.03928656194086,3179605.5809784424,428.99127492023797,9738683.912678104,431.61683147621113,30048505.756977644
3629314.6341213826,435.0090717553485,4541497.218929669,439.7933833928167,7761904.196566089,0.0,4797054.854257439,0.0,10692311.09601193,0.0,31422956.802341655
3366714.018590502,0.0,5771948.457867586,443.7526686665594,7619209.297907761,443.6742393523432,5537570.6073733615,443.7809373981208,9973686.507877234,443.03298212258045,32270903.130443983
2889575.07232627,439.4018551090797,5216566.703883946,0.0,7041001.740049329,439.61514626791364,6820487.04707748,439.62436188643596,9379606.536065377,439.8993762032543,31348995.64014187
2419202.1391767403,443.40972055662706,5266516.41908199,440.79635008400953,6562232.833928055,439.52886458688323,6296075.767855294,0.0,8271282.495209465,0.0,28816633.39018677
1962015.4212233715,0.0,5306669.851458556,436.9384319389539,5857404.940408904,0.0,5275924.109262631,431.54217044114375,7899700.841243694,435.31222228997177,26303018.956421826
2646490.34225537,435.9336680174567,6524291.8986680275,435.952453029242,7380010.342756831,441.68700835079665,9553811.341907922,442.3728708536317,9816016.29012713,442.3700520095186,35922818.53176754
2670126.966099485,442.7231729361006,5538663.336353298,0.0,6843580.4447067175,436.7155088582103,6335213.410740085,436.720056035084,8367901.006749278,432.52463270876547,29757233.8480194
1395429.1560535023,0.0,7126213.484445772,438.0462714196569,4000222.653515388,0.0,9821731.940192921,0.0,5272018.197310354,0.0,27616053.477789357
1288797.7831822608,430.743243113137,4699446.53638038,430.8879807121233,3069931.7218869333,430.776054069055,9379707.298632052,430.27337878568653,5652325.349602419,439.3510335169868,24092370.721374243
1327605.982300049,441.96315484448814,3926885.729094607,0.0,2678220.5595597606,442.2113798709036,14139197.353310024,442.3561527172966,3659431.8120933245,440.9767055746725,25733108.943750773
1241566.5890838234,441.1487987021026,3920523.443630187,440.659444133273,1830943.4829362493,0.0,9310689.037916824,0.0,2759834.4640437956,0.0,19064438.825853713
1176384.6819854164,0.0,3556287.6132802116,433.7107791867866,1333198.6248780275,433.2689190087824,10358884.185667256,427.68734979545735,1944862.5699242214,427.70034253996226,18371340.043125663
834600.6909183083,415.84795648983106,3052375.509146418,0.0,717076.7060229119,413.2674628626723,10193185.829450363,418.4137417770114,1210614.4887128195,423.095108800729,16009523.84852075
608024.7582170411,434.072478588694,3059690.6188668003,439.3720319570926,288255.11864087527,435.2486037348175,8006892.434303428,0.0,688222.1365858256,0.0,12652393.759728251
519106.1862808911,0.0,2047716.0834672276,433.06248526534426,985871.6351675292,0.0,7103156.231455557,430.03635068046987,897920.564912918,430.1254698067447,11555063.925589878
249302.68935660878,430.6542363143091,1514996.4603935375,433.4121868536946,2134256.047750002,434.91049544732834,3146459.54476484,442.54819577170605,2649001.2643552646,442.882212631497,9696200.413947271
547713.4184026149,443.71922035628614,56757.19175306676,0.0,1958155.0180423215,444.72526103448917,889183.9158314066,444.89232950477407,3891953.0873517254,445.0350266819958,7345541.003218712
1539986.468374852,0.0,864469.8637817667,444.21382992807025,1453406.244034311,0.0,669274.3127761135,0.0,3875888.32867022,0.0,8403469.431467192
2252480.12482654,442.9158271884038,1040075.78523917,442.7891902448809,3265899.8525531185,442.5727114890594,2045475.4109647095,442.5651230005865,2243987.8598254174,441.3882710585978,10850131.264531936
1887785.832541825,441.7015439741043,3797401.583904139,0.0,2444181.881967343,442.990187072072,3013064.325919817,442.6074467385811,5779032.345713799,439.720380892141,16923232.989605602
3402605.926479705,437.68382140336854,2801896.9419963546,437.18332173745364,4731014.7805677205,0.0,3614441.3732549897,0.0,3935220.9055572967,0.0,18486054.79499921
3438302.005789176,0.0,5522750.968952862,444.7239839355017,8575722.73747432,444.19432622767766,5248824.0332376165,443.90990414532394,5340391.562143016,444.1663967750675,28127768.302208077
4588302.419715645,444.4938329935123,4686056.099206274,0.0,8460455.638239045,443.92311817335104,6752187.035200826,444.1991284874293,5333759.582550297,441.924446388782,29822535.31543813
3888780.427721788,440.11661440471215,8195119.285817386,439.07105447098706,8730829.975569125,439.1252593670408,4478197.161897405,0.0,9893848.676680097,0.0,35188093.84061404
3457783.6547161015,0.0,4726220.089563915,443.8445307520705,5170292.928679219,0.0,4503983.56380059,443.3317052825916,9678861.317927232,443.5185386309138,27538472.249461725
2888965.614598388,441.8106886069594,8022965.050893897,0.0,7485088.06999845,442.76805866902544,9092700.616648965,443.2787018075148,8265752.062355503,443.1606365085756,35757242.43258079
3399870.0053567183,431.33793294941546,6902214.231532292,430.4809352924863,8338879.465003945,427.5553773543233,13011673.143789578,0.0,10006864.574791003,0.0,41660790.79471913
4528486.154875938,0.0,9252708.882698089,437.78289749644307,13242825.15446623,0.0,7781013.568050503,441.2120266445469,12631986.247254202,442.74157401219327,47438341.743843116
2475582.540686202,444.667013135712,4553848.0237650145,444.3843396952319,8315320.487340099,443.94582856296097,12602542.505493285,443.2011228920458,10032170.103331381,442.82318028221243,37981682.68210055
1953598.7460212584,441.5544876012612,7016124.587233773,0.0,10691573.225571498,443.07295763303085,12508684.055797948,437.5084306496218,8458871.872897038,433.20058303291586,40630607.82398043
1422047.7329819938,0.0,4511872.025989937,429.3898287082448,6574442.198457778,0.0,12779702.39017029,0.0,5222844.057933229,0.0,30511337.795361936
1247775.1178078905,438.8938806261685,4598346.313294475,436.7050886016806,4515315.517279232,439.20659180997717,11141640.46754127,441.57821536914724,4571863.021111988,441.6844889400402,26077138.505300198
864855.5288433293,440.5194423274734,4327205.188895691,0.0,3365361.52232926,444.18011606726816,7031061.862743191,443.4705700432354,3591123.683097917,440.9254224867669,19181376.881460313
598093.321361087,439.01427818184436,3882990.7691009548,436.6770511078918,2155881.6672507105,0.0,4923361.672364334,0.0,2403692.176937447,0.0,13964895.298343822
343765.8205143544,0.0,3176071.4990863446,436.05405229791575,1310705.8912371285,433.9010918078527,2971998.7400105135,436.66757979517723,1625985.8842345676,434.6730246202295,9430269.13083143
57012.798696116246,433.59691452441797,2637912.4455897585,0.0,72129.03629850048,437.81574240958656,862372.0263061686,436.70537278389907,949894.495475183,426.63872795805634,4581055.559123403
2317086.8876149403,416.07690681376994,3672494.9429742116,407.0247930876789,1569143.220122058,407.26373529452223,3087820.8786730557,408.26751556707217,2340320.298196473,0.0,12988504.860531501
3443977.8292924594,0.0,1138263.1059727045,443.02128333773436,4303963.762368181,0.0,3978814.4603567705,0.0,2375013.430096894,443.6661241858656,15240919.275494533
3657524.412555682,441.48002802468716,749615.2905496071,440.9608654570209,5279542.828855062,440.3298297506855,2682622.4901551786,440.4175823502723,5926443.084116299,440.1066084657195,18297951.401145875
3859793.909840612,440.08794475691246,393393.52880652907,0.0,6889859.553209677,440.3393642890607,5550328.035707864,440.3531371290274,4350767.692775897,438.1122359269866,21045901.613022678
3684987.494264102,0.0,69047.29309743023,437.13320184157936,4298963.013870165,0.0,6173663.193267607,0.0,5001132.688482504,0.0,19228230.81618365
3322891.146841639,444.05079640677354,357271.5541269424,443.88103178456294,7949240.080035254,436.8246672445385,7179280.05612557,434.6027439606185,9415221.345762705,434.1429623141227,28226097.685093828
3343057.5346822743,434.99215367433396,954040.9921736979,0.0,7656789.955395504,442.40757474008416,7210242.733377938,440.3761579947573,9213822.010949189,440.1738686697289,28379711.17633368
2959601.9407285205,437.2293700276615,1313163.8207606813,435.8922334393655,10645108.32544503,435.49687783708856,7794908.199795251,0.0,12184071.700942812,0.0,34898162.6061536
3089268.9179256023,0.0,3476738.5768478834,441.0598848663708,8815613.860123422,0.0,8941645.347590039,434.18537590246547,7022962.066951954,434.0269056826516,31347538.041605353
2596412.110212619,433.7144230959802,3558427.790824922,0.0,8397372.005604213,439.18024408041197,11734928.201930977,435.85467541234027,9423459.226776078,424.3940419826892,35712332.47873338
4702383.807186669,423.5102150718589,5289447.218050783,426.27098360947303,8909223.129001765,426.7474292022446,9785370.916994274,0.0,12678541.589619633,0.0,41366243.189481005
1987899.8668041027,0.0,6421189.706710893,445.11984258148675,6824772.682882698,0.0,10627797.226238547,441.90019642536134,10873512.7633311,436.960622958868,36736496.22662931
1506733.3425333595,432.31927876422407,3994730.2657224303,431.6532924706925,8165629.728458179,430.81827326962,14915172.890830943,430.0181638919599,11385347.348190622,434.950991840291,39969773.335735776
1307775.715183926,440.84914768378934,6207935.912213616,0.0,4515332.402364271,443.8850443286238,12621746.811541846,445.45174191107407,8599380.139068628,443.5116992978108,33253944.67800551
1216361.860347015,0.0,6767435.445414222,435.4884938501053,3831377.3938452564,0.0,15735767.89874628,0.0,5463335.273647679,0.0,33014713.3604943
952734.9553601401,442.1592265761235,4374095.658690133,441.73895337713424,3005063.456260464,444.9958766509697,12698410.480797686,444.2780376229299,4081681.7190478765,443.96315658671165,25114203.405407116
645480.8731809667,444.0669572461692,7035203.785289849,0.0,1756494.8588337072,440.99119448362876,13494143.527129313,441.8847748331463,2583133.2919313293,440.80107915220606,25516224.08037088
334639.0602641317,440.17059659615757,6108805.004737514,443.22717466898297,977264.1090674307,0.0,10311358.824848682,0.0,798048.2253416528,0.0,18530998.622030675
88411.11673879166,0.0,6034763.692982643,436.8225821114729,0.0,436.4618695877639,8866018.773788827,440.0439854719422,207604.48774767894,443.9585552281619,15198555.35825034
1067839.129616584,444.2252977273364,5702286.779464339,0.0,530477.1560603594,444.79551277618475,7232581.771811315,445.05785098389447,893260.2220803497,445.8269795325348,15428224.964673966
2011119.300649912,445.62201989518087,5071695.470812402,445.85817913247416,2266813.7751350817,441.7890686460065,6434054.15009618,0.0,3229591.0814358876,0.0,19014607.047397137
2499282.108584084,0.0,6112017.986635775,433.33354570257916,3053978.2490920103,0.0,8370359.864978566,423.77274636036134,4957219.210383628,419.52260757312285,24994134.048573703
5117466.341613901,424.27544884436566,6775396.9951344365,420.0986193664297,4458393.0297446,424.55343320935816,2502662.763559874,426.30338755261124,2896766.378226313,430.2345761616562,21752810.973744262
3472002.479286387,433.80582115081046,4646708.26190208,0.0,3517680.3001764696,433.8297517476957,1420116.2998298684,440.26935764809565,5790289.256591488,440.9138347406913,18848545.41655158
5147480.502408836,0.0,4076506.5416374374,441.74709512303656,7640316.473885203,0.0,36881.50326944743,0.0,6596072.182580886,0.0,23497698.950876936
5482232.910166055,445.36778471734164,3702564.61319519,445.07536432001666,7895612.4004429905,445.18815173139393,596892.680723403,444.7597454799225,3639742.829356894,444.39022505954773,21319270.21515584
5530822.272722261,444.54437901179773,3440573.403406899,0.0,4369297.382021459,439.53548567386537,1221033.7373182073,434.0510478371892,8340582.273816671,433.79955850079887,22904060.99975652
5379679.167008866,433.4621103393218,3258362.6247228403,438.27303611911617,7613939.915013673,0.0,789507.1125134845,0.0,7115254.479429371,0.0,24157615.033834692
5128786.487370114,0.0,2668433.7656513043,443.2666972560286,8670304.719186304,442.6791723322703,2422724.5812179795,442.5555891147024,10133606.407133985,442.46620459633755,29025626.928222984
5064827.155915099,442.4567722107917,2237638.2484017094,0.0,8277183.918357841,438.8599171093742,2927592.31487409,439.3187247692408,10370523.590550493,439.24080066970464,28879525.104313992
4823597.420879081,440.36758508985,1807120.2575339507,440.6058241140408,8314335.553659634,444.69323753554534,2496900.820602013,0.0,8195264.5454481095,0.0,25638544.264769524
5230502.39346326,0.0,2046390.1041603799,428.65332275290666,6934677.34116881,0.0,6449073.961968027,425.6507537019113,10797477.187357794,432.14509914949707,31459407.437293872
4859110.400566411,928.8849337792415,977120.3104409074,0.0,7901147.344790117,432.8861240587099,7302213.729377529,430.0742907007918,12882525.83544363,429.0044384268165,33924338.47040556
4688069.698310087,431.65958585449914,162124.85868624542,429.9665511840351,11908297.616336815,435.28483391633904,4421509.333838569,438.72335074992606,11448689.961745411,437.9451707640927,32630865.048409592
2603707.270482771,0.0,429805.21899416344,438.4498999407855,6707093.169941247,0.0,6998721.651820057,0.0,10666077.496331494,0.0,27405843.257469673
1839283.4909626697,440.0841929653101,864791.012032027,436.82561503887626,4887089.58650877,437.0148771646799,3159583.583631857,436.6112339783974,6171436.170031425,435.8112746997456,16924370.190360595
1497359.6254585376,437.009375250303,2142769.7773286705,0.0,3855093.390637682,442.11786232076605,6730527.372904938,442.57368439101725,4357866.9790916,442.14602024510936,18585380.992363635
1144642.368386653,440.353329762269,1464856.786399266,440.79866634963133,2768456.6996638584,0.0,4741093.883335864,0.0,2842057.3966168594,0.0,12961988.286398614
669353.3520093044,0.0,2291662.146706893,436.42733534197794,1586444.984156885,438.0911670682516,4371218.713428931,438.9859434029324,1725336.31763172,438.6472624117184,10645767.665641958
150049.16440154158,437.6602248750344,2929979.888044053,0.0,328901.907335307,438.3735246041387,5363968.519025973,438.6793768830162,153591.5924846163,443.53808074499267,8928249.322498597
710681.3894111023,443.39809952036524,2509386.341756837,443.0042237172893,807774.4935549714,440.60746338166757,6459146.851671352,0.0,277816.1224666207,0.0,10766132.208647503
1593370.9741652894,0.0,3710122.213611671,438.1125219435351,2315457.8001306443,0.0,10661111.43166436,442.2633511621225,1753251.1377309791,442.44257577009563,20034636.37575182
3219070.2473481265,442.24275546964236,7958452.5816215575,0.0,4937380.484911684,435.2800342470196,11318461.81993024,425.5003396367261,2934307.7908352898,422.64328139475276,30369398.59105765
5506539.774786142,424.97903249298656,7766173.703308388,425.43164514431703,2870134.0521195256,432.6366332293251,9861741.478985043,442.3344793402375,4291207.761293461,0.0,30297522.152282763
4385584.195370999,0.0,9100650.667902632,436.7497097397289,4042213.6373943635,0.0,12150152.48649699,0.0,3239704.415173871,436.2050278501681,32919178.357076447
5658671.694467963,435.30864560567153,7274736.566039542,437.5537866875598,6094144.253741113,440.38290096346464,11467673.89396229,440.35650823508826,5590232.171130876,440.48474489718893,36087652.66592818
7501610.143260434,443.1589781879239,6022253.78600369,0.0,6747356.8066524705,441.7943037787186,9114818.76717848,441.692919388855,6605045.301841988,441.6129884191159,35992853.064126834
4216838.462968566,0.0,10028298.466749428,442.6283683571093,7397089.309827889,0.0,14323101.497183202,0.0,8099490.796340644,0.0,44065261.161438085
3756207.1988479863,442.53924626595006,9618281.141296789,441.8246506030231,5664659.006226166,442.70341052096427,9329834.449149737,442.6933839603885,7912726.426432904,441.8665418864002,36283919.849186815
7202805.839172681,441.59090350769446,9513240.246161219,0.0,4287017.0562390825,442.6642803038215,7989560.783046053,441.4694759684184,6003624.970595075,438.96077063742507,34998013.580644526
6730361.239944556,438.06171219687326,8785019.373649295,436.3220632771976,8452439.507483754,0.0,6614177.813698378,0.0,7739176.554396883,0.0,38322048.87294833
6424369.317492246,0.0,8188512.012034945,439.5482486217627,5902209.777837958,443.2391770798337,5609296.907658108,434.9321051130717,11754845.645301407,434.7153541134231,37880986.09520959
7321811.25446314,435.5882748114593,8264079.476746927,0.0,7782356.786521489,431.1778402578244,6973652.636333736,439.609482694055,11978107.132393459,439.95176685155457,42321753.61382337
7480623.356681649,439.5387483118309,9137851.037574766,443.11752420482134,11944739.271961043,443.35943222253394,1951932.382706162,0.0,11520441.205987861,0.0,42036913.27061622
4512994.626518263,0.0,5433461.963290551,439.94619073966754,10439319.110052267,0.0,847347.0008692517,439.71567498361384,11268032.453845153,443.9462201417794,32502478.76266135
3484037.514098149,444.5479127555813,7278713.629173305,0.0,9073630.347445333,442.8540582774395,191221.72803378844,443.3120837341809,11746318.70594557,435.5012112602753,31775688.13996217
3142073.837516617,435.82618092645316,4050145.96337857,436.7948138280562,9322153.4772032,435.90639015419043,768492.5774331302,435.8484478224311,13979236.551478835,443.7689056292354,31264290.55174871
3000996.565901521,0.0,3435763.3901647595,443.231956039311,11311256.04459662,0.0,704737.893086405,0.0,9073477.313509423,0.0,27526674.439214766
2445773.911692612,440.60939194743327,2988836.567238468,440.14509533687095,8950769.96458488,439.82297551953644,1008342.7998466833,438.9154095206992,7772794.249873021,439.22489336622397,23168716.21100135
2172935.505685741,439.21320319097623,2595612.514260633,0.0,8090292.317464529,439.66996568493954,1476454.9025992884,443.075297886416,6096473.860281201,442.6667135733195,20433533.725471728
1945966.8983881944,443.48834944997526,2057973.0483588157,443.0466314858257,7661081.0998974005,0.0,2609952.549008414,0.0,4875667.542339424,0.0,19151527.672973186
1755902.4496046556,0.0,1448110.8660378172,438.54187205853077,6970662.855174183,438.51837395427293,2433984.0083305277,441.45379402771954,3562279.4929700443,436.95123417536075,16172695.137391444
1285651.4198142195,434.14417936562944,801697.9650051513,0.0,6581610.519816406,420.63710268833717,4294072.424926932,424.1890052849118,2062540.8617862375,428.4156142291804,15027280.577250512
1846216.2929888028,431.2821225789107,698368.5015072725,438.01996741718534,6957869.199007961,435.181617312969,7519721.115803329,0.0,914635.6821967759,0.0,17938115.27521145
546913.0462366343,0.0,661824.7660483037,431.5472580433921,6718822.23488258,0.0,6866742.167123466,433.77198629694266,945284.1835344502,433.7712386249738,15740885.4883084
310338.59631286154,436.79348710425296,2074294.9151223241,0.0,2818116.8941847044,438.9690974304185,5216163.3610928515,437.73111726709226,1685144.770662948,432.0414189945645,12105804.072496487
36081.17276251713,432.837915119076,2254050.4805150833,433.49356337396466,2110856.5619005198,436.16486457385736,8061204.1436301125,438.2385008606886,3210187.9472603165,444.1994225067057,15674565.240334984
892325.8614917477,0.0,4474078.626616762,445.1593097205264,1513488.3582968863,0.0,6971788.097009964,0.0,3553010.6713460353,0.0,17405136.774071116
1447289.8605811,446.1060550731934,2643481.4702437455,446.01078437019544,766171.3308770076,445.0329608046937,9292523.772227442,444.4041543761626,5018689.563779108,444.5768719392452,19170382.128534965
1465820.0606315213,441.3436646283798,5403665.818269943,0.0,31049.627418404198,441.5321180412775,11006045.151583914,441.80661652432553,4349925.352522896,435.2137908015782,22258265.906616673
1307403.133006326,0.0,3644583.0899099926,435.45420764507276,545652.7428250546,0.0,10122424.191067645,0.0,3699497.7437737375,0.0,19319996.3547904
1998611.3456916194,442.5269899214767,7381923.4387776395,442.71295077695424,1244190.8295343665,443.39087330077973,10184249.43339003,442.9202120720186,6442265.760673002,440.3281925482602,27253452.687285274
2662025.04798828,439.8666023449462,6943640.660464138,0.0,1877336.8684328655,439.8526677265723,10352039.639233135,439.5053565417396,5690689.435489811,442.14233038186126,27527493.018565226
5582247.986439415,439.56254784223603,6195973.08382054,438.92095953369335,3632256.5973258675,0.0,11443822.274298873,0.0,8203559.816483811,0.0,35058738.24187589
7138791.560298685,0.0,10874073.669296252,427.4641432981393,4693196.056403096,431.30032404307036,11457099.992823256,434.41950188827764,6554186.528137268,435.88638226581617,40719076.87731005
7980688.8352836035,436.97010698818906,11759978.740316162,0.0,3155008.3125704555,437.0467530499685,14258072.178522345,438.78445081817154,9939807.905363778,432.5443331608111,47095301.317700356
10104013.273692979,433.0899673429191,6945067.074081928,432.37201502986903,4159716.647498707,432.46600660406295,13275493.128983388,0.0,10576709.446825324,0.0,45062297.4990713
