7559012667.493602,9384640021.998058,8598568170.673786,10242607636.943514,9610982110.098001,10397306383.051151,10231782965.12815,10997670462.523247,12151696783.028355,10491707264.77532,99665974465.71318
3018105.3093201346,417.2433494433345,3778781.930379307,432.78748405475835,4142342.13194985,4936745.5445128,5048870.866881177,435.3374489956991,5913336.99254706,6170505.36146809,33009973.50534091
2602509.618602662,443.13976208320815,3250096.921642954,439.1115632269848,3754889.1351650953,3696346.2470526765,3939946.874785991,434.96151649945654,4342668.016061677,5401794.285950691,26989568.312103555
2276481.3429824617,2711510.5286645764,2999698.0252701323,438.4014939829558,3893983.04747913,3620823.2183199995,3651428.8611872313,0.0,4164770.2618199913,4772955.733251335,28092089.420468844
3368679.519039062,10455442.89046258,3426789.5966046937,0.0,4658049.508150077,3460192.1385276625,3794209.2675128775,430.42608264158196,3491863.8384221345,4333156.052418497,36988813.23722023
1997643.5370987062,11981909.668757705,1866302.341488723,418.1095223340264,3637650.151628459,1070247.4969946216,2126410.128122485,414.249348872868,1436526.1399729035,797306.4095697327,24914828.23250454
1227851.6742814058,9386652.455962023,1228507.9405549045,414.5596693515109,1864303.8345800445,669792.2456342555,515144.96020510874,420.48775149177203,430572.43517717125,171256.5132081518,15494917.107023906
786022.7623312835,11279588.773427641,827446.972671065,0.0,1362247.7006345259,133618.3546494126,323208.5567410793,0.0,170150.95158127742,279473.18738143065,15161757.259417716
484896.84461456793,9934678.280991526,567447.1755694724,425.7237500272254,985003.577583292,744776.317633482,727860.9158387525,423.55663580139776,675012.6495381286,798285.1245495874,14918810.166704638
146253.0036744116,9742714.386309007,213387.8616145539,430.6147202443464,455412.202801067,1310320.2911931498,1761129.1817450186,424.8548224571429,1160684.5141568792,1543402.870487407,16334159.781524196
207229.10925601237,7575970.322347127,256076.76627452794,423.11796118127,29647.563844645236,1945629.9778274163,1616674.5816219929,0.0,2441600.256555943,2143336.081890189,16216587.777579036
1539369.1050056405,9224859.380994463,2187732.2946864218,0.0,1815702.6205892393,2926967.165323217,3940938.832078914,421.43784895385016,4592536.349889839,3135566.0981023395,29364093.28451903
1745273.8078646043,10342727.841334939,3413363.929538409,430.70343428318745,1437433.3233451757,3584309.510021824,4951175.003720835,434.13762609191247,3924916.9510860625,3368645.5866209893,32768710.794593215
2170500.347791997,10352340.627475265,2008211.865027908,436.94127681554636,2296955.4475480528,3353671.452285695,3563862.6171293207,418.1542455119781,6460812.4161646245,3271084.9187409016,33478294.787686095
2365817.8951676204,10578624.291574193,2992814.56117789,0.0,2754593.3139846316,3997646.308803733,3724170.3873998057,0.0,4129285.5249280473,4087516.745516412,34630469.02855234
3974153.295156484,10486319.701841345,3101942.52669942,431.3763802810111,3060445.1030213595,4687132.424019735,4103895.1825318877,434.3097619636751,4426637.599176572,5181937.3305770615,39023328.84916611
3394150.347968428,10232884.546478923,4059631.2068274673,423.5651013308244,3244190.0796911563,5567437.068044905,5455061.338009777,416.8576932697038,4478907.121150298,5136139.9940016195,41569242.12496717
3658208.3820346114,12079170.4058454,3887414.3236836977,422.37257697578383,3811809.254489652,4326775.220857441,5453085.421180297,0.0,5414774.010269022,5790070.502241908,44421729.89317901
3777768.244916855,8815183.55114934,3896239.8982783044,0.0,4765249.825339564,4436584.838188928,5155260.028424909,419.7833678484659,10897049.26348992,6039729.991186102,47783485.424341775
3988010.1868313416,10918632.085986853,3914675.6146662384,431.2799052466315,5149426.294333538,4868297.138430316,6324105.444826811,433.0913648298819,6994287.576552143,6727849.493398566,48886148.20629588
4125580.071881602,10920855.024315068,4503408.654640194,429.01467726823,6359018.738700786,4786002.354552538,6284338.600936732,425.0988271735929,7207095.768472616,7262314.01333328,51449467.34033725
2906235.2184076835,11047089.931710018,3367380.718767753,0.0,7317822.910427219,3667109.8364444436,5305159.785393868,0.0,7599602.653907272,6886192.314693479,48096593.36975174
1840074.881929896,10752559.89525108,1885876.408706358,427.28197331081964,7655921.990434558,2736905.9133650647,2911816.7471052916,429.30037333324236,7476896.151223933,6701318.141882695,41962226.712245524
1500106.7759874926,10221505.570887875,1388241.3122151585,430.01099982186696,4863743.5330975065,2263581.361479378,2770641.4356271154,433.4749896651509,7767501.541320184,4904337.229381386,35680522.24598558
1402993.383885728,10876312.094334574,1357077.3965635174,434.12199265216736,4130901.260464355,2122601.7271199934,1855550.8262597797,0.0,6524106.025113725,3499060.1527425526,31769036.988476876
1289675.033487416,8760591.462533856,1092850.755261928,0.0,3236048.5381064876,1692659.965518086,1377609.514530467,406.4092179926884,3502217.462026353,3017660.0563426004,23969719.197025187
878488.8437654298,9486220.221392153,728547.2415529605,404.02930782244323,2765468.8316156897,1538092.6365233704,724611.2705425074,413.6242359594352,3264581.81617191,2650539.6376674897,22037368.15277529
364896.6229687836,10271117.619913224,1016531.8848116802,431.0640093678199,3111339.4746740786,830711.2401247573,513400.4725062666,431.1245639803495,962856.4709019727,114766.8609998368,17186482.835473947
445049.87909858185,9262025.024518913,259928.301524088,422.5347096952926,740137.0851237079,122866.72874768049,1009753.6516217287,0.0,448732.34864719084,684449.4765569578,12973365.030548545
1304719.3726471325,10066371.596147629,137104.75599714924,0.0,309646.5391328695,572934.6875811594,1342079.1862277156,428.8134639440644,799680.9374952067,1084271.3351703414,15617237.223863147
1626140.0108403657,10361572.193264624,70978.08007495273,428.49439551002297,212169.79164865683,1796482.2741069922,1946399.6356911324,428.3328521519234,1389972.235098991,1216255.1652567838,18620826.21323016
3624169.4279924687,12433893.117762102,346937.78281797894,415.59291888524336,589370.3815986498,416.5950368212679,1939721.660600391,417.026416470057,1324079.3694052652,2465169.154454788,22724590.10900382
3366851.2175423913,11127782.84170411,877761.8964544077,0.0,1170612.292761576,439.5349099192524,2386831.228056849,0.0,2467007.3087164727,2630838.006832544,24028124.326978266
3417994.2740142555,9022098.789737813,1490422.6483444674,425.475071151465,1470239.5476342468,0.0,3158304.214836685,427.5009045769043,4670852.826610049,3033183.5329726515,26263948.8101259
3077336.1947050863,10235652.137599843,3178451.126694156,420.4664995325982,2398346.3434796915,420.9928975980645,3831238.245871908,420.45016684216176,3814545.1986652263,4604781.415601109,31141612.572180994
4408295.806499045,11025997.33400062,3728059.2132785944,435.0796719504684,2726224.4140416267,434.74820973474147,4238522.582052396,0.0,5130580.136905578,4264694.002417679,35523243.31707722
2990151.3216206077,14078927.191361643,2482613.784512305,0.0,5189195.162822828,420.58464197682514,6278072.199521154,423.273725426876,5542770.3789587775,5643894.7831853265,42206468.68035004
2299953.9128293586,8652220.823407093,2851772.579862108,432.3667222534219,3180440.4520383775,0.0,6729419.475719943,428.2926675683806,5361804.419084287,6007507.243857217,35083979.56618821
2210193.8729898552,9920919.235808095,2930883.4998966786,422.34041343616127,3578171.353257747,423.58497437680955,5755004.2796436185,6976045.163128078,5112410.213930204,6701622.655455975,43186096.199498065
1972904.2974954653,11064884.611954708,2348009.1313287374,0.0,3291623.1838133074,406.5970123812936,3728521.1718347757,12451887.014221488,6280527.719028735,1751187.846779012,42889951.5734686
1770952.6406975987,12273553.410507847,2593414.3219437706,442.8352582281583,5323170.577083229,0.0,3256285.041348574,10251240.688746331,5688294.670373728,0.0,41157354.18595931
1556926.3387140762,9799735.031458873,2783597.235886567,431.4170531871466,5738650.937997414,430.6855595637751,2985325.984901171,12170496.111579286,9497613.246437937,435.0356733994293,44533642.02526148
1275471.7123499904,9832007.757572405,3060787.3095097183,436.0102341669926,9047425.712364288,440.8421008376864,3536697.3963435413,11775564.921196679,10850942.397131305,440.49409338904167,49380214.55289632
1843085.9552277555,10840507.181764394,4138611.568675136,0.0,7863742.44471308,435.8288226426139,3231834.4478599536,12800283.837456336,9748602.076657843,0.0,50467103.341177136
831499.3680592868,2827082.0534291603,4083552.5277382,423.9868452974634,9613684.908335594,0.0,1770947.49059057,12835514.895039551,10079400.08872097,439.92879033377073,42042545.24754896
536289.4059069931,0.0,2442335.314062292,442.3137798464695,8089859.903537621,442.5987867404102,967844.6250145865,11697897.281917838,10575329.181748634,444.6373548079754,34310885.26210936
277607.9887034186,444.7579769167299,1839306.072562048,0.0,8766965.810322238,440.76624084594926,38063.12175842129,12914659.073982548,8841048.56320096,436.134250950086,32678972.288998347
155150.85079810498,434.4454689740522,1754009.9774162085,7960728.459166385,6559944.793507881,0.0,488232.7033443536,12725502.920377795,8938273.49920891,0.0,38582277.64928861
549389.9523472312,0.0,1308429.0760137949,12142303.954926053,5663319.920469063,429.1631954088801,783332.7752324177,12610465.945612425,9052016.755757276,416.46068824225915,42110104.004241906
1052188.0727566618,413.0559145979669,938497.2166696744,12461260.84498175,4093212.9233622234,408.26726719114544,1222598.829751559,15000041.03191729,5457253.039080139,419.952015399127,40226293.23371649
1429704.7834570457,421.3337753300535,682106.6100362507,12900217.64591832,3331998.58489199,0.0,2955925.909763695,12136715.963917084,4808305.074493263,0.0,38245395.90625298
1856829.8847403543,428.6724895683244,732927.3876319604,11920815.446842693,4282609.406021377,434.05123499616457,4145007.6512477663,13143082.118863009,5036241.4950607335,428.94182757495156,41118805.05596003
4344866.452240332,0.0,141746.39583654175,12503977.904412393,2149685.698986278,429.28371329767884,6926308.750919374,13153273.415575137,3185620.9297328033,425.0618496256762,42406333.893265784
4957643.059705548,424.2159983530878,68557.81673968461,12166725.413318047,1032170.0784556742,422.651266810135,7301024.1303476,13134586.248613862,301603.6363737728,429.6020336504884,38963586.85285301
4646609.756025795,427.55229019257064,32132.06040257041,12297602.238618506,188602.09252679118,0.0,7020144.820484561,13628292.461723225,331630.71249974566,0.0,38145441.69457138
4622608.543547768,0.0,189327.93500618075,12197114.75386936,286952.32764440466,432.40015249059013,3665005.5516966973,12731715.265535017,670989.2907063962,429.5607857043642,34364575.62894402
4691084.965065991,433.87331969029026,713406.6395609322,12137232.655169856,704051.2929485064,430.9503308118327,4621141.109880855,13016055.722429486,1353898.1636967722,431.594902321944,37238166.96730522
4503402.370257652,432.4564384000667,1258678.096888897,12696600.203552974,1418723.25344583,0.0,5158792.040191816,13268222.048550831,1271946.7324819334,0.0,39576797.20180833
4030923.2524385867,425.36521960883823,1637956.5135064707,12771363.965809163,2894319.632544922,431.0233107209791,7031778.288887634,17066996.307146292,1571892.2257426253,423.1925820544642,47006509.76718808
3617383.6030763267,0.0,2033390.141265027,12292782.355786178,2754276.111612078,420.88957153330955,6618803.833170743,13450056.843891487,2701045.0903938757,437.8554484924473,43468596.724215746
4428932.525443841,436.18981218583264,3622269.4008052703,10570332.549663533,5849831.074662862,432.64472181911134,7478528.886364978,12115642.326230157,4014894.2184217265,423.14499597823647,48081722.96112236
5760899.136317666,424.03935441637736,2299514.2500108457,15382835.173168434,4326292.553762074,0.0,7937509.8128369255,11791855.261866704,3698851.0300701135,0.0,51198181.257387176
2543806.281359761,0.0,1871103.2352425167,9167454.169992516,4043728.565785788,424.2893975380556,6864542.11739748,11709893.255299496,3478156.109320214,431.19307766297237,39679539.21687297
2249454.5345730614,435.26629460241634,2323026.497527884,12980374.021685231,3920033.5993185765,427.265016180021,5449968.575112121,15797862.440079376,5117722.5758421365,430.3989375916321,47839735.174386755
1655509.6160527815,433.3889553584383,1940554.0194269402,11592647.53008153,4514174.684608687,0.0,4012009.951134097,9839827.438319514,5124231.2817942165,0.0,38679387.91037312
1348535.519617885,426.42158183417126,1395333.716252352,12009486.09227606,4897330.671103895,425.7128574944747,3310858.573235235,11027774.203325275,4896433.08763432,423.24711907272143,38887027.24500342
1211770.5838078128,0.0,1079673.1621861113,12923686.419256624,6702955.800794273,407.91297709181265,2614401.7796543217,10476151.801844167,4668602.232825905,415.04792624049026,39678064.74127255
990873.9510693355,422.2642328610737,1450746.0312676216,11704192.469261458,6429872.805465324,436.23423355881766,3601167.3358141007,10130235.298539331,6870971.25009406,436.27620589083614,41179353.91618354
681907.9754849733,433.1953631625583,2900567.0833602785,11958180.737414328,7135037.427493365,0.0,983398.471266458,9928623.827748101,6813356.766578517,0.0,40401505.48470918
387862.43223371706,0.0,1221996.9484519227,12593668.933123687,8357922.778845637,431.3666753799939,154064.14685844578,10026005.390060384,8015517.356054446,432.0366905854193,40757901.38899421
587934.8521213039,435.550392235636,870375.98607205,13084852.473527525,4135081.028493854,425.5946058728103,673452.6535122977,10298239.140077222,8603915.523330163,424.1252008956644,38255136.92733343
1109018.7704498412,421.5967043994391,677643.1032288102,12897447.625901088,3113895.126052708,420.8440854236188,1287305.8010164106,9939030.340873852,8932293.489283476,0.0,37957476.69759601
1317656.429503428,425.67199296010796,550418.0453993318,14603051.367748694,2277527.7159856646,0.0,2020504.1453171843,11822450.38275243,10024901.294650022,428.80944525606213,42617363.86279497
1799810.484937961,0.0,478581.4013827717,8623639.033189695,1690237.656136488,420.8231492811417,1967318.9191646455,10122808.317556778,5384993.107896999,429.46017394999336,30068239.203588568
2458825.099338935,427.7357813103515,363237.15208396316,9931794.813579395,1068179.0819576879,436.5245182494318,2837447.8109417646,13262701.856893377,3575544.6367559116,422.734688075396,33499017.446538676
2607575.9087509047,419.25885325254416,254025.61451145666,12111202.104663368,449965.39992531866,0.0,2726162.1492132847,12280842.905425215,1443637.1633155006,0.0,31873830.5046583
4589950.81804447,0.0,252480.54643760636,12565994.011243436,547945.4180058159,428.92647471138105,4467785.722525754,12646943.810250903,309246.4216108435,429.31044321248123,35381204.98503676
6904648.825632449,433.2710635969962,555910.7691073572,13052334.467291163,928186.7489831608,438.61563043159043,4872831.941262387,1895239.2864213227,1041030.6428759482,436.0575467952704,29251490.62581461
5205532.129359467,435.4324518919344,1141604.1499309135,14218303.340078788,1211580.8811355245,0.0,8309885.422007389,438.6052148565789,1390379.330568148,0.0,31478159.29074698
4304029.36948955,432.4498430884826,1792558.116218392,11391736.606063953,3300859.8070858447,428.6171842782778,6229727.252861381,427.86759236511307,1952493.6663189423,430.97699190820737,28973124.7296497
3752463.190102328,0.0,2886965.7740595574,12181172.452597901,4225335.351664058,417.729457863761,7172686.283042137,415.01122216926757,2039787.6816295395,411.099972923668,32259654.573748477
3589144.892336751,420.2963856779907,2874846.4169909838,11816511.808282876,2702873.558314862,430.1320863073263,10536350.232963942,0.0,2372894.1705194185,437.09894087525043,33893908.606821686
3579100.669255978,435.7276112013737,3210082.428582863,12388051.085567849,5934182.277939761,0.0,5456596.672622262,436.94146647530306,2381619.452045738,0.0,32950505.255092133
3334216.0076883207,0.0,3554516.026762163,12208998.085747495,5272138.157620341,436.5040750176161,8737799.981215563,436.0907945443215,4113348.35118669,432.8424749643484,37222322.0475651
3254819.1042575752,429.01339738632595,3545286.1786964773,12677630.827975035,6401960.4392151,422.2405870403313,8927644.504239364,0.0,5475707.15966185,423.23697572479483,40284322.70500556
4515963.552034807,424.44611511279754,3635879.464071855,12153671.14604987,5736666.073547057,4709211.013888648,8951072.689598808,423.8666947943918,7122611.788072455,0.0,46825924.0400734
3255722.437398096,423.072792321392,2334353.841941539,6028680.196635591,5862121.665253794,12570016.405543227,7502908.064492237,436.0345030350534,7196108.940500433,429.299640996816,44751199.95870127
1909940.9149320826,0.0,1389706.2235684714,428.2339988624476,10024232.766310306,10397287.553671326,7027786.480907597,0.0,8307960.111209559,434.51176005169424,39057776.79635825
1606755.7059112436,435.7950488272752,1492474.3674597966,0.0,7209509.867766013,12084036.009697434,4263210.00172256,428.57439179425694,9291182.333387299,428.3965615343466,35948461.0519465
1278972.6868045668,427.26945936223655,1479255.3260693047,428.8873664297766,7926482.843788032,11960213.850987103,3557847.720457385,427.24280165501295,8983775.722578233,0.0,35187831.55031207
1029200.5141281884,0.0,1249400.7472610218,428.02195996259076,7113286.918649834,7084927.965827568,2651066.4904845064,438.01262954530375,7747532.4512891825,430.96573664856976,26876712.087966457
700578.1663811499,428.24037511709645,1366141.1477899703,0.0,7012494.507031969,11066037.082873108,1571371.692967403,0.0,10600383.17375988,440.5670638103251,32317874.57824241
435741.35858862224,443.98645854766136,1247467.8519311007,443.78201344175494,6158270.988679818,10482668.463290643,1054934.4179252237,435.22122336567696,9040158.964281159,0.0,28420565.034391925
433475.1641201835,0.0,1991710.277075389,433.5948600920573,7554714.543277793,10135966.440764382,745144.7801038411,434.8709459256592,8981622.944937903,1636965.1572841825,31480467.773369692
1447227.0232360193,429.3938582820585,1160722.8452573144,427.50117690626433,5431833.676735258,11712169.47524535,1197552.3266096825,0.0,7958496.860369019,16413117.792977534,45321976.89546536
883390.3766454428,435.81967111975274,661588.494590547,0.0,4689120.03241048,9925047.283208108,1546301.7988265173,431.0802540575182,5325594.569037332,18305513.8575973,41337423.312240906
1072277.3232648605,433.3302812658805,484376.4629055327,441.10491717722255,3414971.7256496474,11962855.01806673,1905705.9378243838,440.84914768378934,1696018.7730397647,25066417.947642535,45603938.472739585
1448352.2874340524,0.0,377077.90116306714,425.7077264944903,2263554.208171735,11098407.44999203,2015768.4950530143,415.48999674338495,97221.87417295984,21931889.1119699,39233112.52568
2114692.254333702,5471433.167392253,275404.2913244482,0.0,1739182.097338571,9972271.659415524,1220442.3702225569,0.0,476882.9707315294,11791883.599425878,33062192.41018446
2588217.986560925,9876127.319590848,75912.8070044302,430.8593942441963,1193207.9150515182,11011407.8218374,2827539.2733331397,435.34855720368853,1017164.9676633098,10828113.226801341,39418557.525794365
2697189.762682657,11066090.346421521,348052.2004308326,432.10985344331897,530248.3883288441,11178317.823431654,3297513.081249659,424.84119516331646,1636184.6763988687,9523473.29672022,40277926.526712865
4308022.84145693,10706898.16038245,865491.2310946,420.3707167470235,553329.9118603568,10989080.054725679,3773711.458492764,0.0,3903458.3780694627,9976135.080111902,45076547.486910895
4549124.993900515,10594089.130759599,2230024.029433402,0.0,1855856.9987673357,11306621.856365886,6562890.600684566,413.95736617249196,4040831.486021151,11646794.279216938,52786647.33251557
5690896.582122819,11404684.425288327,2506887.4346221536,419.0061562667799,1747805.0504810254,10014560.915135615,4966861.540702593,420.04646815329147,4386089.693732738,9065643.103074897,49784267.79778458
5512691.977553326,9467960.193435123,3056532.705511479,417.3734445408213,2494865.7108099777,10982938.41633499,5031807.387022601,414.3311062290662,3596007.99468788,10633667.14710219,50777303.23700834
5360278.979335181,11611678.988996783,2793250.4539880417,0.0,2561021.063542102,9615922.784917312,4355068.402515895,0.0,5857280.516702633,15879198.248352513,58033699.438350454
4497874.107487608,11244566.027170544,3380774.732017183,420.3455272415989,2717059.185608736,10597294.127106268,6473581.926232851,428.021322978839,4425992.695283953,9681714.00604521,53019705.17380257
4198217.007734035,10864860.4940459,3338595.869583608,421.93847260423837,2826930.992140145,10746479.26380787,5872305.986139472,423.8681226322418,6000474.720678779,10025807.663676659,53874517.804401696
4147008.320421891,9074577.96605627,3858698.5932250256,425.3923625850382,3841892.6948179756,10779798.838771818,7515057.987641693,424.18668153898113,7126786.2644255785,11602151.683156282,57946821.92756065
4681524.28646059,10291806.437973663,3800502.943494585,0.0,5303862.55581468,10675544.466566708,7675235.42903919,0.0,6345540.148465235,9929048.24996428,58703064.51777893
3326356.601894828,10849532.574509313,4063849.208833394,416.54556164463486,4645564.185875974,10326417.043840483,7014641.22402762,422.67762082196475,7777307.519886713,8754948.334440902,56759455.91649169
1577098.138684716,10974193.657955037,2508410.7061115024,429.10904388248696,5400517.054808486,10792951.669248061,7132202.876973967,426.8550998206513,8890356.91453124,10304554.855073173,57581141.83752988
1269236.0495030389,9840442.199030837,2371021.1302639656,422.20136030283754,5726725.452217894,10554385.768745914,6072763.1409087265,0.0,9357580.430674946,9007912.347922789,54200488.72062841
753284.5695601344,11253802.198656019,2036762.5732084503,0.0,5662272.834112282,10833979.794717973,3664306.1413624105,431.121332740593,9189622.755060874,9474691.69886797,52869153.68687886
173101.58269045458,8119123.65109507,1996560.5177661274,419.7510723296318,4620138.861319508,10862499.068488436,1225071.7710785142,418.20314801189676,7151531.44720089,11022380.327738253,45171245.1815976
184243.07171395308,8390254.586631289,1865106.4103023491,430.3481533384663,4484028.933152052,10023008.004565347,496200.991351143,421.5827556269571,4941718.632233189,10211743.17877087,40597155.73962915
1592297.007088258,10885278.36842425,2811328.6817687587,0.0,4815327.139523429,8558813.331152046,1079401.9002251553,0.0,4454273.817875233,9529397.919138402,43726118.165195525
2044336.9251083105,10525696.20744341,1211930.6560837654,417.05855325277207,2185532.225900033,10606351.477010993,1198359.922228438,426.3244211605165,558460.9315183721,11565045.279121839,39896557.007389575
2356793.6407830627,10536169.260846041,1189811.3064301386,426.89383833738225,621998.5725678129,9149895.060852839,1167486.3932618424,431.2616131252441,120514.4974818246,17676090.072165504,42819616.95984052
2595001.2527938033,10961203.178487552,1063071.5502321227,428.8432411154586,222654.15444444516,9954956.350776441,1862260.3634835817,0.0,786723.2720771877,14870862.000360068,42317160.965896316
2525133.791631562,9559072.842140807,737316.9676921767,0.0,681560.9014582849,9856355.586172665,2304623.6882791105,419.19608685395224,1276138.8105022113,17537561.595785186,44478183.37974886
3019964.121507086,11605770.807931174,426482.84308788547,437.80669766644843,973673.1961003073,10772183.303290019,2645549.777236691,436.63661147077005,1797089.6541290625,13516116.702563874,44757704.84915523
4543821.35995596,11294699.872526627,15154.913457459608,430.8204858576657,1516294.5754382634,11785998.958168356,3823802.558950504,428.36055748028747,2761940.2873475896,11259513.551460331,47002085.25834843
4618747.849462871,9728722.007147845,764619.7149140557,0.0,2567987.3521372904,10503920.21171236,5080488.685010749,0.0,4020407.659172791,10135941.057156725,47420834.53671469
6258923.589449251,10959507.913976882,1740912.863273255,419.90892120812674,3360420.58305776,10762213.117769323,6047080.548649911,422.19427724455323,4210371.16149325,10572336.341019828,53912608.22188792
7971898.662835067,11347834.849017937,1353436.289718568,421.29709722160607,6219633.823144838,7017460.486420438,7593862.381310679,425.0687599892744,4908821.131407168,11306091.641936902,57719885.63164881
6813689.950205411,9738515.112224273,2237206.734338521,426.3883471787113,3906921.389139801,422.1110691082556,7859990.52632704,0.0,4434580.800331899,12136586.01686094,47128339.02884418
4498850.557211482,13743908.351755498,2591741.1505168644,0.0,3435305.552525293,420.32113052911296,8306611.050447826,417.7349183999442,4932431.382357062,11501154.754433064,49010840.85529602
3735176.0405523055,8142063.079082332,5318966.161321395,416.71273842424324,6554565.186492708,0.0,7530681.55237284,413.1989297242072,4840061.333415961,11458317.629796607,47580660.8947023
3408948.090539819,10348062.190213334,4506070.912150587,430.67911028699376,5064315.758207107,435.14220656906616,7022966.146172473,441.95878888992553,6239038.115887372,12333447.336206669,48924156.32948311
3201896.5394948875,11035706.844016513,4691188.361454652,0.0,6693123.7535925815,435.78146530507814,7011362.033640354,0.0,6727406.215566913,17287332.290067866,56648451.81929907
3401200.6616645656,10493523.59755461,4647804.700545367,426.343651124579,6663401.782483986,0.0,7743758.215640083,12017592.88722373,7392899.25755263,11375796.246265305,63736403.6925814
4046661.3626737017,11011822.467832034,6544687.194023929,417.8739934884196,7003124.992921891,408.7593953515191,10556056.252503164,9504962.767042905,7526518.303528105,10920600.392955314,67115260.36686988
1404269.545450512,10602035.98304155,5669562.604927081,412.33632532950804,9719396.083491912,420.3391206364259,9313783.777227197,11068830.600638416,9107985.739901915,10847473.639841028,67734170.64996558
1200287.4594810326,13214579.794733962,6953191.848304129,0.0,8607417.529397065,427.03418855449246,8144501.311813467,11365512.27595182,10519389.184965912,433.1781198421658,60005739.61695578
899564.8588700095,9743390.452836672,4848845.660739215,423.3337132249815,6334548.646741978,0.0,4456848.62794675,10184698.92103557,10084014.113769235,0.0,46552334.61565265
502939.1517217417,11153607.552147547,4482020.592798688,418.9765959744851,6015062.878905288,426.1268953845314,3502072.722554848,9719038.933639813,9524978.942689903,425.5508856123192,44900991.428834796
268539.3709465398,9284144.685445275,4548959.611247187,434.3096682726595,5240234.149703638,436.0142945287109,1748502.0508442137,12198869.708800416,9834507.317348026,428.1935596114311,43125055.4118577
417806.1514633324,9591400.835623397,4498318.479970944,0.0,4652891.84759142,422.29337311414173,431511.37478203455,13053334.932454707,8880793.012137994,0.0,41526478.92739694
2644686.9362589163,427.60323406305133,5016000.037377697,426.80297683845004,4537718.9921205,0.0,1282153.572006135,20041071.776421156,7947850.924505283,434.22667391360613,41470770.871574506
2058635.4058465136,0.0,4379590.815910746,17074675.862470325,2845410.506328138,430.9530982462547,1128565.006321197,15179843.148519007,6671728.011509078,428.2805498880938,49339307.99055314
2207940.6831664955,433.2657487868332,2585372.8336317376,9129501.750967346,1569917.7578855073,435.13280171868803,1707348.4973500466,13511624.941005332,2685790.9770837794,437.08726869783,33398802.92690945
2599451.133308485,434.7447361914438,1806610.8027136452,11705460.601946745,825353.5946386937,0.0,2155639.6648859475,15392237.189712452,37964.73935512532,0.0,34523152.47129728
2779350.9566083974,0.0,1166333.3589945924,11450996.302651385,201109.20024458042,439.9505170210827,4925182.008657358,16342280.550065324,334041.27509803785,434.3827595477147,37200167.98559625
5223858.341121715,435.49197928863464,849573.4369487782,12220821.59291188,335159.51495042397,426.6451472081003,4019681.8309163423,18177394.346565828,489006.1927963377,426.0552935298304,41316783.44863133
5272715.5049473895,424.7208288240394,322577.0597522179,11973688.964923711,644279.6086162542,0.0,2551985.1338979406,21574038.36846383,1267814.9044750854,0.0,43607524.26590525
4886528.447993,429.84730159658744,98578.85674713065,12902081.255100254,1335881.687616185,429.7324292427911,3698600.0174999516,14862931.97088676,1647555.2548377025,429.91054429351516,39433446.980956115
5622491.177650601,0.0,791154.7552083881,12680790.662745688,2926556.7739857435,422.24448354764354,6143681.470435712,12448163.702301567,3619536.6145984954,421.1921238061785,44233218.59353355
9104417.046048226,421.7342109888204,2646914.882854544,9955203.414983295,3208579.8688041824,424.8190526752469,6184775.690715656,10437036.538108371,4160428.919986765,422.5961735853714,45698625.51093828
5725576.780619042,413.22089517315834,2843532.8506538244,9750498.633322088,4401547.183048831,0.0,6324559.572287132,10130238.163178246,3340501.194284838,0.0,42516867.59828918
7884292.201638318,0.0,2068604.6744817111,14809976.850858437,3654447.8970118677,406.99056383692283,5061757.905262097,10486392.812203394,4290589.155031483,414.8747297385295,48256883.36178088
5071411.543104287,418.84532543603154,2232567.521590234,14482949.864120197,4312182.0789347,433.26164621553005,10118786.2083814,12307182.36679117,4851323.641335672,430.92653234293965,53377686.25776165
4680769.069201253,431.2298365634172,2686999.820491089,9268511.984293286,5147962.430962935,431.248864988524,11141737.513404956,10828602.056653222,5342209.223665079,0.0,49097654.57737338
4298692.22522972,434.2752863994015,3069420.1332927993,13571086.597987356,5933111.493773245,0.0,10592178.660650631,12577808.010551691,5722595.11777751,433.28094762577047,55765759.79549698
3842820.9201417943,0.0,6981916.826641054,10242008.277468488,6502454.912628549,430.2512181361235,10951426.999867745,12085764.305364186,6682666.932767389,425.3084282968299,57289914.734525636
3827443.6625679997,427.65564354416614,9343777.901285399,10825381.33495046,8435240.083661782,428.0050350384165,11558539.085347477,12256477.522355152,7803610.297706188,433.4012705397103,64051758.94982358
4810864.925932156,433.2576369595486,7826648.762237632,13939535.163488457,8380146.196769363,0.0,14139758.688797187,11742127.105093624,7658304.509572493,0.0,68497818.60952787
2643927.1517666117,0.0,9207608.984890329,10405887.670709675,9297375.693575704,414.39856541939497,11918721.928624485,11195495.012794804,7670956.632756713,409.7940919283059,62340797.26777567
1611574.332181151,406.27545469900537,8897661.35007342,12728109.440896055,4903439.253545387,420.28050487955744,10677178.201599864,12739999.740192859,9143530.73521445,435.65566931069463,60702755.26533207
1256758.7381452865,431.32028274419724,6066506.961087454,14065426.871390972,4789540.494774199,431.3977326004469,7293424.837200006,10679164.611799927,10645340.006188922,0.0,54797025.23860211
845815.8237288956,427.3490895992131,6559596.721779216,10145151.205676695,4122854.0728428448,0.0,6234246.635143183,14689241.68552849,12287563.993836593,423.1816407567834,54885320.66926628
412738.989241866,0.0,6144151.074843584,11990815.645996742,3477004.462188746,421.4052983722675,4673681.880518989,14794972.374457857,9902713.246034361,421.73120731792386,51396920.80978783
12078.510351216613,418.4060895919178,6349525.6166405,12826792.343586408,3765670.4471360636,416.1802059995626,4392591.044305811,10079044.405134773,8345046.853042225,420.19269958917135,45772003.99919218
1156602.6217390068,423.8061990047238,7016820.227037841,14253082.06762455,4257249.543921355,0.0,1643823.7468361736,10237574.161283646,4015463.1219287496,0.0,42581039.29657033
1750509.4070943338,0.0,5612177.768976728,11186215.599849699,1539679.1982137072,428.1398345850463,173706.58246712442,14173910.20193865,121673.6607722943,419.58494712219,34558720.14409425
1509161.575820463,420.56100817698245,5884116.204134988,12262456.846682476,412432.8780985467,419.8178568970946,615545.9086180872,18094833.783405755,817746.18553445,424.56444555790904,39597558.32560539
4013876.8474661345,426.25428712193985,3587706.389321436,12430177.354410058,13231.08125498952,424.67191308727973,1207845.436689227,12742436.546494532,1293884.4083054964,421.9948981623743,35290430.98504024
2489589.8534001675,420.50891776805054,3072236.4981461596,11851549.633813495,458241.26398257265,0.0,1494132.188145776,9415601.168919727,3364576.5885492307,0.0,32146347.703874893
4454228.9493344175,0.0,2804311.989679911,10860216.88976895,711114.271306356,440.2903476740847,1878831.9324328073,10878337.244145414,3239909.147904606,430.47762164838963,34827821.19254178
3470446.81267298,428.53288486290995,2303369.716130377,11768540.697917985,1097882.5139720081,417.69080481685546,2030012.8984194049,6780381.119520508,3889644.984061928,430.5922481389451,31341555.558633007
4910793.040885732,426.8940193749935,1734782.2773393346,11972726.472686503,1895119.73618987,0.0,6465262.2289713435,431.69031501082515,5095193.640953757,0.0,32074735.981360923
8966411.87273255,0.0,1940273.0780132296,12431999.911111705,4062746.721368234,431.4973122318367,4922758.020029853,435.2179304262108,4631715.577697877,433.8481688875193,36957205.744365
6985151.189147258,433.8015214014959,15576.651053747866,13532192.289248655,3753720.5783643085,435.98946140649423,4397478.745090877,0.0,5453849.79712842,431.5600238280556,34139270.6010399
11842759.736968972,430.6947731513858,442000.27886624786,11633848.941208985,4896562.16730552,429.00590108852526,9095805.201449528,428.99648537833,4395793.768756906,0.0,42308058.79171577
4456973.290111069,434.9932815054613,818409.9730148198,16556333.98181388,5697274.432138027,0.0,9089512.085481998,430.78204537313894,4383811.923243886,429.7981154998716,41003611.25924606
7204959.862449524,0.0,1294430.5894102738,13471693.477618027,7226486.437235456,439.5815509305758,5132018.444961482,440.6590583311318,4555777.044154947,442.30639458054,38886688.40283355
5860454.020732242,441.0002746851963,3247901.606618704,11656944.48241993,6665645.404985275,437.70589787863514,5719088.613670997,0.0,4953234.413750414,430.8411377754114,38104578.0894879
5328166.027598787,430.99009303275477,3378497.252346106,11307159.257963682,5192221.353668448,0.0,10679019.284125831,437.8790660770761,6186547.177307237,0.0,42072479.222169206
5169333.180089329,0.0,2336471.294691803,10730699.949907707,4974573.089741944,438.7777567099284,13664104.685875671,434.0682671385808,13631411.391938224,432.9172142822738,50507899.35548281
4362702.729700337,432.6485337881166,2967199.739142899,2585850.483171791,8800532.778530257,3035378.8003309187,9631344.57229234,0.0,12455253.220862888,439.64490642674645,43839134.61747164
4614968.3840223,437.7447274273794,7465364.373004484,433.07254609580633,5495846.399909168,10087555.292833213,8771032.05653062,435.10139246472806,10969165.561626093,0.0,47405237.98659186
6294763.783736941,0.0,8679319.305252373,435.71129726128964,7006275.007837926,10377156.188726138,10534224.725044608,427.92506922840823,12963931.419082776,427.2207707547122,55856961.286818005
3253130.022601486,427.4057013442289,7269918.07826377,428.1093356973699,10202782.351495456,11365987.376851905,10808579.910500206,0.0,13908463.116427023,437.1329171022762,56810153.50409398
2427615.852110387,438.40712647387573,9570866.361008005,0.0,9312460.815976562,10683564.356448857,10926176.73703725,427.08745523651857,9879308.889062988,0.0,52800858.50622576
2176738.7374817617,418.22182605225606,6507873.88315378,412.5773188270663,9239596.682438951,14727374.770960955,12519050.055454511,413.6776095592316,12135322.423665851,417.0398061942842,57307618.069716446
1584031.85983703,0.0,6503143.075218526,432.5395937371899,8334816.409323362,9722342.965500236,6304896.469617824,439.94676757227353,17998024.011257764,439.1553364067965,50448566.43245246
1161666.4886929092,438.5710093839185,7314256.69789773,0.0,8127769.14496021,10459865.000620238,5821560.667137332,0.0,10011667.900124043,435.6872529294637,42897660.15769478
288357.08374036243,436.8413490257208,8551751.909790494,438.7959269075185,7509165.136252061,8366437.248471149,2278578.578452706,440.82684953127006,8200518.221781125,0.0,35196124.642613366
225117.20410620735,0.0,6817370.016668238,422.34723559583375,5804543.754707207,10803004.886827236,1065054.8200557998,417.1932879088571,6895434.78751698,6192075.882205921,37803440.892611094
1361639.6403114109,420.26164250707546,8268708.645120302,426.48282664205976,6244258.866259968,10899890.646466948,609355.8756874716,0.0,3132825.503395832,9969375.302711202,40486901.22442229
1315385.2724329226,433.3074315860702,8148439.499417219,0.0,4727434.375675297,10696973.60386312,1430911.3954992234,434.51888731238625,536981.4985181055,9660532.397712523,36517525.86943731
2244544.341179147,435.72798841675024,7270689.052687088,432.7647846070443,2795555.6657795813,10774426.354705106,1973844.7011933743,432.9604129032258,798782.694444074,16584604.78992178,42443749.05309608
2691725.909667201,0.0,6609399.23610179,439.52953628226777,1276409.718463333,10114577.565171672,1485644.288047835,434.25992405229846,1066951.5778764647,10849460.084475867,34095042.169264495
2187910.759874691,10630714.039301014,4284904.323819057,0.0,181425.4596033733,10868676.54020373,1564901.4499987573,0.0,1337235.5750700664,11061923.30768354,42117691.45555423
2421882.4818943604,10487398.791323775,3624849.3144692704,410.51721599651563,555645.7771898977,10153731.273187151,2121553.1496327603,425.47884774497464,1557726.0293463897,10802351.670726089,41725974.48383344
2926129.1880985084,11301565.035891077,3400195.252659377,428.33686191184063,895594.0134669157,11192958.469379531,3040430.280162304,421.90823188685215,1962934.377596556,9899703.80332564,44620360.66567371
3610693.316564781,10537831.626889965,2424506.8549968787,426.3174699102607,1398706.9055496964,9174517.348711945,3979404.261304745,0.0,3400748.832380579,10449162.476159828,44975997.940028325
4462266.5882447045,10578801.85376861,2281204.9573400584,0.0,3379525.323300866,10124666.10581438,4235602.905849822,413.2885023462777,4111284.890998387,10852156.677025784,50025922.59084496
4684858.814076372,10717098.990319567,161408.50496964843,422.8608587163363,3249834.1291210065,10090874.455846667,5293454.153785679,426.6574437757566,3311536.251964742,10244394.088410517,47754308.906796694
4836656.878713631,11494197.521662762,634166.837762942,435.757413228523,3091418.460423952,10032289.110674197,5560868.168615455,430.13870301147057,3310616.4309865595,10323543.72817393,49284623.03312966
6552932.60691821,9753121.961997934,665391.9754732333,0.0,3437376.3957017898,11766542.092721876,4767357.54590557,0.0,3609172.251740416,12488872.52034371,53040767.350802734
