386202672839.28906,14060547553.114122,547729519139.605,12699722611.078514,572290016506.3893,15450536748.24978,566507906373.1471,15373348061.177366,597903172888.1113,13815898788.16888,2742033341508.3306
2447272.923010489,431.1790407415728,3124470.7586938995,438.517514315281,4065141.8092575925,438.8786681475684,4112485.2001796784,439.949747898168,4579457.151202446,445.69679795976197,18331022.06411317
2073787.0962752174,0.0,2446087.1363019124,0.0,3224507.895981533,439.51504730875706,3380535.582923931,0.0,3059180.8641904895,0.0,14184538.090720393
1965671.324236122,439.223456016043,2785141.5679847067,441.26405343389814,3458307.491460568,0.0,3111329.6098474488,437.6956206217196,3268018.1251229197,439.90293260475977,14590226.204714442
1221099.1703948278,439.89255191816324,1718297.6165987113,438.74591467747933,2771699.052815764,442.2269214066889,665669.5643822361,438.59546861973087,791180.0755116108,438.59327099871905,7170143.533830771
369115.1062197764,0.0,603391.0150423342,0.0,810058.1109263196,438.39261594366843,1001.6230898824014,0.0,77848.66047380348,441.6701482262474,1862294.5785162859
43952.83382176378,438.82519365263147,68611.52653223243,438.8472897620402,102447.86388924636,0.0,766636.4711584832,441.11632166782607,482239.7684435902,0.0,1465207.2526503985
580892.091641587,444.2756846469733,998179.5511355649,444.4826457199414,1084407.0181915935,443.53133852106134,893868.8226366134,437.58288796553876,1569156.0623552643,436.5483711068737,5128709.966888585
1329599.0477692478,426.3693840718595,2369223.442610323,423.2333277974803,2239885.230157591,423.3579267664395,1407264.4061932159,429.4989286345146,1799191.4419479466,431.03447670483945,9147297.0627223
3081904.011082992,0.0,1502790.1912432495,0.0,2296703.0129914638,443.42231883866447,1704586.4412973574,0.0,4074821.548432374,0.0,12661248.627366276
4596348.323078869,441.1453187911191,2269221.7475477112,441.4128519901187,3586158.110926566,0.0,2772071.18679895,433.4766696336411,5390856.735446815,433.6378204575922,18616405.776459783
4075809.8857521615,436.1593840414481,5160986.929693545,436.23423355881766,4463516.787902879,436.4271461282883,2510759.8906339617,445.02125452892443,3539591.9115971453,444.9291997437299,19752864.17679769
3770829.2101524547,0.0,4165638.2120136195,0.0,5357459.718297347,439.7395897266985,6690843.547267285,0.0,3995415.913892729,0.0,23980626.34121316
3817008.7346935812,433.6702331493548,3220041.015182309,434.77618786415525,6845729.040670672,0.0,7172457.65415974,436.98812777816005,6846992.507584444,438.1562868754595,27903972.543126415
4635884.106365464,438.07410373129784,6117669.048215615,437.7165562844795,5193980.547851184,443.67521710328265,9987932.86588672,443.48014339279837,10946739.935142502,443.89825687664785,36884413.34773887
7197651.717081219,0.0,6724647.416131971,0.0,7711249.154985328,442.55665922428506,7943515.885928554,0.0,10508173.31079013,432.49703650841184,40086112.53861294
3835528.606214477,432.4137117824583,6786698.274786123,422.72581190745103,7947966.754673665,0.0,11480362.666071922,425.7518391297792,12170828.78028274,0.0,42222665.97339175
3252347.473331747,423.97014869425806,7460390.159454246,431.12493326797716,9626014.394667849,431.57057004592735,10576782.748252235,427.32305686020806,6647400.557138727,421.56227555768487,37565070.883829236
3313571.1229111794,412.73100196743974,5747133.899974943,414.0588490560993,6802633.901212333,417.563889414318,8187201.607785068,421.92865715940155,8879007.818095753,427.6232153655547,32931642.25559224
3186118.2305786484,0.0,5789671.730819441,0.0,7064453.306149359,441.6064983256046,6075254.198163901,0.0,6462367.845945693,0.0,28578306.91815537
3206867.4424381484,444.48558968470417,5323445.796829976,445.14385666536435,6583118.87097068,0.0,7578185.2125512585,439.50478086605716,8830240.220977752,440.1279678480126,31523626.805962883
3210067.1448440803,440.07207222961165,4950170.54917021,438.2992751056471,6403245.100869687,442.71295077695424,7261498.557275122,440.79171762579296,7532582.830677061,436.65072187504677,29359762.709573776
3054492.2010969953,0.0,4050960.37069925,0.0,5697969.025182534,437.148483395003,6589723.628634734,0.0,7879371.787776045,0.0,27272954.161872953
3271702.8997206273,443.188927419733,4376659.8915360775,444.4520307980249,5779536.346026184,0.0,6639068.901688936,435.51826317576996,9495572.919955729,434.85385073458565,29564298.97199968
3610737.1462929766,434.9474210895063,5399567.683392319,434.48531620655723,6873223.404578775,435.10449557237536,6730284.211665904,443.6763904100985,8305506.792510017,444.32059157235386,30921511.772654843
3433287.6065961164,0.0,4987507.721454185,0.0,6157007.106676031,444.15581390013045,5501921.134495324,0.0,8133503.690675861,442.13126116162607,28214113.546972584
2138621.7251558756,439.8513223618797,3076868.234637079,439.6495148115893,3927246.13603544,0.0,3166264.39424287,435.9665192487468,4868876.301886041,0.0,17179192.25931373
1925770.3911541672,436.6027123478273,2935362.9574000505,436.95882103983763,3302377.049782338,438.70327463010955,2650832.6120967525,440.5855753434221,3832381.180494232,441.2702433109703,14648918.311554214
1786848.450194404,444.0015375905832,2515886.73839469,443.5000729156157,2904450.1123839966,440.08948397197264,1987792.0140742406,439.333009059801,3150830.7682885095,439.34796541982956,12348014.3554048
1481253.6035107058,0.0,2126067.830315079,0.0,2333629.1924243467,442.56132885393515,1441684.5802397935,0.0,2193257.1297799014,0.0,9576334.89759868
1264440.162472339,440.615659902771,1771046.5744761876,440.746845726798,2065831.1318434721,0.0,844430.035466362,436.6754409557439,1451283.441461581,436.1452108894086,7398785.528877416
932801.3243630774,439.6145703045845,1349435.1481639172,437.2133232336569,1821616.5471684155,437.3911381008826,235032.6325532233,440.7014041479563,463263.9204436634,441.4361773738258,4804345.9293054575
628661.7006714803,0.0,983937.8306396601,0.0,1581211.669845989,444.1768821577659,207576.5326934613,0.0,422025.8601517172,0.0,3823857.7708844654
440386.38877183816,440.3385938059783,289750.2958216128,437.098371486279,1148020.7389611835,0.0,527678.7402121753,431.33405162855837,1347503.4189459637,429.261562945356,3755077.6152926395
831072.5293236796,431.4093802111034,321281.76866132347,429.86841102290686,1046197.7409309967,424.32346839566003,2030344.4193388594,427.58697792642823,3842106.496873334,427.2905884115761,8073143.433954161
2565698.3155478938,0.0,2421311.488114937,0.0,1880.3515359707942,436.67581981400457,3250935.2936756895,0.0,2596610.7156690196,441.1408723180896,10837313.981235642
3259380.7421202483,441.50742700300134,3136145.9019304393,444.20706714451416,960700.4748954113,0.0,2328042.759080965,443.9267399332015,2510279.6282486026,0.0,12195879.147509746
1560466.6619520087,444.058827707199,1771925.9070808673,436.3567700166045,1081646.8559616336,435.15988878842893,2605139.527262729,429.8498713289574,5322842.425350131,429.51817114710366,12344196.321136357
2139148.600882285,0.0,2459162.455933693,437.0086163764333,2393174.333831546,437.8909710673428,5176449.86394146,0.0,5432895.708238709,444.2602928773717,17602150.122708015
3215776.4941685684,443.2123433193739,5998758.838005487,0.0,3143916.3775509736,439.21032865304153,3503983.749235114,438.5837163807789,7076777.398003856,0.0,22940533.863352355
5755059.70857003,439.9529205475237,4751712.605225806,437.6615568693571,3313240.0429834398,0.0,4142181.201209569,433.1099988512161,3825442.3108373703,432.38241524877714,21789378.97571773
5058910.160329952,432.78059954444734,3809580.0427242424,435.03896358148165,3666026.8170455834,433.77824815086854,9388331.972645983,438.19424263134295,5986550.607652731,438.67899454022466,27911578.07144694
5233340.028690254,0.0,4027487.248260955,0.0,4542906.232415718,443.25791384979306,5359200.775865041,0.0,7548592.693115954,0.0,26711970.23626177
4692954.130351371,433.51447236758725,7643237.397877326,433.07282556999206,4067281.301846809,0.0,8540556.731999783,440.76990777675513,7122478.213533363,441.31019153795904,32068256.443005905
4985367.223411652,437.7236939000074,7954538.304863539,438.2377377120264,3863212.741760564,438.66035613731805,8397568.264062623,437.2714391084924,7696532.197701342,437.7105608673221,32899408.335587446
6512601.966053651,0.0,9522851.910916125,0.0,5470785.143625334,438.9395243901934,8506925.49472605,0.0,8442432.364918338,0.0,38456035.81976389
5282168.728821179,435.75213155941645,7815229.1508013895,435.6657567150856,8763693.874080434,0.0,10138774.255106801,433.3725362053979,9593846.13742028,434.34396188460966,41595451.28061645
3317588.2231183457,434.7839810715783,8095698.017387162,433.4885231147193,8520970.98579598,427.9292532738747,13343337.509025814,431.95826971748124,11990035.860799395,430.35256888472395,45269789.108722754
3036514.4787929514,0.0,5396712.652254212,429.80472193300756,6922566.25391193,432.9039026518474,7165444.040017265,0.0,12185613.730217686,438.9187586496779,34708152.78257728
2990853.6919746376,429.4574256564039,4434017.42909321,0.0,8265908.1896193,427.7093379793754,7889739.672769661,424.1548666553602,12061765.863492515,0.0,35643566.168579616
2720567.8427266525,432.38130091567683,4419195.724204871,433.8526565493724,7472782.994496199,0.0,6518017.334421049,440.2742679794277,10615389.29179655,437.01098786602705,31747696.70685863
2470210.041955226,435.9531138380266,3743452.6034716833,436.17563705620984,7215768.94871412,436.29558773367336,6018775.173963818,435.78420080742546,9712047.167097943,440.45400368593585,29162438.59774591
2189733.4524665535,0.0,3245872.555653394,0.0,7101299.228797442,442.97225265313693,5244675.705404587,0.0,9195760.355314074,0.0,26977784.269888707
1836189.8952640162,441.30845030225527,2851434.398601215,441.4687983306658,6280944.046392686,0.0,4620093.077381368,442.6898796385595,8466137.843541319,442.74478705535097,24056567.47309593
1586470.5042887558,444.24205942216,3793761.052697808,443.4351131755518,6679925.935039383,439.6540272820282,5480005.112642265,436.5856700845819,10151548.119592294,433.90408430205304,27693908.545214772
2383732.6463169367,0.0,3597028.565411678,0.0,7657124.266037715,436.12348051188457,2649806.6927835103,0.0,8017020.0211427305,0.0,24305148.315173082
820328.8828299294,435.1415482163066,1894416.2569322072,437.2034488689371,4785169.223311892,0.0,1417853.011501346,435.9483938192285,4902771.861632499,433.40071074355967,13822280.930309523
597519.4711985147,433.84536414600535,1807312.7745698665,431.9612354733867,5939542.468414399,432.9435606915086,818442.3324243835,433.57459696133,2702746.7893632017,439.9515745694813,11867736.112302208
304487.2653141638,0.0,1507967.379595558,442.7750698438748,3515720.3921480146,442.31523749388685,250736.9201426223,0.0,1778023.7589737407,439.3166157580582,7358260.123097197
106825.38792680607,438.2853441979491,1105998.69169071,0.0,3144172.794417561,435.30695140730654,977105.3154214516,434.9259978159359,969129.6695494545,0.0,6304540.377299406
94537.58887667405,437.33308540640866,901785.473118717,441.0881981002192,2932838.7356906943,0.0,1433395.886853869,439.96388096101816,244969.78409074506,440.2353734552797,5609286.089168622
1948014.4718059008,435.5121394060468,383778.0934113406,435.3482747845981,2534758.5087928744,437.6245494725397,1395906.3570780775,438.28973329249266,1903196.3023873707,438.15542865549753,8167838.663601176
3145680.5311473813,0.0,115212.11471789025,0.0,2042866.1664353923,444.57255236397225,3121273.8910952974,0.0,3014250.0077016875,0.0,11439727.283650013
3747142.3355686883,444.4925572233416,377641.5130120265,436.27809672652614,1569011.4776577943,0.0,2385912.294749627,432.08574127255946,2120822.6808583625,430.5851570187766,10202273.743398739
5464559.549523118,430.7544867541769,914594.4243392828,434.79825369383923,638211.4655785093,435.50893627202106,5339185.447879847,431.8808964174066,6751822.756396492,429.3865318404685,19110535.972822227
5140903.123301421,0.0,3517224.1194111835,0.0,791497.3807318545,430.63212852831606,6346268.03428178,0.0,6591529.642803048,0.0,22387852.932657816
8479258.272738831,428.392368345794,3029748.320870039,428.92090043169776,1293810.3426617766,0.0,7777870.450613481,432.630311323747,4256207.961354615,438.67086991346275,24838623.962688763
6726549.032399378,440.4873470148617,5090514.3981412845,441.0249090300902,2271783.2180982153,434.33477891116104,9574504.391364947,428.76844067740296,5678054.355912931,425.8230688206703,29343575.834461212
4897865.602288337,0.0,4440008.615844803,426.8167302779158,1804844.0279704842,426.73621286767224,9703153.656026615,0.0,7498104.984047048,435.54483290960036,28345265.983953346
4487687.492643986,437.8830660815947,3925755.621539294,0.0,2246695.4927476114,443.94553487930045,9181417.456566602,444.11084230720957,7786829.84930233,0.0,27629711.852243092
3949764.540613588,443.58987567683687,4777182.279963914,444.18687803021527,1915775.0241051102,0.0,7523973.990920817,444.18834804940366,10657855.823892951,443.9998729706174,28826327.62447111
3823226.9797510984,443.92135625749415,5108038.767044369,439.1762203417967,3550831.409272249,438.86890975426803,9547806.273368075,438.69132543110493,5598340.217696096,438.8818253677248,27630443.186769042
3235924.136454603,0.0,5183784.1039817585,0.0,4694352.798278908,441.749615248069,11251761.530166242,0.0,11479606.319213541,0.0,35845870.6377103
2961657.376427479,437.8863042340166,4498414.219676157,439.01016175376765,5973151.780911195,0.0,7064437.684366413,438.2778066102634,10387097.37956092,441.7208293776421,30886515.336044144
2841116.3823872614,443.8645908982077,4283895.711339417,437.9018289828795,3979525.679521188,437.6288302137468,9020103.04681429,427.05855550667314,11000460.426491033,426.7173996949151,31127274.417758483
3912308.603119549,0.0,6899208.218018991,0.0,6958766.47531327,432.12358003479284,13837485.327496678,0.0,13230033.606967019,0.0,44838234.35449554
2985486.9376553195,440.7604510794249,2963275.6466551963,437.95707934916817,9373055.415312536,0.0,10407070.423714034,438.442834105171,10540779.928721998,441.75068146346956,36271427.26310508
2154383.5222734045,440.3253997016331,3883855.0165433357,443.0319097082471,6614647.201337112,434.1042074731098,8763455.765543507,431.8525485909374,7032655.288457245,429.9904274091341,28451176.098647486
1943254.72963734,0.0,2682114.680020751,422.3824130857894,5228489.601976797,429.15798090040926,6111139.070993599,0.0,9614425.416872226,428.66381865380293,25580703.703713354
1678118.6487004284,433.87481574070085,2482273.2842609505,0.0,9500746.581671974,439.31786198949135,4636474.1526983855,440.92242892734873,6015146.907130427,0.0,24314073.689568825
1519322.275550599,443.98459821723924,2226806.6415441167,442.7620214463804,6019052.7909257,0.0,3068022.6559059345,440.83186883207026,5054209.442413067,439.37078541830846,17889180.75561333
1231984.9802855654,437.2402901171988,1856391.8913087398,437.40539234622116,9401157.290750338,435.3338718968449,2272085.4019232546,436.6743043849063,4287410.762483456,438.15552401310504,19051215.13613411
1113647.5042987668,0.0,1674271.2643680559,0.0,8408850.217692614,439.3309957814083,1407627.1266628925,0.0,2334568.2366194357,0.0,14939403.680637546
859689.1774860017,434.94977026105636,1531533.670975824,434.9239307696013,8304925.688171143,0.0,413964.0867623402,421.69234014200754,888236.159776007,412.0619595471233,12000052.411172036
556842.4345210589,417.08870758733934,2111733.246335566,409.5338440201514,8398990.1626061,410.7843312088135,1411495.5051963064,416.65219786564836,1771519.5736359826,426.3865410958614,14252661.367916793
471301.6285708887,0.0,1399404.939489315,0.0,11676603.894718425,438.32599439286804,1362700.0425657213,0.0,1091197.0705362277,435.7853327494769,16002081.687207721
1104057.6809941474,434.1776041392601,925419.3207914116,434.07631575883465,5331509.339050616,0.0,1870889.2644059507,428.0272379008983,2959602.4043488745,0.0,12192774.2907488
1176351.7191952127,433.7832016857782,860480.542638288,431.61849707264963,9267948.335538648,432.783297502119,5222441.278534068,437.0003637932786,2135441.125884632,434.8603317202643,18664833.047482625
2473921.4271805305,436.5638957953586,684942.1991036156,439.2186649167144,5705599.495795502,436.824288127955,3059314.436969671,436.38400968978345,1799737.061538098,440.22979015205055,13725703.8412361
2262098.023462619,0.0,488163.4743706845,0.0,5136430.550918411,443.1937079648979,6952749.216649843,0.0,2676834.476651581,0.0,17516718.935761105
3578112.0098572266,443.310912353397,232747.31750540828,443.32711700374233,4782496.310808569,0.0,6866523.713447962,443.3155979136752,3075950.283736146,443.6794214814291,18537603.268404063
4932437.236705483,441.99663002874905,46619.017000368985,442.032730692275,4331116.44681898,442.21264257991396,4147391.5997502482,442.4550219154431,6712808.29698869,442.62690864512274,20172583.92119763
4314862.666583482,0.0,85603.22513824492,0.0,3707541.3166997735,436.31799718132027,8462468.090883316,0.0,3436049.8520716378,0.0,20006961.469373636
5489959.426528483,436.50634639326,331689.4616717269,440.02013378079926,3024388.398566194,0.0,7848546.947718342,440.2926586249331,4404601.632430607,437.26678547110737,21100939.952839624
5250846.547200221,436.28272934323525,1160747.0108917793,436.0056073353614,3466707.454426384,435.96897384986414,11228861.082208782,436.5828298367227,6239285.214238747,436.7030993365072,27348628.852205615
6812420.595548222,0.0,1880384.4220758223,0.0,890727.4963365489,433.98929418906243,11375403.405174347,0.0,11804285.459004777,0.0,32763655.367433906
7556541.308691112,436.2487906150209,2106317.5138652897,438.60750815172815,480522.7257562354,0.0,9537249.332560597,438.10746903948973,12939724.758816335,427.73587218654217,32622096.339329563
4968698.924009418,424.4135455415902,3007988.0467737042,418.7519346259196,289092.545367937,423.51351140989914,11114372.581501847,416.99972597229606,9899421.762088552,419.5756780785347,29281677.114137087
4231634.774333171,420.3428943665207,6012961.134779039,426.1411464836569,366439.34405462275,425.2824639043505,13258166.084012318,429.30284498712797,9252984.467023188,428.76022244030094,33124315.633774515
4025386.3256319882,0.0,5895712.521552107,0.0,780888.7297045357,417.6873385254161,9916702.009577764,0.0,11739491.367567122,0.0,32358598.641372044
3921971.966899259,432.24019848218495,5711807.7137000095,436.2196774740822,1341152.2733812886,0.0,13480339.48252157,442.77799123226237,12557490.745984506,443.29060940334534,37014516.71096323
3713986.9193140585,439.9578238228968,5918318.096630398,439.1652991372076,1755095.6755947133,439.8098122961397,11417565.469058799,439.9036054439457,9386527.572346164,436.19557700207474,32193688.765061833
3581072.254425578,0.0,5964430.826636953,0.0,4800997.099262433,439.9111990574514,12269347.49262207,0.0,11988946.232614413,0.0,38605233.8167605
3541401.1520133093,438.0987935704383,6478026.957006556,437.2415245964194,5582864.502499361,0.0,11439670.708849657,436.1783775094276,11969583.354878185,435.5525594689773,39013293.74650222
4779679.14580625,440.18897858161114,6090720.39559866,440.84142512455463,7161043.860815528,439.4442473912399,10602393.232986122,439.49912013550414,9840382.314502407,439.8451722280907,38476418.768652424
3025109.01816944,0.0,7755792.743960958,0.0,8255943.476574838,436.22846772075707,9929415.356340664,0.0,8866820.520611765,437.02739927935824,37833954.37152466
3015046.5408393615,437.8205981627012,3408514.0987390145,442.7109064017701,7918459.966006194,0.0,7480075.195558682,443.3757380636355,3393170.3860798483,0.0,25216590.094465725
2260466.534967485,436.9170965452734,4595380.632503272,435.62672953749825,5843444.103267656,434.62535515081754,4319706.065047969,429.4698848690631,2539116.6217872184,431.719289577833,19560282.31592928
2064724.5450265077,432.2287843523361,3925709.4729577405,433.0682608701264,7665800.430749508,431.4067917988251,3247328.9854248883,435.80438799001223,1698560.2392576789,433.77983700823233,18604289.96147834
1882812.4165163357,0.0,4050177.898549861,0.0,6121427.60874268,436.71437207878733,2516332.5669997805,0.0,840565.9536946799,0.0,15411753.158875415
1552268.2846673338,439.0563084581433,3851967.9813631633,442.27821622636907,6828795.280264289,0.0,1471826.626949774,442.2863778630306,184890.0230222023,442.30075862246235,13891514.117927933
1249588.647095337,440.4774205828718,3745750.8151501,437.01184160858156,11562148.736581046,431.5365279680401,328142.2292469231,432.01017632613684,709584.5867447474,431.33127929928315,17597387.38206394
958014.1862826447,0.0,3161317.2866380042,0.0,10784179.961293038,434.01820393660506,374327.62979219994,0.0,572925.6713809753,0.0,15851198.7535908
717938.9898500984,436.13283375677184,3285349.139188088,435.7640154949597,12184241.439486815,0.0,2614502.708907518,437.9198314503238,3106680.4490745086,437.2384858908768,21910459.78167362
646900.4115464211,437.17316393608866,3456861.6430328884,442.08165067690163,12414289.59216291,442.2285727590671,4293629.530281037,441.7117194796783,5196789.324087126,442.0808740846369,26010675.777091317
105653.9903146113,0.0,3388750.245893954,0.0,12231822.460629104,430.45755678221064,4172911.1450025346,0.0,4862333.50369407,424.5797563575742,24762326.38284741
439342.2441465825,426.4962884047523,1775817.7422107377,427.32332896302773,10733420.864619695,0.0,3978321.134983917,434.7149786493097,6443359.67018654,0.0,23371550.19074349
1779592.8392371456,430.0055810043373,1547989.301815282,430.7320922128447,5284274.294505059,429.4683274279461,5468644.337581348,434.790741670581,7285264.548805726,440.0795754634598,21367930.39826234
2269213.8090330954,441.85141356219077,1342689.344706285,441.69737699760486,8722638.582344882,443.2295165517644,3071978.14496134,443.84139957579396,7946476.406943711,441.68884947683347,23355208.596545476
3058826.956949893,0.0,1078847.605826905,0.0,5553963.391418391,440.69397616101395,4735843.619833995,0.0,5947250.5518403,0.0,20375172.819845643
2167382.872782828,443.01913862753065,855397.2937196216,442.6440365387038,4975630.076121615,0.0,7491876.095202282,441.1571120450223,6076273.478033133,441.36659565834185,21568328.002742354
4728558.404198371,438.7930578289042,513892.6566347219,438.97570166328666,4117947.0298446896,440.40582860172884,9530651.208935834,440.245385250207,4649203.878494512,436.2398104980148,23542447.837891974
3124768.939978673,0.0,186969.98225225968,0.0,2844516.398302506,431.9269464073702,7254910.275895199,0.0,8456724.598136043,0.0,21868322.121511087
5193110.028906504,443.22961413075063,121347.8187778112,442.84081040822196,2185943.2575380756,0.0,10908765.469415076,437.3922784063209,10676406.535427263,437.60466890548076,29087334.17743658
5512860.999120029,439.9600351397066,1113038.722500513,440.42153252137007,1635639.4118602911,442.7325193232827,12567586.634830039,445.6187649557506,10811167.808367545,442.6376134232739,31642504.94714378
9463127.936918736,0.0,2740109.5824783156,0.0,363679.2563174321,438.40884488974916,13038015.197048381,0.0,7926672.981953757,0.0,33532043.36356151
7694388.035090929,440.18387766734674,3192433.7157413578,442.78081527768126,973839.2555156733,0.0,15524313.629383473,442.5480984925237,7052057.934492373,443.5303614041643,34438801.613376655
8553673.562381376,443.6469618383994,2849004.7337061143,443.75667889022145,676751.1368342208,433.6100820304314,14325754.474650444,431.2607817020491,13172271.143955475,430.06804345741,39579637.39407554
8083116.616266091,0.0,4250971.259780031,421.6977281181821,2553877.0450054286,430.5858937476621,13046596.547087358,0.0,12360971.942186594,434.68860391841713,40296820.38255128
6106239.500527066,440.95932014061526,4361720.332479748,0.0,1470148.734676167,444.2014806525391,12944664.458702294,443.8750620361892,14997268.216345288,0.0,39881370.27859339
5505801.016275303,444.03561608365555,5264000.304585613,442.2785077082059,2001119.5760020306,0.0,9172386.840267638,442.1665098167546,12575481.69495362,442.1758327148887,34520560.08855054
4920937.620928527,440.2029345172565,3477622.904542262,438.57979910775066,3890199.531477089,437.61636873340814,7714057.771402295,431.58740805862124,10806329.374425672,429.0005075728938,30811324.189793836
4406179.941735455,0.0,5015756.109877415,0.0,4581163.333123866,427.0647156226494,6425226.080363515,0.0,9790065.384558106,0.0,30218817.91437398
4166642.0462225727,437.9971922279582,4407302.882762854,439.21876073767663,3780332.942202557,0.0,4423931.246622509,440.9343068379155,8294669.376753415,440.58914284888937,25074637.23396656
4324157.829108658,436.57525602309704,4849146.791126029,438.35042630643505,6613937.5731342,435.07938988013234,5455071.676423152,433.86827059632304,7568808.991811346,434.6044326819086,28813301.339378875
4620762.267613311,0.0,4621167.162956761,0.0,6955972.02968115,439.57560029187636,1701095.6176039372,0.0,6806117.49235596,0.0,24705554.145811412
4487141.327910226,438.49459185204756,4510709.981782967,440.62144586598254,8573010.760091659,0.0,377769.3049402352,434.56587681673864,2477155.692076289,432.6062339929438,20427533.3549499
3383847.9339691293,432.99523875683764,3264428.762571167,431.49842201315755,6518661.814365271,430.64649833101066,456934.1538150583,433.5031775267873,342163.7440259064,431.16306562064716,13968196.215148782
2681408.8401717218,0.0,3282801.9285399904,433.5705819114039,6714548.828476669,438.4520961252749,1135174.7120531476,0.0,413029.70170737064,442.4060192672808,14228278.439646203
2406645.3790207393,440.99660392038663,3267355.106727905,0.0,8010131.484353503,437.90259096208393,1491134.1996418147,434.9426288582287,1010600.2823346502,0.0,16187180.293902352
2100786.7901522834,433.0306290525388,3228504.3147660256,433.87565727359066,9568429.194174206,0.0,1723967.860861856,438.5290719659016,1106793.2467529518,439.72960092328833,17730226.571666542
1972637.6669943922,442.7018529671949,3063232.4116773875,443.05394399067796,9803029.074889248,436.69457411960076,2721921.26994894,435.92460648006306,2427939.544633968,435.60203479119934,19990953.945156284
1579855.5466165245,0.0,2372288.413053967,0.0,8387238.639345511,432.05634661235734,3815798.3450283566,0.0,2681733.543327027,502.7518178868248,18837849.295535885
1079186.087145512,433.4463388740969,2351493.4261808563,434.71723144371833,10383447.760160757,0.0,5639095.486700689,437.9731807859373,2515337.1474554534,437.9110681595874,21970303.955462534
981671.7225984967,438.9623976870849,3564842.084724954,438.24622789059003,10532949.922627002,438.0701955562963,4747797.134624144,436.3320870000182,3647527.9509057347,435.04657819366935,23476975.47296666
190252.1934799384,0.0,2392361.770920046,0.0,10469095.799468677,425.00361405902737,5356992.628216373,0.0,6263371.06240629,423.56732915796977,24672922.02543454
1024140.4970645629,428.0175011161426,1465599.3082374183,427.05710609344635,13214661.62353241,0.0,8766294.053082816,429.9659083992453,4985824.348624367,0.0,29457804.871057186
1695300.914005379,442.51385887716555,1161285.1563260567,443.6121609916562,10237310.791926246,440.8373708892637,7127963.278418833,435.10505977852125,4011452.2844395423,430.6110361318997,24235505.104602728
2020574.3988955047,0.0,813386.0966825172,431.3282297782413,5874666.414687487,431.38479154846044,8517279.39277363,0.0,3627129.4346784176,440.7042017663928,20854339.154940646
2883831.0422357083,440.82530515401885,578709.2350413924,0.0,4922747.342700012,443.77761147806035,9426902.702945516,443.8751598996221,4158499.4127417956,0.0,21972018.213740956
3398560.381491096,444.351776830237,342982.5228660701,444.8483881623648,4209311.95560719,0.0,9903168.520439336,444.80062285955546,7344581.535070566,444.76632858875485,25200383.6825907
4422866.604998515,443.1950738538878,119050.0364850284,438.74056031515414,3563607.901730893,438.5184694699245,11697279.680711234,439.16970587369156,7781321.591990358,436.89472032665776,27586322.33444587
3474675.9504303797,0.0,95039.46377811197,0.0,3062186.5546583813,441.870906018593,11474059.858329795,0.0,10366452.721744899,0.0,28472856.419847585
4065129.4751995364,439.84075192566036,867953.8332637495,439.9249451259018,2547415.209939159,0.0,14870993.5391214,437.2771375748898,6296575.301398557,434.1190907603067,28649818.52084779
3421959.8741719727,426.824421732479,3548094.6324547236,421.2938352952403,2590193.163865058,420.5334241270332,11916106.847324003,424.3597808965519,7573672.040463972,426.2867787880783,29052145.85652057
5626304.931120934,0.0,4695416.023819003,0.0,70343.80042189955,427.76731766675147,12424196.471680298,0.0,10654092.626215884,426.4613257234269,33471208.081901412
6316322.7348295245,429.15615127834553,2962237.891639514,430.5384719677992,455254.81457472703,0.0,10937171.377744624,427.78785969646583,13751192.909555918,0.0,34423467.21082725
9244289.091453718,426.3338102220201,3429726.847211059,422.4880693838176,1394463.0456739755,422.58402129726863,11367577.11516984,429.28764934326387,11965209.906415261,429.76838906384984,37403396.46786316
7104311.88325613,433.4314083669846,3238514.4998128237,437.21455756060857,1922980.1791394732,437.4317176280818,11098193.76581319,434.28081336329683,14313466.398345532,433.95926581117783,37679643.04412988
7495075.956627213,0.0,6246107.409084469,0.0,2418786.6143352995,433.8761247932734,8689340.270510806,0.0,13497748.105168948,0.0,38347492.231851526
7061576.8735265955,437.7211243316014,6540619.315031052,441.7175342647888,2760320.2201548605,0.0,5508487.211281223,447.4503963513495,12319470.697498215,447.2647077445663,34192248.47125464
6621700.6339576235,445.00846686428946,6495887.7306238655,444.7377376950607,2930741.1114282724,444.0121131148441,3831571.321637929,439.71759575043853,11686684.632402413,439.26734735021284,31568798.173310876
5917405.327281877,0.0,7635635.243081349,0.0,2981928.094846803,437.0507378625897,2245544.989852044,0.0,10645635.230084335,0.0,29426585.935884275
5423608.535812751,434.2832490191629,7584902.042373547,433.71928173681954,6234209.682660164,0.0,246896.13840554506,431.00162637201726,10179879.159166245,436.5190286750568,29671231.08160406
7114978.313257452,430.03286016742794,8234248.208050015,429.98767232475353,5685579.36002761,432.16216755760166,617773.9328961533,431.5474430493706,11264000.71256287,430.0791600016406,32918734.336097203
7183016.473991211,0.0,11126693.60400628,0.0,7509656.932845909,439.81038877117743,839032.8125345989,0.0,8629664.75176917,444.373157932492,35288948.758693874
4354511.2261587875,444.0759686492455,7275562.052959922,443.2993941054032,7536208.785022625,0.0,1557411.4440042183,440.2883256119921,5225364.67928905,0.0,25950385.851122968
3797103.4175829003,437.78727653346107,5687539.425617262,434.8905788745836,11659543.252025107,433.2471945946155,3029979.8774024365,436.3387066921139,5030797.753498282,437.6233128295599,29207143.613195512
3585523.899563789,0.0,5443910.142046272,436.50700888227556,5593971.708941117,437.28321610275515,2187228.498604374,0.0,2568334.1323477533,430.96389158012494,19380273.13561987
3401602.3319513323,428.3244683510452,4892699.533048644,0.0,5218382.660159037,427.3695914797198,3570109.022384069,431.9537284826738,1673674.6299887872,0.0,18757755.82532018
3329744.9605037696,435.4630612578613,4219899.097134066,440.99728010931256,12034917.584093904,0.0,6022650.520765595,435.8184446562035,300367.9389001922,435.76901448691893,25909328.149198033
2981601.1819354873,435.485667859822,3615609.212068505,439.1642453654987,9958163.592399625,442.96971855885977,6799062.303770572,443.32809322533086,186150.33090575054,442.49382337795123,23542790.062628333
2330955.337196397,0.0,3345053.4533151994,0.0,7088459.7786373,442.6756682354328,3602276.696816386,0.0,750744.0458356049,0.0,17117931.987469126
1874605.9319379258,432.33468979305223,2920100.873301447,429.75490342571663,10356558.469525328,0.0,8814287.483606983,425.6805432598594,2953739.2798465416,435.63191390471115,26921015.440268606
2978754.1111357096,435.11399323749697,3718510.504231679,437.60733222594683,12652400.621457098,442.3169866834694,9027870.741365029,442.04893909093545,4499757.191429525,437.453768678145,32879487.71063896
996692.155194431,0.0,3154698.7373683695,0.0,10995953.000867033,427.40107385992604,9265230.655871794,0.0,4212034.775911381,431.94659244946376,28625468.67287932
622700.5911208151,434.27837773475113,1736378.244305106,434.68175264369484,11136635.919337302,0.0,10088382.671714332,443.44038739192155,2920230.5286203837,0.0,26505640.35561571
350010.4051184749,442.63216365333267,1421017.3484594792,442.94954430406483,7360806.57997168,442.575241043047,9398008.431889618,438.8322718177419,6277752.616154826,438.0552307504181,24809800.42604565
154610.8258664567,0.0,1073278.5985662874,435.3161755357379,5987988.192259008,434.68851006387973,8690376.455371464,0.0,6150520.922972437,435.5306054503577,22058080.5303267
608714.8442152482,438.3070042788614,199536.57795219222,0.0,5455440.995637218,439.4256398167883,12434455.80987596,443.19058596453533,7242303.982018149,0.0,25941773.132928826
2119935.2454940253,439.7735934783179,252359.89227574406,439.59383662981526,4965371.570290285,0.0,13230370.660857713,439.39255291983943,7697330.77086357,439.29475992537556,28267126.194524292
2675131.494842826,441.2916190654884,857498.1154521988,442.1319408346164,4240542.10670816,441.9206632192774,9819767.331037037,441.2369747633952,7131226.36341428,437.8444976544813,24726369.83715004
1836287.9724700025,0.0,1718400.0878683801,0.0,3592020.1239322643,436.64210400295656,14045853.2146128,0.0,9145388.832625853,0.0,30338386.873613305
2291118.535254296,442.7054548269191,1534055.408682404,442.22235596723635,2453144.9216450555,0.0,9402098.372704472,441.6815819633433,9170684.0442359,441.5677554673804,24852869.459670354
3738567.9554418363,442.19234297820805,4197186.6629192475,441.6323629672722,2985526.1017595064,440.6235674239007,12880498.210553136,442.0518509052632,11903479.164835714,438.36760662651113,35707462.96324034
6978293.66603691,0.0,5111677.94045095,0.0,575631.2159202115,433.2190400118436,13712309.451546865,0.0,9476954.700968578,0.0,35855300.19396353
8039831.3226901,439.56619477218936,6319634.855659154,435.3917716417681,41257.02475597522,0.0,9053674.093531022,424.43018761004635,9304564.728045965,422.5044721217458,32760683.91730836
8902507.281960916,424.34377043188823,4510702.3865590235,428.12353762385607,526856.5476505843,431.4753027482825,10769578.337358465,441.41014214686425,9923959.272686452,443.1052358084744,34635772.2842042
7621975.252017283,0.0,7452780.462912007,0.0,1117598.3786797416,438.66073844762064,9667752.98632177,0.0,11085139.455550235,435.99578744666906,36946121.19200694
6755618.991520053,435.766373495744,8059298.290741846,438.8180200696218,1724314.5450462538,0.0,5461219.484244105,440.52300876203344,7719049.225911135,0.0,29720815.64486572
7705367.041461959,437.3206407628054,8330407.3877642155,434.6220712219751,2551596.7498322185,429.81013568934105,3924141.7748304615,429.1323676110737,8847493.10899172,431.7871589777025,31361168.73525483
7068415.853362444,426.767963858609,6456156.8146463325,430.2965533588086,2085537.5826280897,435.22414001081756,2968453.3703765976,435.7873136622166,10170694.836145427,436.6519530274007,28751423.185082808
6439999.386595051,0.0,6990490.676262208,0.0,3395944.0523396726,442.8369141269413,1923293.826598785,0.0,9047799.31511882,0.0,27797970.093828663
5804844.844215246,442.04078621489174,6291891.970168028,442.7236597173584,4209986.763328559,0.0,822473.3606079987,440.5981100772028,13250150.041177025,438.87799844004167,30381111.22005131
5422625.332649766,438.4453166701112,6209611.828199403,433.12788902031366,4120948.2193398993,433.1291935696233,758124.6442560408,432.2049372623509,12298399.45657087,433.9353209242356,28811880.323673427
7756424.18166545,0.0,7684353.387813456,0.0,6456715.853768494,439.119512630816,1929845.544927115,0.0,10494219.86612079,0.0,34321997.953807935
3526485.485224741,434.9493004247163,7087435.101852688,434.5398015453587,4769504.186320682,0.0,2660352.508925916,432.81902535494316,12578148.17033256,437.7862293644653,30623665.547013275
4072626.582028275,435.0181892669064,4243166.155355029,432.28177699525475,8200229.745139791,435.97737634755083,1620253.9558567796,434.86690683067746,7317426.7501314515,435.5820548319531,25455876.914815594
2918251.568937801,0.0,3572360.277132323,0.0,6406288.25912519,440.9755465030855,2276372.633917678,0.0,4817764.335188471,440.82260251986725,19991918.87245049
2661311.7332096645,439.3615804277939,3144316.437111529,439.91812004747777,8874925.350207934,0.0,2465856.788253092,440.33541559176393,3614506.2584228097,0.0,20762236.182321094
2313200.510125228,443.14824817778526,2690171.0183091266,442.73154572287217,8305330.847265738,443.1811226696716,4439844.888449616,442.7438134009845,2287385.4147442686,441.30622540996274,20038145.78984936
