389947214225.04517,14075244980.76506,540737084644.37524,12506655188.54302,564580284263.7057,15220629904.352812,558692219745.4474,15156782668.921978,590665967649.7191,13770908712.355747,2715352991983.2314
2875605.4453188665,434.2449374439875,2945800.2945985845,445.9201963650233,3933755.788235716,0.0,4481215.422674201,439.6741905156044,4924796.716530424,439.2029508445632,19162932.709632963
2393569.8186683357,437.362062320967,2131152.4863244058,436.9185188400293,2702435.1410873444,430.0470981422411,3009455.4067906854,435.01508739018294,3379466.5960679986,429.76958171203734,13618248.561287178
2239860.980410515,0.0,1868274.3316379462,0.0,3418011.099965848,431.36020568857464,3200627.698154567,0.0,3030837.602471275,0.0,13758043.07284584
3159286.351912147,434.4971311438261,486487.91623825586,434.3133222522201,1173111.1989145249,0.0,848523.5155931226,434.48691024789673,412280.17152198695,440.45593090852765,6081432.9074745895
1382455.3098521305,443.07666304564077,249725.3655230935,443.27518821294746,842925.4374329301,442.95480697597975,287792.5011564129,442.6312878099659,2891.5831091734235,442.59139195403463,2768004.7264117394
1027028.1679539311,0.0,37215.90756892883,0.0,637913.9200629881,439.80952405918754,686317.2782758614,0.0,794598.3045769702,0.0,3183513.387962739
811851.8424218607,433.00166445964635,1000539.7241851094,433.76021076281296,427294.65448563104,0.0,649192.0617143103,432.84340555682047,1091180.9522746312,433.5258611500807,3981792.366223472
544471.3797391468,437.2288002988313,714412.5413382339,435.047330268596,45474.23711209091,433.1231367999978,1936139.8826046055,432.7187418123684,2378763.248172738,433.10096115061856,5621432.507937145
297334.36862871645,0.0,2643190.420596201,0.0,322976.68412245746,441.39678697689715,2710816.6205625637,0.0,1806101.7471629123,443.8462920581408,7781305.084151886
65702.28426591503,445.5625507775733,2146076.3945142883,444.69520203459285,1077997.5639611532,0.0,2737809.5426800027,441.759211371965,2921708.9765845863,0.0,8950626.77897013
490413.68803614005,438.82796750093996,2852780.2133498504,439.2376382826746,1800489.3780141226,434.4673137281306,2360165.53345546,435.47992179268573,3512506.8891744483,437.41812692445075,11018541.132998249
1175255.3386012074,438.5078674866167,4847002.222496197,438.53365698781766,2256141.447347825,445.30050385522236,6489383.536074436,445.84248005378635,3520371.662106167,445.5750744629571,18290367.966208678
1817037.4003532205,0.0,3783846.79130064,0.0,3122282.074125937,444.70738231610477,6664556.439732963,0.0,3943909.5959660397,0.0,19332077.008861117
4064869.369560425,440.74838955435126,9546383.963515645,441.382755241413,7460394.321358659,0.0,4943019.624929502,436.5789482244123,5908876.041612016,436.64115700479005,31925298.672226276
3237112.716713408,435.81787859843206,6728758.167270282,435.9951265085106,6553304.857883779,438.7701065506066,8273994.031795079,443.4108924596407,8686145.440249782,444.1365112511855,33481513.344427697
5072463.099375347,0.0,7423245.113683655,0.0,6633525.264508924,432.40015249059013,10776853.951774742,0.0,8118935.169159648,0.0,38025454.998654805
5321138.208150008,433.2019812338364,6510998.6852781065,436.04120814026675,6079640.283536401,0.0,10139031.956648463,442.89000685695885,7076676.836103613,442.62895224459965,35129240.73186506
6501010.0671065245,442.9291769931655,5239122.590615557,442.9784905471899,6043311.034659919,445.11738226840595,7467708.885877643,444.82175233528193,6641057.365074817,445.53297006427175,31894431.32310667
3845074.969280563,0.0,4056701.1723951763,0.0,5521712.403239688,442.2254643413029,7708616.556784097,0.0,5320935.157598264,429.9551649951244,26453912.439927127
4417780.969597553,427.2660136210458,3274683.744034466,424.3174765360034,3915253.373003793,0.0,6699087.121503413,426.868947127825,4788263.661444132,0.0,23096347.32202064
4609337.216385411,440.9467648463132,2791004.627919996,443.34010110254445,4276742.516049105,442.6183451953892,6501133.832495584,442.8533763824692,4447723.998696322,442.7594897568487,22628154.7096237
6713468.4095475925,0.0,2349889.9753124574,444.7734031916064,4407697.190420425,444.5584161590324,5276349.317899543,0.0,4124932.017622955,440.9545876764982,22873667.19721
6976285.044920505,441.0483866727656,2085685.0096595322,0.0,3934155.288688184,441.2167646361396,4736934.6928239465,442.0613630994048,3368259.0488113933,0.0,21102643.411417972
6474495.443537529,444.3228469630252,1789246.1264512863,429.57389252640155,5220698.112113427,0.0,5130914.713766481,426.9904437187249,4553798.798054231,426.770587371167,23170880.851693533
7423738.48929556,419.37710415967973,3039851.894273091,433.04106098038903,6022749.777075928,433.098259230895,6003540.758595227,435.2496387991637,3082826.1968898657,435.0415017559266,25574862.9236946
7922511.740993728,0.0,1190841.023659371,0.0,3625120.2217406156,445.02194311633366,2822269.85489017,0.0,2419692.617051006,0.0,17980880.480278008
4128136.203121791,444.0569667702663,833842.8625417554,443.59593549693477,4443076.060524,0.0,2648467.8545958763,439.22594742900225,1494359.181123584,439.2156944876221,13549648.25645119
3555144.307642985,439.5426827337996,670046.7415070322,440.3509218588622,3146761.9309767857,440.1639563610923,2182416.689685772,443.5865526199767,1093455.662579903,441.84966805297984,10650030.826174106
3277157.8170505823,0.0,397265.34222680994,0.0,3238443.634958686,441.68875257508046,1821877.9675874603,0.0,313046.7535078061,0.0,9048233.20408392
3145595.0849009957,444.60711131663834,171342.8641482608,443.2428852731583,3248348.719761244,0.0,1401537.3897878763,439.6266658514376,295850.5547656843,439.78425675464615,8264441.874283256
2666654.1099113077,440.1764671157492,323526.6617152909,440.7906560344984,2664524.5487362123,444.3296132724228,953589.3706174594,444.61820666516786,937081.7122686971,432.88537943745666,7547579.203571492
2160745.2526921597,0.0,1370955.9011225945,0.0,2426824.6586423507,425.10151996478015,438833.9019153023,0.0,472207.93404959614,437.5110927987754,6870430.261034767
1586910.863239715,440.0878485563287,1118004.9658009084,441.99672706563916,2245230.34510558,0.0,17360.279642411184,444.4754822352508,2401282.38268152,0.0,7370115.396527993
1496794.287890022,443.44976408637075,3240009.169445486,443.48668867579767,2205142.397692903,441.96257271222925,520513.3226576864,432.33738219396093,2221580.5909728333,431.0602252693396,9686232.065291869
2211959.5797719043,430.07686314787924,5059366.145915941,431.0030104142092,2811372.7422727477,422.82133905141336,2876451.28536971,431.32277771172033,5309433.851419809,428.2847408879193,18270727.113481328
779060.3891111086,0.0,5081214.397271015,0.0,1572456.465675819,428.39546765115807,2827404.379422107,0.0,6547576.320319754,0.0,16808140.347267453
494668.8784987793,427.69516351921345,5063065.65857139,431.31880425854456,707301.0375071381,0.0,2944688.4293269976,434.2978635281124,5948060.93975458,432.2548614197471,15159510.510351611
122641.58859573792,431.276394517151,6074462.572845079,431.0452741154355,189484.68541225878,435.83042655733595,3037103.3789047836,436.5753506941455,3622690.695148446,437.55140930320505,13048555.199761491
449826.51801094227,0.0,5650193.5401383955,0.0,303365.2744663136,440.0387917383302,3590640.665683505,0.0,5470246.575873707,0.0,15464712.6129646
755496.9948600134,442.9089089930312,5803536.400939623,442.68403922546463,1254704.159139682,0.0,4203576.465122407,441.74845210986564,9579978.52237643,440.9511108288151,21599060.83494931
3149890.9839463285,441.77850181164507,5487294.928348439,442.18437905021324,1087177.8261042477,442.4647459537295,4640584.408192988,442.7070124060334,4951104.618125317,443.8335718283814,19318265.73292837
2203284.9020161484,0.0,5218957.421060046,0.0,1088023.7501888252,437.03755030803495,6537303.645029687,0.0,9304955.943461876,436.7057516940991,24353399.405058585
4274762.469843524,437.0848014881065,4956303.949434433,438.4053126050684,1873833.0450141039,0.0,4149182.724634528,437.68772268742595,9034293.097947681,0.0,24289688.46471105
3429520.587986212,441.50636196152055,4220653.978225661,441.1912387004876,4277770.7372274315,441.2789481194202,6853680.164118546,441.36669241879093,7928092.55244005,435.21247366480054,26711918.575712766
3747609.7652551304,437.495595742272,5361179.604124136,438.067526598806,6303259.370854658,435.5883690549392,7868336.2879464,426.8334708574637,9957955.859181065,432.9111634396861,33240511.783487085
7359237.867479256,0.0,5397127.538605081,0.0,5775723.997374705,431.7616012829754,5724660.397768187,0.0,7124400.15660068,0.0,31381581.719429195
8410588.683823455,437.82973869605735,3105585.316256707,438.3740973201309,5049026.948240108,0.0,9496742.54165288,441.5328927067655,4083325.393926249,440.9899387405037,30147027.610566862
4782836.842235594,438.0773447097996,2984732.733637022,431.0135294253655,7886613.024723876,427.98065094210267,7620363.37305266,422.0438184197689,6112927.712821674,420.9850627546644,29389613.786877077
5300928.730021653,0.0,2545400.2580775996,0.0,5107521.002460541,432.346852284253,8245778.404902485,0.0,4114739.722704774,0.0,25314800.465019338
4771456.345728149,435.19450495219655,2247208.7477181684,433.89987611887415,4309338.365157092,0.0,6265902.841447804,434.05151573493026,3489747.0831267904,436.0334642343848,21085392.562539045
4401377.503810966,436.9715296280958,1685332.728255629,434.2863404678758,3888099.243764796,435.6738646871407,6272454.969363762,437.2066769775614,2861328.6992002274,436.9770305895611,19110774.259837728
4293884.960807793,0.0,1631532.090352252,0.0,3130345.9065875174,440.3776992265425,5393821.342207941,0.0,2296657.0783868385,435.8878922310485,16747117.6439338
3853751.125061599,433.0522386037125,1204415.9725165945,428.8571263636462,3166958.370283187,0.0,4582378.152632307,433.20822664147664,1883384.0016814894,0.0,14692182.739766786
3423889.0367558994,441.11893125281824,849746.5286197284,445.03748608474444,2608361.1022075806,435.72713968307147,5306531.4741233,434.19586354204836,2238236.607753564,434.508196509027,14428955.337077143
3792093.3273146427,429.1294405726768,670741.57156358,428.08393844740664,4175145.8141045407,435.94962101428376,4864451.708828309,434.0397250194408,303766.136714325,433.2772177506134,13808359.0384682
3869193.420664709,0.0,533275.7916732974,0.0,1866148.9061280587,438.40970410273763,3818885.3343350203,0.0,414401.4798132632,0.0,10502343.342318451
2079060.9768096325,431.43813216463974,770248.1845710562,429.9035674080047,1719763.478422453,0.0,2599367.8296669857,433.4150793025458,1184386.3732353963,440.294584435838,8354561.894068834
1965513.4810010267,439.98868812397257,1270035.5604839167,443.00802546178534,1774045.0185033337,443.1547836675559,2199818.0414425833,438.92593552674293,2117990.7057896615,438.24527392153766,9329606.129927224
1749555.427113624,0.0,3368574.041610371,0.0,1411828.9180768442,434.73675664003457,1710085.0325031208,0.0,2734553.506394772,0.0,10975031.662455373
1368381.1084355803,437.8803041659036,4447362.7424709,437.8135525953826,1206653.9242966336,0.0,1117957.3792109007,441.6562928805766,2073962.5658790292,442.07407901870323,10216077.144521702
1070973.8844535602,440.6272319811534,3884483.065962145,441.3619512066794,743015.9950148072,441.45408442390396,869805.440062091,438.06257004974714,3382762.777970627,437.5068143605845,9953240.176115252
808269.0895907824,0.0,5035669.836023294,0.0,468324.4280820964,437.74349010510764,575916.0904347373,0.0,2128284.306922488,438.49917615297744,9017339.993719656
482448.49157921184,438.89062755467967,7059645.714492844,437.2775174779305,210972.66594385853,0.0,199246.0427736398,437.8626858686033,4083933.7441463545,0.0,12037560.68976681
177876.53756518688,438.3699928885877,4068365.005733873,433.26761361765534,490653.11863317474,433.5811332481792,410595.15020912327,433.26798658574614,8563305.21095307,429.1771928739989,13712962.687013641
2532718.288912873,429.069810859126,7412149.698298901,424.227171985909,4589526.651362734,423.1444623632975,2173074.0678492356,421.7262601885389,6113633.391834452,428.1576807254538,22823228.423644315
3329816.70010492,0.0,8669238.035138711,0.0,4009295.029110139,440.4213398284531,2718575.3660660298,0.0,7467027.197912315,0.0,26194392.749671943
2395891.5881493245,436.45903095046185,8575562.476197006,432.8580163832212,4666949.2168913055,0.0,2143429.288187063,431.5614114588536,11438137.720125841,436.25039762232683,29221707.418406956
3441177.3129288224,437.05823330226065,5884312.764829495,440.3133619750728,4092077.8907130356,444.1828600274108,2563852.966737157,441.3889484491602,12172509.600806903,440.26512137181874,28156133.74454054
4548542.821157795,0.0,5478150.730754231,0.0,5082138.939923954,421.59608639630704,5425760.984984054,0.0,8699332.338677129,0.0,29234347.411583558
6813411.709348336,432.249014686152,5158229.420975754,442.19710204771934,3720870.5570867397,0.0,7022668.843652933,445.4311438479548,8944792.003229896,445.5261670557775,31661737.937721297
5788380.720476484,440.4572799743768,4915335.936226774,438.9916866436377,4786135.468621128,438.9526355700463,8483316.892719964,438.0173943691849,8542172.193322498,437.12627329050946,32517534.756636694
6044851.185722997,0.0,4655408.50289342,423.36709658791847,4134131.6159999934,423.3960330949758,8116163.009779826,0.0,7795643.70650572,424.9146315106981,30747469.698663153
5378907.523454848,434.36354727820776,4430212.871704101,0.0,4764565.503632663,442.8465575482607,9594108.385445453,440.8482788823684,6646009.791281181,0.0,30815122.133901957
6063247.94026583,427.2734492372595,5664682.759598302,423.0372330757553,4758388.849795237,0.0,10393825.859452683,420.6101237700659,8219124.356533338,431.50286119552726,35100972.18931267
5830823.029965328,428.32246357772004,5111443.663188696,432.6087438598301,7698103.77894405,426.443711040256,10035028.194518857,426.3144005991753,7964801.868853007,428.26187360349337,36642342.48666262
7062032.8723580325,0.0,2856385.1996442205,0.0,4720893.863021301,438.1841331694876,7938712.484632917,0.0,4766678.336516422,0.0,27345140.940306064
4053399.7502778624,439.18196856238933,1907630.2100880896,440.5569409736051,3854676.757637346,0.0,5373493.661113743,441.1385524547005,3165381.376858682,441.2964554963195,18356343.92989321
3621025.8766803,442.85639621899423,1444049.0761000793,442.7068177080447,4213180.50790304,441.05002923514763,4615452.05642331,440.53650390194207,2394311.256546208,433.5760909523782,16290219.499490954
3451640.219694551,0.0,894354.7936949028,0.0,3380745.3893365003,428.66591789566246,4220546.472304557,0.0,1406346.4852224304,422.831906507895,13354484.858077347
2987420.501771416,421.52114487859785,57553.14054819427,421.59511525218863,2629490.158195997,0.0,3375233.3365144306,434.56550161078826,669748.48914782,0.0,9720723.3079396
2781301.289942911,440.8646901544465,508396.2364742521,442.8140248589748,2357410.477608021,442.86039025959013,3302180.767181011,443.49391801887276,132274.2761147974,441.0672285642365,9083774.147572847
2389584.9226098983,0.0,1215264.421069336,441.21260680131553,2198317.685089631,440.7317939749217,3167672.79415583,0.0,385496.93652096594,440.79258620429187,9357659.49643264
1846357.911284531,440.1702116495239,1645337.7281888258,0.0,1975479.108627824,440.4551600174671,3033059.6680168784,439.1605093065518,1855933.9424907712,0.0,10357488.144489804
1823782.3951134637,442.1520406805211,4661383.675544115,441.56630274243787,3744774.469498274,0.0,3172947.8194554527,427.71061009225474,5184664.534635392,426.2770307681395,18589290.60023098
1810419.0516287326,426.19148394329795,6706405.560682784,424.52836657874275,1400253.1308762664,424.75434171140097,3611043.379664362,439.4929798468985,4745759.185049509,440.43974276290976,18276035.7148165
594801.0678065345,0.0,3277840.299924502,0.0,1373000.3524156185,438.9602920957029,822918.4505294355,0.0,5303758.273127312,0.0,11372757.404095497
334451.7134551228,435.5612286180232,6160470.24173206,439.85247553111236,1340376.9269531807,0.0,297346.3949466603,441.6580368622773,2885205.2205886487,442.30542285338294,11019609.874839537
77662.96816710508,441.1396157223918,8092856.148152431,440.8754064091269,1033779.4455470095,440.8532021356987,153013.09493342222,442.18117413575214,7590888.9256384745,441.6733457371647,16950407.305182584
169862.25419131387,0.0,7327903.261400027,0.0,939216.9084872046,442.2066204940638,951407.4438115435,0.0,3862248.89278266,0.0,13251080.967293244
161704.38495473404,441.110039460221,7067959.76090389,440.64102283501586,730740.9342394356,0.0,2110015.2378061577,438.4280347821542,7422364.805235058,439.9812841429442,17494545.283520497
1607512.6431339097,440.27051301032,5335181.853572569,440.96878537359777,516661.50012326334,442.36392843747507,1458485.9797804912,442.94993412732566,7110488.235888985,443.1140131648886,16030539.879673332
2579494.4813146223,0.0,6495286.055591279,0.0,264102.6206057013,440.62376029381545,1265067.1911634107,0.0,8441112.897550289,438.67889895463094,19045942.54888455
2785449.9546196703,430.5941821213448,9490015.309740903,431.5006415929251,218277.16287578965,432.6020509461839,3220978.7681256346,432.38752268231275,7627570.026781868,0.0,23344018.306541212
3817345.291277152,439.14843939668583,9772643.639984928,432.76385435260374,1441553.4649318205,0.0,5852417.126501889,424.7486065106859,10681595.975928092,421.0157875750874,31567273.175311718
7318128.073091698,419.9224090893163,7788241.745984229,426.1661333061255,1148270.9067022526,432.47418171569683,6217121.002395869,431.7229000999072,11586847.758509649,435.7858043937338,34060755.5581123
7078518.249816787,0.0,8938387.173520114,0.0,3849126.7741931807,434.0932562720131,6549524.235337339,0.0,9936654.867054898,0.0,36352645.3931786
5496881.811631353,427.7552296952524,8177844.830318356,424.6505047990981,2558958.0361941895,0.0,7690542.388755863,425.6667729459692,13090869.600274611,424.3909108443589,37016799.13059265
5048885.775555751,425.60396281562515,8828782.165246746,427.8269495377508,4794038.019394661,427.5598265776265,8671342.947098508,435.1466269891874,8906539.305070933,438.4077947451147,36251742.75752726
3866765.201386656,0.0,5284250.893132403,0.0,4906903.64902359,438.4413063868737,6034133.467876301,0.0,9801206.66632934,439.4618013414802,29894137.780856017
4033067.9525685795,429.22559637528167,4583990.474742644,418.5960856767356,4951172.013552024,0.0,9986307.609868804,421.0212463217788,8083075.731066987,0.0,31638882.624727413
3532131.9528752295,432.0766535372489,3530855.586382712,442.3756897336692,6721370.738507422,443.10328533204915,6344906.964742359,440.81159928008094,7046408.321027445,439.77128797304664,27177871.702051025
3266396.9657930243,439.3855525629294,3245479.47709086,439.22211449769486,6387351.788885281,438.5695763101761,6477163.64772328,436.5716585536793,6435692.981868468,436.085221414523,25814274.69548425
3018785.436166127,0.0,3262172.637404455,0.0,7615563.568127506,437.19044197307755,8178085.267528871,0.0,7168403.971640085,0.0,29243448.07130902
3318645.766354444,434.46740748717434,3234346.793192979,434.05441672344057,7069657.477487872,0.0,10007525.231178248,437.87830417973913,6616677.590412427,439.9899381713304,30248599.248692527
2685946.5946791703,433.3344784078127,1052696.6962917708,432.9782907165199,7424707.317816946,433.13301408066485,6828545.929008279,433.69059864447047,2592915.493335797,434.53126679458427,20586979.698780607
1992719.0133533208,0.0,552623.8292890468,0.0,8504390.995034903,435.251803040523,8211153.362239184,0.0,1335384.0074431077,0.0,20596706.4591626
2093464.1727579646,437.64595401607227,134934.57888862232,442.6303146547346,5963675.5399789475,0.0,5108929.706027965,443.4674441410556,290797.94750523084,443.1549787597658,13593568.843850302
2116035.015888659,443.66436430941513,711003.3891110973,444.53515227899607,5664161.726421919,444.41867318482923,4835029.200904561,444.30176485659865,554895.9720022083,444.5522318520563,13883346.776514927
1729733.3305216904,0.0,1778902.9564488376,0.0,5510148.142601067,438.166299690103,4220922.609943524,0.0,1322975.5052416157,427.45915151329854,14563548.170207938
1633192.4139607765,426.3599031509405,1253041.3627103071,426.2684564895194,5451435.73600226,0.0,3856054.9173519234,435.6058990514436,2505840.9185268,0.0,14700853.58281076
1577482.6604860954,437.39693471523526,2667807.397424101,437.23725142881466,5303006.811531849,436.189434170419,3617668.1940241065,434.5172930364042,2372532.0852194414,438.51636813520116,15540681.00596708
1376616.8950967914,438.7950661799947,2100014.478481427,438.9749359449437,4762109.065514821,442.10708558154874,3018069.179952458,0.0,4329778.786081268,443.95405186321403,15588352.236266337
1242905.5122800865,0.0,4379688.5807599425,0.0,4611959.711904726,442.0162323455623,2781193.2907429393,435.4369723889831,4214112.841161982,0.0,17230737.39005441
2168572.115742394,435.344979922284,8253409.451000814,435.2694941682024,6393113.3435887825,0.0,1085086.0763349237,441.51517291380384,4406078.717480115,439.8579531675421,22308011.691747203
774240.82946569,438.5938442890337,9978507.224768551,438.1713539512917,3361647.0576609867,431.00716259411917,61711.34409194294,433.50877820072617,7392431.365706161,427.6976167239333,21570706.80044909
599883.0791916138,0.0,11889858.685140254,0.0,2287640.0438155415,435.1138051608963,499641.2747755186,0.0,4925162.126618527,0.0,20202620.323346615
402903.0548180185,430.14182763696806,8104800.746195221,429.73288787608936,2023094.039836659,0.0,1094741.179069147,434.47350191181937,5106051.939220125,438.7418032804748,16733324.049159873
252846.70522027372,442.8514281226965,7449596.910730076,442.8410052240858,1333521.8380753726,437.908115390622,1439466.7663071887,437.46888253523736,5132464.896759674,437.4505369197077,15610095.637060776
110496.51552616221,0.0,5278750.510829406,0.0,912377.2502865663,443.71286379153145,1450738.9953099396,0.0,11614712.656985423,0.0,19367519.64180129
790992.0355984028,444.4586048006669,5967896.732862244,444.1388627531869,516374.5874044012,0.0,2059038.9601299951,443.92811034423147,8234416.431649572,437.74739245295325,17570489.020614967
1296908.542248198,437.02028435344084,5867905.5692462735,437.61161263032875,243488.31855641733,437.8881138106416,2271705.6957317083,437.9593658716133,11205949.093889156,443.98224834846303,20888151.681296766
2023459.534692914,0.0,6042979.50209894,443.8060790536209,1260503.090891649,443.9000186091471,4546153.430160367,0.0,12966879.856441516,443.5891915140015,26841306.709574565
2707960.3591761994,442.3238863995131,6097288.091837179,0.0,1101503.9564267816,441.50723335871356,3470935.4308162727,441.3198653198653,8168401.500358412,0.0,21547414.48959992
3855988.4720588434,442.3580966217138,5115955.534115667,440.6482561454433,3594206.6054979013,0.0,6707830.966220672,437.3727039879733,12630096.219478833,431.1466300265421,31905829.323058702
7220723.343694135,431.70429267100246,6918830.826950945,433.3773871893086,3319163.352989129,431.359928420422,10467387.814620946,428.4637549025805,12950846.857356891,431.78197311380916,40879108.88294835
7424500.535395164,0.0,4393113.7236968195,0.0,5855001.071605277,433.510551777643,10453729.635048186,0.0,11996349.534492655,0.0,40123128.01078988
3663410.580225637,433.92213365795243,4551017.054844206,432.9448641306861,5451774.845475357,0.0,10565005.998909956,441.3508242721852,9680468.470524738,440.39224513286473,33913425.56004709
4042583.9511187477,435.4185142835392,3070115.752121908,434.4200643193388,4998854.689795677,433.1874403854235,8797790.563122896,433.6398752970784,7194687.012028543,434.3430248287128,28106202.977106884
4161633.7585769272,0.0,2484034.205455333,0.0,4586642.560412671,444.61751932660275,8381099.0054195,0.0,5928423.316447902,0.0,25542277.46383166
3820140.99847262,444.6339178403849,1755435.074293004,444.64943371556797,5461695.708524753,0.0,7141931.468260594,442.97079067213093,3645402.7374537857,443.18219580650486,21826381.42334279
3786730.2048765877,442.7410871915406,1395242.959577396,441.92250629376525,8731889.62754208,443.80392673815675,6975771.587155961,443.01221720442743,3068015.6763951173,442.42215782957413,23959863.957442403
3625176.0253346283,0.0,1120388.6380931418,0.0,7124649.878835993,443.7586351231879,6793457.238475697,0.0,2284006.2192868865,444.95378329833625,20948566.712444767
3649267.5750083346,445.6165950225468,756201.0169815584,445.11187126579904,7630985.352166167,0.0,6797219.5926341275,442.6438418961035,1611995.4554932725,0.0,20447002.364591643
3289174.0091117974,437.24465830574763,359706.3164664633,433.60858780512547,8616640.689219533,428.6724895683244,6436475.388362606,431.23473206574636,1147115.4744168355,432.8109302464568,19851275.448975224
4672010.9578099875,0.0,602665.3760592438,438.37428822579415,10280426.937856011,443.8619487264961,8631776.10313539,0.0,747235.5736309044,443.7087565696256,24935440.893485058
4873827.3681111215,429.85014665924797,1162531.1706920005,0.0,8664272.733366068,425.163104433762,7478825.351509974,424.55782017406045,1999022.8819659923,0.0,24179759.076716423
3002023.1332672625,436.6902169150534,2686099.2870382583,435.93810453250785,8624050.037463231,0.0,6258575.037148924,438.7710628059332,1398019.1510563008,437.55293082621597,21970515.598289054
2724515.7918075747,437.4244944916345,1763027.7733271534,433.6990069755353,9571298.007087938,434.53483071567695,4462467.166995099,435.56320749389954,1605243.3467321687,436.48088941017824,20128729.78837902
2493091.957516842,0.0,2802984.321001382,0.0,6407002.50273997,439.1235353303799,3965896.785775047,0.0,3676507.3286664477,0.0,19345922.01923502
2333230.075983966,444.46812273117735,2143040.7391250334,444.8134968593201,6036390.542844702,0.0,3537080.719979364,444.4021924477499,2165664.7301944788,441.27082362084917,16217181.762763202
2157406.6158023034,440.4665309342564,3036819.166856795,439.51898130642803,5511818.691289095,439.366662301951,3082612.682071688,435.20551178855567,6107136.238954336,427.0570155054463,19897975.00967605
2009584.2443719895,0.0,3382571.547007739,0.0,4727215.460426446,427.2870516439677,2502030.528614886,0.0,6882630.375941709,442.8427585745734,19504902.286172986
1880720.8110152138,442.2631568541735,5973346.559343345,442.6451070760655,4314430.813855214,0.0,2040148.8449936167,438.9145483243658,3404888.702122315,0.0,17614859.55414196
1451857.2075432322,438.9679488884654,8275728.3443515245,439.4990241921752,3762123.4109951057,440.0476403950157,1591135.4883472924,443.16970871768956,4259732.394364828,444.4968752442423,19342783.02679942
2132847.0888656974,0.0,9578392.380052099,444.8324652549539,4221854.123716595,436.72858224695267,835411.2974314692,0.0,6353855.018282859,428.0473498587822,23123669.516746078
640480.0230028938,427.9488102235009,10767067.68940126,0.0,2122383.6559393085,435.43734910130723,396858.0239000769,436.0887164114704,4913834.019142303,0.0,18841922.88626158
359106.5019332336,443.79854604082806,5931226.871414227,441.7603745668281,946525.7916212771,0.0,1136312.303079989,440.76662683579247,8554057.948515324,439.9101417031517,16928995.652253196
97138.94544546086,439.8278758988464,7507208.222410078,436.2057839357075,57700.8667490755,436.7236559505988,2847508.653467155,434.91810556291125,10459696.079833135,428.59327782864534,20971429.036604077
225327.16912315975,0.0,6722982.7115126,0.0,504326.7247246649,430.08402941275114,3488661.0878808373,0.0,10324936.357452031,0.0,21266664.134722706
1780912.4769693483,431.41733052874105,5077022.646875519,428.21377828219835,1408427.6166119808,0.0,3616602.7472839355,423.4224800699091,9165580.04792183,422.9559137729281,21050251.54516527
1146072.231050788,427.0222325540553,5035273.842190368,432.66434022997595,1735827.0798509696,427.83422285455026,4173143.167433545,431.4939829221251,9530985.519371197,431.8814522943434,21623452.736127723
1980202.2613019978,0.0,4943409.853408709,0.0,2964779.5593458586,440.9666604900063,4715659.440534252,0.0,13875754.38343344,441.8610141093726,28480688.325698856
2256996.090804479,442.8002924339318,4781083.10973037,444.973353749748,4143970.757591791,0.0,3448425.5013562473,445.0849086845311,11855799.968171269,0.0,26487608.286209024
4532273.914932685,444.22490565604767,3982423.3178854547,443.3581629558768,1845858.8135885643,442.5116218139745,4524471.568606979,442.45842528022513,11463513.49258027,442.4030055698499,26350756.063715234
5502754.015642683,0.0,4588054.189718722,443.3435180970589,5168200.048358919,444.29892137676075,6051101.0689578755,0.0,11570826.237855043,441.14154894950747,32882264.344521668
7074461.257392094,435.5402159500889,3523494.428434382,0.0,7754322.860288817,434.6521914004639,8849005.511960872,437.53048943480616,10506816.14155056,0.0,37709407.92252351
7534563.546781398,443.07120245921556,2621438.2668314255,443.5181478061969,5724088.426941171,0.0,8179332.225169134,443.3852096717004,7494650.932567846,441.72199237038666,31555845.094843283
8987322.922017636,440.40476886834864,1473938.688090404,433.7493703601088,5325564.654078503,426.9068734378767,12003228.69510393,423.7688215962629,7518736.197757062,421.98959104066535,35310937.97647283
5759286.279932325,0.0,810954.2996898566,0.0,7188617.053345545,427.2497831139573,10537064.734020289,0.0,4455788.009257214,0.0,28752137.626028344
5158872.231252335,431.73419494352277,289302.2660266948,433.68891701738124,10196424.254758822,0.0,7417531.512827033,441.42398205244467,3429741.832446837,443.56153355519496,26493622.50593929
4678315.872497271,443.09041261828764,163300.441219314,443.27928741202464,9732580.687478444,443.66221336826925,10543574.514990335,441.86751168610436,1717653.576281184,441.9451094575176,26837638.937001087
4233182.866857633,0.0,330573.65315507946,0.0,9303173.224662703,439.4047321545688,8299192.444789915,0.0,616502.7817106011,0.0,22783064.375908088
3724576.6788224643,440.94946900313465,1343041.3927689155,440.45766542328016,8360398.3685032865,0.0,7492828.193496785,443.05920914363986,252175.9511180454,442.0371951625167,21174787.088248227
3409180.966314135,441.7821856047623,2578440.552440799,440.4600744942106,7448266.386649008,440.8285869686122,7967956.1558219325,441.2005205171686,525799.7330162985,441.1767366437306,21931849.2423464
2950415.3468946056,0.0,2875522.056639637,431.92045989913316,8642641.394350499,430.17905093198493,9344105.84503141,0.0,3159754.7783896974,420.3698390131446,26973721.890655693
4341114.273864879,426.0689086542572,5045995.948901919,0.0,7158269.940471313,423.8733878674532,8543150.819874087,421.1389960016952,2752023.3632641127,0.0,27841825.427668836
2510703.724113377,424.8406572617582,3394049.660869172,422.01356260057656,8478895.01230045,0.0,6110405.0632794555,432.20827755226816,4029090.353940879,431.2305755000425,24524854.107576244
1863316.2131050047,438.12920688849226,4004806.559541822,441.3938837860147,7003614.700057663,437.48257145800005,4986274.568215008,435.5123278271627,4691174.436330546,436.50681959949446,22551375.5020596
1481601.9511155924,0.0,7474520.101377502,0.0,5138584.888998073,441.99226341279217,3534101.8743971707,0.0,2724138.9415352414,0.0,20353389.749686994
1195699.1943587235,438.10251158653114,7219931.366032051,438.41419115861726,4701640.3228705805,0.0,2406168.3778091874,441.17702667552265,3522406.8044847986,441.477898211231,19047605.23718297
859201.8232699347,444.6133953398392,9704837.269192131,444.5391766579088,4562408.581963757,443.969716135076,1548462.643680478,440.8588012633217,7325038.370717402,439.8782312195384,24002162.54814432
407717.34834805684,0.0,9312555.859331219,0.0,3691826.9044997534,440.2216079807561,931066.0227089743,0.0,8074803.239065898,0.0,22418409.595561884
188187.64332913375,442.3803555450865,5437226.978289026,443.5859662033462,3099648.0685150037,0.0,211806.57982838064,439.99532307192,4404483.481334337,440.5544344382721,13343119.26737514
609712.5585577622,437.0796773722932,9660841.542608941,431.11006994067185,2541159.9809463196,431.7553049241697,400499.0116991689,434.0901675716025,10324952.462521305,425.09191583236066,23539324.68346913
2022763.6477078444,0.0,9273816.39309195,427.87404864793297,3087916.2912269505,423.07866017149126,1858072.775664088,0.0,7660687.67510327,427.87213902286317,23904535.607641943
6379510.513626995,430.6096546059843,11489525.694227563,0.0,613644.310016455,433.29885192046777,2709903.801794105,434.36382842111806,11462653.847766215,0.0,32656536.43976628
2238967.15181168,435.74949077287596,10453308.771866927,433.6988201201917,867.398761373411,0.0,2029923.9071719858,437.63368182168944,8106204.17525139,437.4829517180835,22831015.96980779
5042140.429949922,438.2089307939001,6748408.847613585,442.20778604626645,373759.5481720271,444.7050247901901,4530515.557446944,444.80966406392747,7525029.911920407,445.20341096201213,24222069.429919537
6499564.511061188,0.0,5508767.543575149,0.0,961247.5167573899,439.18407628097526,3281525.4001268963,0.0,11279056.572873432,0.0,27530600.728470337
7153598.627498394,439.3393366263065,5347119.014231669,440.5197314956919,1193343.0771545945,0.0,5794466.883899187,439.42237885777934,10541277.164740697,436.90154672666597,30031560.950518247
6802520.161989183,433.9625397315349,5015418.59458037,432.38371531132026,958709.1784976136,431.01915822993345,6715309.793428731,428.86909397660173,8452211.713525748,429.1237695494092,27946324.80029844
5998468.286990591,0.0,4500109.539734722,0.0,3056474.868531456,432.9227067319943,7741347.387719548,0.0,9556158.355937844,0.0,30852991.361620896
5658932.489833247,440.17579344161294,4399029.765102617,441.07041735129803,1927375.5864693122,0.0,7795255.432032064,430.43040776237393,14324986.460748738,430.5045925116208,34107321.91539704
5057617.816264505,432.68526229664275,3782020.8228106466,432.656064948721,2194057.8303524945,442.32660747347546,10469067.62211536,441.589838063438,14119530.878615152,441.53686291005636,35624485.76479385
6342726.504348451,0.0,5208682.568743874,0.0,4967693.107452167,440.84673435496416,8607467.979244154,0.0,14474505.885196652,436.363768774656,39601953.255488425
6622813.79444814,437.7647159101781,2889445.323333066,437.11592832853574,7726424.755618044,0.0,9374599.140364492,439.6346339165748,14296154.743826529,0.0,40910752.272868425
3207291.6485188315,428.40367191124085,2067066.3836493257,427.34673110195683,4667227.795912034,427.1687397067629,10987827.697778378,424.3854538279866,9870661.454446826,432.24502414927895,30802214.52992609
2963429.3854883453,432.28539693180176,1401778.9141434438,433.033982117392,7159370.325840842,437.108146202807,10942125.00011207,440.18965229610683,11279967.403875027,441.9037852521526,33748855.55042253
2809424.1655138237,0.0,978497.3336095558,0.0,5059435.893306126,442.8151936153295,10115986.965983042,0.0,6132603.165305937,0.0,25096390.3389121
2475934.7946255384,437.1729740751365,565936.8691309151,434.22611198318714,8189129.573586609,0.0,12432865.049629316,434.5930809745256,4700828.428093631,431.918884633678,28366432.62611768
2185430.3908264423,431.35327409169065,66768.12819946402,433.52380739098146,7691041.869422695,429.77517807270544,9941801.980797334,429.87345923638253,3701520.6304166648,433.25250894958214,23588720.77789034
1919237.6459287235,0.0,664259.8334261149,0.0,8051645.805461269,443.0406841598776,9501495.355892176,0.0,2664412.668615249,0.0,22801494.35000769
1762958.025337616,441.73672414190315,596273.6136117192,439.17554972586237,7248810.533513288,0.0,8328976.529839775,436.5714692148259,712601.4809378996,437.4772478862405,18651375.144231264
1650582.5540452942,434.12901351875576,1308297.7293695863,436.0822932169677,10654084.858047053,433.4391534391534,8172732.887928748,432.907160667548,989783.2284495129,424.00952621245864,22777641.824987248
2601530.708980511,0.0,5287896.666333328,424.5092105066174,12986337.128267469,426.9498768095258,8925286.390980083,0.0,2066629.535152203,435.038775569738,31868966.927576482
1298523.507461803,438.404548875324,5524975.462265644,0.0,12105802.319072135,442.29045879432124,8394010.702339042,437.3323254078677,2827532.3044208726,0.0,30152162.322892573
923578.3715601081,430.82813789986506,2538113.4250120022,430.18787517609627,10407304.16210915,0.0,4968333.967500478,435.7799560771045,2132182.7532953215,435.19779753718797,20971244.673243746
735879.6524179848,441.36736974312214,2445490.1846337034,441.27730385151546,9955668.41129239,441.20651523133876,3518289.591358844,443.04750897366296,2604629.340924244,442.88776598904036,19262166.967090957
565149.37706948,0.0,6826828.590858835,0.0,6995392.8493999215,443.46509974333964,2558789.7493323074,0.0,5885964.441600361,0.0,22832568.473360647
412015.37047235173,442.74488442102313,6414855.006311284,442.4551191537103,6350739.385255752,0.0,1639521.9845914035,438.59212442258575,3770643.185190847,436.8495008140211,18589535.57345045
