371847465341.00183,13646136949.21794,533068287240.6069,12568944597.299843,569243474233.1167,15342281225.35776,563204798110.6927,15252047786.568413,594672877249.7244,13625417058.953236,2702471729792.539
3887614.6943968725,435.35429980466785,4788820.5258442145,437.53514868688336,5862399.4043902205,0.0,6368630.062605494,434.9834131813894,7082459.803363506,441.4119809654442,27991673.775442943
3523953.120084475,442.3595545612386,4168989.710214837,442.0195319163791,5152663.999597914,443.00539347787674,5877905.212823148,443.7840677213651,5963413.144646248,443.7378999312551,24689140.093814228
3313516.7527270606,0.0,3842740.53318576,0.0,4392495.515867489,440.49968339848425,4183581.033950648,0.0,5678323.554132155,0.0,21411097.88954651
2787523.3160204585,442.53642530112353,3814280.1454012934,439.97916876556144,4421691.768315766,0.0,4037955.235254776,429.57233433084224,7010247.134927492,429.1142572017943,22073438.802105386
4181930.156629155,429.7182120960905,5678409.312299513,432.0699770773479,6417847.132824627,433.2672406502067,5748214.611981849,441.99672706563916,5100366.196347878,442.7254121387498,27128947.187652048
3378150.0044413577,0.0,2531898.118040992,0.0,2223251.608663987,441.3341832954387,2775645.1111105266,0.0,4728777.305526866,432.64955652293696,15638596.131523548
1890850.1330106303,431.8063292344675,2094319.4573940835,432.5794638914762,3139607.278769362,0.0,1698948.5659176565,437.3763146712225,3024409.9346456234,0.0,11849437.131845152
1752797.9790259274,443.71912256160283,2064093.0766278917,444.00192926768324,2434460.830271377,441.5907097901745,1280380.1060082812,441.03959434098044,1910623.9147383047,434.36017359167124,9444560.618201334
1356226.9198565928,433.53127569916256,1822310.817021645,433.2843978174648,2094789.424312514,435.355900228656,808477.1215838206,435.4982909003911,1869108.3629180626,441.8896242744244,7953092.205181555
1129298.763312873,0.0,1548959.980182831,0.0,1952448.7119864346,441.33099069337686,432030.3663141282,0.0,164657.40909598893,0.0,5227836.5618829485
855259.3554332289,443.6206651888609,999124.0169016329,440.2634846505452,1492520.3788822552,0.0,196458.24588150802,437.7068495009105,383310.39512287424,437.7735685357832,3928431.756789375
581623.2127703072,438.55935398915403,651326.53668009,441.09737893936335,893158.1707262392,440.1499066690628,365309.1930649684,439.4008002018401,803812.7503878189,439.2147362932598,3297428.285805517
325585.85150132154,0.0,243893.58948653136,0.0,336479.24987288896,437.56890745672814,1275824.7805676446,0.0,2364906.068507183,0.0,4547127.108843027
42998.43793781174,444.3846339597454,190804.00478237864,438.3321021159304,319122.9750660205,0.0,1756961.5283960726,437.188733095376,1732422.0775007608,426.0291477177863,4044054.9582999325
936365.0284199103,421.9742895870375,2316437.578671057,421.2172386276952,3010580.485217415,418.2337287436323,4405957.8200513795,416.3595746537723,2614961.418250237,424.1421777803714,13286404.25761939
3963528.609932445,0.0,2277798.3797251163,0.0,1552820.405558521,436.28424205571304,3791004.3275750694,0.0,1905930.8194539333,442.2648084771822,13491961.091295617
4618823.8438837845,444.2179465058367,2536297.61783801,445.5830623780369,3756972.1069182097,0.0,1985341.4688189318,444.8667697260089,2521417.3261507684,0.0,15420187.031388316
5773262.685806637,444.4166130258456,2848329.246316975,444.1799200714124,3275245.1190743954,444.4503627984356,5875574.559242351,444.7324325727344,7101712.728665873,444.522981430093,24876346.64141613
4576625.697124532,0.0,4249837.291304251,438.0133919101584,6882125.332544289,431.7331765317427,3663465.8660657266,431.34172192524824,7247357.075627939,431.5221912001677,26621143.873148303
5489973.850881409,431.00070368216086,5184279.179388647,0.0,4523546.94638544,442.39065956063865,6036367.701449451,0.0,4530444.939644062,0.0,25765486.009112254
5174037.351828235,437.98242297378846,4758220.472215338,439.10342256955204,8563706.945460124,0.0,7716705.220833434,439.652683132211,9054399.521575924,443.14073747984617,35268829.39117921
4958964.17843079,443.3074958614685,4549367.732848213,443.1511744926556,4890815.020420594,443.123863723404,8339289.565279536,442.09368820591425,10807177.330616092,441.2410363521002,33547826.744853858
4586606.570223276,0.0,4566845.438661405,0.0,8654169.742193358,440.6438196868887,5757448.777182545,0.0,7620645.435108758,0.0,31186156.60718903
3813606.962724162,431.4093802111034,4083551.1332156667,431.3134448330204,7051341.3925660355,0.0,6215492.012139231,428.77912485663995,12054498.6214626,432.6399801953134,33220214.264037795
3823216.5485531706,435.47474104247493,4038140.7353112744,434.50725874435574,7649693.492702725,434.7394790423002,8182036.752639466,437.2975582991828,12939850.158809891,438.5929843541237,36635118.30003801
4684995.785813466,0.0,4882926.776467703,0.0,5442364.110962921,442.63449925258953,7734658.065765329,0.0,10816725.093484549,0.0,33562112.46699322
2193999.179182908,442.1939940723521,2288039.0924893636,441.94394528960515,6742254.390406892,0.0,9512608.676716302,443.22307643366366,8217824.361765513,443.23263910063616,28956496.294215877
1774722.85197687,442.17049142306945,1362342.277482638,442.19185736462987,2950596.258657841,438.1054669776739,4722589.153914058,438.03635939562884,4627460.051733855,438.14589310434656,15439909.243833527
1121210.3671632966,0.0,1059512.6912138697,438.63531626374777,1723843.5197849956,442.2339154541986,7938948.059286675,0.0,2789855.101971981,442.0155530282738,14634692.624205563
556567.3962509014,442.0979597447545,583360.4767389119,0.0,944284.3465341624,0.0,5261018.704002128,441.3812069666318,1262526.5468079054,0.0,8608640.949500721
34250.81614595924,441.95966207393735,161222.6775342349,442.5077313231673,28349.287424449347,442.0121564731518,4719300.981945624,442.6429660065203,1555.6311002070224,442.59606231668107,4946891.112728667
1447211.372229624,442.5945055181805,420027.2453209066,442.2567447876394,575169.734635907,443.05940415170835,4337782.63960545,441.0047183243596,753849.8061710182,436.4838229631711,7536246.1971586505
2314685.9545462034,0.0,3179044.6868670387,0.0,2226615.6218132908,431.9862606603689,3640937.2875593887,0.0,1826910.5574424004,0.0,13188626.094488982
2037972.951057214,423.3277492851374,4137079.766006219,427.5132505232258,1757750.1155220934,0.0,3153235.625177537,429.00754659486944,3513569.9523440497,434.40562904976343,14601322.664282568
5979039.141093597,444.8082882047695,5173828.18660518,444.95260322564604,4025668.99590102,444.87886110144353,2725082.8257689024,444.7157320880876,4076526.464276875,444.91287776412304,21982369.882007957
3709434.7213231875,0.0,6372161.949166845,0.0,6194632.453740948,442.91933508834995,2301167.2206468186,0.0,6568716.920007493,0.0,25146556.18422038
7058207.277026209,430.6355366639972,9010304.573691133,431.2186604557677,6022442.605990634,0.0,408001.13109391154,437.99804982815255,7927784.061236077,444.5118908336445,30428484.013175745
6400243.034120021,444.9469979658464,5392644.544568735,444.58678764543225,8028817.841451698,444.83256354100934,187327.79623474364,444.64668398785454,10768263.855087288,444.78598081906694,30779520.870476443
7898334.522230434,0.0,6894370.800711557,0.0,10906271.58126046,439.93071296291237,719281.2530008133,0.0,8413992.684084626,433.4994438245578,34833124.27144468
7691516.526965141,437.7521515079037,4050910.0510582514,437.4243044123178,6946230.1555555845,0.0,1381550.5042188286,440.17810319009357,13124974.683589332,0.0,33196497.27594625
5182104.4034153195,443.5812749261181,3897400.4289542343,440.4275060854317,8313714.803543919,440.5672566307775,1157397.849957635,429.97095890293934,11210739.881812807,424.9504173905665,29763536.86509785
4265520.258009007,416.08954767347177,3259017.6726205125,416.6711687976247,6259152.897161768,417.37145444379695,1586757.1580783692,427.2238531307998,10017481.159819221,432.4300583606815,25390038.931771282
3493956.8521000626,0.0,2976037.676213929,0.0,5474663.880312049,445.2597314993916,1948742.2710680617,0.0,9447372.427480923,0.0,23341218.366906524
2929930.338248184,445.52557549963973,2655500.2975024274,445.8194764826411,4598668.787551211,0.0,3939653.1899999757,442.23993828349654,7572566.131189314,441.1118757793207,21698093.441357158
2121352.513816736,440.47202387554995,2008845.1808025662,439.92004258335527,3395304.319553231,439.43187413784074,4348366.902041801,440.3972545415847,6022260.071714025,440.8345715798449,17898330.04369508
1586805.502287098,0.0,1802707.71606806,0.0,3542130.1500150133,423.9909526848161,4901529.4936027005,0.0,6336334.873804423,0.0,18169931.72672998
1240129.7627427487,418.35661801376466,478640.3374200014,433.8770598356614,507404.241022833,0.0,5851565.624604305,440.5685099678316,892039.9791228868,441.4524388505772,8971514.199539442
116347.57554615386,443.33482927147224,373399.36391057377,443.3502546119513,606607.7051248689,442.99973969226477,7264046.658664676,443.24093358472686,607312.0502020852,443.04458402772264,8969929.323789548
2121402.133853136,0.0,1210330.6656895746,0.0,1421247.4105729968,441.5302782216378,5373630.3970538825,0.0,911070.618205004,437.1122270390611,11038559.867879855
2986185.655090103,434.2514939578424,2198287.9794337163,435.3509107103586,2153357.0247534555,0.0,8459415.240534056,438.276470862274,2838346.267382067,0.0,18636900.04606893
3774600.8405805165,443.3972206432397,2203609.499053926,444.3303977853949,4661009.177038671,444.3301035927057,10582262.36800675,444.67938830976783,4036906.4527659947,444.7520818076685,25260609.826638
5913046.447243458,0.0,6271984.786849599,441.4311443023875,3912646.669718664,440.79731519172697,6298423.074951218,0.0,4542157.607428468,440.6994747766257,26939581.51412568
2954249.0080384864,440.0677435572362,6877528.2315277895,0.0,2767725.501663237,443.5846956392989,9737766.924506992,443.6307337978831,4738676.162314812,0.0,27077273.111224316
5780632.234221336,444.01779277098655,6926148.024034196,444.15943945790144,6610341.412685159,0.0,9104146.957672307,443.8043180666884,3539207.6598272286,441.2096093411001,31962249.47959986
5870707.893230938,440.18022048082844,6241608.480440173,440.21005719788315,8328126.781341714,440.3980252299644,6674653.945085733,440.50498440056896,7109951.002795705,443.4067908261936,34227252.8029724
6059124.065949737,0.0,5326310.75598108,0.0,8942807.184361806,444.19883446854203,9701224.476546228,0.0,7958827.046824237,0.0,37988737.72849756
5932675.269902252,443.7027914541744,5248311.103807155,442.0251607097025,10664693.05443362,0.0,10653295.146041814,441.88613266597514,6406574.708991685,441.8701301665694,38907318.767391525
6611900.959059208,442.69221584694765,6126701.3938917555,440.10372222171213,11375691.440665387,439.8248011382814,9886377.521960838,439.9273483729427,6314436.232479057,436.8824902267778,40317306.97863405
5580006.19147431,0.0,6163514.3530146945,0.0,7542497.129599332,440.974870380807,11960889.612051146,0.0,13001237.928905766,0.0,44248586.18991563
5050623.262824588,439.5222436993759,3661910.907789447,439.15265421045524,9896611.653622251,0.0,10873045.517748678,442.7399188263422,12070007.433482684,443.10016460548496,41553963.29044899
3140358.819531169,443.24805733062533,3098549.116293242,443.84355225473826,5374695.292604107,441.45573000949895,7170912.411051261,434.7529038003571,11839684.77336016,431.85921833295185,30626395.572301667
2534525.9513208936,0.0,2677871.0914962594,0.0,4427171.530301427,432.53067275094423,8062055.475088143,0.0,7966902.215658064,441.63139419948925,25669400.425931737
2072829.404811519,443.3282884701645,2594782.0394635326,443.38120615912356,3874527.413649951,0.0,5803090.992706342,440.37548370924355,5796704.436628215,0.0,20143261.3722379
1532855.310527248,438.66542180290986,2507547.895986417,438.8956985400634,2952592.098109278,438.67192131879654,4641597.245051397,443.0794909022244,4316892.584310152,443.2865099948675,15953687.73302705
990862.7173739185,0.0,2460024.0058392435,444.09320887424997,1858324.5268071643,443.80823138996135,3746464.9519920982,0.0,2810681.943942509,437.90782964089993,11867683.95522484
423870.86160906754,436.06850287977295,2087765.3278222932,0.0,794936.0696073772,436.7352139752428,1252771.6611189342,436.3346402860313,1290200.8887435226,0.0,5850853.947258336
466603.9265886166,440.7370040803835,1704922.3774902357,439.9314820192744,300934.57137244544,0.0,221928.96177194285,442.90929874477206,159981.76451463575,443.3406868692919,2856138.52020959
1407279.4434148478,442.78753470298557,1574615.8110549322,438.8200286492231,1391876.339602624,432.89720060232065,2780753.7539785015,433.2449570104753,2391579.919376062,425.8017244278292,9548278.81887236
5114950.439818073,0.0,1877734.1317248873,0.0,2846278.1901968904,405.6633684593155,3120243.2933844673,0.0,5290673.640034718,0.0,18250285.358527496
7248839.362767269,421.88931153741055,565410.4014347089,435.0711159796527,4312566.6664280435,0.0,5543099.865199172,444.8761085354328,3672950.419703705,444.33088810740924,21344612.882957056
3839164.9381977613,444.49265535924854,268435.6929377772,444.3336339306878,6985606.511438353,444.082433576756,6872322.282644594,444.0338532746866,4733710.977365614,437.46992818661704,22701454.81508843
6090844.407684755,0.0,1886.9274203141797,0.0,8385893.644972046,435.5658460230389,7950816.9682711465,0.0,3613002.5113661857,442.1398057740707,26043322.165366244
5336726.698449787,443.42017024380704,561114.2417803961,443.4908894816005,10361059.187258579,0.0,7593104.688862925,443.2687467675709,9672600.877542421,0.0,33525935.8737006
4514282.78818452,443.2240521971036,1204112.2960979415,443.23781091898604,9093270.665664962,443.09499599880627,10737603.40431644,443.76939471281025,5512609.711161488,443.84648775967815,31064096.038166944
3755585.1781005203,0.0,2527012.6813007514,442.80058460431985,8064049.6847634185,443.1886347366447,6929051.564968448,0.0,10012594.854892097,443.29431845730176,31289623.24756303
3713051.368254863,443.76196075881427,4508132.349162723,0.0,6922167.774262049,0.0,11942475.138160719,444.7864721470761,12153983.399648767,0.0,39240698.577922024
3362980.278989756,445.41852970679713,5328896.528855226,444.05157993548977,6338272.440257379,444.0581420970407,10280171.603442416,444.1962863211572,8709848.8796471,442.0610719037141,34022389.51680184
2913375.2090527965,440.92474651818395,2645505.537487692,441.2117365667347,5627805.563381856,440.85049915947286,10055754.357603349,440.35862724245925,11389360.96610495,441.0549569957018,32634006.03419712
4411288.553682984,0.0,9056899.44107571,0.0,6542049.056219827,438.2554816059321,9968031.988691282,0.0,9414205.144356223,0.0,39392912.43950763
2379878.9630701398,443.0288874776039,7355621.252156846,443.4875679076364,5497383.458458716,0.0,8731315.342099084,438.90038691381943,12115707.93148176,437.30572712294963,36081669.66983597
1735792.3801691607,437.05434323186023,8671090.973673914,434.20653898122674,3250350.482869236,437.3479059059368,8374078.216664491,434.2410036307071,7601545.655077789,430.4272789428922,29635030.985525284
1439129.3472315143,0.0,7442862.434119746,0.0,2325812.833026356,427.3770307014872,5538993.871511542,0.0,9366405.240888027,0.0,26113631.10380789
1012043.0178423192,432.80116069119515,5624184.904318648,431.9868168085691,1897198.0892436304,0.0,3057963.5834550164,433.9025880497933,11387779.91366609,434.7697093863085,22980902.96880064
685008.3754101918,440.7716447652747,4825113.584099518,444.24607849605604,1085338.095044276,444.4343702614002,1959188.507759595,444.11182198343306,7842725.373056498,444.50462826503815,16399592.003913851
318896.49673300114,0.0,4398148.209613596,0.0,405727.90411652136,432.22906273857484,826225.5401750635,0.0,6600737.572293077,425.6086414413226,12550593.56063544
98170.81430144049,430.77255153770625,3834995.6671971385,432.469165133283,304721.7038355538,0.0,293065.40967592073,436.91794992101575,6232136.672984601,0.0,10764390.427661248
1336086.0692982797,435.5044142806679,3723902.3866807297,437.3674781046437,953054.5469564736,438.5303137332036,1709739.71431045,437.6138955469049,5249573.256046746,437.30819682742555,12974542.297591172
1565008.867671982,440.3399421531419,3597373.681218679,441.0943830445821,2721259.318732086,439.39475855795416,2758940.374780901,439.52473850313237,4843806.599836931,439.90610457894223,15488589.102167416
4191405.532178188,0.0,5498734.712907917,0.0,4129542.5298892143,440.5066229179348,5723935.820626476,0.0,5825155.844897383,0.0,25369214.947122097
6893993.787089178,444.81192442245055,2765218.2978150733,444.7149462138286,3597244.3511312217,0.0,5333494.9572041975,442.0751468009449,2076271.8852324018,431.69022244655616,20667986.570711955
6170285.036050595,429.06103242360825,3873551.050100733,423.61857565127224,6218223.139693212,423.4992573439439,5999657.587026076,426.57942684027336,1401140.3156081173,436.7352139752428,23664996.62198497
6744491.057422107,0.0,2261521.1634629047,0.0,5778603.6298851045,444.860183643549,4413577.059234841,0.0,792841.6285545042,0.0,19991479.398743104
5886337.661847244,442.57280877906265,1909712.6590134243,441.8821561791131,8667699.865544293,0.0,5370881.6447461955,439.3981150062682,160076.00654890027,439.7835842805016,21996471.474364303
4941502.43763364,437.2085758872555,1174698.3209703253,430.2724592112628,5124152.928421908,423.8933791041219,7154226.428265638,424.5084944252929,968059.4552584427,423.8851681894409,19364779.338626776
4469784.500447717,0.0,890805.987480335,0.0,7747318.5326818675,443.7980568929951,7392779.251028237,0.0,1779422.3355111682,440.2362398426117,22280994.641446058
4327467.733440499,439.6005556620628,621338.1975250829,440.1333561277578,10421161.443612007,0.0,6426643.341486517,439.85631947222464,3062825.56338638,0.0,24860755.86968175
4218497.26859757,440.7546614650037,341062.16107173,440.41922021749417,9825359.664541619,440.1235418597737,4434790.086367171,439.862181611776,3840829.5148530193,953.9599164501413,22663253.814952713
3782434.229248468,442.6149393699825,59290.57743427565,443.00042203804327,8693875.458419176,443.3490830294382,5592592.640331687,443.29666104967504,4357694.640867323,442.84977211536767,22488102.657178532
3743555.8302408364,0.0,1684400.2264955856,0.0,9229793.945761405,435.6302171891303,9228455.530931354,0.0,5976374.549730632,0.0,29863015.713377003
5923699.891449021,433.07562033168824,2312293.0874217683,435.58441086389666,8911162.619862668,0.0,6454081.147695787,438.3461314368277,6755587.807023263,439.6513389906126,30358571.210954133
2848532.666655747,440.37134171495967,2840861.5947756995,434.21384353155355,5083312.917436699,430.98326558677485,7828098.691604101,434.7182639822923,7287038.033147697,434.2536482841805,25890018.443983044
2362548.658293529,0.0,2458611.068328361,0.0,7788925.785783561,441.07921091208084,13433405.802902209,0.0,7533112.451684217,0.0,33577044.84620279
2113201.873684243,441.77976204974533,2560038.6789602977,442.12126050064006,6370892.277864009,0.0,14105993.344824081,441.1719995117728,8104686.652413355,441.24538813726116,33256579.146156188
1915335.3687980855,440.50961083392355,3577984.6438812907,435.2837045728589,5398377.360786542,437.0699039289631,13705105.940767225,434.83046443608447,5860974.796668181,432.64602345951187,30459958.45060856
1507544.0992010182,0.0,4926708.058796061,0.0,4355127.87946556,430.9432278928354,10285621.627954844,0.0,6699280.011356293,430.3345393078877,27775142.954540983
1158495.071381631,427.61231624179055,5964428.954057262,430.22271609264914,3348060.3722953917,0.0,9030470.432943486,437.2365867213607,7846550.115531088,0.0,27349300.017827913
939933.6061566777,441.4933882323891,5613229.451321381,440.8149774093006,2743038.4754546196,441.2894910695067,7928625.122666221,436.66312842013025,8467180.563254803,432.8848209731978,25694200.364659805
635825.3381025379,430.20065258780767,6423400.554198619,426.5737326310169,1957377.9008695546,427.945990273964,6971808.778033813,432.2406624839541,8104250.069632828,436.33076308570156,24094815.932638414
285694.4718127574,0.0,8110288.22407438,0.0,1045127.8473977639,438.26540354928494,7382897.493304245,0.0,9116068.770105839,0.0,25940515.072098535
763985.132609186,428.4431479112591,7908835.254514147,428.0932231140657,1280046.4202528547,0.0,6045661.420982835,441.2831072046994,10082500.297165625,440.9638595383786,26082767.308862414
975142.1785820408,440.9202079256601,6329700.629390225,440.9714898005136,2004743.8509708021,441.0601747445453,3236748.430429705,439.261596894462,13385558.745610505,436.5923921517432,25934092.640844792
1917577.2025433402,0.0,7831249.449812473,0.0,2446409.0811431096,436.5548080388333,1730684.7463511191,0.0,12157443.144986207,0.0,26083800.179644287
1933593.6404238802,433.93335681250045,5415484.993140845,433.70498643154474,2934549.2947955662,0.0,675722.4707427173,441.2790448414433,14055684.64303357,441.696989375881,25016785.65651404
4021375.3263214068,442.36101251037366,4900908.45312353,441.99633891833435,2470981.2952648643,438.1950056285276,51197.43475681326,439.04529747114526,14689448.495961359,439.658155793571,26136112.2612383
4110936.183342188,0.0,4696837.236049933,0.0,5548919.554999163,444.56607315844667,695558.568471978,0.0,9777922.515154637,439.3196834173815,24831057.943774477
6629569.790303039,437.1623421250058,4638920.4894002965,434.8890758110485,5135736.429958263,0.0,881924.7157497735,434.796939071031,11079119.391759748,0.0,28366577.665528126
6772894.299733872,437.81117238739756,4061496.796273463,440.2713795359676,4839228.537507219,439.4803160434969,2189985.196004655,438.89742078817136,9916110.840040272,441.77026197049156,27781913.900110204
5637172.453690024,0.0,3997845.4188100058,441.37336899223413,5983463.907407351,443.3577724137521,1595384.7317264834,0.0,8742151.460470656,443.39604881249204,25957346.099294737
6439712.939186122,441.6310066935661,3732572.3013896737,0.0,6339763.584999347,431.96308909150827,3954370.5399979465,431.4720662488963,7860944.25507451,0.0,28328668.686809637
8430746.754440643,429.1124279525238,4428576.22931822,426.96970654534664,8038868.050377368,0.0,4739575.602098178,432.99710125976264,8033078.632920124,433.56992830566327,33672567.91831859
8676986.33781175,433.8827636815036,3019456.2283539255,437.23402286868424,9834301.56344775,436.29180577545446,4947321.4176219385,437.1003643541691,2704963.667505875,439.57905548182896,29185213.3027534
5101816.594620864,0.0,1922187.1985684044,0.0,7834723.081191552,438.7740272239341,4049327.555585997,0.0,1663578.0249261786,0.0,20572071.22892022
4663724.420284941,438.0186332403745,1595196.6436309204,434.50341395152293,7024823.836247614,0.0,5836835.487942326,434.3509899327158,380494.5493231596,430.8388327757208,19502812.649298865
4436264.799862339,428.46521387975827,1214464.4876418558,429.0333278423753,10633086.062306147,427.85558965291534,7214940.652294836,428.7113760882198,217227.65645230902,431.7229000999072,23718129.44696505
4238353.541229451,0.0,896814.2198670459,0.0,9595436.422398366,443.5965219399243,7959137.471436483,0.0,502572.21375978406,440.73951269361356,23193198.20472576
3720769.8366339537,438.06209346440244,510367.21145171794,438.3647431463115,8191050.745221672,0.0,4698190.708334784,440.62327811934523,1568892.2673760245,0.0,18690587.81913288
3643158.6721820896,443.10708877698346,205515.9330788268,442.61406359477826,8838290.231122015,442.68627803226985,6005172.591639905,442.65814858332925,1630697.8547102564,442.9383371787389,20325049.286649257
3224831.074653153,0.0,277181.5221681082,443.1219130829816,8392316.001782201,442.7750698438748,8913543.531813197,0.0,2653440.4634475787,438.4603081404769,23462636.951155305
2883300.1410472877,439.54767283371245,537172.6294351076,0.0,8035849.699946281,439.49998362734976,11124667.603184376,443.747191405005,4439770.2339757765,0.0,27022083.102436695
4689501.676821114,439.4175834177458,1326963.2825881224,436.4463521546286,9066780.19705231,0.0,11187024.051564518,431.58398483974764,7022251.754624456,433.0154477698133,33294261.426018704
2113951.1549486085,434.4086285073378,2203816.6778558274,437.4369450466646,7447765.299211616,438.1912860423494,10962926.679223875,441.7410857101482,4036288.2844965756,436.79424523115364,26766936.66792704
1459315.5413635473,0.0,2431135.784629132,0.0,3844755.587822685,430.1290537192917,10344460.517627444,0.0,6065586.95259868,0.0,24145684.513095208
1147383.9269827597,439.1583060195351,2222418.954677287,440.2672394997668,2684277.6928346953,0.0,9317557.316208085,443.3406868692919,7885558.50837605,442.29852371334056,23258961.46383498
743743.2710232366,433.9614172389904,2630462.9520760775,431.44460419382483,1726588.8895235602,431.7231778348758,12506791.409974618,432.1600339328538,8341873.70786426,433.5328627478003,25951623.052557703
182803.18907577303,0.0,3848624.186213246,0.0,957459.683720587,439.75889629635617,13702779.581158118,0.0,6081037.077056954,0.0,24773143.47612097
299127.35475398845,441.11023275624837,4562311.660503231,440.81073062665024,208806.09865626498,0.0,10667310.452400902,437.73159313254405,5725705.379074886,432.91525937617257,21465013.513205163
731565.9813110926,433.4165721944774,6057596.127669534,432.8772818467335,157786.10830205714,433.4446591406959,8758217.01613894,438.442834105171,8866759.504270371,443.8728111891442,24574106.79185047
2092505.734518737,0.0,4109113.8213317646,434.61212591163667,1414813.2549241346,434.6027439606185,7528359.859299909,0.0,10619203.753685849,434.14446022463846,25765299.78309049
1524131.7466753568,442.9865805777032,8451923.568143083,0.0,2257869.549073415,434.4630946130455,7777137.885959252,433.73787638702925,9734455.4112793,0.0,29746829.34868198
2700844.7497967784,434.08951239837813,10057639.191019457,434.5156049922335,4076406.2707021856,0.0,7028282.401877122,443.6108902775452,8288038.298279038,440.4600744942106,32152963.58775674
4120427.050911074,438.4282257347984,8403653.235823516,434.8269895782735,6383942.62518904,431.2149660021307,6004575.09022046,429.41583910700126,10891208.666026268,430.0086118515481,35805970.56280263
6693478.888583422,0.0,9555377.64470541,0.0,5188535.900842665,431.4901912708612,2144029.59738875,0.0,13356343.733600002,0.0,36938197.25531152
6306148.190072975,431.7498420557585,4638409.356989859,432.44027559969265,6566726.752590794,0.0,609213.9868552698,441.1542120060925,11655039.301996449,443.6532187494422,29777286.586053755
6807730.235780928,442.5983002337129,7079867.275264442,442.41360230051055,7222575.460200683,442.69377333290527,230231.02830522283,441.9925545178384,10619860.127328277,443.35767477832843,31962477.182784714
6862193.80690979,0.0,4751855.183452124,0.0,7961222.414240342,440.9074617399594,718831.7877922348,0.0,16067973.292139178,0.0,36362517.39199541
5406533.329516042,424.59515780811296,3670348.0775104365,424.68122950176473,9202373.856710022,0.0,754108.5641966652,422.38533742305543,13394815.481335035,434.0149291763084,32429884.985922113
7212585.545226766,436.0354474035927,3209658.682532042,437.31636604866145,8205860.1485152,440.0204222938712,1393593.5029742508,442.186030084885,13920842.867774937,442.0107978657189,33944738.316086896
6785513.401615206,0.0,2862497.572377345,0.0,8697796.041656338,442.0126416921162,2599397.5752142537,0.0,10512101.055505339,439.4362862257867,31458187.095296394
6604998.261511459,440.1691530497529,2539296.706103155,436.5614344906068,9451322.20733831,428.6487594780501,4198978.398929468,431.07831570635045,9887687.84494111,0.0,32684019.876486227
7550536.249996893,431.1833810078207,3904373.486736293,434.84567933233114,13607296.85744115,0.0,5204023.714696395,444.1755102103852,11540112.307865791,441.48177061461803,41808094.30307768
6163542.255708318,438.6563419193746,1825303.5378420004,439.1824475875642,13401327.819126982,438.78492897657617,5783811.394275715,435.57734284452636,10633790.575711822,424.8945438337014,37809952.67827
4747482.533547702,0.0,925877.1593616077,0.0,14202315.999299064,423.01430053328903,6103967.693043645,0.0,3983126.1920431876,0.0,29963192.59159574
3595466.4020586777,434.1718925388584,579923.3228047279,431.78660334346995,13994019.461882025,0.0,7073671.169516541,429.56014413221106,1434918.5616780855,428.05581382690673,26679722.4923939
2793920.133721496,430.742137212938,264370.7344387882,433.289060325972,12444530.86890419,438.5454065441153,5526700.466538877,438.77622665672266,516901.93695096206,440.98626814775844,21548606.479653206
2537889.410266492,0.0,765.5172543295414,0.0,8805225.292621277,443.04214660227376,6705159.745718497,0.0,1675353.0685726458,0.0,19724836.076579843
2196635.3355962667,440.9864613353269,797602.305811115,440.8550363170146,6921018.254995649,0.0,5870975.91778873,437.28103161235043,1293609.0700918427,439.9429220501386,17081599.94973492
1694270.8048151238,440.20380077691283,849586.3388617756,440.2559751442397,5543142.124746114,443.6457886872265,8560396.087155329,443.3653881092909,3272840.966010014,440.08342337493934,19922443.875964448
1153294.3126970662,0.0,1784554.9207086205,425.3333175588543,4226341.378624142,424.77325104834244,7306437.038804972,0.0,3734138.003549695,428.6588900798056,18206044.419843182
884429.3102001777,435.0453560774594,3766858.779969018,0.0,4035826.9374589208,436.1357626331062,7650143.897536851,435.6141933049338,2972487.786934061,0.0,19311053.507411048
758547.3085089963,433.65967747563707,5388940.550166991,436.9002193544019,1064256.0006529982,0.0,11511908.32173976,438.5222901301083,4240044.4581806855,438.4546742829665,22965444.17611067
336782.3535676764,435.44064536194765,7728058.467745302,433.45613757841767,420047.4123885614,435.4100391471243,10477328.83103761,436.27327512790674,4191948.0739743738,434.2929919158398,23156340.01180266
955157.4710633996,0.0,6792573.02990525,0.0,1233673.5600352297,428.96961174109254,12811610.42993782,0.0,3524745.427698563,0.0,25318188.888252005
2465551.2574076825,429.96719397074685,3762378.4976708232,430.33113593482915,1781806.5999108194,0.0,12766673.232534613,441.15430867344253,3913587.603872261,436.5470458797397,24691735.191080656
3035329.422291283,434.1993283200323,6977861.536089371,433.85228257400536,2406559.3494509626,435.8309926477035,10105752.085036574,436.20587844658417,5054720.725826864,434.8766759333061,27582398.083852977
2293033.433794451,0.0,7048167.610233154,0.0,1428562.050333679,432.42402112820054,13998795.481042854,0.0,7153863.834970985,430.8631748174584,31923285.69757107
3333154.400261207,432.9309922164429,6847914.84703551,433.55816373929736,2534017.367599964,0.0,10605080.148799194,442.0849512244663,6422584.422747084,0.0,29744059.760550138
5500025.781842799,443.38013205829384,6084084.56687102,443.37476163220526,5644896.156781408,444.23598193634825,9649549.507301282,444.8189021958513,6466494.418792885,444.5687237196986,33347270.810090937
5378380.758890094,0.0,6309368.3504645815,444.94827634600074,2934215.3557225615,445.01358184195374,8243924.541016224,0.0,12034908.975492781,442.07291417123156,34902130.0163586
6041977.833057128,441.88322303441714,6055514.001612806,0.0,4686162.33094663,440.6839439527565,7911428.568328914,442.69464942357246,7720022.951205967,0.0,32416430.946967855
9770564.796406353,441.16078548240245,7923463.690293184,441.22130933593456,8255131.203221801,0.0,7388203.746428059,438.44913605568547,8709607.25753616,439.2424297959461,42048730.76754622
10664932.845362788,440.2420158453072,6374971.990252726,439.8811145067089,10070146.467851048,439.536445268239,5783578.451048426,443.68372371829696,7965287.859155824,439.6043952012808,40861120.56136536
9751254.646776816,0.0,4408071.197462374,0.0,9120229.559526265,438.0896417996774,2953707.5616206205,0.0,10076625.659891447,0.0,36310326.71491932
4382482.554895829,438.649460573825,6190971.3737631515,438.01358250178674,12437743.265960954,0.0,528937.4128924928,439.9189851865432,14120129.8430236,441.3078698934074,37662022.340434186
7062245.014030574,439.4294763011168,4161496.379865763,439.86016348052317,12987555.185586253,434.20719450775647,260369.2924606847,431.86329438782724,9682706.633260082,428.73794347113886,34156546.60327551
5177750.151900237,0.0,3807213.2478635334,0.0,9379077.187718041,436.5138231717246,660467.4941877056,0.0,9071110.256480709,0.0,28096054.851973396
4861206.937714465,438.46890243929,3605850.736846406,434.9335145136917,12752938.059981434,0.0,947585.2683124081,430.96767398744004,17527090.952558972,432.4670284761149,39696408.7925331
4491685.906727629,433.71946860979494,3236916.601847834,436.65204773171547,9977886.811503408,431.065209217796,2188803.5909949313,433.6493091282862,8786041.575847855,435.51543679911396,28683505.088393144
4070697.0587464245,0.0,2971310.518962417,0.0,14793849.85768012,444.305000584825,3320127.9004232446,0.0,12042809.498940907,437.42487465076357,37199676.56462835
3512088.5769105763,434.6004923526461,2761919.806779486,431.947611868344,11583344.26452018,0.0,2299076.3547325116,427.4413635552989,9827652.791545589,0.0,29985375.783956118
4876274.583872693,434.53755058952675,4433516.869288464,432.1446353528758,14047553.833436357,431.99766198469945,4428467.782758421,436.5390000305732,8658990.175610032,436.9688740410961,36446975.43268797
3679480.8094060537,436.8198335573918,2347459.4523955635,442.63430461837675,12481747.151834508,442.68189777927495,6204562.790376268,441.3586614458912,5611146.338218136,437.86173356859763,30326597.898661498
2244152.068093421,0.0,1436530.614983056,0.0,6523139.654918986,431.26068932189196,6083273.919328386,0.0,477.0290360581837,0.0,16288004.547049228
1983425.0615134828,436.0030578986692,1159728.3915704617,437.11061367608585,7837459.828605943,0.0,7239143.853734229,431.6233088679049,686329.194876899,431.6793001415155,18907822.7465816
1726382.8750752916,431.6921663045406,920885.2980199119,432.17561915523726,4666916.505819101,442.1690347295142,6292023.521646924,440.13835964851296,785682.557681401,441.08268978017355,14394078.016112247
1495028.9792852197,0.0,461939.2209688009,0.0,3585615.3282165206,441.28726636837865,8387907.325613928,0.0,1630708.1468252726,0.0,15561640.28817611
1186833.559051067,442.16437337463464,154630.65692575512,442.44918769762535,2757326.115099923,0.0,8447232.702984,439.3021408186524,2883210.988612016,438.7077676973303,15430996.64614235
945980.3959101329,439.5626438133016,461631.3002687114,439.52022868624823,1230937.4714718084,442.1483507167875,8958036.27919104,442.478943817212,2236292.4469506834,438.5324152015817,13835080.136374611
662400.5272964705,0.0,929092.0287245829,0.0,490172.0141154056,438.6472624117184,9269048.131250571,0.0,3276856.9407706773,443.9418149198993,14628452.23123504
387103.27286342526,444.3541306122647,2830288.187784614,444.20030456687033,677077.9680794798,0.0,6087034.471239245,441.4237884813475,3059267.090395264,0.0,13042100.968585689
177452.8749438114,437.9952864617723,4193737.0008767345,437.4719244440408,3149082.9296991844,433.4819896197683,8455852.841617225,434.5477738681558,4781636.87019851,432.71018544329957,20759938.7244953
993256.3627644759,428.9571815376329,5677170.1513408115,424.67316719619,4087751.593342776,426.4145370995187,12013801.407843279,424.8531189976057,6899696.58030726,423.6363142827383,29673804.62991772
1249947.4717151413,0.0,6071781.090810087,0.0,3557292.2514209943,433.45968388535266,9544627.28380315,0.0,8270281.979297152,0.0,28694363.53673041
1469422.5780635497,428.3222813265302,5933137.16467832,426.9627342364887,2624986.8372247666,0.0,12978207.742527984,430.41678852715563,8308814.501022779,431.29653579449086,31316285.82185728
3872830.627461654,438.1244396316846,5443020.977602405,439.94042249680086,4990456.3064853335,444.7187773770757,12122721.708403762,444.1496407893039,8311347.433140951,441.7207324618564,34742585.707106866
4305640.896496978,0.0,4227651.493333189,0.0,7698051.774514419,433.1191301070328,13403506.911958534,0.0,6484718.1346915485,0.0,36120002.33012478
4292868.194265108,433.98770379692314,4796933.9006677745,435.5586843754604,7626046.107750961,0.0,8528658.748626312,436.7424143654307,10367408.454321649,437.9425033298159,35613659.63693768
5631995.087894947,434.62497984215247,6487889.69687174,435.59468346099067,7337635.561363992,427.144088304672,9719419.168078052,428.51145036543176,6927712.067423285,427.58897582073286,36106805.04580981
3029215.5997338076,0.0,8780772.22020675,427.053663776463,7165728.482739324,431.39107710530897,7788899.7672836,0.0,11321137.698468823,432.10632918890855,38087044.31950237
6163405.451795203,431.4426625646811,7987148.779768473,0.0,10817191.37261403,432.23778568904373,7377811.541593642,428.31827183959143,15819200.064379694,0.0,48166049.20887113
8360815.045801243,434.07781320948766,8379436.073198475,430.2118679199642,12210715.69039217,0.0,8147520.751551363,434.649657766701,12622296.097983828,432.01666552936615,49722514.614931494
