244408064212.70737,13885220114.811129,252173141335.14294,12532110137.41759,245409913446.09723,15000996081.58006,239332980375.3741,15041493396.084843,253023565730.31967,13609112710.606333,1304416597540.1414
1675102.3035072577,427.86086348897084,1788255.5817198153,432.75743570596245,1590374.6844013534,0.0,787995.5908826621,0.0,1191063.1073809639,0.0,7033651.886191247
325977.824274576,0.0,304779.25327546435,438.57607298614954,1198412.5452322862,439.14652359899026,1781537.3049845048,440.5724628467901,1076397.141040415,444.50511897165745,4688866.86898565
142201.36215199897,443.89845262401275,105157.43960808276,0.0,3532694.2861368004,443.8587194482328,1765620.5548612105,444.016323880468,2811338.4500799347,443.7077786708553,8358787.574112651
946097.1589671929,443.4064978552796,857714.243599287,443.60023611486605,2196098.1103513697,443.29246392256505,3601378.338571404,0.0,3385953.5531975036,0.0,10988571.70388465
2796485.6970806518,0.0,815005.670516313,443.15244257443504,4327089.872188801,0.0,5557032.0851423405,443.0862193957657,5632660.919348349,444.1432718865544,19129604.626210313
2044245.143420999,445.03414130366065,2385132.021455707,0.0,5315732.107382028,445.10006243400653,5625516.271639286,445.56550906494283,6011009.726794341,444.8956721545354,21383415.866077315
2096115.2556822454,444.2666651366905,3122990.760579698,444.14033245458256,3762651.3223717795,443.88426138750077,7209723.043183239,0.0,3114060.767475425,0.0,19306873.440551367
5021792.6455896795,0.0,2320326.9157890636,443.6138227057089,3934740.997740123,0.0,6447428.46645307,443.8866102191558,6148112.868403135,439.2408965003255,23873728.635304496
2738626.868834705,439.48501691564616,4383207.107980827,439.2370633081069,6442351.333841612,431.9669817413458,5033892.681231073,432.02890284303135,8791264.434622142,436.5716585536793,27391521.71613372
5450429.011795048,437.2174060340194,4008190.8920329073,0.0,5512956.336521452,443.18365918328936,9012739.610974753,443.0139719109468,7664053.747348786,443.253815046006,31650136.26752512
3067299.0273185438,0.0,6720671.313110927,441.77840487055056,5577613.791088837,0.0,7707431.078156891,0.0,7455648.709455909,0.0,30529105.697535977
6386628.563377276,429.1841462026377,8790880.565780235,429.8812612540668,5978658.469560219,428.5035155846768,9949903.468660967,428.6161805187423,8890120.671868693,428.7692625184407,39998336.69361347
9163836.287029287,431.04315150482273,10428569.952942904,0.0,6881136.049954542,432.8032076091071,8964509.685636142,432.9271752684794,7957344.8388730185,443.08953496049475,43397136.67750524
4776961.085373361,443.5676903288577,7724450.547094496,440.4943825239817,7362395.763425767,0.0,5103964.776531046,0.0,6910596.044041266,0.0,31879252.27853879
4535299.276710597,0.0,6011080.682218234,434.59598920669185,3992814.3352449513,435.1894250616545,7299681.011101646,430.3842162847164,4836886.367001379,430.56701586535746,26677492.408923224
4442353.574132187,433.9471995026971,4531926.994154312,0.0,3396482.2290660464,425.5482770741787,4536955.831035971,431.20619192844936,4547205.449889155,431.1742388466874,21456645.954185024
3860587.570423705,435.0532529495113,3875220.619265507,436.7865693178547,2885681.6216030875,441.1339128011196,4339801.3802058995,0.0,4227515.845126656,0.0,19190120.010359924
3422898.029985989,0.0,3577972.0147101693,443.75795043968776,2368621.3441458945,0.0,3644456.93860789,443.9511149352949,3077678.7347811023,444.4118060624951,16092959.183102481
3283811.1006355924,445.4075914596577,3638050.229481886,0.0,1798886.812117938,445.5592967068377,2725937.4467513696,445.61965266178856,2551573.7611316945,445.8413939948911,14000041.778053302
3020706.6890164744,444.3036278458821,3044710.281052327,444.15326624629535,1095640.003903796,444.2325511710149,1788513.138518584,443.85216317933424,1816971.458816722,0.0,10768318.112916345
2720347.4624458128,0.0,2735844.80197581,442.98804266293723,783191.5669710138,0.0,1188857.4799207028,0.0,1307994.9211021701,421.36358099597777,8737100.58403917
2381707.5411536796,423.2483647805485,3335856.3740836135,423.1900913028161,637238.2765830642,429.85097265223584,910809.4294386042,434.6585725348906,891316.5954879225,442.6311904942502,8159081.795938649
3463814.6550000682,442.30513133606837,2753545.3046152764,0.0,866199.5585202046,441.63439739345085,1111347.6300917289,441.02935316571467,984483.3527997733,439.7831039430861,9181155.25301289
1407357.614712463,439.491061041895,1733344.205670243,439.6586358580848,1326441.0683827815,0.0,1660209.5375162582,0.0,2537785.148422845,0.0,8666016.72440149
1218791.0639789682,0.0,1550625.6754226899,440.7478106177514,1605191.1611421073,439.82220684249364,2111498.7702697716,439.3196834173815,2611939.415092228,439.0760338678536,9099805.05164051
1036423.867458134,439.8771740237131,1181947.5439896258,0.0,3107921.6393340253,444.19060209772357,4251153.909173836,444.67467387652755,3948687.410316632,444.6885228086466,13527907.80124506
661698.0648749063,444.87945094144874,884074.1365273184,444.11280166397876,4485852.1761838645,436.98812777816005,5357208.389632015,0.0,2807824.050222406,0.0,14197982.797820894
300802.180968656,0.0,510270.2710078435,434.7005237740927,6557402.600326439,0.0,5954706.207121591,443.62320673636486,3343724.599556995,444.356778646853,16668228.539490685
15938.675267829334,442.85561690239985,107028.85875673441,0.0,7407311.278212801,433.3049136055053,3983392.552794246,433.8975382746004,3502295.151516353,431.31520049222996,15017707.889817238
758044.5285472906,431.2063766421106,570396.0015030166,438.0169178821318,5324223.824986608,438.5265884523951,8480984.695974274,0.0,3861398.304240928,0.0,18996355.10513509
1102943.1608355448,0.0,712019.2136894905,434.6925458455856,7194847.231235218,0.0,9036182.557414578,433.0622058045042,8561292.787431052,434.0224144153156,26608586.727771945
1460412.3846619122,435.7422287749274,1440950.199864252,440.3380159454359,7451040.665928614,442.53837079025857,10265889.377792913,426.64858294241407,9863272.727129593,425.18133183078794,30483735.80390757
4356200.488250371,426.67661336845197,5595874.706477386,0.0,9663632.646136645,427.67853698452745,12464535.839619217,443.2997845446869,10145273.61234008,443.64451778045736,42227258.59227638
6088770.935264575,0.0,3021907.5968055623,430.26022924519714,5358905.927926149,0.0,10556349.710098397,0.0,10549155.285142895,0.0,35575519.71546683
5564245.774714124,422.3938448162567,5199034.609194656,427.13711029947626,8116459.648211,438.2377377120264,9740582.691240083,438.5865827224504,5385452.507395177,437.8728757379565,34007939.45890632
4542508.250003044,436.8437187002567,5090404.928034212,0.0,4685676.145464919,438.4726267400741,5865272.940107621,438.306240891597,7832494.624883269,438.3656021864434,28018108.87668158
4175400.1847758642,439.8181713320995,7252991.605276271,441.9633488889152,4387375.392521218,442.7075965010269,5234205.755523662,0.0,4833884.08203748,0.0,25885181.50925122
3692114.7190419696,0.0,7242559.443558952,443.46343914328804,3875271.447187285,0.0,4458731.340226185,440.270416729903,4415341.657664318,437.391613227426,23685339.733147807
3415677.529531982,436.0818209307222,7214813.816625864,0.0,3001685.5819296036,435.7699577058108,3820533.929383292,436.3155386484847,3667068.891685859,418.55361737027954,21121506.470091254
3255634.762503758,417.79906871959525,5127994.125767157,415.74705432660556,2388288.796635261,417.1280270937869,3105061.4144549184,418.16484153064255,2954949.2355079907,439.07134174081335,16834036.2452025
3315304.664524687,0.0,6690291.174556281,444.6981488157086,1725343.233831997,0.0,2291659.0222664597,0.0,2606090.1578134857,0.0,16629132.951141726
3638921.8541986123,439.2462630818317,6953976.8768867785,438.90670202454675,1955541.3181639921,444.3127469135598,2338200.590366745,441.3156088035767,2479236.187226617,440.91180694774715,17368081.519970518
4225166.709244122,439.1386690031953,6482934.439555619,0.0,198107.79984854997,437.36548280031616,149665.8082598846,434.3375899842425,203093.35947090402,434.06723768542713,11260713.025358548
3977290.1424363037,431.94557303539534,7987681.538122594,430.94931609478346,336900.1552235022,0.0,692483.8156187142,0.0,835137.5762104227,0.0,13830356.122500667
2767463.940857749,0.0,4991708.355095663,443.4278857494759,1825806.2600016824,441.88535676047974,708549.1568870125,441.8715848913486,561684.7735076036,440.8556155353378,10856980.52679265
2464940.080134027,440.59377105018166,4250412.571145338,0.0,1424850.2077206473,442.04913321069716,1617712.3508665813,437.79879572305543,2277945.173700188,434.28090704186343,12037615.106173806
2102926.3556198794,435.24267573385345,3310336.8990961863,434.64843787949803,4068915.370039739,434.6491885785049,1998614.061545249,0.0,3808456.7450494505,0.0,15290553.971652696
1733550.162174551,0.0,2849023.6139344308,440.67950677556485,4281447.655329577,0.0,5444433.575563606,440.7746362775949,5108766.229623503,441.73623952852586,19418544.427008253
1608256.3104608096,440.8965508179489,2407834.7548270184,0.0,4468481.5388010945,441.4926137055153,3539104.0272044786,441.37414310077327,5930100.4286196865,440.63841890139474,17955541.461639613
1018518.60435636,441.0001780853395,2124988.8215946206,441.6233535909239,3591599.5634129345,441.13497604644516,6313473.041229118,0.0,7097266.09594522,0.0,20147169.885045975
839638.7473394121,0.0,1719262.6769872278,442.92186860620143,7048598.147313676,0.0,6434408.80634918,438.16534606899205,6879058.516212221,433.62268996648214,22922281.604106355
627801.0855478382,431.0682550208108,985964.1508101851,430.3468654878758,6654891.350428053,425.01384226363757,7420647.115177824,428.7460695482065,8976284.456037467,432.82637634796964,24667736.159410037
534924.5834604797,435.4956531896438,626923.0356681932,0.0,6724842.7863678485,440.4593999516937,10015575.68568988,440.7876643047247,9224221.652379325,440.9897455498884,27128245.476028718
1068858.4937924945,0.0,850525.800007703,442.16398493283094,7795357.1540541435,0.0,8556391.562499413,0.0,9708765.749241998,0.0,27980340.923580684
1543693.4824684344,423.5225097830665,673705.7903420225,417.7213973331607,10451449.766895158,416.3818774336147,11241965.874381263,428.7144800111924,12277923.419420727,430.2810114051083,36190854.954783574
1884427.2164442157,430.7909865522379,1352215.2398946723,0.0,9806345.616129484,441.1268568483732,7112377.444780089,441.0328312473753,9658959.56242876,441.2312693246043,29816079.261621196
2450797.7137087905,442.48798813682214,2211814.8160809646,443.03941671761055,6559435.847522149,0.0,9473989.553421296,0.0,8302852.770219579,0.0,28999776.228357635
3950579.142390276,0.0,3706100.531941265,428.7436043012658,5875960.832466606,426.05601483909675,7625518.80494168,422.184804025597,7691618.453595567,423.95836364842427,28851478.70812221
3813993.331609698,424.71446734908756,4554474.487941047,0.0,5589255.381206748,433.72955998960737,7158759.815546456,438.145797750931,7917033.6430612095,441.1573053823067,29035254.40649563
7062642.826413971,442.4082552628751,4831444.30477857,442.10776518021254,5538214.295321925,442.5349661954977,7208305.955556924,0.0,7143728.6931100525,0.0,31785663.126168083
7356630.77685389,0.0,5437070.475139119,436.38457721913863,4871209.007337562,0.0,6034374.824721361,435.6552922205228,6639763.194634997,436.93568192679464,30340357.254238296
7445523.070675648,432.0943657014328,5101314.332987986,436.9137778935204,4597981.222496368,436.81556862815717,7637748.706388314,436.0524467368287,6969402.977300929,438.60894147337456,31754150.79494968
8171250.458860232,441.70416048790344,6814065.222793912,0.0,5745435.881774962,442.51891666862656,6279602.25225232,442.44393703313824,8475973.593301702,443.14220058285423,35488097.218197905
6816098.292528429,0.0,11251050.399847623,445.42375266295255,2640241.1014430798,0.0,6251997.563775116,0.0,4501821.312397207,0.0,31461654.093744114
6756820.118966886,442.5143451982435,9491032.10130066,442.2668487344008,1960394.2152959993,442.2496528699925,2965590.1667594383,441.77239460577846,2621258.8270650283,443.3215526227825,23797307.55418204
4245506.683256748,442.9484722936354,10063898.779701747,0.0,1379787.533020987,443.0743227778345,2588804.206583879,440.5931925197026,1850845.2958298794,437.62921072812924,20130606.743591566
3830501.2241283897,433.6091481384084,10429949.471047973,429.69124796334467,755692.6927290543,0.0,2108268.9679745473,0.0,1122305.3900102084,0.0,18247581.04628627
3838185.8521965276,0.0,6129331.372228828,437.7343531725678,208151.9041963758,440.02994343750225,1692437.4229344192,444.7751718774854,167754.62221901034,445.3635482800575,12037629.076791931
3963514.4985554907,445.2336371712357,7128644.354035,0.0,447875.61957378767,444.8014090366494,1052951.9533673348,445.3454211796268,250459.70681631498,444.7728136327727,12845226.285628948
3755063.1124523394,442.8972167597625,6119664.124501352,442.1488362348126,2117146.953287813,442.5344798290939,348498.8924830583,0.0,1441113.8491106096,0.0,13782814.512367992
3222669.7455454464,0.0,5620444.369662578,443.6749237775483,2865896.920827212,0.0,339766.97220900847,440.80156171589067,1984933.264446332,441.3370857010326,14035037.08626177
3027329.4499583268,442.8780233486659,5150316.793530622,0.0,2673480.589782168,444.860183643549,930428.701633604,445.71692721316936,3816282.750480017,445.274306266679,15599617.01482521
2566317.7006949554,444.4803887066998,4707644.328814722,442.6948441108583,3576248.165631987,442.2531502256116,2997829.2004666785,441.7631856463702,3578416.098063098,0.0,17428226.685240127
3957492.9602333833,0.0,5279657.155198643,435.8710000911463,5300459.661787026,0.0,4912685.26596042,0.0,6728897.144691347,432.36495802340175,26180060.423828933
2138470.219158616,431.0408443430846,5011563.948499557,431.92231316732085,6421621.485627086,432.4199344818906,5686623.891388166,433.01786925275894,8774377.385813905,436.53597108184823,28034821.86741966
1534187.0861505838,436.64371390926686,2860701.390115354,0.0,8122796.029631551,433.35033501111536,3904047.656325108,433.34623083777814,6799923.766082491,430.19826251064137,23223389.466847356
1324927.6391471478,0.0,2409435.7189842253,439.2145446548891,8217059.079304952,0.0,4311742.37637118,0.0,5095750.833515908,0.0,21359354.86186807
928733.5215885177,444.91651569200906,1650139.4417730263,445.3275910694082,4757791.169979307,445.0937646465808,4046295.398252313,445.0179099918192,7971443.8609163575,441.47886630570906,19356625.227157228
685358.2366697305,441.38527121109945,1025133.2631909472,0.0,10163178.101304637,440.79982449157075,6920482.524657045,441.1012446701829,5443044.231078465,445.09563428362225,24238964.738875482
312051.4479631967,445.1298809407206,307761.39025087946,444.973353749748,10519447.003817476,0.0,4822780.350800263,0.0,5138304.97379309,0.0,21101235.269859597
58277.96158041266,0.0,250745.32220342942,436.82684717766415,9968321.482190404,436.1196070632946,6900342.795914495,435.748453329778,7710116.272707194,438.0631419535297,24889550.59264546
400437.8264724509,443.1121601384669,644839.6989419044,0.0,9073128.950266847,443.9796047758221,8260008.234110908,444.3674691814588,6658373.896438209,443.2492283792629,25038563.314692795
1009012.4763107842,436.5195019087888,2117068.064779557,432.86797464541445,7355582.715590476,433.147085324514,10037231.634160962,0.0,9900113.868893092,0.0,30420311.29429675
1712479.0545535388,0.0,2940547.891292057,442.55432444641303,8351551.710866198,0.0,10855242.105410144,435.05908177706266,6960369.807713164,434.50838406244696,30821502.691625386
4958011.991854788,432.5138539757124,3107970.834216929,434.27612948649585,9222024.29556158,441.38256170647134,10546240.738818116,439.8918791127899,10855815.933626268,437.88373275611946,38692249.742234714
5452628.944397495,435.5021533202058,7133142.737106499,0.0,6248721.400671766,433.6492157220049,10922428.079184033,429.93404704774906,12231970.307310898,432.88500712779063,41990623.4390939
2672855.1041278313,0.0,6649504.906650777,429.25451558533905,8456489.299593702,0.0,13157867.644180102,0.0,11679383.954368582,0.0,42616530.163436584
4699716.64098088,436.7642064665106,7335576.488844387,434.8575138766671,4337628.641288783,433.5084981635922,9514667.067962384,433.9587045726481,10888419.402278114,438.04407929878687,36778185.374356925
6880725.557816259,435.90403063786226,4392473.585965747,0.0,3653389.707971363,438.57053169163044,11810605.370367497,439.4664058884649,6918283.208900013,436.2457656922098,33657227.617754795
5169037.554097511,439.90331708404256,8430974.206576036,439.9209077299824,2663531.698736646,0.0,8434817.09628415,0.0,5974229.761964138,0.0,30673470.141883295
6180022.1255648555,0.0,9573834.744223302,444.20941939370005,2211748.2461452624,439.51830964330367,7423230.455730687,436.80836582565945,5025221.577140235,430.9262556320166,30415808.611154836
5306917.448076338,431.5882407416935,9424770.232340762,0.0,1930185.3646074554,436.69466884240444,6775301.039473799,437.67478211000946,4326750.971210036,440.3728829130329,27765671.386282995
4853399.071844918,438.4232610201086,7528700.169084438,430.48544561225845,1294938.1717876613,430.7480354129532,5455341.503820062,0.0,3344062.108839848,0.0,22477740.68211897
4772000.127432435,0.0,8907049.827491704,438.0063401365103,1141861.2138545343,0.0,6209630.247720107,438.42240175398064,2468119.293360965,438.31397031049124,23499975.452571943
6295767.487479926,438.9994402569715,8335719.728915464,444.6775221679904,443182.3819862208,445.02479585830145,4707287.042895262,444.68449572525356,263162.46031030617,443.9536602705797,20047336.441501457
5536726.295418706,441.3267339624788,8289445.658171123,0.0,640961.5779170997,440.3952314974216,2682537.89024183,439.9164859051938,1487584.5740655856,439.6768790864839,18639017.311144795
3390896.737064236,0.0,7263144.0281592775,438.116430873793,1135945.9585226993,0.0,1510524.5289401032,0.0,1714934.31953956,0.0,15015883.688656751
3021353.856667114,438.8824950869311,7666431.608350305,439.61917805347576,2888354.6697670096,438.90603223146064,840630.7705850762,440.3805890652172,3171486.252679859,439.0077685171173,17590453.954112317
2579898.953516416,439.3821004142479,4677914.234031011,0.0,3058573.825491922,438.53594953472975,116154.94108931087,438.22142604493735,3065724.8545669983,443.4272020862333,13500026.37537374
2303169.5020918814,443.4778965491492,4257514.227893612,442.8600980102744,2989251.521900496,0.0,599275.426021104,0.0,3141436.0125745926,0.0,13291533.028476246
2164574.6246781764,0.0,3890415.7118456042,444.0799847184314,4419927.647995634,444.21961276138586,701813.8930646975,443.4928433718803,3675511.5224879966,443.49792356718206,14854018.690436527
1874634.8770070549,443.52381483200645,3179155.771568113,0.0,5097035.830724884,441.96286377816705,2299392.5211228486,441.804289653665,5874202.328330968,442.08864013006627,18326190.708362263
1635573.9888444121,442.50461897977584,2717723.410667042,441.7578543190334,2969406.060274254,442.2944426332222,1510318.631111956,0.0,3512090.145703831,0.0,12346438.793517428
1224374.327933364,0.0,1912959.4932971008,428.18436165888994,6056689.319014763,0.0,2255632.8779137637,434.43937533582067,6779854.910405192,435.5502037815821,18230809.10250496
829149.7914876663,438.532033114924,1665740.5442802508,0.0,4163040.584804831,430.06225573212436,6245553.244225984,432.0766535372489,7076611.065202904,432.43813922797756,19981828.339083247
170552.20197874832,432.39569482694964,740057.9031190914,433.18660152010557,5476276.725308863,439.64250626456953,7854112.499724889,437.0631671496955,7357203.437622176,0.0,21599945.05572353
649776.7473450865,0.0,392046.67374080705,435.1374100445757,6743872.318599065,0.0,4837133.062241727,0.0,10384830.20384564,428.4759741433049,23008522.61915651
1311143.6979175715,427.96436609694484,1305563.4788186853,433.3438056809831,10416779.222936323,434.8575138766671,4731577.490470178,435.14737941006734,8002442.505379541,436.61956656105036,25769674.328153923
2495874.0553690796,437.12067366314756,761139.6146223793,0.0,10079934.718135705,436.0129725421743,7838932.075718715,438.27313152792135,10956776.464609766,432.96022668377344,32134401.29546006
2173784.367926832,427.53921564879903,1204252.2543801886,430.38881658494705,8156295.513744357,0.0,9532453.045406457,0.0,12754576.172912609,0.0,33822219.28240268
1671794.5922730123,0.0,2125228.132480374,441.79973293628547,7433301.0390792955,442.46182869736487,8491936.365648732,442.3357427523535,11337598.249260914,443.4399967049249,31061628.416043416
5397261.440609524,443.7854372516711,5122738.155238177,0.0,6562538.225397242,443.37153943899875,5844132.995813321,444.1865840275452,7599388.237152333,445.0908126200735,30527835.48858394
3682547.874409659,444.3225527803348,6640090.816153487,444.0998702287904,6015479.069304935,441.98071655522745,9892352.096578905,0.0,10068080.719396457,0.0,36299880.97898301
4145706.277565411,0.0,7968906.416315106,439.03572314875913,5513159.188821512,0.0,9279571.805549614,442.37578693706985,10272132.621293828,444.20001054642626,37180801.9210661
7610780.122202563,444.1634570369981,4617198.370767746,0.0,5052859.445076953,445.1170870326639,7915482.28362208,443.8675266814471,9393710.499056265,442.4985889390404,34591806.3673853
8783165.967335846,442.61270128468243,6524758.8165225275,439.80049282606035,5670943.592231976,435.64124607666315,13188764.962318711,0.0,10717951.632407613,0.0,44886903.025256865
9297585.62242911,0.0,7191797.884633659,439.3324338355202,3896099.499200251,0.0,13688063.582238933,443.7268484744028,10499374.335858885,443.6240865095935,44574247.60772965
8611247.404000813,443.6789325961552,8306033.771065284,443.71657991496664,3033157.0096003613,443.27372423165025,10623228.041112497,437.88592327242236,4799516.760468641,432.5042836543997,35375384.04569126
5382669.312822398,429.5097408817504,10283708.88167659,0.0,1875203.9665932932,424.7941339311034,13020382.971584693,429.7054633258652,4279284.244555377,432.0057266994487,34842965.39229719
5066876.165470303,0.0,8056053.651533604,437.21009502688713,1409422.909489502,0.0,9584947.050317029,0.0,2569752.5101516023,0.0,26687489.497057065
4579847.84785993,426.5197807643166,6224589.050363572,425.90729648054105,777097.8181114292,430.8084090911036,7279714.959931201,435.3832033916045,1501453.9826359665,437.3010727557233,20364859.578664582
4042056.252089854,443.0261577563348,5633441.2750368165,0.0,216496.27969096936,443.26738042443685,5458748.699407127,443.00578339944536,546382.1380770592,437.8508776413024,15898891.794501048
3639890.3933914294,438.0591386584106,5081087.146186313,432.08945066213846,630080.8853033605,431.71540139082776,4758947.365503138,0.0,767949.050532607,0.0,14879256.70490756
3482921.639394149,0.0,4232164.541558079,439.6732303196874,775574.7837025132,0.0,4009687.2115578605,442.6770309331666,845470.7586612455,444.1015355986505,13347145.3866707
3183642.7262778645,444.538587719858,3804897.7998291585,0.0,2400483.9556448446,444.3345165239489,3317871.955600252,444.073715764189,2141133.034889357,443.2607440204582,14849805.679805506
3053343.882040067,442.39590896066295,5307963.433327452,442.5651230005865,4817776.085585439,443.0778331888147,3408292.945109862,0.0,4340312.658407886,0.0,20929017.043335855
3783019.1314205863,0.0,4204328.441232099,440.0287893375414,7200737.646078391,0.0,696135.416185015,439.35390989698914,5044986.882216255,432.67940391401714,20930519.579235494
1818903.4116896358,432.22869155700283,2382546.959350465,430.8323789077948,6809490.554772615,429.25817652270047,223412.86975798622,432.3099027119837,3968896.0298128305,438.6616942262925,15205413.116227461
1664042.0050316157,439.34211697831904,2053298.6860158877,0.0,7005499.8311550645,444.22706205670045,672060.2880757296,444.3075499796524,4556490.292940595,444.44938162805494,15953163.429329533
1307358.1467801123,0.0,1473438.3694181135,444.6132971506106,5368764.826720576,0.0,1080099.1243562638,0.0,4610036.880173377,0.0,13840141.960745592
925173.0757637585,444.5615574602172,931523.2468539905,444.0540284805499,7666001.284658549,444.1948162494258,1903516.360407453,444.43211373840114,4176207.1222120146,444.25215625813,15604642.584567955
574429.2229689296,442.0441832100289,518836.3220949534,0.0,4543794.5423362125,441.81330641400535,3357750.704727331,439.441177992078,7473948.056003708,439.38411416105305,16470521.530912912
102765.8802009148,435.67216764476177,90405.33843696627,431.290252992337,6292412.779290378,0.0,3401728.3668061537,0.0,7625422.238161566,0.0,17513601.565316617
378345.97939855105,0.0,474431.2776283313,440.21121224889356,9323028.092511015,439.71903633656933,3686496.6126205483,442.42099114703535,9306486.528691826,444.0955599177396,23170554.93764992
1774388.6524518328,443.6650487041535,1071986.676494826,0.0,8325824.98998229,444.915827430819,3833135.1207429273,444.34255809072266,9253816.403340183,444.1460153914984,24260928.912461676
2607743.9271161724,442.1275715447122,2495416.630880078,442.5796191855896,7455456.856547379,442.5425536498234,6025933.8369564405,0.0,7270251.66601923,0.0,25856130.16726368
4847830.747957176,0.0,2177657.8153541177,440.7967361265894,9329794.350466905,0.0,7233270.547593188,435.70139633267087,13639512.255202424,434.1832222534691,37229376.39792853
5385019.443172304,433.6558476679699,3575710.065875596,0.0,9660868.279111568,426.1613522072687,4787731.645267309,429.752976975071,10345548.285168393,430.1357622289413,33756597.42453425
5442116.453355547,430.3532128261237,4396656.239097128,431.91313964526876,7251380.462349424,433.6971384293448,6868072.714825439,432.012586578865,11857400.501392378,431.56890481936415,35817785.916002214
5960126.936314534,0.0,4115105.679938002,430.2390813204736,5527330.27710785,0.0,6897690.194919913,0.0,11155231.031977763,0.0,33655914.359339386
6404457.022941412,434.7105669945602,7276004.699837561,436.35421647159393,5022639.277624382,438.06895639341707,7789564.155937251,437.7057075546766,10063109.46800137,432.8494545054257,36557954.313243896
8974774.993502496,432.60800019253134,4457715.859193538,0.0,4545050.0107928775,426.2622290718175,9923276.210609786,431.2348244347832,13506016.214826403,432.88677560440794,41408556.2807544
9629390.985978438,429.03515641731997,5068167.549242372,431.3607602259492,4362781.823281544,0.0,10592689.790567514,0.0,11473923.51044444,0.0,41127814.05543095
6570952.929264198,0.0,6055194.275853043,441.7227677022853,4171210.7761395313,445.31488429314436,9099928.230527118,445.19356617736486,9417621.526161456,445.2422036511673,35316685.21136717
7727918.003585539,444.0779276983104,5775808.178637306,0.0,3395389.6123206243,438.7726884495542,11152391.165448122,436.86864923430056,7413806.136107643,434.31810062595673,35467067.13346524
7130570.3222337635,433.69349481058305,5247576.796980495,433.2524157141609,3946793.5718053174,435.7904265614789,7976843.813669037,0.0,8186687.089110811,0.0,32489774.33013651
9789885.365371365,0.0,7182803.909663524,443.53309734232533,3747356.6650419063,0.0,10627048.996273149,444.50089893013734,6435359.789302964,441.43104751367696,37783784.190696694
8163951.366492251,440.6314752288606,4927185.273404433,0.0,941465.2988554026,440.71635734858205,9727069.095348889,440.3611315501902,4229357.288289546,442.2315840804478,27990792.26293873
8777315.102261292,440.1658810462889,5470114.125269437,439.60420322272694,346590.9304975287,439.88159505824547,14992423.111639678,440.4582435979001,1003759.3090616387,0.0,30591962.6886525
5430763.102311756,0.0,3758885.055093274,444.46223530338983,289285.63684957696,0.0,14939272.097640887,0.0,290544.12785769964,440.68992463731064,24709635.171913136
4964367.6709965225,439.02404304091607,3392077.881011415,439.1800524721393,505409.77100196684,439.73084949889756,10499929.463599332,439.31584884992134,1574136.7019471817,442.9747867764078,20938121.71413706
4900403.172280398,444.5958201587967,2984759.7241029376,0.0,2297484.5469600707,444.18364402224995,7591330.578770501,443.6094240780015,2356600.964831053,443.1066986770621,20132354.482531898
4769531.282349332,0.0,2442756.2662456143,437.38467648237093,3115194.660851714,0.0,6514696.7842154475,0.0,3152533.10894076,0.0,19995149.48727935
4116704.3535877587,439.15753966401576,2015342.764470437,439.5040133008264,3969770.0931445253,440.31307307772306,5806290.973889224,444.7327272984321,3887485.441502337,444.94444122757506,19797802.278388854
3842700.879348003,441.05437725345075,1731732.1260062093,0.0,4727696.358763897,441.1678425205961,4802169.352158083,440.8433557389983,3660537.176106085,440.5234907170788,18766599.481448505
3192863.2688307907,444.1907001003434,1365750.3922748785,444.2638221061017,4221819.9456820665,0.0,3621597.591351795,0.0,3564225.3191902936,0.0,15967144.97185203
2827499.910598646,0.0,829189.5628344648,422.4133422182982,5521064.7157293465,423.9175674514739,2178673.1489041904,435.7369474739036,6765785.014393633,435.12217472699854,18123929.542492155
4129706.942227833,437.4345689318207,46364.391385535,0.0,5017381.619351373,441.88021645539476,589345.7291841293,442.4770960984741,5877309.352344144,440.95951330457365,15661870.785887804
1770476.7035435005,440.3163472698853,900123.2741499475,434.58942228611767,7803818.632708107,434.2825932629729,1009308.2706854362,0.0,7370495.076273877,0.0,18855531.145723686
1433909.1308678542,0.0,1272412.0285945511,443.29373281307693,7435024.494071999,0.0,1901739.2765673525,438.2411719019375,10120451.594216444,434.6997728977496,22164852.758995812
1019018.8990346933,431.9185139846525,1145397.8298666582,426.1448447094533,9417348.342364646,428.3172694795856,2929510.2704505436,429.52889272348716,9758511.42230314,432.59573005122564,24271935.26927063
680033.5906471184,435.31118692794576,3346690.6946522747,0.0,7112814.481884031,443.96041534034566,3085040.9075607136,444.47705229432904,5346967.406506703,444.7668198733477,19573315.596725274
309342.75704941776,0.0,5228389.949627031,445.0060077822663,10140656.928398428,0.0,2338227.526549267,0.0,7852520.302041541,0.0,25869582.46967347
97686.28615571931,437.9633673433427,5760876.566339553,437.60875901810346,9035094.026949631,437.95755570604206,2837015.166274802,439.48789505026923,10309667.42586122,441.2738219128721,28042533.762979954
1259457.7536426866,441.97741756387796,2724265.6905508414,0.0,9021183.517303152,441.8018658561233,4872202.096566927,435.7854270782466,9177891.36395537,435.5715001216973,27056755.558229595
1854574.395938928,436.45685468686895,6038898.923711846,436.5281149419904,7939062.572697567,0.0,6978576.501984724,0.0,15175069.980219329,0.0,37987055.35952202
1265041.8134771474,0.0,7968052.7810174925,442.87734137989213,7556454.472577337,442.6482213960156,4090543.2481491594,436.19019020190143,11359073.648636075,431.95029945027477,32240919.629909642
5595289.859322592,431.8466201043202,10538446.316975346,0.0,8496321.721946025,431.2526523997229,7536953.643378462,426.81627784804465,11262421.460573506,425.0390559932408,43431147.95680228
7441598.44385939,425.8611698276283,9045897.757496638,421.64447269463926,8758252.608428746,421.7673425505153,7600424.850618881,0.0,17395807.829082582,0.0,50243250.7624713
5942144.1342526395,0.0,9781558.783975847,435.21680142986474,6568289.788248432,0.0,10103600.69943759,437.69733346435703,13340827.301647704,440.17791071012766,45737733.799607806
5541459.782029754,439.93763456696996,9182133.707905153,0.0,4714862.197565835,441.59555277916206,9523183.915965756,441.41827177644427,15018798.211157264,436.62922517983367,43982197.39530807
7757018.5706817815,430.1585543453736,6597269.921839426,428.0392502457233,4170519.8020571712,426.1247307440027,13058006.453646347,428.59273038393474,8368367.432396247,433.1921008074641,39953328.2879875
5134098.655781375,0.0,6192612.166915854,441.95267669845026,3551436.2518096175,0.0,11703566.602282312,0.0,7071379.058093651,0.0,33653534.68755951
4236116.185843526,441.3710466829088,5276675.106836025,441.11622501712304,2994837.8702117614,441.4421784936202,7279729.7682916075,439.3090426575363,5745218.1361513715,438.193002766585,25534778.49882991
8729827.624128621,438.44464828447707,4571879.697458156,0.0,2549464.056153349,439.0846523216397,7845564.916494095,442.99554818574046,4690209.328696631,444.4537969288833,28388710.601576574
5333556.302122175,444.13749104066,4451725.024113118,443.7635257810628,2200282.8844303507,0.0,9719270.807480482,0.0,3583917.394492677,0.0,25289640.313655626
8831195.07830266,0.0,4215806.650792831,434.13912396560556,1770343.630594692,436.90543407755143,7823035.047855271,435.43198101222293,2736677.8135663266,438.90957258949913,25378803.607223425
9178797.020196054,440.94840665185643,6157486.943996743,0.0,1600631.480731709,443.1118675567644,9423294.476290172,445.4698776679579,279312.8119169864,441.2989704822478,26641293.56225402
8420839.759500189,441.2310759224851,5280303.4268610375,441.1012446701829,83110.79465679648,441.1200910782811,10386059.894878523,0.0,466826.7540176158,0.0,24638464.082325835
8934844.967724573,0.0,3318868.9537387006,441.2441309460642,450187.656181713,0.0,10253520.356526216,441.93831856448946,1534165.8235670608,443.33424352020353,24492914.274431296
7460758.610835934,443.52567130298695,2789672.3063676134,0.0,1721568.6567051692,443.6813770332986,4653456.554425047,443.546288946449,3575926.957534483,444.08449063862076,20203157.923696168
5099165.055514908,443.9389760454562,2276871.1852878905,444.6116279403597,2496780.3730334984,443.9972291880908,3718103.362805099,0.0,1874306.325345663,0.0,15466558.849820232
4462182.873146957,0.0,1648320.7587779674,432.3584583528223,1619640.1206744176,0.0,2657212.3957960606,433.02830056583065,3647370.2135162316,433.4433526903847,14036025.192023244
4379120.541710393,438.5908823052063,1350075.2704462633,440.4304929282287,4095318.425966888,440.3707637684634,1717594.7011025138,440.32376253215057,2868199.041304937,440.21111599441116,14412507.907548523
3697689.6071608393,443.50466477524685,758356.6979166529,0.0,3731081.973428841,444.20236272087766,682790.6620395249,444.0999681913776,5058413.557550929,444.3597209445226,13930108.664813418
3361177.2750765663,0.0,388762.2361128413,443.93692033145555,4336028.029835713,0.0,200097.310444377,0.0,8192281.551312192,0.0,16478790.339702021
2822796.8128428245,437.4851382263918,303246.48217416386,435.4119224822598,4955900.909040818,435.02683715679984,846896.4342453402,437.5818417740915,6297967.527399288,436.9748491572361,15228990.64629123
1961132.7769521775,439.6545073375262,1211997.802031321,0.0,4894610.982712174,440.91779381876796,1476052.4691999205,441.2868794661244,4492090.255356906,440.2943918539894,14037646.439824976
2346206.747544191,440.9763192167998,2237343.4992595566,441.3312809280192,8670153.303016948,0.0,4264385.02852651,0.0,7484250.379780232,0.0,25003221.265727583
324434.1758877295,0.0,4658585.408207256,431.9735623327611,5191801.894618254,430.63544455151276,2497828.904175919,424.03497815971224,13114272.960508594,428.3971084780357,25788638.384491276
366851.0839583127,433.37692074382886,4323307.219015479,0.0,10258162.009911878,436.81338880759836,2901442.330544739,442.981317150772,12094093.10818766,442.9269357288563,29945611.8501805
1635737.8825394528,442.71733164450075,4677672.145619494,443.08563430125844,6721954.576205772,443.5618267310176,5068120.795255282,0.0,12470282.465808164,0.0,30575097.230220843
917225.1755979133,0.0,4252246.345548902,441.3250893384418,7289858.041452823,0.0,5798053.905143995,431.90257667832486,13437982.503415458,432.5573438772,31696671.756168984
2955636.7472397103,434.2924298137643,5925120.879910906,0.0,8110020.824426954,438.5955641689701,5740816.801277154,441.7519415428513,9209203.684859337,438.08163431390744,31942551.6592839
3841337.4015475507,437.73273521384976,4275118.01944154,435.92007585263303,8958674.194181673,434.9630200637732,6920735.839786862,435.955001874164,8697455.693191927,439.96686151878004,32695505.68584408
5064210.341261286,0.0,4867060.736395604,443.48190180805693,7059506.075833818,0.0,7732715.342771156,0.0,16193903.228808425,0.0,40917839.2069721
2849340.177746043,443.32243119996355,6255973.6124016205,442.7696166886923,7658219.275209255,443.18307383141587,8300426.681766021,443.2909022211379,16730535.144944089,442.8136352748942,41796710.27172624
3687368.820865404,442.76406629367676,9756616.309366532,0.0,7094344.737499134,443.2188806998279,8307263.891061838,443.88230404677677,9477690.916376704,444.13249415953567,38325058.67291481
5642893.41960544,0.0,8935286.178749036,438.27637545201486,6212592.626163748,0.0,9765931.003950257,0.0,14804502.599782405,0.0,45361644.10462634
4585970.387936653,434.84117110392305,10452282.838307772,438.3452724730055,6802048.408346896,433.4220773223608,8416598.591192687,432.12107579428516,12336496.68162649,434.66654921640816,42595570.303556405
