240265521249.62363,13514663250.592861,249184285648.29123,12262583525.496845,243584228392.3263,14918654609.70987,245034520490.20703,14953660566.06852,255911130048.56274,13623637265.214527,1303252885046.0935
3506087.9778855434,433.5945799436983,4105306.3120446396,0.0,4633807.320297262,436.4458790794875,5784410.541967965,434.6337997671465,5638516.7270742105,434.9248703336814,23669868.478398748
3177726.4835537565,434.6505023080067,3554761.1691532303,433.95674024922596,3238750.1469280976,0.0,4195615.113789384,0.0,4059372.522141949,0.0,18227094.042808972
2602590.2126012715,0.0,2917609.4434827003,442.9159246293187,1695019.1912342005,443.11303788589265,3487560.333949682,443.176927730098,3469834.0114930933,433.30463383169337,14174375.703285025
4360423.719193264,433.15183807037306,3671540.7896149233,0.0,1809420.720299435,423.7768496005594,2858561.6569758286,422.857838975664,2827065.877679886,432.97251751124224,15528725.522807496
1885556.2729021218,432.9363919163195,3195967.5596073144,437.7991765330624,301435.82559946866,443.03941671761055,388292.3305837755,0.0,497522.0296620455,0.0,6270087.793339892
1657205.758089057,0.0,1836053.91425518,439.01198063107324,296272.1619563423,0.0,298929.9246040343,443.29158546415835,87496.54207574142,443.8620465841467,4177284.4665930336
1585867.0386100225,441.3055482732831,1731408.1939077813,441.2988737514897,540396.8387623621,441.1312063816002,1375442.2951755438,439.7247027335994,1447061.3039019962,432.6758703631032,6682371.806559209
1221341.1654781413,434.11646973003593,1384368.9187656261,0.0,1676351.9628695096,434.15307341069854,2099222.72034289,434.92026650847714,1663633.8486421674,441.97402159481277,8046663.779929578
843209.4141835319,0.0,1256810.1031706717,444.49883800874926,2930511.541962655,0.0,1861922.0216919011,0.0,3269951.5458444585,0.0,10162849.125691226
606435.0619631162,444.2390206584681,921659.9735820256,443.6168529222072,2238692.3293344914,443.61401820229827,3681168.075241298,444.0195554524376,2111375.150099881,443.8588173044595,9561549.93848535
360245.81163583725,443.482976402024,499035.1202567963,0.0,5259027.971705298,441.8052591801283,5746359.0286894,441.90524019853916,3040171.356088271,442.11543508140943,14906608.597286465
162554.446292446,442.93521877515656,114056.80941955451,438.0430309009092,6780196.019753374,0.0,5835490.042201374,0.0,3721769.275634658,0.0,16614947.57155108
14018.672188747203,0.0,407737.9986363981,441.9276475828016,6711488.568797618,442.75004486293057,5181722.463093813,442.90754486734,3816414.4035669467,443.38364731672704,16133153.075168153
532053.3000816605,444.3390276109305,740725.6845746321,0.0,5147825.175529746,441.82048130345504,9615318.689334868,433.2002101808614,9069256.6781098,430.38532034780286,25106929.272670146
2446565.721896701,430.81587632488345,3597597.3840314196,429.55821942725026,7913412.5433148835,425.665332964599,11012722.3220075,0.0,10761126.821662396,0.0,35732710.83234161
2892509.4273318383,0.0,4863909.317801592,438.4022577020565,6402558.619343978,0.0,11176566.789592922,438.8577168374854,14072826.508213153,439.2035257298258,39409687.12578375
2031152.3299908433,437.4617532272395,5131440.684388439,0.0,8481247.749371903,441.59274383261084,10904399.134631364,437.9486956377979,11180460.445200402,436.940802666875,37730454.287578315
2855087.899551756,437.02540707674916,5480302.53213738,438.13101847328136,4896675.139875175,439.1065830242399,11778947.062736494,443.14512681785465,11243991.268294059,0.0,36256761.310730256
3274769.8032213217,0.0,7412188.260771713,440.8546501723113,4401921.638079929,0.0,6954992.875986871,0.0,7937559.392394867,435.86911278252785,29982308.694217656
3500960.04167003,435.964442300159,6373676.559139636,437.890875824852,4205407.88058895,440.27195722162764,6106222.361441749,441.3146414249621,7462485.579021813,440.4583399604843,27650948.32211891
3479120.2083223527,435.83476662106847,8020077.671268906,0.0,3271912.447560266,420.140261984311,4737241.277414067,419.44394454404255,6256368.217945,420.67120477441586,25766415.912688516
3273618.842507927,422.4809767024018,6990534.268843171,425.959921894389,2730533.5661762436,0.0,3870190.581131917,0.0,4842078.72900031,0.0,21707804.428558167
3470241.313910239,0.0,7903855.52561134,441.0701274596599,2261780.0820742003,440.8745375042045,2947199.212557124,440.5730413228313,4276585.350895025,440.67497323028783,20861424.677727446
3340480.0404032534,440.65780447883833,7708532.674606168,0.0,2107036.822054005,439.38536077546837,3607224.66526689,438.73692707228963,3840107.2095991853,437.4034917264966,20605137.595513556
5696161.389228218,435.39280738716207,7699293.251050408,433.7637620470428,1911191.931719238,438.96565182258973,1344510.5104943658,0.0,3026426.3426693045,0.0,19678891.547382794
2498242.780626801,0.0,10407819.681892598,444.79698682664576,180349.4874952401,0.0,116690.17624404033,444.80760027838227,124769.95765747021,444.36334983197867,13329206.051853087
3675704.3485028525,441.22904521047,5882864.070861243,0.0,210774.50819228892,441.69689247055635,702815.4207365151,441.3635961054643,406130.9445007589,441.1177714334544,10880054.70009888
2363140.3038612567,444.04217777338624,4622302.777090792,443.9314385205298,1104958.1684217907,443.76929689600905,536473.2757575164,0.0,1206014.2175037132,0.0,9834220.48554826
2372229.5550742643,0.0,4636668.707993518,439.64740262321055,1416871.3821913288,0.0,1361880.7879080803,432.4444555184481,1207779.6065288787,433.33970163132034,10996735.471255844
2314456.8351708255,431.9370472152322,4177925.141023774,432.36542229306383,1086890.2705389627,426.8593534730058,1734192.191890387,434.1242393047684,3147470.12446818,427.8183127952417,12463087.66746721
2264664.44191421,429.89025687301165,4021201.3489756812,0.0,3026653.5913528614,437.10510935085983,2910126.2562767635,437.0243635492979,3528878.14480529,443.9598279348142,15753271.762882514
2039283.7867508726,0.0,3657934.6603962737,434.98557477598393,3710482.883218655,0.0,2412967.9193626666,0.0,4619527.749360816,0.0,16440631.98466406
1879264.672345523,438.5875381779999,3624887.2623201916,438.6544304128428,2425188.713543414,439.46439138728635,6031916.107577528,438.8104641491471,4627406.467168714,441.4100453673634,18590860.149824865
1522173.312500055,442.18379633503747,3377341.9970732494,0.0,5373702.061544209,442.7319351625225,3766897.6489545633,443.98117133358693,6736662.755605773,444.3866938222516,20778551.059274506
1864764.2863193562,442.17981448910706,4297067.269950661,442.0599071247878,3686738.2738355794,0.0,4466432.658562716,0.0,5975728.617860156,0.0,20291615.346250083
2279595.422300218,0.0,3358064.5641083918,435.3295418031982,8478737.54389565,435.177008050684,7695928.134769401,431.7648421274767,7412313.700594864,436.428943664964,29226378.06600417
815044.1952175706,438.61362372270384,2326598.535874045,0.0,8756096.272981584,435.8641114937318,7987649.269056675,436.4050092591047,11440040.060760826,436.09306162092986,31327175.309696797
663659.6219714854,435.2570725877447,1158662.3399644713,434.30236049798606,8912107.97793251,435.77929579315315,7765157.804249889,0.0,9803548.128618492,0.0,28304441.211465724
519564.71735424007,0.0,857258.5920743035,434.0720106457569,8050663.082179809,0.0,6868727.540647591,438.92612691334415,9774406.825759832,428.99008658787193,26071922.746239927
229272.42987350142,429.9761931865143,508909.6620204487,427.3064592434682,6484588.537039721,425.5145488577511,5141718.86088826,426.2570848205193,8373256.658412151,431.93259909484203,20739887.135119285
36818.43457547055,435.7526974464109,13791.969699276278,0.0,6492900.710876186,440.7647933900582,3865230.753086412,440.42191790771,7544104.501126062,445.453023193244,17954608.761795346
320081.79515263176,0.0,680490.9269819892,443.704649423756,6932413.630856022,0.0,3129777.203363346,0.0,7558438.949633883,0.0,18621646.210637294
1858848.4869125003,443.10855165780606,2052800.728075216,443.42231883866447,6040209.146794077,443.69076392223724,2570915.050728254,443.85304386091,6630056.763266921,443.805492056424,19155048.055947304
1394788.8385958804,441.075635465947,2385804.5005398653,0.0,6099911.88642912,432.9043680796594,2490396.4436988337,432.77687827871705,6229627.781026539,433.1670289183098,18602269.37420098
3217829.5203590672,432.8059058486648,3109276.666552501,430.20497317931193,7157424.318474483,0.0,2998557.0767768333,0.0,7772410.768702592,0.0,24256361.361744504
7210199.531507819,0.0,5868303.257818123,434.7422014786624,8203212.29748705,434.1042074731098,3911557.4201997896,437.1729740751365,5807512.13145769,435.0974431190097,31002525.75529662
4944389.807775176,433.75002450697883,5073722.242019467,0.0,5745804.15214617,417.47626319137834,1408754.510441525,418.1574590018884,6390662.06613219,424.22502660274984,23565026.38728783
3516668.615934804,426.2022205314694,5842414.87462832,433.96169786158214,4939367.159073802,443.5179523940968,937618.43996134,0.0,3905007.3463093545,0.0,19142380.117778406
3298623.22722481,0.0,7205770.545432232,439.53778870740126,3959222.853629492,0.0,770826.444828025,439.343075728552,3348775.122729393,435.1811469756095,18584532.255855363
3118772.266371334,436.4073742020848,5877798.14364145,436.4017929777855,3238269.837394845,435.92791012193544,542239.4025412992,436.4656544949374,2776216.892912688,441.26192570376145,15555483.007519113
3279661.6491985447,441.89495878276983,6204646.161585532,0.0,2965177.6246658894,442.65542342874784,212618.43904553272,443.2803610243114,2119211.2501059975,443.57521550655747,14783086.530560242
3248410.6170835276,0.0,7363051.8714964045,443.01874868245187,2763294.951587016,0.0,54122.5532276064,0.0,1424984.0833787527,0.0,14854307.09552199
3234480.593565314,442.11155155387286,7214049.486061058,442.3188330652601,2353047.7367317835,441.63798190422835,428400.1288607227,442.30785217928127,899884.9209031387,438.6974433396743,14132069.939784063
2778568.1297737216,434.5637193913717,6606054.57229003,0.0,1739195.1462242703,433.6485618791626,921190.4568540172,434.06948377133057,352501.6498567076,437.5739479453585,12399249.810711734
2916224.0012006364,439.4812753969926,6286420.194077591,436.23678569973714,1836297.1699170615,0.0,2823799.2884037807,0.0,1197747.8078623428,0.0,15061364.179522512
4962651.236233984,0.0,9048034.836786207,444.00848996183754,295975.86908462277,444.6475678251964,2881516.9813208836,443.95552034174545,1764511.3504479926,435.9841741107682,18954458.86962593
2358855.8500035447,434.96762479415764,5900139.595846454,0.0,129280.5896541831,430.45709660080024,3727650.0130550805,430.7645327988251,1302436.9218863095,439.0002060608043,13420098.159905827
2241394.1858522836,439.90600845784036,6886351.02004769,443.1404448604039,741480.9892041179,443.10728382720174,3475012.62958077,0.0,3842817.3326302366,0.0,17188382.311052244
1881158.749978087,0.0,7064977.634674837,436.1167728762099,1291954.9058674518,0.0,4344373.90749533,438.3825927830809,1975317.7012744667,438.19901140734066,16559095.59766724
1717160.9626115672,440.29391040010495,4469349.118157396,0.0,2193242.6798242875,442.8568832932586,4658456.072163712,442.66690823603494,3765105.209898313,440.6122848277374,16805080.472642034
1407588.2276223379,435.1432411274276,3929710.064547925,435.10082826809304,2349397.4950763877,434.20560251818927,6184920.222481948,434.0405671921608,3098708.3942934545,0.0,16972062.89426116
1330991.2886091934,0.0,3103690.4799042423,435.0398096363392,2216207.885422016,0.0,5868121.143832226,0.0,4460651.215446169,435.7210100380064,16980532.774033517
1202694.2579150419,434.6711476717291,2645420.8749433593,439.3112474573283,3365087.0059725847,429.830048474924,6237012.816467748,427.844496835899,5685867.6016778415,425.574273934704,19138239.78819095
1023183.6329789902,425.9003588260157,1907930.0181828989,0.0,5490686.050890641,437.3201657904403,3989563.4147632634,437.7751867963742,6811675.481182968,440.11238106730536,19224779.706091244
885367.5116163482,439.6763029613846,1418149.9719480674,431.7044778116482,7033465.54517851,0.0,7378651.888612643,0.0,5867436.827132717,0.0,22583943.12526906
907227.8485529248,0.0,1573752.2089669697,438.457443449074,6515067.182366664,439.26897667338176,8595559.082176253,439.8025104097968,9235748.401273832,441.60775758256403,26829113.860024758
273658.7814414745,442.45891147946804,226943.4271406221,0.0,4915431.4953046935,442.3230117757066,7018962.842494414,441.96131143092913,9288326.970865877,439.5684981275502,21725089.828979895
139919.906319484,434.25580263189397,225760.1306403598,420.1704251613154,8320253.544228287,418.87495435739896,4696020.493243267,0.0,10254698.581567759,0.0,23637925.957181305
23521.709261854787,0.0,301451.1110718151,434.5585604175701,8805853.600800598,0.0,5275821.134071524,437.73197382565047,13782072.784168378,438.0565651501859,28190030.686473563
715035.3671842801,439.8694854796697,1473925.9588219642,0.0,8964338.455885699,442.7446896897216,5066640.937759588,441.48748253361487,7456918.227492799,429.2793196576283,23678612.328121692
801796.4052193192,423.8035225988165,2145971.2900592927,417.4495150822856,5158905.448685388,415.37469874869686,4283705.648996967,414.20835446449604,10214174.263597954,417.024516062748,22606640.917165875
1688844.0355125207,0.0,2166292.914160843,427.10938177877637,3731272.073062295,0.0,3734199.233245964,0.0,8974619.700174725,0.0,20295655.065538123
1726695.4419414029,439.1550490270499,2677927.5169002675,422.21605840701915,5659107.384612362,415.43058242360274,3004063.2108033258,857.7138451513371,8690106.436987054,395.06237648572795,21760429.5691559
3930751.093859526,395.0379582708217,6432001.511477359,0.0,5589972.016963196,416.88177589300415,4789269.9624249935,439.19816019256723,7479070.8409929825,438.52324530555677,28222755.06685772
4253424.083694048,441.5133332353784,4973929.644283182,441.6135696308265,11413501.051708091,439.03170205787734,2251965.1143693128,0.0,10354196.460938761,0.0,33248338.513598323
3856693.0922932983,0.0,8980287.265238084,427.9092433616939,10835357.359340124,0.0,2154598.460305728,430.84473362417754,4666319.113173791,430.124826546712,30494544.16915456
2497407.8491673414,422.96942038783675,7386583.733195588,385.34274034947293,5342782.614014737,344.8928121188885,600143.0177474732,330.50098513385245,1283356.2444718769,321.67821950895666,17112078.842774518
1431038.227403233,319.27856697906265,4365303.955451924,0.0,2019048.0401507784,381.61997036154145,100724.0189856736,401.44547543171126,800704.5909497975,415.12332256038496,8718336.30027674
2528500.7889032774,430.70942356741176,9345799.51192298,428.27189482197684,2875661.2904316676,431.9399200083416,2011613.684732634,428.85657824469797,1501638.8501098454,428.66637425530917,18265362.5702913
2833781.601817893,0.0,7233053.418864251,430.06675728277287,1992970.4507080615,0.0,3006641.1857868293,0.0,2722588.4205140597,0.0,17789465.144448377
1307027.4012877361,433.3799060122497,9975000.29386338,433.24905926572154,1673687.3778857104,431.3515181225125,2199622.535734769,431.78604771066733,3389349.5061901156,430.9516222768065,18546847.8331151
835374.4512307204,430.121794061044,3212801.492604301,0.0,3961483.850222859,438.5415854811155,3612117.7437084764,439.664588745156,5128502.021893052,425.74481650665103,16752013.632444203
446597.96899604844,423.36665144177994,2511429.873460477,424.41819803144875,7427297.077207195,0.0,7604392.913137347,0.0,5276149.191135766,0.0,23266714.80878631
357045.5490439006,0.0,2025872.7553258007,399.9457115113527,3690842.3921150547,372.47124320880164,6252333.534615249,356.43440587683233,5171238.098697943,345.9235247442686,17498807.10468329
1459829.6792384041,335.32663712473317,957545.7710097171,352.6993210602707,6233607.747484144,364.4460454861997,10749446.642780704,374.4664920007187,6714443.914736348,371.82309985262015,26116672.516844843
5918034.5622123005,388.9060549871048,2722531.4028452043,0.0,11707685.014868973,384.2956131377763,8428777.643616797,377.3967376083818,11930881.01361661,381.7945996379783,40709442.030165255
2684542.4468701165,384.79647280175107,5889573.733107204,384.5274813930853,7733268.0115022035,380.60475078691405,6853252.900824294,391.52159851953206,8941569.183706554,400.19041220330087,32104147.91672608
2067044.4894535712,396.11966546180605,6164821.07873569,392.2676622805257,4670753.794506522,402.83437890363086,3994648.20624891,0.0,7946555.619327598,0.0,24845014.409978937
2818700.8109287545,0.0,7921939.107160892,378.56672471341886,5396027.914809176,0.0,3843695.4260585574,376.5719606351909,7695413.983754922,407.69234289667145,27676940.073740546
640858.0157921504,407.7873077621875,5140118.615311869,421.2123916745281,1340368.6385565044,432.31324462455234,37821.2615066849,443.48971715569655,922205.6337289406,442.2191505022467,8083519.18670787
169814.3610509266,442.21477948851316,2173204.4412086825,0.0,858209.5615925172,432.6321706885615,945291.2144247385,428.9387203590934,645771.1232598101,424.1179637948425,4794018.605171005
9797.802247372025,422.9309465784616,1342058.0429550002,422.90056343584325,150748.17727080412,0.0,1231062.4423810905,0.0,2613648.0227066325,0.0,5348160.319070914
1483591.4100553659,0.0,826653.1279386657,413.01456294347554,824782.4803226765,404.7418136551862,1938241.3318973957,401.7547799610511,3561803.983601722,398.82913053064607,8636690.674102915
2320295.610903907,397.6025972481951,350481.04303036194,0.0,1324426.43288463,408.44103858132047,4829407.651560788,409.060627862716,2422932.3790501077,404.89948536490743,11249163.121178852
1979631.318482429,408.7066194824789,100598.66100217024,407.47211218757514,5158501.586237806,401.0561782980173,5045475.8729884075,398.07492429567543,5498009.050015458,398.62026307442346,17784230.418823607
3754147.3196564843,394.8943007783078,2480669.448325832,401.4895068134519,7707986.497703439,0.0,8329032.278684788,0.0,6586466.088620298,0.0,28859098.016798433
1777626.750506389,0.0,1924797.699589097,434.03280061209296,6933731.243277953,433.62801353740093,11640921.069561955,428.29813441551727,9954299.697981248,425.7865054714693,32233098.206370678
1659284.6276922657,422.68480885014054,4590230.432553831,0.0,7105792.827057953,418.18612204270545,10457659.252508942,421.1499200276462,9067643.135239823,424.39851511759537,32882296.69441885
1381472.7244610267,430.7728280512682,5260279.679810551,428.38936023935565,8752883.491871223,434.7702727245439,6363953.930431356,0.0,12097615.950141087,0.0,33857499.70917626
1191388.667442307,0.0,4387730.674599605,445.93886416454103,6982091.994438338,0.0,8506443.415664649,445.76449473190576,7780992.181906883,445.1749607234188,28849983.812371403
1125262.2479547265,444.53613382810977,4198001.598778536,442.96650225018385,6256126.097079153,439.74698557545184,7689400.087796583,438.81438554374955,11498398.83410086,439.3537181371506,30769394.283435192
1276466.740670163,438.59757071261055,5845152.145988588,0.0,7835497.170861867,442.4212828170932,7129387.945915922,442.65016786823827,9987595.890716685,442.563663705714,32075866.126838326
1285119.715879694,0.0,6255152.706540911,443.29324477740505,9888392.86233716,0.0,6054538.438748156,0.0,8616517.590867462,0.0,32100164.60761816
1301103.1214081817,443.44419662621647,4428584.1187071325,443.30866722419734,8863275.703517804,443.1886347366447,6294477.524862015,443.01894365490546,8592791.272438103,438.74065592762105,29482443.442031406
2547063.437167241,439.00949164487537,6865459.530399319,0.0,10230967.747735716,434.93896428203396,7253193.697299453,431.8746892221491,8711412.961755667,435.06058601597863,35609838.25808855
1077929.6635589337,435.6797101565318,8358665.979859082,437.2669754135515,6538772.781065706,0.0,4600222.890505916,0.0,7916558.0374304475,0.0,28493022.299105655
952163.884373516,0.0,6951477.316134359,438.32504007651494,9415230.635987679,444.00633568267597,3609354.313938881,443.3417607790157,3915623.058941472,442.04486261532156,24845616.927375063
843533.0937972501,441.57095149590094,5811170.072624984,0.0,4997445.452610801,441.3589517169292,2780602.0033956347,441.615700753521,3438014.0508350926,442.83642709660194,17872532.055294827
634247.4369092421,444.2001085531977,5171459.135048517,444.99951593630516,4483912.212102816,442.97907535876453,2191089.099733275,0.0,2509768.1926477896,0.0,14991808.25514149
526231.8119914404,0.0,4587261.284735723,426.0583591110799,3786091.8787661428,0.0,1096485.0925637453,427.41940291473,1501422.693222268,431.8059587785945,11498778.045000121
467314.457943116,439.3266816755579,4265078.107652122,0.0,3463321.5688525927,441.4456630896676,352842.8834129228,441.27778745845075,554394.9757853134,440.0770743570816,9104714.120852647
391460.1275154136,442.0600041894639,4149374.809188458,442.8844534432193,2976413.9105935907,443.2651357361457,452884.8956114809,435.47427007129545,331309.9540666366,436.209280865422,8303643.590119885
278223.3657950199,0.0,3577922.749347155,436.71134069592574,2466179.137464613,0.0,1457423.6289276998,0.0,1368950.8419210871,0.0,9149136.434796272
211064.0552707792,430.56904170514474,3500525.579307985,427.9343470048765,1873996.7410763295,427.2437083251012,1435922.7521406496,430.9560502154817,2182693.2169126566,436.75804760879976,9206355.80590326
719261.7595688296,440.84412798951047,4019517.2329019085,0.0,1359006.4907079225,445.7792999731638,2870908.935083242,445.7092305192347,3718116.7439697566,444.1229905978809,12688587.61788074
1246440.1561289306,0.0,4825611.706889365,439.90216364821043,303542.6789309745,0.0,4687968.39421111,0.0,3291081.30431899,0.0,14355084.14264302
391442.06987505214,440.481757318514,2275484.829055303,441.60475475090135,1422137.2399477873,444.77546665983283,2442991.7147372933,441.38401322267083,2619014.239428703,434.2694785550335,9153272.608514646
2405870.5587965054,432.660899906065,1784118.7824876264,0.0,1813323.7226774492,430.2438624085345,4888572.080405905,431.79419713509253,5904211.910399313,438.60215716701737,16797830.355883416
1185319.3828276584,439.1716218736605,1569072.4350907342,440.2295013643563,1791060.8075902374,441.14261223164357,6506585.151823341,0.0,6530799.735300093,0.0,17584158.056367535
4405704.3882803805,0.0,1347233.4486402597,437.9649870074496,4299302.416810781,0.0,6625722.581854131,437.6368211547391,4438334.236104642,437.60286167077004,21117610.276360024
4196427.07762314,441.58916005613344,898748.2039210029,0.0,3627843.2627096423,444.56057579882815,6746001.253865431,440.3826119748562,3601198.6598665067,440.2767713277501,19071985.267104883
5084641.859576807,440.2720535027184,659656.5850911749,438.7898062518308,5403672.0841170745,438.1125219435351,9845107.427564818,0.0,4979967.666688406,0.0,25974362.797419976
4718340.862525939,0.0,400549.94566820835,436.55499736323515,7190886.746285347,0.0,8919019.48252402,443.34820434661685,8521884.914948674,435.3514755557458,29751997.20662946
4903598.924677476,435.01142159290384,123647.70205117279,435.80231258592323,5756631.08428589,435.5882748114593,8517289.311445234,435.31768155301177,6423066.702224714,442.260728019217,25726417.70510305
5051955.344494886,441.9629608002315,139726.6377274818,0.0,7719973.0897779595,442.660289799754,12620973.539357422,439.8954353930743,7678053.617169715,440.92001479613594,33212447.66722825
6490431.032794759,0.0,2027777.4001134813,440.0715912618091,10428347.018939275,0.0,13595024.671026692,0.0,11011357.008082217,0.0,43553377.202547684
6709623.88072953,444.53466150606465,1302545.7229465581,437.41270988637245,10580887.554577174,437.0200946252543,11894357.543089608,437.1800939737049,10563231.813449444,437.01630009611785,41052839.6786524
3411530.1000507204,434.96189238956117,4278560.426934773,0.0,10078853.891838279,442.9501290392134,9340986.456042292,442.98726288294466,12389842.514518434,443.1293256079512,39501537.41799441
4294784.629138281,445.35330234632363,2474655.4413800635,445.284450079988,8226127.140733945,0.0,12582646.397714294,0.0,11276235.863656286,0.0,38855340.1103753
3131433.977521652,0.0,2931931.9525286006,440.1181538203243,11237341.439388985,440.0641844904094,7096774.979769174,436.84779460059747,9164660.896270046,437.1138404139462,33563897.38945179
2666456.9599890057,439.1108928084968,5019041.304449677,0.0,7288729.002709366,437.22101415362215,6338068.167495895,434.50500812565963,10936493.729017371,429.90971807156825,32250529.91029447
2520063.002911847,425.49053762600033,6321330.397631478,420.52279557040987,6112280.03039578,419.1832565383326,5092648.805664027,0.0,8838091.211809458,0.0,28885678.645002328
2333292.573626144,0.0,4175357.552173185,440.29699172316,6037137.786289699,0.0,4590176.798265517,438.079632488203,7749854.624503345,436.32168503252365,24887134.03316713
2052438.790585514,435.9328184823227,6398462.709245934,0.0,5253289.221672228,432.86397267189506,4164099.876980261,438.70872368095337,6933947.735617479,440.2072658496321,24803986.046882097
1920703.5451702115,436.9270528030279,6734932.543217404,435.71506916198365,4406803.864201561,439.01791601974776,3552491.631176425,439.42065248730967,6241080.743937331,434.52864078487136,22858197.93703419
2782247.832226173,0.0,6726401.44913228,434.6809079809439,5983469.2343845405,0.0,4918116.844902972,0.0,5897199.14826328,0.0,26307869.189817227
1164036.1109875645,442.1353392309135,7545261.329106963,443.8630251630259,4271350.595914679,444.23921670648406,1798277.5805036838,444.5774609787406,6183316.756307436,444.6320520802299,20964461.819914483
802155.9287668559,444.5707852891901,5370908.967487366,0.0,2366426.963518309,435.0123615350343,1255190.0918507876,434.7044659174529,2482012.70914286,434.3861335851131,12278443.334512506
501952.45987035346,0.0,7821260.11801728,437.08157517895614,1987219.531503871,0.0,720855.0047763975,0.0,1673776.7820380207,0.0,12705500.9777811
200166.8866083362,439.7837764157616,4849884.424682027,441.6905937156586,1450296.9611240355,439.1061999364002,118290.09146874874,438.26340004375527,715154.3149068705,438.2633046391869,7335989.786064768
393746.17749171477,437.95984223346113,4883792.429903109,0.0,970827.497320225,444.26637102839044,512123.5178110055,443.1587830921926,192836.22754047098,441.18079712352176,6955092.415860003
568575.1209069578,438.74390677629236,4390045.8616017895,436.4899740894055,571564.7088683044,436.03969711264193,821215.5432327765,0.0,1100731.7843388154,0.0,7453444.29252662
1489290.399516312,0.0,4058078.1248356816,446.06078653194,1487.438764848596,0.0,2253474.8618194456,444.7839172532819,1283028.2081953872,444.3063733322505,9086694.184208792
3556567.3884361344,443.3170621715747,3957077.512785319,0.0,740797.5124764651,441.5617509328487,3407993.5378340976,441.84928016391694,2263186.913152067,442.15213778566164,13927391.744915137
3728868.2771328553,442.3127109111361,3522109.567208568,444.39807245446843,824527.776218963,444.0202409434482,2943104.6697268537,0.0,4142787.213749736,0.0,15162728.235061286
4741058.292677923,0.0,3297499.5803337437,441.88613266597514,1588362.5696111273,0.0,5333142.311596526,442.04544496437757,3245962.5585068376,435.9808696160605,18207345.225173406
7244114.931085746,432.42374249077113,3660346.419803168,429.0144030071791,2789047.4052363196,424.647101169724,5226761.197201546,425.25326897993887,5564887.6141307,431.9683719904331,24487300.87434512
6309628.7007094305,436.7030993365072,3654837.615047318,0.0,5855662.569311435,445.6865366871335,8452772.128813753,439.7482342497877,6553145.348536244,433.0312810333046,30827801.53156949
6562382.784951119,0.0,1680740.1857107573,429.3467902515964,5097868.883816738,0.0,10245317.267756958,0.0,9958134.225129114,0.0,33544872.694154933
5259574.384286893,436.3367207633952,1271473.3797665979,436.21353396361076,5595696.409289438,441.491548735501,5972467.091220614,442.87539290925423,9329896.477943698,439.72710379334114,27431304.386807404
3594965.070607226,424.768411531667,925656.7808726627,0.0,5772395.012264734,418.8753901081068,7670542.058945436,415.975119998033,8677644.310646666,418.8127384634203,26642881.664996825
3283118.310473899,433.6210088659799,575085.8744541898,442.8824074837901,7687895.0633907085,442.19574230312037,7892677.715723271,0.0,8376453.309041917,0.0,27816548.97224264
3260208.9451530357,0.0,228239.64350690664,444.8976384425645,7347354.268418775,0.0,9720807.347611899,444.5805043743328,10826505.28771842,443.8107750870971,31384448.781326942
2746699.1368605867,442.9939885756533,241527.5188091664,0.0,7642878.586808941,442.65328225940146,9519009.409397945,442.32174843631464,12072280.612628622,442.492267298602,32224165.72579183
2308373.7837851974,442.57387897192217,1541865.7986622334,436.4016037862431,5455838.125245085,436.29350764853905,8637458.202903148,0.0,10773825.072590094,0.0,28718676.25217616
1745060.6702767857,0.0,2179617.841687118,437.1970877355813,5077234.481692937,0.0,7248805.729082323,444.16865060060746,9868588.146494364,444.6292043712342,26120632.864176236
2005881.7654828418,444.57824636716254,1925491.0354796152,441.8844838700544,9438926.745828021,440.91943540857847,7895315.115676186,440.287459019638,9687904.196850324,439.0147568412819,30955725.543698493
1734639.0578937242,434.8174105281027,5977923.78165359,0.0,6764655.505634109,435.8545810535896,5249851.910966568,435.5244813335456,7057344.07051356,433.9814358943407,26786154.504570365
599991.4698595682,0.0,2264501.788705187,439.18618401979194,10016185.24951768,0.0,2135353.3687766814,0.0,4237278.299478554,0.0,19253749.36252169
285750.1429130568,426.87184341024914,5499738.396125251,426.7851529758026,12841774.761480145,427.08546202612877,1251108.2722740746,426.02464014348766,1279587.8870135774,432.59359214326435,21160098.8204968
52628.921401276246,439.48204288280476,3490996.2087748987,0.0,6533119.6134674065,439.58260670588254,148657.74287243682,440.48908177705664,228906.80558434746,439.82239901150245,10456068.668230744
1444583.0083028313,440.32096974171907,3591762.4201633036,440.48127545478116,8292126.614624728,0.0,1256445.9335334648,0.0,1236846.9941971907,0.0,15822645.773066718
2612170.418103773,0.0,4153586.9238337744,437.9649870074496,7774258.478228527,436.4784290412987,870314.1018688737,438.53098238004833,2241858.9166446957,439.1654907326071,17653940.978568807
2617888.258780187,441.1314963535317,7682062.071811893,0.0,6368574.366280194,443.35376939664286,2664985.9560493715,443.3533788622584,2002918.4795400298,440.95825774186915,21338197.929364033
1985466.4833078627,439.47830141478914,4849282.905751714,439.3497870973486,5893062.965358375,440.75861768506843,4480033.678330592,0.0,3733960.333786317,0.0,20943125.953241054
2842883.7974021295,0.0,4868999.805771689,441.40743233688113,5353399.604383004,0.0,2672829.9347938085,440.6667745023126,3486606.516893011,441.7933343003372,19226043.526784785
5010309.268324052,442.5346743755271,5008939.914755611,0.0,5026017.886161287,427.28696095838865,6492747.319941817,428.9082903008161,6959436.158472521,429.1949426067559,28499178.472523533
7436953.211699462,429.31492903805,10941222.29283315,434.8781789111294,5031021.255653707,443.01913862753065,6577727.011063941,444.568429211332,10145399.012948519,0.0,40134074.56487457
7165822.693116169,0.0,7484173.684334008,443.2571331194179,3120695.4325214,0.0,7741531.215286605,0.0,9879414.529770765,438.2938362212349,35392519.10599829
5579747.380363105,437.17553721190507,9631645.641832534,438.39872552352114,1397324.3712867736,441.39252897667245,7793340.489784118,441.06065787568286,11253348.576951314,443.7343790533903,35657608.22204649
5288341.421800101,445.14297085395134,5639072.139482103,0.0,376258.9348366826,442.1176681406368,8024777.24226095,439.25536740396404,9956057.557040596,432.3683936425114,29286266.179820474
4233171.037673446,420.34078809020536,4800038.580217062,419.9297664806399,379683.79474186915,0.0,5639216.935261592,0.0,9854772.937111089,0.0,24907723.555559628
3818921.639699399,0.0,4555127.4356618095,432.8927326845889,1211190.9596191745,434.87010052747763,6097307.229683353,433.8943588468167,11129089.755455757,437.0323324306577,26813375.709643986
3921891.7712773965,436.2078631844558,4391264.230996388,0.0,1102891.4713867942,439.9751303743141,6880729.309349538,441.0109009278187,13481351.957115402,441.3123197335904,29779887.24633974
3475219.608485344,442.3139741989034,3970343.7769665574,444.3116682946379,2421635.83799059,444.2393147305569,11942253.580470731,0.0,8622070.848337486,0.0,30432854.517207935
3281091.94872247,0.0,3485495.556260235,444.15424610969626,2891739.9736947566,0.0,10138704.919648986,441.54373830902534,13290261.394609137,442.25538467621647,33088621.746304676
3078275.47585306,442.5777706259505,3134665.845467817,0.0,4612475.3626730675,442.38259128127004,8574941.475761563,444.90353741093713,14030122.624875635,442.8610721761602,33432253.509602636
3207887.99881146,438.02568540986215,4548389.110834698,437.7149384573206,6791529.973401836,437.904781667068,8777589.169602923,0.0,13998863.521199722,0.0,37325573.41925618
3582988.522957075,0.0,3078503.241607354,444.98604104249574,5434505.6750862505,0.0,7574669.150876231,445.34374646763854,10789517.157165032,445.48180470426837,30461519.559284154
1950025.6057415602,445.24525615470816,1962114.4697943311,445.4084783245473,5012668.87680223,440.350632912223,5389590.326691618,436.77472430203375,10889095.338793207,436.6789454197388,25205699.075860057
1048854.6338139353,429.33891606349283,1364232.1617746258,0.0,4620658.025244334,429.0219910256107,4660858.70522628,428.4185315378024,6749989.706172325,426.3249628259007,18446306.336632952
570125.7662050446,0.0,774810.0401781653,437.04978909108905,7002892.55042155,0.0,1751421.4858196625,0.0,8610162.040080622,0.0,18709848.932494134
86675.95306689387,439.1769867625152,135043.80426030117,439.0344785175199,7588815.867562619,438.14026732384104,276464.4483110505,438.8041518074905,3876915.3842492495,439.5440262110917,11966110.157360736
338402.2618844569,443.3804249943676,460619.34029495984,0.0,10173704.476630947,441.6073701181193,713093.5431075859,440.69445849022657,2882076.6113661667,440.2528943952472,14569662.168432115
1580283.8407182458,441.08027389373143,1024936.2065119093,441.30448420555626,10308440.850748178,0.0,1669920.9554364944,0.0,1887706.9909409503,0.0,16472171.229113877
1353423.9639645473,0.0,2767644.4887999673,439.10821115501614,7018363.035661013,440.64478412680137,2101781.996878548,442.1596150095668,131878.85695141877,442.8720805485169,13374857.126946334
2334543.6911535272,444.6382386082298,4028741.563409747,0.0,7220234.967151952,441.95995313604135,1564118.0775603442,441.30970785999637,426405.00200286915,441.06423307899723,15575812.273411125
4671213.919401559,440.5686063786696,1851580.345916839,440.24942860416724,10647468.81321065,443.00061699436606,3533999.6698967754,0.0,1966820.446708709,0.0,22672407.013786506
5350432.9169391515,0.0,4624242.327961571,444.24078509684074,8601698.62747731,0.0,3797995.982658224,443.38511202419204,2415882.4448482688,442.26986057708046,24791582.19564222
4843185.597692685,437.5285877277815,7793112.5290549705,0.0,11283664.613337992,432.121168543416,5212471.624770796,426.48933154879705,2512157.026005625,425.45538000002534,31646312.985329885
9678021.278079662,428.86379525640876,6065441.57437414,423.9271185923183,7967357.407426434,907.5982792969461,5444586.596057983,423.39469747681255,4959032.723728206,424.2554215547234,34117047.618978605
7155615.775944187,0.0,5655248.752064579,430.1782236776598,10329474.500973208,0.0,6748255.7017521495,0.0,5518760.6070938995,0.0,35407785.5160517
7502163.968418243,435.887797857915,8937539.041654084,441.8921460259543,5954909.183862656,442.81889471782216,7172581.728330692,442.42031058506257,3217077.5521145607,442.68092440149223,32786477.174453825
7069013.540541087,443.0261577563348,5161514.573695332,0.0,5437606.592995739,443.91391721139814,7370696.591131319,441.99992930691576,5310373.253115796,438.39080219493076,30350971.882285737
6296371.726835746,437.29109944528057,6028686.531550387,437.9400264556537,4989981.218617214,0.0,7916926.979281095,0.0,6554844.405522456,0.0,31787686.092932798
5920134.514834748,0.0,7950800.906951751,444.85064891446916,4315231.638623083,445.49067646778974,6697528.8131228,444.43074021388134,5205087.55473097,443.25313191941126,30090561.45346087
5337803.872184885,437.71941130275746,6618288.059614022,0.0,3774637.7060109195,435.60071530340355,7159918.678962422,436.3001261700856,6869460.139456467,437.5392375000489,29761855.615718987
4977261.182619813,438.3941433226671,8469471.91303338,441.74060108720096,3305431.0432269247,434.4041293365089,10618410.945189126,0.0,5631328.465575437,0.0,33003218.08851843
5463815.515645471,0.0,8252742.780154345,432.67242985582715,3381894.0985003347,0.0,10010133.153217327,444.2428436259903,8552149.160290185,439.41844658922747,35662051.04152773
5356709.668764156,439.01379952345053,8201802.886907784,0.0,1067812.6589043767,438.8265327474367,12595607.504034376,439.3386655121275,8945730.663968958,444.317159500047,36169424.87873694
