236901900809.4882,13538479097.996359,243011130139.99298,12166117364.29151,238100641378.28107,14821520579.590582,236079392896.26404,14770815089.332512,247104254172.30536,13348765284.688532,1269843016812.231
4545428.791284069,430.3823761921599,3776974.4254729524,439.16031771549876,5309684.907650013,433.43178161712643,7164678.009758732,0.0,7231169.7225055,0.0,28029238.83114679
5560662.766197567,0.0,7067243.236556019,436.5756347075373,7867374.719324818,0.0,5424375.447910949,443.2341028105652,9500207.479104897,442.07417608960293,35421185.53300785
4906670.338309611,441.068678007185,6784693.767177044,0.0,7637726.300352585,442.8267841164738,4574522.4043774335,442.9282999739954,9422364.197469722,443.56309716406076,33327747.39454566
4797215.038173411,443.8140036677606,6021625.306382102,443.38550261448376,6744137.113299426,442.80886292553964,6471093.256175414,0.0,8727938.674139066,0.0,32763339.396538623
4311268.124508144,0.0,6156890.501714778,439.6522990909156,7327085.859506222,0.0,7023682.817208361,438.0044342907169,7977336.89259263,437.35332133902375,32797579.20558486
4493716.011743715,440.8881507414943,6025553.317921185,0.0,6742084.513979681,440.5545308429498,7221668.440707065,443.155954223392,8122625.45633883,444.2609791118999,32607416.600305397
3879497.893526121,443.3522072632332,6137395.976131343,438.31960055264955,7630485.596093514,437.86173356859763,8435570.737779876,435.15358698161316,8426553.712968944,435.8046710011923,34511694.40829916
5792497.730473011,0.0,8187831.8822436035,441.71956947574614,6574538.226258982,0.0,6230950.1709243525,0.0,8949483.922884557,0.0,35735743.65235399
3272277.332961926,434.21964988790074,6102578.714873567,430.524937958495,8581478.669858424,431.0266327714242,7011079.445546081,434.8326245108239,9527767.813135225,435.47427007129545,34497348.054490425
2689252.520058837,439.45220884515953,4925634.978725449,0.0,5937725.651201003,442.2723866703133,3362406.6926440434,434.08286718171894,6766566.367134526,431.8934039946043,23683333.910630554
2436969.692315286,432.2511491896093,3628303.2991248504,432.55455580065416,4327229.153369698,0.0,3320046.473484086,0.0,5539940.7911775205,0.0,19253354.215176433
2188684.3552679718,0.0,3198636.444839006,438.73683146144793,4248780.342633116,439.3527593404687,3280378.797490686,439.38392237484777,4822939.818193026,442.30785217928127,17741179.539789163
2205910.860188954,439.48175507531107,3010366.972134308,0.0,3748463.4101928514,441.17576987384433,2720025.7112334734,441.85820178466946,4554076.787488608,441.49890681502694,16240607.755871745
2094717.1916482067,444.4410418547234,2858937.8682074924,444.00760866329017,3227602.746582962,442.90052949651306,2643679.1222989685,0.0,4278190.91031684,0.0,15104459.188234484
1793682.511753163,0.0,2276858.128583111,437.63463312997857,2811849.344625439,0.0,2220092.028641316,434.9330447124701,3624031.922058537,426.16983196562813,12727812.673171375
1525605.7747281117,422.67469243613004,1767093.218523715,0.0,2127862.742223874,419.93537228517295,1421203.4161468751,423.34946951624045,2896026.784804426,432.5869926476371,9739490.482953887
1314644.9420691105,440.19205843614054,1299170.0567534235,439.0943245449006,2394185.0491037094,438.69027393275394,1260211.563450388,433.4272093471851,2903832.4496596213,432.2484578626301,9174227.713360375
1865477.7997560203,0.0,700323.9922604676,436.5490337234579,1417180.7098659438,0.0,22581.33521416035,0.0,73444.06147533012,0.0,4079444.4476056453
687289.7598236185,442.18632144522456,720978.7627148519,443.2623055093992,338781.61079703463,444.23392347078936,568548.8516930814,442.63537510866547,728096.0293286494,441.2605717043581,3045908.592854474
501695.83581594104,438.3206502748123,2342762.966398996,0.0,119530.00386928901,438.52353185900273,2630399.910487541,440.57342697436934,2549047.474364243,441.4207881510508,8145195.029333268
337529.1962639813,0.0,1278116.1551379575,444.10045800496187,1072810.8171810762,0.0,3026107.4234848376,0.0,3481744.8837171067,0.0,9196752.576242965
16544.123998745672,440.03552167265724,4200880.217227546,438.43595945667255,1684065.3457742927,439.43369651125255,2535942.830851695,438.2579620496531,2418236.1447063307,439.32553126164044,10857864.151229562
831474.1617208304,441.1171915260595,5580689.555222914,0.0,1700224.561253347,432.7843208741734,3479721.755294348,433.2937229348253,3637826.444609357,430.4259906186797,15231674.09932675
1430366.0760072523,429.67996805464344,6178265.954603242,429.7056467560442,1265941.3517603246,440.64372324312967,3805481.4251099457,0.0,6250483.064517629,0.0,18931837.901336446
1504212.7780350985,0.0,4173324.7205404737,444.6565046001403,2918329.330018991,0.0,4052846.2393819187,440.99612092956625,7293504.916397099,440.84586556305527,19943544.482864674
1573172.407002286,441.41188418513696,7278502.69062803,0.0,2579751.2771544755,440.01696016197826,6412004.898948713,443.34390861407155,4247445.239536873,443.4954811510679,22092644.781504493
3600255.9661247274,442.49693556948296,7280024.955604514,442.5088984632265,4984498.946906224,438.8618304072113,6957177.165016731,0.0,6173596.649968119,0.0,28996877.551284753
4662136.359742063,0.0,7482649.889520909,439.2106161051418,5722656.272699061,0.0,7298992.439438368,444.8971468689278,7767968.104269365,445.38118421236015,32935732.55461695
6247087.020655882,444.99095879238376,7739817.252118532,442.2675288243235,5484657.334419127,441.70173778887823,10153010.853980515,442.0341864878798,11264347.58487386,441.7028037731751,40891132.74326358
7988362.894215831,441.36475721787076,7489506.534924792,0.0,5641005.661302751,445.0109259734903,6891921.173142229,440.8144948162421,7917686.552834972,437.20249943429604,35930247.20909801
6723162.642303708,0.0,9793062.904039932,430.3901966941933,6131609.985931381,0.0,7385638.326543537,0.0,11635337.19089317,0.0,41669241.439908415
5943518.84275079,433.22146377236345,4355000.70417888,435.82712439283426,6963095.539793956,438.7471576731384,8506756.579875166,440.8171008313111,8413588.280407367,441.7559156864513,34184150.31576852
4387222.977303879,440.3111471050796,4969908.782838266,0.0,7510237.4878157135,442.03971859863157,5616682.708664985,442.9640656837962,9463929.781281678,443.48893560853713,31949750.541771512
3965320.0697599966,442.8278555379714,3921545.849840748,442.9512010576621,8990148.257688649,0.0,5103139.722401046,0.0,8267484.743102515,0.0,30248524.42184955
3996359.4441384426,0.0,3556135.1176089463,440.1175765382078,8823275.93090205,443.3391248280719,4418752.457222947,445.82145094497014,10041247.28649916,446.21392610848903,30837545.728449963
3615043.173933466,440.82916611743644,3289414.628676593,0.0,8622772.608440392,429.03378498465014,3567584.868681736,424.07874479160853,8714454.238985639,423.50665152088857,27810986.96706524
3536920.253227538,428.2501220447359,2820944.7044598,433.9867682775803,6732118.903155915,438.93359112097727,2877994.4069543397,0.0,8475863.282474332,0.0,24445142.720753368
3284652.687539079,0.0,2406006.0433818162,442.0607807084071,6801776.168760391,0.0,2173973.16111684,443.80363324221094,8378555.305650359,444.8948856441903,23046294.125748083
3062636.5454587685,445.3613808316827,2982801.8615286816,0.0,6584400.7614415875,442.156798882565,2634246.0973035176,442.80964207759166,9273519.952762185,441.92852064376507,24539377.474837177
4920246.447149929,440.94251552403244,1504106.729671289,439.0780448101418,6592454.758573778,438.131781250306,626088.7610297098,437.4182219614041,9554388.685017614,0.0,23199040.952005863
2187121.7333789165,0.0,220952.72908478943,433.5629255106774,7267543.664390835,0.0,264342.7715541174,0.0,6420507.686831209,437.19841691232756,16361339.346582292
2090555.9851746203,437.6330159083479,357904.0579205575,442.17087987630515,3870383.018157245,442.1364073091109,185638.4524660864,442.0568981409714,5265653.428112247,442.85269448959883,11772341.791726481
1666437.1059456987,442.022152198885,369247.5325713066,0.0,3011292.7667025337,434.66889535492516,1309600.8590513174,434.1717052758157,4145813.7189652678,428.2201539347022,10504131.066142889
1292347.6219801973,426.8717529008285,1696590.4005043972,434.4569067258123,2458683.8376265382,0.0,1628797.8305177966,0.0,3493290.6028684806,0.0,10570571.622157037
1126736.4171235221,0.0,3306043.7812257307,438.6782298566411,2147856.5893314956,440.3861761942011,3430852.6626817877,441.84229827724016,3032056.809234413,442.37705058516576,13045309.54335186
971581.3215081935,443.18785425029915,3537987.159846531,0.0,1662418.7808875493,443.33199815467884,2753082.711403377,443.1311787779427,2196902.4024705254,440.6416014911111,11123742.668748852
725548.2535956149,441.0245225877469,3745304.9434421365,441.0897443200491,1109570.073233948,440.9426120986293,4127589.2476979718,0.0,1391546.7065844613,0.0,11100882.281433139
489391.0361595285,0.0,5474715.658179911,436.47823978330297,587362.0501723813,0.0,5114478.115987353,436.80485928409917,107028.93134956871,430.9120516152894,11774279.986999422
179585.49142620014,432.53383222482086,4681109.878170243,0.0,620307.6074812685,417.6070233343663,6513455.401146459,417.5967154227157,1225578.8262271546,421.6213377138744,13221726.56336002
1728798.2989070965,425.8104600598975,6878142.641926149,427.3064592434682,1758829.5452026345,439.73632410642443,8978637.626138112,439.063394080951,1404416.3745333187,0.0,20750556.403344803
2431319.824419312,0.0,4122314.2675151164,439.40367723351494,3449359.94825627,0.0,10180528.325276658,0.0,1858017.8919274572,438.91531383205086,22042418.57638588
4449077.853145898,438.9606749289972,5861679.520120411,440.6399619694552,3763853.3731443705,441.1487020371673,8728453.13346158,441.96344591119265,3213991.3061992414,431.61414804232135,26019249.513004392
5018884.6443115035,428.7352044134514,7745788.196690351,0.0,4481485.425398436,427.92070335515234,6778389.226914662,428.4518099006327,3656927.5915926243,439.2460714159484,27683199.438696664
6509468.448792692,0.0,8215009.161596809,443.2427876883285,5353598.971854272,0.0,8484662.743871296,0.0,5048397.838991508,0.0,33611580.40789427
6737779.195056006,442.8762697189196,6885032.655616754,443.47301218497586,5314419.498226967,443.60678494324657,8072978.941743744,443.54189165788733,6451569.710211632,443.94406646682637,33463997.44288007
5502028.195779343,443.7392691766252,8524064.143989824,0.0,6068983.196936609,442.6370295129327,7550822.905101974,442.83827781759055,5378028.752483171,442.59090546359397,33025698.99977289
5007490.263874794,443.5119924077604,7922839.706761515,443.8193847399205,3776049.2383054816,0.0,6690050.232908206,0.0,8479753.38131044,0.0,31877070.15453759
5262326.554042741,0.0,7160132.213681102,441.5768594279999,6128484.171393323,441.7351733828386,6023986.624132109,441.71452994003306,9223730.904699937,441.39901278243724,33800426.89352474
4700760.721523576,442.5841920047273,6292424.606892475,0.0,5173766.034979319,440.23633610808133,5185767.206662372,438.39719811259334,7165480.339882769,433.7821735843235,28519953.90984032
5072085.522890811,433.7552577529706,6334174.794842918,434.1898705431056,8429216.893858606,436.59570592299497,5157152.293095937,0.0,7610198.783737234,0.0,32604132.829259723
6838906.682443475,0.0,8739248.071577353,431.4084557745812,11432776.434195518,0.0,4807762.889997899,430.3510050350616,9008610.953978205,436.8019214142442,40828603.59357467
4254334.35183096,437.0660136508102,6628646.26508411,436.2182597255373,11070454.809243968,436.97560791383535,4798224.657767096,441.95723657131265,10451099.643823331,436.8724411998105,37204948.81730853
3432781.963870093,436.82836366571445,4214163.515571277,0.0,10029167.29806589,437.03726569332895,3669762.0102779255,438.03464389854605,10057814.232043978,440.55539848694787,31405441.475500908
3089710.4218795137,0.0,3801831.7233661516,439.404828056734,7526247.849766233,0.0,2502696.9974003844,0.0,11009666.745026797,0.0,27930593.142267138
2785268.7189036445,433.9935041068729,3206615.192682098,433.01256065246565,6009415.258610805,429.25945786552967,2212646.1501658238,424.15379432669687,14116808.554669047,422.56379860074924,28332896.858146966
2624532.8404827486,427.1422758138712,2543019.8796753027,0.0,5574711.149835158,427.43283312109594,1688154.9614612667,434.21131500555146,6129060.9041185295,433.2008626723779,18561201.722859617
2299434.6715927804,432.18072170443475,1985266.864410989,432.43135870974197,5534321.867636349,0.0,1453025.1386213393,0.0,10384676.116459327,0.0,21657589.2708012
1903463.5468986162,0.0,1366592.4695110093,426.04447418390885,5339621.959120192,423.31786909788224,896626.8583012187,415.00343729173983,8778280.446512446,424.0914298714307,18286273.737553924
1829760.4537719146,424.34135555045486,676793.6879084136,0.0,6201628.379993677,428.1585002268111,463628.79868170107,438.220376797979,8261087.23610545,439.89341695666735,17434629.170110688
2342658.35358463,440.809475911072,657914.7365530679,439.10236909476595,5680249.483051593,436.7605111310408,1150664.6125999675,435.838351956305,9527214.851999436,0.0,19360454.548496787
899761.2404271029,0.0,1664731.1224980988,438.2598701023908,5886621.95712063,0.0,1830953.8879673663,0.0,7182559.712326086,440.36633289572285,17465506.546542283
637244.2350271138,440.40322744708146,1026020.1949093048,440.87077228911784,3860765.28238258,444.43692114107847,3857749.1758786584,444.2823514769168,4233765.694704858,444.0971272938954,13617758.673302164
406265.30967797874,444.72850293409147,3139304.8081722185,0.0,3067993.9273317917,444.89842496264276,2928818.0941980365,445.28553342717083,2727670.9652016107,445.2599284493466,12271833.27697141
32358.374185987115,0.0,4009552.640349536,444.52033141425125,2498049.34858309,0.0,2377627.2952518966,0.0,2044449.2123733934,0.0,10962481.391075317
551097.1980283401,443.0647669408625,4486699.293104522,443.4756497282666,1996893.6038640358,443.8675266814471,2754924.753564849,444.18197803652487,1206168.4792482967,444.31402165176473,10998002.231753081
1150204.7817148033,444.43721547523336,5406327.844880359,0.0,1624298.0184506692,442.4358668103313,6147506.151746739,442.4636762885959,464929.29020875256,442.80964207759166,14795038.233401975
1363772.352139317,442.763774171478,5071630.603198423,443.0530664773505,873195.1434439048,0.0,4248031.677160778,0.0,257382.3925210618,0.0,11814897.985304132
1516238.8459079775,0.0,6777634.599384369,443.56485623721176,352988.36282505415,443.5565496255053,6168295.94346182,442.9938911003875,573432.1533774843,443.6349373329978,15390363.655191
2334700.9739352115,437.97575331451424,4972633.27021368,0.0,635798.1120132641,436.56758780452424,5758638.423717083,437.0788233646716,2852291.383677312,437.1645254297131,16555810.950246463
2242206.1737946537,442.2577163009205,6531896.22710074,438.7277486215025,1194686.4245226511,440.4157518072052,5935798.149296153,0.0,2432369.6548279407,0.0,18338278.03075887
5883446.121995278,0.0,8020098.335412404,421.9059330622427,4220459.253739822,0.0,6644054.057011776,422.6503795268578,5051315.103514343,420.48502901339424,29820637.913015224
7247634.329487581,417.16890995708474,13641386.49118964,417.52128392923356,1302163.6850346937,413.54980788804204,6003994.957090285,417.49989786808703,6149641.659538846,420.68746673654215,34346907.54970742
6345709.152063811,433.3049136055053,12401537.943999559,0.0,4813174.60174328,442.12990182191436,6529997.579417663,442.0655369464618,5203870.24226196,438.43634137593335,35296045.45618002
7788315.116272181,0.0,9408242.175976444,438.51770534587683,2768804.5000051167,0.0,4494384.555072657,0.0,8777184.241118412,0.0,33237369.10615016
7105788.608544921,436.0314810832164,10680406.112116637,434.85648067649805,3213867.1381653687,432.9123735946721,3527680.6787206912,433.7489965627832,9370416.31100938,433.8307800746918,33900330.22866899
5251701.968493339,435.7467557062732,7559486.055759798,0.0,2693990.833986416,442.60297074215794,3122201.747971005,440.4282768796945,8733561.567706652,440.3393642890607,27362701.291284826
6070453.255278862,440.1374936463952,6777207.458906217,439.46439138728635,5615282.733862886,0.0,2857353.12762393,0.0,8188878.40830047,0.0,29510054.585857403
5111576.51538613,0.0,5983574.457646717,437.10767169190865,8263599.583153878,437.49445489806294,2608900.9151402614,435.3838624757981,6839506.742442137,435.26262457017276,28808903.462382756
4571620.864040522,438.66236327384104,5037250.169645903,0.0,8940163.994848423,436.9895505354097,2192942.819198866,441.21831175747377,11632279.137510842,441.3364084696462,32376015.19187859
4999403.607998103,441.2120266445469,5282809.759960621,440.4891781531348,8838547.42335023,441.6117291323245,2539210.3002229836,0.0,10786528.916245973,0.0,32447823.320711844
6334095.400082084,0.0,6225531.917969143,437.7894660848221,8990258.733825222,0.0,1857318.230799638,435.4493100564906,12858083.541548567,433.289060325972,36266594.352061115
3703225.2651753095,432.72804259734073,2508123.5363225183,0.0,11156368.076672072,436.1321724030438,1027810.4885183856,441.36659565834185,10426300.41931725,444.10516027034555,28823582.117976464
3028498.5103361113,444.23225710788057,1813110.7883248022,444.09340479359,13240971.424531054,443.61704842146736,671537.4657894493,441.90291228891937,8868925.56118625,0.0,27624817.595790274
2868662.3451673067,0.0,1185643.7163441877,429.7636185372932,11947672.869357174,0.0,483181.16880831186,0.0,11702527.451465415,432.67512646500177,28188549.989887394
2534906.8691989514,437.8778279952499,186019.7721385305,438.9198112436272,8395810.403668491,434.47537715380037,222909.90434504737,434.9124684146845,7660404.497177498,434.845397565317,19002232.477410894
2061507.4923665812,438.59575526757345,337769.02369630226,0.0,10990634.122993737,444.3594267130023,326016.4145889615,444.12367640830155,6152432.395888019,444.0636270375869,19870130.59201903
1652997.3439974948,0.0,949752.1391351825,443.2884620846866,10029245.905553725,0.0,707415.7713786259,0.0,4535728.648992138,0.0,17875583.09751925
1297529.191725418,444.7169109046839,2161051.229374881,444.41965421963,8767833.098274272,444.4316231929552,1665862.1836396023,444.06460650551435,3378152.3798260475,443.8536309839021,17272649.569266025
929381.4226629217,442.86925533880634,3190227.066725321,0.0,7536297.434828949,442.92167371918384,2655221.4218935086,441.34676066205986,2354549.302628714,435.4764365471561,16667439.262865683
417958.786821241,432.8779333658146,3608171.2444092133,427.81849461780644,6866832.968425213,427.9002395117183,4376759.336663806,0.0,1411169.8167048667,0.0,16682180.749691838
1047330.44092975,0.0,5676204.13843327,443.4938203234764,7801109.333234627,0.0,3511580.2015656573,444.3318687546844,398693.3521138205,439.1896330905857,18436244.48159929
1228358.983758552,439.7447763997676,5803794.425265012,0.0,5644915.126342143,439.6937794278009,4443342.505865111,437.8315478051944,1904561.8073878675,443.00305396287933,19026733.12177628
1493975.2513742216,437.9710846738852,7530213.398058403,424.17506319120815,4950036.536015129,421.4177358057707,4173185.3506788313,0.0,1297607.6748849754,0.0,19446301.77489523
2285891.7710229596,0.0,4615353.348772263,440.4577617856114,3380511.109498193,0.0,6216557.071863985,443.0163115412621,1697317.3757504884,443.4454663855246,18196957.596447602
5070278.60513974,436.6582983073213,8243074.130887131,436.3640525128258,2600574.0854262672,436.51808221067097,4957520.017326871,436.1021301630824,2061646.283572656,429.1869824934879,22935267.951898355
4114231.5854730625,434.4017860552789,6882267.585233806,0.0,1547625.8463457096,434.73882190759707,6070995.191990247,435.0861596691448,5867489.202940975,442.41904668981095,24484356.057798117
6458395.248881434,0.0,6029186.406109968,443.39956432331695,946226.6089484789,0.0,6490534.475848578,0.0,6419190.3866271945,0.0,26343976.525979977
5997227.92729908,442.0251607097025,10450740.441092296,441.89680164285755,335409.11244060664,440.56176131402674,5040901.372524196,438.4715762898574,4006491.273886352,432.1328552524681,25832965.215397738
6069984.713655586,432.3183504240798,8439565.85192908,0.0,279009.8299445035,433.30192937013794,5722114.274538772,437.0676266845668,6724538.723997391,443.50906132569884,27236959.591033135
7543191.260078549,442.3514874163999,8018730.062211593,442.2107970845618,914568.0332629691,0.0,4993429.796762789,0.0,4988678.198990421,0.0,26459481.91359082
8475717.266208073,0.0,10378432.314147243,436.66937931297747,3664547.6368054664,435.1128647803316,5357776.741492097,437.39969053659877,9547617.556052491,437.70627852704877,37425838.402918525
8911948.26191791,438.35548481635266,9646718.039159976,0.0,3242361.544712671,438.5382421056117,4590316.562465021,443.42661609084615,10287548.46703582,443.3411750094305,36680656.53680942
4781959.855634294,440.2478882700915,7278385.483217806,437.88820905193086,4316232.776767975,432.9471917201668,4736429.753823715,0.0,11101508.831859587,0.0,32215827.78459242
7726018.551604565,0.0,7766382.319885165,439.6546993600189,2554678.079324195,0.0,2714127.0060860896,433.89632260553407,12734077.681819279,427.8551350179631,33496585.04487627
4818521.250367197,426.7936575773533,5750799.448716758,423.74572048094785,4706390.315749558,424.41238243506325,2366296.2682875395,429.44771530076036,9789297.586613333,434.43403182450925,27433443.703242008
4497227.039876185,434.38266582520185,4713365.289447934,0.0,6555851.493474802,435.73157199540213,2356909.3167556813,437.56063369884635,11173221.397805598,438.6486959932022,29298320.860927716
4147860.341819614,0.0,3817148.415549106,443.9143087339243,4573423.63367838,0.0,2449054.189445775,0.0,14810239.587449346,0.0,29798170.082250956
3656193.9838932445,434.41800207923444,3153015.551971032,432.4285722570456,3857057.530104585,435.85118416577563,2172512.8079439546,439.11874641068385,14191892.821996883,440.59743511183086,27032855.109849725
3334535.153743965,442.99096686235936,2738552.319539329,0.0,5125868.167345293,439.6394340952234,2127187.1455127234,439.39907400091926,11237541.233295409,439.5669625546275,24565445.615874235
3107990.8283844907,434.4747208172657,2145475.625760599,434.9410314712697,5909035.363566317,0.0,2150557.255397087,0.0,12676975.86766538,0.0,25990904.35652616
3774327.3071285216,0.0,2103804.4163804306,441.74302421257033,7829015.232677224,439.5096741574285,3337103.862132883,435.52033587529974,12981636.750576884,434.79121116443,30027639.133141354
3579185.0563364727,436.3722810802656,148895.19671338622,0.0,12657373.022488505,429.7902247486764,1015155.6940373494,432.765993943796,12582869.562636955,433.69667129531297,29985211.157383736
1633314.3063382914,433.47181642686405,489791.981588508,434.03382990190795,7006897.98156136,443.62291347939737,685731.6457894385,0.0,10226402.19575791,0.0,20043449.239595316
1540544.589078068,0.0,1491243.4877750392,435.93508391670474,8416224.286131887,0.0,409974.11518414965,440.77965438944756,8455836.59681704,437.77309257906273,20315137.56281707
1319768.568338345,436.6121808467726,1389330.837707175,439.6354979409957,7406660.461010565,437.7967964813876,104100.73034981753,435.7553382718187,5830583.140862241,438.06266536694056,16052631.600747054
1177520.8675164718,435.1256543042897,1943694.5781679936,0.0,7916224.596859131,437.8654475620445,399820.1832823228,439.4911569817473,5098034.130889374,439.3924570230324,16537046.231431164
919650.7155100805,0.0,1398955.2234577034,441.5588455715392,8797083.566794092,0.0,1650971.2587402822,0.0,3923074.4510999797,0.0,16690176.77444771
638278.2064838371,439.8872656456716,3318079.8010112415,438.56728341166814,6697794.104208669,438.9544539707049,2046611.9375615304,439.9075464005108,2895094.086901124,443.2240521971036,15598058.67676803
353578.2887359212,443.92213932948164,4640480.701945585,0.0,6177369.730379569,440.8631455120454,2661776.6464561173,440.47327667082067,1484043.5599597497,440.5080686786744,15319014.694107132
119341.5254030354,440.7975082137776,3249982.5812655776,440.67825280690073,5564866.312638316,0.0,3168514.2294694996,0.0,52200.81534880288,0.0,12155786.939886251
277596.47874419804,0.0,4631535.820257762,436.2071070917084,5848926.69146374,432.34156012383136,4304084.363461051,426.9963301829988,474494.34912868345,429.4700680981725,15538362.71812093
2801042.5403718366,427.04940625064296,8418134.592596978,0.0,6523727.860996416,433.6297880900883,3287238.3285941505,438.22705390982725,1031308.068818195,434.0459946058637,22063184.343620438
1399437.4112154562,432.89934151225117,7170619.94156591,425.69881505163534,3659142.5629091696,425.56806678316633,6553057.224151354,0.0,3345220.511842129,0.0,22128761.817907367
3412989.2139696726,0.0,8282263.596172569,441.74031031394304,2366956.5862331353,0.0,6336161.781278764,433.4679899366032,3563338.313620056,433.2275232923181,23963017.92709774
3992399.190053439,434.8625860214357,8219528.266826752,0.0,2022930.7870134492,435.7425117053809,5065624.419892327,439.68360065753825,2886266.6613510405,438.9253613679407,22188498.539196756
2925428.474140796,436.8666584787591,10963483.789199712,437.1838913477687,883531.2819158798,438.6656129623928,6819583.468756588,442.0138062219771,5747987.342703623,443.10991702195514,27342212.196602628
3346757.462826436,0.0,8409844.613719242,436.674588527061,33177.066524593894,0.0,5805635.93009235,0.0,6375162.373143612,0.0,23971014.12089476
5268795.334659951,441.44934133406656,9625710.777784381,441.76958340903644,809100.7430525479,441.8107855622227,5048135.749309365,443.71178808320667,4558229.216468063,444.03963142300205,25312184.60240412
4788837.38252284,442.8247386898298,8693295.032816645,0.0,655118.8528520953,441.311255633209,5556928.819534779,440.6699575016504,7789122.99534469,440.4331907565437,27485068.322213627
4893220.520672244,442.4381031076457,8083306.04964757,442.83944670197474,2251368.698656587,0.0,5974282.162131955,0.0,5206264.680600145,0.0,26409327.38925831
5080586.099971471,0.0,7094780.329160051,444.29999993379414,3239200.169615623,444.09320887424997,6664389.190866085,441.41381979934437,7271473.701549651,441.73420416395237,29352201.032395653
6209125.387679258,442.69124242378933,6852887.281598324,0.0,4082088.2455643644,442.26558571580773,7948743.488363023,444.5944456222175,11849261.337424062,443.84648775967815,36943879.138390556
6071824.086321803,443.4556247217755,7973311.444391713,443.77281832801964,3207763.240071902,0.0,7187502.633065859,0.0,11477261.584703278,0.0,35918550.21699761
5619673.918889086,0.0,7814079.779018954,433.2003966068084,6127315.989514328,431.0501654281767,4614396.541103161,434.78689185926424,11619114.593357958,438.39996655273694,35796318.259303935
3414242.9744097022,439.615722232752,4539552.625503269,0.0,5275814.24102341,444.3510903151761,6030638.421522744,443.7290000423173,10799672.022915132,442.4849733225375,30061690.46616017
3044280.146749737,441.2637632876712,3978165.761203817,440.93826628365076,7659883.497643341,440.649702836026,4058521.7115131905,0.0,11404360.820881587,0.0,30146534.78972408
2900211.2505597402,0.0,3599565.9674492558,438.6103748043888,8082663.395123996,0.0,4055421.361761364,434.3350600168318,12958608.148300165,436.8584112562219,31597779.927040596
2566514.4151993296,435.69093012596363,3211391.3681005165,435.569144229417,5393351.356761065,441.57782795654117,4217591.476562316,436.16769938604455,11107652.574425615,428.0796603541939,26498678.2763109
2485747.3411956155,428.04589372596945,2983536.156968062,0.0,8255501.791485564,424.5043770045589,3525136.856236701,430.23659887435224,7443981.2738715485,438.10575298538447,24695624.31238008
2330702.0155131733,0.0,2729217.60157135,436.5632331336568,7051513.086665865,0.0,3144432.1627653735,0.0,10587084.929964352,0.0,25843386.35971325
2015119.4423598396,433.0323987191849,1929926.3348122837,438.8771373905105,5653063.697412091,440.9299611866436,2472202.6739559365,440.780619424057,9531985.647760319,436.48817604995907,21604487.90459324
2683858.5574879553,430.53920853693745,2280687.558225626,0.0,12769445.707977,425.52327271044084,3528197.4298011437,428.40604208932393,9444082.561671754,429.3312252748647,30707985.614912093
1940958.7772751017,434.5146671955837,309732.81761020125,415.7092822869291,12130878.445629451,420.9552225948451,1348156.5824029844,0.0,10461765.210172893,0.0,26192763.01226271
1129441.6755716228,0.0,798254.0566203665,442.04330969200697,11562411.73486404,0.0,1000075.4477439596,442.84753165457704,5401763.871705017,438.68797977203,19893270.365326125
970667.6942913359,439.0514252566247,2428415.2226424734,0.0,11692558.774822596,435.0301272051958,685084.2746971776,435.10440153815995,3189060.4043107154,440.0298472622743,18967535.586565558
767817.6886697123,434.3457423019527,1432265.2005340771,437.5999130567088,13242895.999843346,437.68267957728875,352917.2535792842,0.0,1324172.7442396327,0.0,17121378.515200987
629167.0741853497,0.0,2599797.107512136,442.9089089930312,9425222.895691046,0.0,122933.87165528692,433.55172150920674,1353.2487361842946,434.3314993718882,12779784.989909878
411265.77260784816,435.29499827137414,4475368.8686953625,434.55321397397256,8530815.037750969,444.4943236762972,377173.9664250473,441.9468557208863,465958.71460659994,437.5698584834306,14262776.219335953
245854.09323197172,434.44125028322344,5485897.659158758,0.0,7378419.814343322,425.7667854835452,2557076.5572893135,428.4419626136402,2021215.3746839708,432.56951889926563,17690184.718224615
40329.100956664966,0.0,6155203.103510577,442.8736393003389,6182317.445533369,0.0,2986460.1865355005,0.0,1867908.4034319618,0.0,17232661.113607373
591947.9053877699,437.5612993919288,6665982.728210817,438.3750518501099,5172613.7094697645,434.1682409386629,2856279.5800454854,435.04742427814466,2529067.581838718,437.7064688515038,17818074.363437865
1978363.8844932248,431.93250642664145,8823800.688203672,0.0,5803803.410660068,428.1249032433674,4345184.15803888,425.6927842868431,7250321.642506179,427.6681801245746,28203187.202276103
4195760.709648016,434.0243793333378,11453394.849907057,437.0306247887584,3037417.396829273,442.0678665697891,5007129.031943592,0.0,7324049.241591132,0.0,31019064.352789767
4032907.66904192,0.0,12469706.072321506,427.0841030297116,1458873.5106391949,0.0,7648880.895024861,428.15403853515375,5557596.796504855,433.16059830661527,31169253.34227221
5538907.656043912,434.3321552757807,7377760.175952948,0.0,646028.6078623966,433.45081822681533,4480073.691907552,429.51734643262876,8502663.4659883,432.06988435019093,26547162.967959397
6239244.025748359,432.4434337530681,6384288.387851998,436.3370044663911,138434.41825859284,436.45666544758217,3842134.7898419183,440.1376860910158,6200922.196982835,0.0,22806769.19347346
3480157.8538883226,0.0,9339341.96216321,444.54742195447403,657210.4505090131,0.0,7295273.173561321,0.0,7324778.93340492,441.9875087513164,28097648.90845749
6187789.406813677,441.76066536650103,7021572.103052579,441.78092535283497,498484.95890872815,441.39862568420904,7772963.4242820265,443.07364020438115,10316260.209484449,436.4897848213978,31799274.60618289
4663680.609215707,436.2080522080522,7655100.452521076,0.0,1970074.7691760224,436.8027743401309,7291088.397119596,437.1168773872157,9502871.654306194,442.83730375198405,31084568.847346283
4809595.764692363,0.0,7197460.08656814,440.4787697803651,1485347.9157841618,0.0,6722437.58223787,0.0,8474504.043755459,0.0,28689785.871807776
5227047.825984404,442.92674083737955,7040834.234418881,443.2466911150354,3523665.5825732187,443.75208181063965,6631996.630296882,440.7053594119976,12713283.173273863,441.4479861842619,35139039.525406614
6758346.706104291,438.725262857169,8552641.129439121,0.0,4937037.745122768,431.2181062836865,7234541.021790669,434.1734842812434,11714914.205859544,432.576675529772,39199217.50184534
6188581.068126825,429.5114818876979,8468061.999744538,428.5888070711006,4860517.8518289225,436.30882510379655,8798986.000154454,0.0,13068056.82048495,0.0,41385498.14945375
5783865.380423231,0.0,5619824.825886796,439.100836776828,6317392.505599804,0.0,5217327.623604802,440.68143597206017,14803051.236793807,438.2205675697795,37742779.57514876
3826976.202618149,439.17909443328404,4457620.963240838,0.0,6224155.276133274,438.8491072899928,5160404.021640683,435.8138218941002,15351585.515670728,438.92890203781747,35022494.75022932
3360465.7197832307,438.16954203292954,3094048.6410946115,438.9174189919531,7457074.559614831,438.9257441403086,3674788.681398734,0.0,11666147.322249793,0.0,29253840.936846364
2924820.1944792545,0.0,2686647.461480396,431.510629984463,6994782.381276356,0.0,3184919.7395804278,430.1753742704491,14270434.100091983,434.4491252390449,30062900.01203791
2848929.676419996,439.20735833670386,2361140.148081845,442.59333792649215,6955934.182133286,443.720100510376,3037173.4497631304,444.5446734883006,8090626.075642903,445.45351599604123,23296019.051027417
2575179.000764937,445.0146638715273,1946091.1197678035,0.0,7575387.611499949,440.7042982366276,2305428.615863158,440.0492755118367,5736624.536194759,436.3255620715206,20140472.977890298
2429954.1842018557,0.0,1224509.8585916313,436.5065356756307,5067248.292124764,0.0,1691964.0022149186,0.0,3638944.511792718,0.0,14053057.355461562
2371407.950881908,440.33262265350993,739830.1875858342,439.8094279802874,10339120.723551735,438.36741572666733,1189076.0113498718,430.60670738032564,1740317.5998149426,432.0506906854835,16381933.640048718
2459441.378636349,421.4204703754166,803682.1608805954,0.0,11971832.043810066,423.6031558369665,620046.4795599749,430.89480513949155,384004.7959755101,424.9981412745347,16240707.77543512
3322767.668932351,436.1167728762099,285663.14556263917,436.5274523889078,14403495.898891898,0.0,414742.8946468608,0.0,669317.9077264218,0.0,19096860.159985434
1741937.018331259,0.0,743110.6491847708,441.16677911683195,8499563.396734256,441.1632022508842,953613.8347643014,441.0955427409602,2320831.4328471324,441.4340479834413,14260821.191433812
1428097.9670600987,444.12230478957827,1127419.456158754,0.0,10633546.221457822,445.0586380705443,1927001.8033039959,445.2635720549418,1856390.4109878005,445.0156475393421,16974235.319130924
1284162.1025986134,438.9852733679722,2439073.41245707,438.9655561120333,13377865.809981545,438.5908823052063,2666781.3193452912,0.0,2384905.722813487,0.0,22154104.908907793
1133190.2635592632,0.0,2029854.3545139772,438.7157024876231,12262721.875562394,0.0,3125944.1103293844,433.2123282011733,4082719.7277766834,433.6406225162653,22635735.90039491
793206.0743351202,440.3871395066303,4980739.550492895,0.0,13190155.586369103,440.0304243142727,2096925.7501959677,444.89675361080054,3496467.033413723,437.7913700603302,24559257.1004943
544332.9742578424,435.8340118211667,5827222.470026519,432.372665028893,9036335.761108285,432.5209158435783,3351953.490647503,433.33569093061885,2475942.8764816187,437.6196029425542,21237959.25540833
579335.0805385095,0.0,3661017.742937135,439.20754996880356,8024949.601636134,0.0,3527911.123108602,0.0,6145103.719547144,0.0,21938756.475317497
557648.6863119479,436.5699545099114,3602823.865454937,440.8091863623376,7122144.615634101,444.90609367914595,5278285.237096983,444.5724541927825,8008023.099413495,444.9473913128038,24571137.30899152
2040225.5182560515,445.0843182995913,7448322.589240956,0.0,6787460.140116361,440.8850611387172,7800107.955680256,441.26289285127984,4706707.951284057,441.1073333336255,28784592.494183306
2045596.4610242124,437.63919946733756,6929023.835994607,438.2659759828008,7960951.7842916045,0.0,7467447.1826424785,0.0,8931601.486050295,0.0,33335496.655178644
5009673.562535523,0.0,7519992.134480358,433.71460996476884,6403487.885318687,437.99137969293747,8779999.745834537,437.91173491938093,11344795.797776839,440.5005508264585,39059699.24422135
3329899.3982607173,439.9498440383853,12894821.079487434,0.0,3793244.629340582,438.7283222634258,8580439.80660541,432.9362988169046,9368866.756743755,432.5664518443955,37969015.85135487
3079741.2117105457,433.076831406292,12065880.127420189,432.96274065989604,4638776.613262553,436.7968039288729,9046638.301662851,0.0,10603724.513488881,0.0,39436063.60392101
6282045.518067947,0.0,11252563.685477162,427.5286839589406,2146588.7791454582,0.0,8672671.458201969,424.6889337686681,10920108.344179941,423.94729344459375,39275253.94998365
6058428.673637719,428.42208706140417,9006234.831305433,0.0,872868.6116298438,438.23077410326385,8090853.2367138,442.06495454446645,13170294.641009657,446.1941474950051,37200434.906259656
7307807.132963382,445.4332134237121,8006070.094857,439.0261492439411,64193.107762864915,438.89885600525304,6602372.678157821,437.64890325063016,12215183.648539938,435.99493766940486,34197823.66434059
6544292.348956338,0.0,7325628.227554001,437.7110366880804,485300.09012374846,0.0,8350339.272741046,0.0,10925392.932061523,0.0,33631390.582473345
