242817126152.43457,13568771434.844797,246131348262.21164,12298321466.38633,245039177175.27814,15163552577.742914,245484265638.76758,15351014103.155933,260235469081.98752,13880269743.79407,1309969315636.6035
5502386.7934175115,436.921268636148,4291530.654068762,0.0,7742911.150937432,443.04058666406115,5350740.822918926,442.4375197235581,5301521.142582256,442.7068177080447,28190855.670117624
5579100.813788964,443.7273374652785,6897243.269516446,445.7357753682148,8101787.49249816,0.0,6058859.900861102,0.0,8251386.30023953,0.0,34889267.24001704
4892051.581112201,0.0,7974771.557253973,444.5863949357853,7082592.907904409,445.7109079811564,9252873.815751335,445.3539919616812,6364734.584941642,439.10687034055843,35568799.205128774
4349108.014881814,434.6670184420854,7506127.423560585,0.0,7154810.026213138,429.8194036226876,8454326.151699902,428.39337105732795,6382530.303500171,434.1829413443056,33848628.98259008
3844857.914562072,437.1247547333186,7754407.635804819,437.3190258609735,6435649.1649241615,441.6641409066937,8580504.038945021,0.0,8216099.144930044,0.0,34832834.00708762
3746922.5924740415,0.0,7781154.485618101,443.5254758842571,6495462.631781802,0.0,7947500.208059828,442.09980429840806,8090958.378033219,443.0125096545487,34063326.93375682
3799484.5910141105,436.5930549019693,7151996.990328869,0.0,5923140.995217538,433.3889553584383,7125781.078120982,433.6643480643419,7608775.915493613,423.45944013141707,31610906.675973576
4408118.07854788,428.2799121344413,8686396.185025396,428.5571494772953,6622127.766129314,431.39311070703553,7237537.869983067,429.43415818025875,8637736.554377662,434.8479334815898,35594068.966327295
4819585.555458518,0.0,7252188.7171976045,435.39855115560016,5842923.059282952,0.0,6341568.077050232,0.0,9392683.990749,0.0,33649384.79828946
3065449.622902402,429.87272494341715,8092271.036622749,429.9022822169522,3295596.8611122617,428.7494478956145,5020332.417432117,428.72297038305265,3850033.5634310143,433.37794692520964,23325834.126872905
2849249.541464412,439.523683005779,7001889.870577552,0.0,2853327.6975132944,442.49051672241575,2748034.720706159,442.85288931591896,4691743.954615225,444.901964337409,20146015.55393002
2650175.1929144925,443.61001055665594,4818756.45838205,443.91538542443226,2411237.4687255826,0.0,2184532.177388559,0.0,3074072.27190142,0.0,15139661.094708083
2373594.21013126,0.0,4151723.4002273288,444.78598081906694,1558857.4244385292,444.6006311037558,1482895.8053967431,444.33549718724004,2112104.7027562666,444.16776866615044,11680953.432827905
2015765.324267805,444.52249068403484,3734545.910740054,0.0,664622.245353777,444.60632582622804,818939.7862068372,443.44155945704193,1232726.5869069137,443.50407857510584,8468375.92792993
1684106.549307038,443.23781091898604,3241167.7251690445,442.80009765388735,1159.2293313276582,441.2306891187554,148684.78711242715,0.0,196506.84776720792,0.0,5272952.407284737
1520576.575624364,0.0,2804834.499837623,425.29414299656514,1192443.3749171512,0.0,177759.1069016653,423.34332709371665,832584.6866495882,432.21245298727126,6529479.09385347
1268627.2483241663,433.60485228691505,2566894.052403496,0.0,2011408.4866280928,441.41865890913175,1250442.0462189852,445.1045890788016,1119058.8049656665,445.1683655125659,8218195.935006194
1038868.4140010106,443.37495691814723,2211088.5704614553,443.62633483480903,2718782.585505498,442.41506060593406,2595584.215011587,442.8660404888437,3733319.903990248,0.0,12299415.971362647
1104128.5687965974,0.0,2807078.4378002337,444.3254946247689,3682869.758154775,0.0,6025942.393926103,0.0,4293297.303204872,439.97186125474417,17914200.75923846
135954.10473454103,439.2997443975406,1433293.8936842298,439.8434425339501,4606208.264088126,437.7077059644962,4195342.769157294,431.49703478739843,6744957.065084419,433.2411345243703,17117937.68581082
206826.65044940793,431.2097015150746,790781.7089521164,0.0,5859082.7168961,427.83867788321567,5579089.966014942,433.4998171918865,3772878.8324777656,436.7594688682395,16210389.182455791
1272494.5356889842,0.0,498992.78529396723,443.03941671761055,5433728.109011311,0.0,4915063.573737599,0.0,3457444.186776531,0.0,15578166.229925111
1664704.7693760989,442.3858963239797,90008.45906706965,441.24703216732826,4543588.415936979,442.03564229307375,6090749.538970378,441.81766949468704,6246820.895322421,441.9970181765651,18638081.5619314
2584015.7449190747,435.9854959226773,435824.01096927834,0.0,6834571.786985255,435.77825820812944,7841275.3986371765,431.44109078245964,4133182.804233861,430.08540756799067,21830603.035997123
1282626.5569831682,434.93445411917963,1235790.3144370087,435.27316431629305,7745481.974315084,432.1300726453578,8830872.004086677,0.0,8411164.708902821,0.0,27507237.896415837
1748776.637748189,0.0,3769177.6382569247,438.09431296822896,9401217.392029746,0.0,9036145.825825278,440.25751553490454,8665314.269039258,440.29911015777816,32621950.41383806
2251968.7004291094,439.7247027335994,2003773.4156828097,0.0,6310112.888449166,440.96617756477326,8138023.969928417,443.1622948416383,11088917.698994981,443.6631910662046,29794564.189850688
4389190.942185023,443.51150389139303,3880712.3605096554,443.49528575894095,8427045.136634678,442.999934647987,7784329.323428101,0.0,6559628.57148919,0.0,31042236.340970945
5055096.4203421315,0.0,5787472.211184235,438.02282639486293,8096393.728295906,0.0,7929923.417584147,436.0457412859766,7573407.3670811625,437.03280677799796,34443604.24586204
6599508.4808714315,437.7492960625162,7255966.901789679,439.8727530780471,8125967.322244842,441.33969789870696,9377180.080203436,442.71655281726686,9459489.500716865,442.5944082186378,40820316.55853433
7488702.286865915,442.27092930531114,8418963.305441095,0.0,10029872.820792768,441.0752489347019,7807649.603252406,435.1662848386952,10163879.22449865,435.06246632925144,43910820.815780245
4928109.911099428,0.0,5985013.868488721,433.527448159076,6956462.411341497,0.0,5472793.685907159,0.0,10391470.760615412,0.0,33734284.16490038
3427538.3386302222,421.1644569087265,7378079.19667948,416.1151757187838,5050138.985311422,414.5920246984308,4406261.795185236,424.3957417628458,9124610.282207279,431.813923719947,29388736.679336447
3375062.255079517,434.8586410097237,6320989.027703302,0.0,4990882.445320273,444.0947762338105,4428553.02996524,444.281469090877,7169314.785957461,444.1058460257005,26286568.884758152
2986511.24469783,444.7263416624383,5887772.593966627,443.6071759241918,4550170.322727599,0.0,4118927.251383151,0.0,6318957.191001159,0.0,23863226.93729395
2593098.028007763,0.0,5192802.995416978,435.8070294419874,4336731.382440187,439.42861308630216,3861159.915289339,436.5819777695711,5536508.77604894,431.61340779056843,21522044.528231293
2107113.162736464,429.0539002092347,4846224.971387879,0.0,3918351.1791636343,427.35807026935925,2536515.435632117,424.43707745048414,4725995.950616385,429.3986206031646,18135910.94720501
1716413.2434257988,432.24279690492347,4818319.848644196,435.1654382918349,3537281.9703174587,436.3153495317219,2011094.623968224,0.0,4388036.51616259,0.0,16472449.926102996
3083149.8507891353,0.0,5668807.1861311635,437.37327409189146,5167699.340600052,0.0,2578861.222107425,436.4088877790437,5192585.756549227,436.52830424324054,21692413.666643113
1674777.073003738,437.0819547422664,6671171.894099194,432.58271702556476,2880377.212019626,434.3375899842425,1098782.3535381174,439.52771311385754,1957125.8018693025,439.4754234058187,14284417.33992825
1511161.812345706,439.39878630208443,3024605.442912876,0.0,1763788.027272144,441.5099443942003,414241.7104405306,441.63265359843587,1136575.6792684083,438.48112602238854,7852133.694749983
1300136.203942488,0.0,2497467.4768963275,436.9043911229629,1246253.5853641762,0.0,141593.39444071116,0.0,278686.96523857536,0.0,5464574.530273402
1078699.9715980215,440.36662186296627,2138360.52446305,440.9436744219867,948454.6444728022,441.37869104327876,1139967.6635984506,444.6081913704844,698728.0082790459,442.3609153134657,6006420.470505382
847404.1583697457,441.83851651408463,1851316.8679195477,0.0,528364.3984031349,442.11640597395393,1890209.383459373,441.67625260544696,1043740.4560491026,442.5023820100054,6162803.397758008
608788.0455915373,439.5122647675608,1194934.2645896976,433.4245966648152,102927.35114412158,0.0,2566755.397264847,0.0,2869047.7663757894,0.0,7343325.761827425
310819.77598061535,0.0,781405.708713248,442.9471079242297,467719.682887812,443.4044470697216,3515388.802669613,443.6798125904239,2060966.7419199687,444.44712495261956,7138075.190663794
140195.00049180494,444.43701925242016,415192.1985913781,0.0,1018886.3258961209,443.9999708890934,2476748.549986642,443.4859071393122,1481626.188832237,443.22834560728023,5534423.415041071
396180.1269542941,444.582664228741,329074.43464620697,443.437945609487,781572.2199310928,443.64295359750656,3824447.100168685,0.0,3626688.321585899,0.0,8959293.866849614
1519177.8320868853,0.0,466228.3227773521,443.40952524006036,1084686.5296479405,0.0,5524064.460609492,435.293115947591,6693820.950591085,435.2926453691888,15289292.090999309
1462310.6573079284,426.41697563517255,1872520.4012372692,0.0,4774912.744554758,428.20822251124883,8390809.886076318,422.0962013214709,7530042.628311246,421.7643384076634,24032294.803225394
2542299.500087745,423.6619889029109,1683401.9861902278,424.7007594663273,5176379.923786017,428.5181997205741,5807721.471013364,432.5282567138296,7942801.59603546,426.7859672314916,23154740.67228485
3718987.4180000927,0.0,2154256.4226498385,434.8457732547503,2068923.7795014768,0.0,8748717.381486932,0.0,8810064.17336371,0.0,25501384.020775303
3684717.019183669,431.443772064909,2873069.138623424,431.52367108050146,3963966.6757641057,434.5746943430943,7782911.892924981,434.8496241088704,4819137.316171426,435.5871438928818,23125970.021573097
4015384.076828334,433.98386819324884,2297091.7985960143,0.0,5905522.838730282,433.00976670459215,10134377.417485531,434.6357702248409,5257699.427520449,442.37141282632945,27611819.55997856
3928971.120471522,442.8673069393178,3046022.768902601,442.0487449713442,8125034.17436494,0.0,10781070.927392617,0.0,6925176.706519831,0.0,32807160.613703422
3995781.646556502,0.0,7025368.93672894,432.01610930430775,5911450.285850026,433.82629286539435,11546430.183143808,430.25783850600357,6560567.290955253,431.42250763729123,35041325.86598284
4194387.867045827,436.85433515776754,4713579.734310235,0.0,6864259.9184713,438.21999525487627,9125154.887044786,443.64852604961465,10292331.813265245,444.49314603943344,35191477.4361399
3716393.593836246,445.68811531370704,7862963.026744803,445.3024737233252,7177563.322625853,445.1961257794879,9879958.219068095,0.0,7848901.242748595,0.0,36487115.59173841
3351659.403279736,0.0,7825504.204026992,437.6636500196738,6784733.7829836,0.0,10597534.488957778,435.0334173033565,12994742.985530736,434.84239207322014,41555482.40423824
5550678.842683552,442.41389396082616,7692689.9075227305,0.0,12476086.215257252,446.0082153919635,9629392.092644172,437.10397054225865,14378332.702262519,437.0653494639004,49728942.351799585
2869513.8150267033,434.89790645810456,10142695.159109449,434.4627195845592,8495609.116857171,430.1697674826064,9875822.395640401,437.42867627839735,13939015.390559286,437.99804982815255,45324830.83431264
2917828.6844253596,0.0,7523984.850484458,431.02930890485703,8603088.56322816,0.0,9762000.811724573,0.0,10284593.94663634,0.0,39091927.8858078
1985246.3906035563,433.7455389680633,5653229.515406422,434.50575832930105,9747823.029943757,436.0415858988093,4656483.389950197,436.23376094340585,12893975.288561687,439.02739382795494,34938937.16850358
1784197.7897322814,442.12815411170993,5227925.887349618,0.0,6227363.202780158,442.3509042607069,8347727.515650835,441.2320429347764,7592129.544641592,440.8705792028983,29181110.521834992
1415279.0446269715,441.5532286480847,4496235.658782692,441.3732722288577,6054077.4679828985,0.0,5765868.007962068,0.0,6423391.42808661,0.0,24155734.533942115
1176224.9015645548,0.0,4215169.321587654,421.2975380263405,5131225.176788457,413.58472457211036,5170763.045991245,416.86304472331034,5305971.5744506605,423.7356424050946,21001029.501332298
965301.1139459339,430.1135238629134,3592764.317875724,0.0,5058283.628538523,441.6496077449801,4912044.4294847865,435.98936698937456,4794942.057853807,428.002669295428,19325071.302866668
789267.8038092474,426.4513890565803,3370953.469211257,426.6729963323261,3643658.831401023,427.24715370653206,4260111.4992470145,0.0,4109339.310906272,0.0,16174611.28611391
1046246.5484619801,0.0,4033481.856530505,426.84052944132196,5516921.766762848,0.0,5701436.7515723845,423.20156679510984,3745165.794276757,423.54291345150716,20044526.302614164
378415.116098787,428.51728763313037,4575811.46456509,439.105529534289,1836824.2547029979,435.2613071377966,1792257.5369328856,440.4750113221913,935997.8692700925,440.36748876697203,9521489.968194246
214494.5180514647,438.7832076111966,2024220.0012182014,0.0,969921.4940366815,443.08378151217966,887694.0276093892,444.20902735043904,243367.77562967813,444.4642958853738,4341468.356857774
66149.16342274069,0.0,1544520.4161391908,443.7512015296704,234133.0793867226,0.0,19997.681131648027,0.0,556997.1792110378,0.0,2422241.27049287
1128386.8690651662,441.0030760994542,1158732.1967488553,441.710168896171,794679.8987019914,437.5513142083682,205273.01148516036,435.06002192516615,906157.6310107542,435.9616101294308,4195420.893203186
2202995.9264391046,431.70364467999286,766816.4449516012,0.0,1534228.037497259,435.00540605945366,2187632.279892754,432.9727968563402,1095715.836891788,430.8371731912151,7789119.044693293
3430929.2138399445,434.6526605951429,386641.97989012225,435.3750120831424,1401547.1359905982,0.0,2850584.80179995,0.0,3626236.172650418,0.0,11696809.331843711
3365289.4779379973,0.0,34418.66205271086,443.6339597595835,2572811.2540095877,437.8266918091989,4766149.651377661,437.0290120281068,2844490.192690479,437.26773518497805,13584914.995467218
3288717.013475194,436.324049072495,561773.3617516174,0.0,2577748.9820134197,442.8298035903409,3978084.181430644,443.0046136367987,5543345.020023313,443.4241744600708,15951434.141334949
2891129.6713502673,443.5832296129041,1133310.3469441675,441.2655041707562,6659167.61880249,440.93691426979495,7127674.488185892,0.0,5559514.3469096795,0.0,23372122.257840548
2669838.174023826,0.0,1952094.3210580535,442.89000685695885,8129579.56031655,0.0,5886046.178635067,443.3692936956721,8321989.550646629,444.0231787860382,26960878.067159466
3425585.3057283186,436.4714266047637,4489377.015722543,0.0,10243028.372758495,437.0829985447688,7319150.660836008,433.76207985252745,9467763.405821532,431.71891927129127,34946643.796291165
3612470.8984050606,436.8408750938986,7040863.811771705,433.35164090075295,9943127.550724288,432.5072569127572,10968231.954914458,435.5583074531642,8420780.554883529,435.1395731699805,39987648.168352574
2125627.533205735,0.0,7043130.003148105,439.5633156119341,10935368.066040741,0.0,6870846.985817056,0.0,11482568.458219163,0.0,38457980.60974641
2195380.165594306,441.26685820043014,7668411.231249516,441.8032231794702,10198291.27189532,443.96423351418866,6735015.160554118,443.8932653771723,7954706.701285873,443.8089162286295,34754019.26707563
2270249.725842522,443.3505475085471,6176467.502801033,0.0,7852873.271193641,441.69689247055635,10135703.071125157,436.04970786579156,11461755.30170277,434.6044326819086,37898804.57424565
1865002.9167947923,431.14256748856326,6702059.816631465,431.10868521081386,6745725.896085577,0.0,9389825.422610065,0.0,12512120.062088544,0.0,37215596.36546314
1682050.9901308848,0.0,6795594.179752534,420.93735573352603,5595673.715272995,425.4546607230633,7587661.02528321,431.6557912922964,8954560.606518295,436.394414629182,30617254.9591803
1632511.8756175989,440.6131526992362,5954098.4925058,0.0,5000324.450580964,432.04605479028146,6579404.070386543,432.2031743523766,7858854.651118364,432.50809314903574,27026930.91068426
1362153.9133733604,432.0095274165359,9180792.638663068,440.79480592045195,4708052.285053694,444.272743462076,5719146.512999951,0.0,7107725.485695791,0.0,28079187.912862662
1309092.1135177366,0.0,8906577.936945729,444.2977447750601,4822379.7842697445,0.0,5884196.60033183,444.27450816834124,7052602.525299059,444.62350906267284,27976182.156126104
1996421.5281083996,444.1178960724913,10244745.664082445,0.0,3929099.0503393933,443.05413899411167,5984373.608806192,442.9687439149348,7779164.274011404,442.7208364009637,29935576.986963216
539750.783158779,443.5452140456379,6673651.83862672,441.8662509473191,3250432.776387855,443.1210353003944,3696389.029645136,0.0,3759265.2960517076,0.0,17920818.256370492
193625.01748754777,0.0,9254215.730680909,444.5061003881463,666976.8285142612,0.0,679833.804476039,444.2056950106602,834940.5816956012,444.8310892547379,11630925.505739013
408195.4898711265,439.84219331886464,4134875.3693569493,438.77746982413953,825837.294815436,438.95502820562183,273545.7592119103,438.8307413843161,730541.9357647278,437.78584857698166,6375190.040301459
1098364.6055783122,441.88555073659813,4314184.132378172,0.0,2086804.0726236193,439.7247027335994,1038454.4129709625,434.3341229993444,1091924.8317386094,429.06030090352897,9631477.059967048
1642094.150582449,0.0,3627148.873330843,429.40631380656487,3219099.6722653573,0.0,3176449.4766125176,0.0,1483851.7046277507,0.0,13149073.283732723
3446430.8450223114,440.89761291937504,3376276.717497963,438.21722908725076,3391883.463152907,438.22342916671926,2621825.4801149657,441.7170496935156,5122040.511532097,442.52767081169253,17960658.600311924
6440831.481838785,442.25693908995413,3199729.6906070383,0.0,3626213.7115582703,437.67868323292475,4540384.633391477,437.5479859151195,5073780.374117122,437.00501176154444,22882694.38013269
5673461.055710119,436.58169374792635,2548368.4033318483,440.7431791797042,7271167.449285299,0.0,6072573.222243773,0.0,4816115.840612191,0.0,26382563.29605616
5424948.493772874,0.0,2287237.9474982023,436.1083650045977,5309375.848703712,438.43166291083656,9228339.05799054,442.9096884971989,6083828.025778183,443.53808074499267,28335490.36154067
4831713.466334101,444.6384350087635,1750740.9309820556,0.0,10543799.433673147,433.7617060332959,11317829.17697411,432.47603973871844,9802709.93800537,432.7918567628822,38248536.614006326
6396808.08365833,430.83201012118195,1836635.0406152604,434.16224870221396,10031529.924324749,440.9811487388685,12188089.95279572,0.0,11933415.142951457,0.0,42387784.11975308
5060320.740944643,0.0,309739.23586897954,443.0167014820505,7135851.1022673305,0.0,13624253.91842333,431.27759554975165,12199112.207179258,426.6585288010508,38330578.15750937
2709169.1351315556,426.4009901870833,193308.88499434368,426.0022839847472,10863474.95415493,438.5061482943863,12805983.027183665,434.5106347161162,10820431.144717624,437.9167833094175,37394530.48302261
2499165.397191023,434.5984283991664,1489342.6312563373,0.0,5691069.269389101,434.77759625445276,8945681.5337099,439.23323018279115,11860301.982154468,440.5264788618982,30487309.949434523
2171148.4605378057,0.0,1887322.9511362987,442.7512132815737,4809110.36519349,0.0,6947613.785358266,0.0,8953219.3369106,0.0,24768857.650349744
1811570.230525154,435.6790501763261,1305948.4312870612,436.5546187145956,3902064.813491574,436.7043307842395,6298196.520452363,439.8612205945841,11435407.193789065,440.8830336104274,24755376.871799096
1544292.8389750705,442.4825420506192,1823215.3964016659,0.0,3417170.8859375096,441.77850181164507,5615357.691166308,441.7602776336889,7090274.370432727,441.25322156687105,19492078.457456347
1278521.9840371443,440.97873396461114,2662304.1476669693,442.29521997600983,2402386.8914705836,0.0,4206457.309959855,0.0,5002290.056149203,0.0,15552843.663237697
807691.8033487649,0.0,3671725.235832778,414.82660251199655,1368620.0980813582,415.1848751609325,2999782.8019498624,417.5011099749263,3660253.664516592,419.6655875897117,12509740.781904593
467360.48181357246,428.8035086957022,5878935.380916217,0.0,874262.8853510567,425.11956254576876,3131996.7148551117,423.8272545768561,2176660.1323878565,433.599809439425,12530926.945459073
741899.5601693789,433.0820484204811,8735396.47485745,433.5139122789678,734576.2691046091,439.64404236534375,426727.11778320326,0.0,538331.4529327988,0.0,11178237.114850506
1099755.1061967227,0.0,7976228.528799358,434.2376318474791,1338170.239276158,0.0,220974.12440140583,439.55170338174315,1407897.5235380044,435.9203590140884,12044335.231905892
1343698.906331315,436.2209061969421,8151605.734949898,437.1656645538698,1987728.966274248,437.4493963104833,1426502.5495531317,439.54575355110643,1659498.8886273038,443.6802037001083,14571229.10766021
1793877.6681901594,445.29892797328824,6260869.726397454,0.0,1602912.5635286383,445.1042938600302,1889211.6097426189,444.82823899565614,4176871.128698841,443.31764787744294,15725521.24566642
3443822.660879361,0.0,9685518.512109742,441.23871543511285,1507813.4065411787,0.0,3549775.231866563,0.0,4865680.4627373,0.0,23053051.512849577
3952775.9818937997,437.7002833914356,8416245.121847136,438.0545635535828,4656482.328233998,438.102320917504,3554785.2879405436,438.86269139668076,3853100.631251452,441.83968012662206,24435583.91070631
5932755.070342042,444.2555873262877,6404833.084114895,0.0,3782166.4898558888,444.1760001906197,5268661.344683498,439.9001451500587,3275231.389660769,438.93359112097727,24665414.643980883
5885628.935877661,439.051903997069,6438086.544795672,434.85976814862335,4046663.606824175,0.0,5688352.403979619,0.0,7192819.4184438195,0.0,29252424.82159309
5161047.072742252,0.0,7400996.66458103,437.6092346175566,7092154.649450104,438.37085194929506,4325976.271657288,438.9583779392482,8243694.672594067,438.75509388838003,32225623.02458313
4138723.771422718,442.9706932070737,6877844.088090373,0.0,8162977.486035977,433.40742839281114,7901502.903451067,434.21421813050284,7188149.449805215,428.63041609342525,34270936.921561174
6804953.799085256,422.81441276987084,8493280.069465794,422.68507507810136,9283359.101890553,428.1418376491334,7719405.242755897,0.0,7892978.294822069,0.0,40195250.14934506
8120902.830418397,0.0,6746665.316423766,433.0225260268516,9070798.616349297,0.0,9795737.563333174,436.85499870349537,8749215.011932077,438.32876193379127,42484627.544743374
4678400.856301004,432.46740006714924,6585842.63036491,437.3861968460213,11711723.182450855,434.76032063063667,7932576.27579616,434.12508180548895,7716797.841067794,430.81679822354874,38627510.34177829
3578133.041745882,436.0533911830951,3805167.842798675,0.0,8688663.727936054,429.5187209585131,10760394.278428154,426.70672757473324,7665904.123942711,427.3074568779985,34499982.60114808
3330677.03350966,0.0,3190651.170048876,433.9878909012757,8280696.258275033,0.0,7886157.635462412,0.0,13994966.344514856,0.0,36683582.42970174
3006717.8406118103,428.47296486262155,2810468.0589949,424.4997226251239,7117948.638358828,427.2302900007576,10627613.175643725,435.9333848387108,10858589.019638319,437.7353049185774,34423490.60491483
2430064.584670517,441.02317004487855,2508696.92858585,0.0,6909105.392233375,444.14248803422424,8170807.303059143,444.4745009539596,10555425.576715954,445.02823887145314,30575874.453662742
2258891.888516548,444.89154300624756,1944696.210879039,444.5435937430308,6433613.854290097,0.0,9218185.664614365,0.0,9238658.14129252,0.0,29094935.194729317
1930547.9205677803,0.0,1226828.5671916772,431.0489656619464,5119591.134731731,423.56385375785953,8011804.755129342,424.4322455909043,8332494.83567607,427.70652118492836,24622973.9648828
2847574.791426252,430.54657436693634,762121.1933254394,0.0,6870066.210054071,435.1436173316878,10351663.423963118,438.0893558130021,7839286.771031293,437.88516135122256,28672454.054509036
1135055.041766919,437.50481778473176,323830.6285139519,443.00519851734987,4919824.740366671,441.2698564385656,7446288.9977606125,0.0,8327636.090445388,0.0,22153957.278726283
916275.8224443013,0.0,1098616.4225972688,429.13218467000405,3903953.8568562,0.0,8513863.90346424,423.82645157175057,5766264.425211098,431.13915132270284,20200258.528360672
641979.9406609839,431.16555876965504,756199.6714775882,431.02977031053166,2628502.361371631,428.36967185855326,4864752.532532868,434.91547487555346,3332445.302346265,432.58531956806485,12226037.874184716
344523.53256506874,431.85430864173696,2857214.237286388,0.0,1988730.8999724395,429.7081230787882,4046016.1898041945,429.9306500064385,2424806.424243977,432.73046086692426,11663015.507414663
175669.41350235668,0.0,2431196.6489124377,442.09504732295534,1257692.029640916,0.0,3298873.3623286462,0.0,1673197.7793474153,0.0,8837071.328779096
29502.51471457246,441.4072387802983,2619156.7772594085,442.3826884877037,442420.0392903451,442.83574525592655,2522725.827693784,442.8472394222322,558133.3427071089,443.1129403582292,6174151.087517523
279532.8903328595,444.1972663743839,5109706.390185089,0.0,202327.3514189202,443.0609642224361,2044866.5901817011,443.5247919200589,438768.3155735356,443.68861272510696,8076976.0093273455
836836.5352050881,444.048249957542,3290450.886102908,442.1383492826907,826905.6309226867,0.0,1340685.9999292188,0.0,1330595.1285722847,0.0,7626360.367331427
2526429.4645596533,0.0,4249150.059122852,425.7349132010931,1086698.8987891779,427.451437166038,486332.17280400504,426.65771503156276,1914309.4043494347,426.329025360156,10264626.172715882
3906284.046209204,428.7920013699085,5281984.586006816,0.0,3455507.6928254757,430.13089164632913,2472340.2125794766,431.9457583830499,5344150.074713183,427.278799413901,20461984.75978497
6686699.884965458,425.1379657607476,7890343.240749275,427.84595159880195,3249579.3799483934,430.3043707421417,1605626.6217260556,430.40528646604406,2777032.5620790278,0.0,22210995.383042775
3976959.0972964466,0.0,8204794.945367408,439.94003795265445,1877194.0435626672,0.0,3267490.2169325743,0.0,4810968.202232694,440.85860818758783,22138287.30403793
4676854.4153307695,440.53872103971787,8400382.169485126,441.3525658422889,4915298.016091196,441.73895337713424,3543232.1093355617,438.72134305525896,3657503.698066865,437.4301019057961,25195470.189994738
5544037.253376322,435.18434528970306,9238545.350468567,0.0,3321269.2819110677,435.0373654868404,5305212.819047846,437.3897127274457,5381188.564256016,438.7561456974887,28791999.63662902
5453893.145310379,0.0,6641080.092002759,441.9645131590559,4616154.997602062,0.0,4660130.466838058,0.0,8388792.061132887,0.0,29760492.727399305
4920915.277152658,437.38762219654296,9239651.681112545,434.74529946496466,6986225.589783344,435.1936582955372,4164165.6420468334,436.77576663764614,6602161.517841058,437.079962042242,31915300.890245076
5107778.57753872,436.62799415563984,8397693.681251919,0.0,7294112.949177314,430.1727087301347,6804875.256863242,428.22999102813947,5973085.691107559,427.337206666344,33579268.52383934
4744396.503592598,424.36809965958076,7536330.937289795,433.44755202298325,8629048.17253986,435.99701490856535,9108696.618238464,0.0,9726272.080348462,0.0,39746038.12467577
4680962.099170826,0.0,6985054.319222075,444.70119386388996,9366459.250336865,0.0,10385812.636569124,444.6425594600504,11392376.129120756,442.7453712500264,42811996.52354422
6354951.517199864,442.8960475703882,7593123.010072528,0.0,9518446.75642312,442.74254765671026,10104892.349865101,442.4828338018387,10220524.90520147,444.55134839367696,43793711.21153951
4555328.419116875,444.11417322400405,7088714.601278402,443.99037508371964,7553190.530463303,439.09499491279786,9373048.30678498,0.0,13971603.367836464,0.0,42543212.42502324
5655790.7493950995,0.0,8032878.419255714,436.56427446009144,8717975.552586356,0.0,8063137.459109929,440.04513965161686,15400702.064588808,440.3580493293356,45871801.21239934
3586892.6601893296,441.76580289051776,4035982.8800891773,0.0,10094813.944981389,442.9638707596432,8498998.816695917,441.78092535283497,13883284.80325124,439.28392867390215,40101738.899734735
3284523.696954656,439.07306536766475,3473871.5030384427,439.7891562712029,9114476.726763515,440.27378656955244,10496852.429728039,442.2318755008224,8847804.375865147,442.80048721414767,35219732.90072072
3257538.375744459,0.0,2809415.6063899742,442.23352689019976,6647320.526529326,0.0,12436486.136592751,0.0,14296609.987452883,0.0,39447812.866236284
3008639.0469325096,441.3859485924542,2409073.704280676,441.6596839687523,5607000.379533062,437.90992514752224,12436156.560715256,437.9297382013319,11310296.084588872,438.6874062355983,34773363.34875252
2409976.076656429,439.930520699242,1936121.8237795506,0.0,4453672.678514509,438.8437504087051,10366171.887491778,441.1011480260866,9749979.716510754,435.21256774573453,28917677.2709399
2068977.754819293,427.15215407526347,1393090.0892597637,416.74543074048967,3595338.328610701,0.0,8659589.386449385,0.0,7849364.764352417,0.0,23567204.221076377
1442775.2482309365,0.0,900756.0846611288,439.23236773881496,2543857.8980283067,440.46739823166837,8182944.091352107,441.4170135998997,6198943.480956467,438.59231551819164,19271036.512324035
1518828.9247201942,437.5461791485602,531339.7190144113,0.0,2643083.938481737,432.3894728251298,9885090.743978495,431.59878833872494,6421725.93338422,434.89771856826303,21001805.69173794
113879.52068359301,435.7972184960553,726044.4214888458,436.9867050301748,245807.95459340006,440.0690902461832,6821533.084277994,0.0,126287.78650048812,0.0,8034865.620558093
644953.0250890423,0.0,1382949.1316426184,435.3173050477164,359884.36648943526,0.0,8914659.485412726,429.1631039251833,254450.05701468623,435.01301949694243,11558195.559076978
1529625.3452477942,436.69097468351134,3200452.4952477952,431.66948905059405,745064.668995842,437.4274407421683,5366447.438255997,437.25054600232477,1560717.8251006615,436.4029281304848,12404487.2142267
2151441.215124454,436.45638158895963,2831465.8603887595,0.0,2680483.65403623,441.9500572395709,4007165.5619454575,441.99003162017675,1703605.5061375934,442.3510986457671,13375924.545201588
4733683.397252902,0.0,4551018.554332956,441.2186018439318,3116075.4556451226,0.0,3169628.8667621375,0.0,2626287.4536187225,0.0,18197134.946213685
3875371.6296970844,441.668888613446,4884165.5022859555,441.72063554611333,4088803.746128092,442.2389668483202,1891914.3357542374,443.5151189379954,5490585.821884986,443.7027914541744,20233053.882151753
7148079.576106865,443.1204501139349,3238197.482554099,0.0,5922411.418059425,441.7331380280899,538739.919274341,441.47267057441536,6627749.087050088,441.5872229038783,23476945.396526437
7872741.8780407095,0.0,7962092.16984864,441.8264928767357,5431083.29314467,0.0,137210.505203214,0.0,5956299.08249125,0.0,27359868.75522136
8209557.155698832,440.62983578255853,9705620.378084632,440.5697633120168,4689257.415114873,436.51013207186355,745917.6829589035,436.50265541984254,6842606.413369847,436.79263421463537,30195150.05024789
7295524.593956873,437.5909723408612,7760905.731736701,0.0,6343402.663781709,443.35132856802784,1338886.7717356626,443.2941232423882,12640520.94995247,441.4665718212685,35381006.414159395
8339435.3627951145,440.2013945085078,12321908.44906278,436.1450219202707,7906007.412045519,433.44503241365993,3560937.1574134175,0.0,9384558.203061275,0.0,41514156.37582695
6265431.784129037,0.0,14124921.485403925,432.68117071111743,10333921.981601238,0.0,2306009.598029627,433.1004952999852,10943484.019315422,434.44143777885387,43975069.09158304
6940158.7790462505,438.0036719570435,8720832.63245505,0.0,13278683.163886908,440.9127725611086,4225811.720335182,443.2334197447286,9595750.154361647,442.48565408346246,42763001.085603386
4065409.4683937086,442.9870679383755,7525148.696150422,442.44189514171546,8507151.765604435,441.2295287116353,5474808.265727994,0.0,14524727.328553092,0.0,40098572.18292144
3213414.104066085,0.0,7775137.173150999,440.7853481547261,9968467.912017638,0.0,4205759.16395038,436.85860084404777,15763057.80883817,436.42109137684696,40927150.22706364
2644055.8860575138,437.83383301705305,4859060.282344433,435.9156397045259,6827383.219983267,438.73740512712334,8227035.524036566,438.87914651133894,13015934.555619013,439.3511293957134,35575660.18519455
2174075.0008998956,438.4256478881367,3994970.579524628,0.0,5808649.065478867,443.4018103733069,4928507.724346761,441.30158222874553,8973090.404282534,436.7384351730833,25881052.64200835
1814631.4739697266,0.0,3232655.1396489395,433.479376276932,5241247.394207229,0.0,6250716.409147922,0.0,6920663.341828447,0.0,23460347.23817854
1385966.5682417145,435.85467541234027,2612088.47273267,429.0899294620737,4503580.454513428,425.6690229363646,9897992.2548712,424.5221003835798,4698593.360952235,420.3521095735963,23100356.59914902
976852.0780170655,426.0578181229479,1643251.9086425062,0.0,4299169.907415048,437.0625029714371,10455956.810041647,434.61916264072795,4059730.529389865,423.72592152950534,21436682.6989114
1038962.3832087459,418.15719844681246,590113.195126658,416.6041746377647,4880356.841820806,416.48317417144136,13289301.437579935,0.0,1201510.8636309141,0.0,21001495.965914316
186563.35583897645,0.0,598393.9709247936,442.62437850048644,3479332.0630235593,0.0,7549535.583012139,437.8981143722321,737372.6945697545,436.84030637706945,12552515.030168474
228981.21953673396,432.7263684265392,1480467.9229743758,0.0,1695497.3007747293,432.9989637787106,13776560.562802866,437.6772559847666,776186.1168892216,438.33649214701865,17959434.862058263
403876.7648597598,439.83296856559986,3126854.173314779,438.0244464987802,1108985.1581252064,438.179555453407,15386284.538797766,0.0,2917168.089502492,0.0,22944484.76157052
1925071.6100713303,0.0,2759211.3677556342,441.13545934146936,528156.4156422272,0.0,12542347.833737686,437.0514020050911,2238168.4590273323,434.7558141719449,19994268.62890973
1477606.2842408987,433.5471467084379,2455641.2593641225,434.04861478519695,88228.86586502845,434.3158519663949,10077536.633507153,437.06297738427287,2884998.2165924557,432.33106903090965,16986182.565229535
1867491.3748558594,434.1075771846117,4607599.813520247,0.0,673762.4347192076,433.94224222159426,8754507.732461017,436.11393872596165,5008166.168188235,439.54114734123647,20913271.228650037
3957643.297024127,0.0,5693290.554928933,437.8861137531366,1370850.7706071376,0.0,7719205.697815468,0.0,3044664.663064538,0.0,21786092.869553957
4460870.352192238,438.6148659688971,7342967.779327155,438.5280212452159,2044563.5798332326,436.70963556155976,7164917.257845921,435.5069578892492,3920701.0026483755,438.7740272239341,24936208.105354812
3961093.9914432205,438.99723858583496,6441111.922095172,0.0,2975040.271728042,437.3347004120787,7428289.245640172,438.29173703879314,7574041.201343655,438.537191340982,28381329.793117642
5491514.0482228985,439.01341659748704,7478845.209495833,438.46661059333053,3292820.757523557,442.3303004131166,6560672.5403684,0.0,8768280.579536129,0.0,31593452.945474423
7222966.345357198,0.0,8414181.49175663,428.248300155387,3505148.70069113,0.0,4979810.850782196,425.0506319813737,9728203.929701207,427.1475320795709,33851591.76475258
11140470.994635217,434.55180703699637,13818641.696282262,0.0,2986611.1164619,438.37467003761947,2860666.6163969263,431.6885562965028,11576081.730237553,431.8512517205809,42384208.620298944
7212791.1923792,433.47909627778273,7444180.585868068,429.9830805959082,4792056.883568225,429.2204718584327,2065357.205963766,427.3119009429547,11109540.135176659,426.88532974285306,32626072.882835336
6435175.831526533,0.0,9758644.992350573,424.8736510777133,2896864.131538157,0.0,491417.4413214134,0.0,8508449.802596811,0.0,28090977.072984565
6066297.077695166,436.9431734205223,8369654.388272134,438.13874171335107,5690745.757661105,438.81113365058116,197692.36885445938,438.50270995036624,8340546.286362976,440.5358291253094,28667128.8104337
5658118.065543848,439.2379257705229,7708337.546847923,0.0,3070415.914144134,441.83648020689174,548592.1140292602,441.92464039922055,14397644.56866886,442.1631109412679,31384873.37139134
5121515.765393326,441.5169157811909,7033879.361955567,441.12859665137125,8485189.927477688,0.0,1224602.132228075,0.0,11012757.24048107,0.0,32878827.07304816
4430709.487647403,0.0,6194414.149309487,432.3518660294274,9469336.002519697,432.32689130379697,1904290.1669892867,432.5358766148666,11739189.274074482,440.1682869264548,33739676.46346123
5351909.53215553,438.9159836534657,6716687.395434393,0.0,14506629.163774325,440.6019670618576,5833986.119101424,435.6339876861478,14219951.80685451,437.9581273356585,46630917.12738592
