238807505519.81396,13657531189.360321,244052422009.77725,12439175774.825315,239331519694.35767,15151929019.038406,236754987597.8231,15150771022.592512,248883381167.1539,13676995465.463999,1277906218460.2065
4255682.714252338,0.0,5112491.670698146,443.48688406034944,5681230.247139705,444.2378443740064,6126515.911749791,443.93075330368305,8057203.389746931,444.36962696642905,29234899.958695617
3711289.506978347,444.0523634669711,4273765.603781026,0.0,4802427.872863476,444.3322610148065,4648235.151876343,444.124950061845,6688877.059426724,444.5358393629205,24126372.240339827
3384558.518125897,444.76524776647096,3569949.074620808,444.00046048212124,4314171.894641956,440.1472123100763,3750845.6620689943,0.0,5214131.45918592,0.0,20234985.521564133
3114214.548262764,0.0,3234843.7522527305,439.93696162368394,4058766.155613188,0.0,3086990.2132692933,433.3006237800906,4793577.881603874,432.9202863132471,18289698.708873566
3460169.4359923266,428.8165693454755,3923630.729488349,0.0,6495681.153642082,428.7004214252055,4195906.950824059,438.53021821239224,4905743.110246737,439.55179934807336,22982866.979201887
4283276.078603754,443.1516622155581,3405461.66638501,436.0620802807063,3602011.569203276,428.73173499062153,1753717.2749002764,424.7164384899644,2152674.7318750094,423.5996798489129,15199297.58256315
1896388.2530793655,0.0,1690160.9929942596,431.14829199596363,2880405.8306139586,0.0,1293087.5425160741,0.0,1443287.186354234,0.0,9203760.953849887
1732088.2046038962,442.95763327732374,1578261.5028672323,443.5116015945804,2313000.314808922,442.3843410036118,776149.5838276322,440.623953163899,847975.7761274031,440.257900634255,7249685.117664759
1470470.58749759,439.8708309554751,1385760.2878619633,0.0,1986413.2217148403,438.42765287736495,46033.46258701853,441.117674782116,385740.59520453255,441.3585646889633,5276178.929589248
1296490.2622038373,441.7217016216264,1073245.6193765919,439.84920823399074,1476608.9513118577,0.0,645216.7943074297,0.0,40689.15731144172,0.0,4533132.355421013
874835.1891922669,0.0,656419.7195548621,443.22278370546945,692819.0014508647,443.6233044887735,415514.7295692344,443.8064703859482,378078.25288540043,443.36597394286156,3019440.9111851514
562784.5283065109,442.3718988343623,299076.2931983209,0.0,339582.52290573815,437.595537767136,1036183.1334743126,436.4130501698166,1770904.7701144246,433.7604911252433,4010281.3889772035
338987.4939502637,431.2913617088279,207315.88167684406,426.2175594529893,143694.93035939606,429.77646250391456,1112913.9000489654,0.0,2540195.389395542,0.0,4344394.880814677
37266.04780055429,0.0,1156779.4192925424,434.9865146064216,995683.5381421731,0.0,2921637.943415336,428.53999976585607,2445727.168936925,432.2476226300372,7558389.8917245325
1944602.6010787946,430.66169820442286,2067319.6775951865,0.0,3259735.575139088,426.52456990901163,5734942.3964416105,426.5254735332788,5527124.475770866,429.4324178011101,18535437.870184995
2061052.2388272702,432.84563899507936,3672616.1060865344,439.7890602012015,1578459.7892475459,443.3770074309245,6003318.292618833,445.5797093911503,5403222.376290695,431.30522114594635,18720861.69970804
1795756.4827554151,0.0,4735625.627266071,420.36536262737707,3795914.924301605,0.0,6215825.637658593,0.0,3144189.181823336,0.0,19687732.219167646
3879779.1571554476,446.0121676784245,4732013.114377269,444.87296278741394,3084220.3144952785,444.9798448323954,7322471.890269982,444.98122175306077,4890402.236949017,444.1247541146705,23911111.684198163
3834777.4501547567,443.06028169014087,3837239.3363873633,0.0,6603901.168876487,443.01260713800826,7385966.20882886,442.29453980092126,5917906.405971872,442.96455299492936,27581561.902200963
3815855.11347683,0.0,4371788.766636878,443.4789711237061,7431225.687925345,0.0,6759995.379559387,0.0,8448734.859325262,0.0,30828043.285894826
3949989.426254565,436.61180209892973,5556584.658804886,437.53467324845167,7240879.434578015,439.55275901368043,6171742.105212904,440.5285995053953,5009303.039806192,440.5841290738801,27930693.4766195
3299462.7622405575,440.63340400483514,5423055.742565747,0.0,6823565.267796185,440.0663968765314,6500708.485380689,440.46190540574247,7477798.503925841,441.0156346007627,29526352.939249907
3220410.6115520787,435.08804020348106,5478216.438554354,436.3524195504278,6590268.963202353,0.0,6383413.287991167,0.0,7125264.643437265,0.0,28798445.38519697
3260842.1099400567,0.0,5580159.653137519,437.9929042773615,5908389.177444153,438.0597105532336,5355139.192963026,439.6913787319691,6760219.293346909,437.9672736124656,26866503.13809884
4227946.1299789185,438.93990718726394,7051949.46527662,0.0,6835859.124310166,434.358018208265,6667586.001767837,433.7803977841985,8816661.22723595,439.1412552415154,33601748.168147914
4952553.34842931,439.76552431562476,6610672.019528563,439.67947166811535,6996805.784031929,444.4536006914281,4815979.432344063,0.0,8170687.087920284,0.0,31548021.570850827
2853347.0809645434,0.0,6300756.889416833,442.75160275582516,6331721.218059741,0.0,2868846.8800228243,438.83561967807714,4582258.456476336,440.5690884334925,22938252.681251142
2756152.105763085,440.7564948264474,3763626.281457777,434.53417419950404,5487357.987883796,436.4267677014013,2585665.753689067,431.99451033892603,4044952.607121629,432.193339434333,18639930.641201854
2243121.8951315717,426.94888084397894,3154220.7326959562,0.0,3660608.8540237094,433.3180633822067,2322124.33233196,437.71303514656233,4058925.380264045,437.03242730004337,15440736.206853915
2186934.7246830277,0.0,3171610.4287142265,442.1376695899973,3163983.75598639,0.0,2288747.726454881,0.0,3887646.5595354596,0.0,14699365.333043575
2186206.718668339,441.05399075946343,2710405.785550008,442.3986309208323,2757596.483161837,442.8369141269413,2083428.475789381,441.1865012570949,3170794.86073691,440.9732283781907,12910640.773171917
2076597.9111337585,440.48956365786904,2172324.314837008,0.0,2278676.7803327464,439.48530472741214,1441396.1185661808,441.540930021607,2256058.6083081434,438.3380191349661,10226813.586995378
1826774.1141597861,438.0961242644689,1576294.3673108672,437.4755367656901,1539133.4933051807,0.0,1053282.75769988,0.0,1609464.010990661,0.0,7605824.315127404
1741078.7047118414,0.0,1060071.4486936012,443.14493173431896,1057863.1024333977,441.0263581949092,745062.5452017974,433.0842843221825,967456.8656917824,423.58078573219933,5573273.5030924035
1665648.266351643,419.41213809648707,375147.8201305659,0.0,770324.9517681674,408.23473255741806,314769.35132613376,415.6482606086244,1053066.052416083,424.5785923398677,4180624.315716196
2290662.341795828,428.5571494772953,1430936.4390430267,439.70645553643544,1030928.9973884665,442.8680862970559,1819621.4549827287,0.0,2374526.2054300033,0.0,8947986.570331365
861118.1671294147,0.0,2028567.368487137,444.2872536854089,1825043.6557748397,0.0,3094862.7586161965,433.5924321516395,3266724.707724371,433.04618398611854,11077627.583601782
545995.9472172237,433.34613756201486,3047694.3306206455,432.4951783049717,4428621.286225452,438.3038553235346,1514236.4141023576,441.7745272616559,5073306.839197246,442.3471137861801,14612043.084175164
355966.37957167346,442.75053170328243,1942881.1224149608,0.0,2470972.936650592,440.8227955640648,5139309.492656239,441.6126009454921,5987637.510547645,433.1184778617057,15898525.746247187
132383.5262430262,0.0,4582067.265978094,431.6885562965028,6807322.083859021,0.0,2952728.260500674,0.0,3047180.3581692465,0.0,17522113.18330636
602884.8674168256,441.46918555198397,3464390.6975136045,441.0470339835198,6115137.977036383,441.2450013084375,5925870.196723439,438.9768502458098,3878858.3539567846,438.3237994714683,19989343.1545176
1020033.0819479444,440.0194605851027,5514537.792858175,0.0,8246204.982903267,441.15595202487503,5295548.2260892885,443.54824332490784,5657175.695067411,444.4611559585472,25735268.96367798
1679086.8165396142,444.71288330711354,5509294.2268998185,443.6713061253813,8497546.255500566,0.0,4598716.699490898,0.0,8565187.379706897,0.0,28850719.762327228
2094068.2574438974,0.0,5844258.156845439,443.55664734854037,6842891.3751810305,443.60522102635764,4880075.597782969,443.37036774398996,10496094.783676067,442.88503800652825,30159161.58820353
2553858.200082324,441.08790818520794,7808351.323487469,0.0,7225934.713359601,441.323831693037,4275904.544495334,440.9901319312882,10490555.546372859,441.2956816602626,32356369.02535105
3754651.215516822,439.91600527742077,8624709.567061173,438.95531532364373,7381885.239245989,439.060425751669,5894809.0675537,0.0,11310212.045402128,0.0,36967585.06652616
5268254.1340145925,0.0,8189166.381162099,438.5448333804204,8325275.530343437,0.0,3809425.254137001,435.1223628108347,10147667.099927338,434.81327851910885,35741096.880059175
6632158.746260348,439.120949300771,7057312.02843725,0.0,5842792.201066776,432.7395761259899,3349388.9009274486,436.4724674932749,9273990.780455027,435.69102441386957,32157386.68116419
5890828.1566620115,426.767149671615,9034610.406358587,424.71312339988896,5988710.201452454,429.4811537501573,1750304.2413281214,0.0,7422074.309088977,0.0,30087808.27631697
7335454.610362516,0.0,6289192.069677675,437.7757579500275,3716211.160456543,0.0,1878069.275216154,437.410809203055,5348478.532003876,437.77156952451196,24568718.605853442
6243876.891979298,433.93120566290565,5598219.541501343,432.7900890617241,3113571.5342812156,435.1105138467031,1443681.8406257862,435.9455618570084,4605174.421360486,439.33943249992797,21006701.346551057
5731674.797315181,437.23117417875244,4938612.241645159,0.0,2456905.593047958,432.96022668377344,979414.0066292965,432.4902541430767,3819728.3233781657,432.0104544308483,17928069.654125195
5119769.570890781,0.0,4696869.848786801,439.75495800272336,2033969.9314696232,0.0,761441.6988627431,0.0,2705232.7821118515,0.0,15317723.5870798
4436447.466493343,427.8574082023862,4452096.374956482,426.4752378349867,1446984.5721769428,415.0406533563345,413430.94569803285,421.80975854633346,1732266.51082595,421.848558979232,12483338.901767667
3715688.5266265734,423.9259581503688,5193525.905423137,0.0,586811.0128140681,438.91100788605604,519066.4006710309,439.84449956764166,973309.2702115414,439.5483445865844,10990143.345556542
5689812.620274034,441.84811650081446,5492215.888773428,440.5136590428266,876051.0187162975,440.0951599205616,557213.9784252906,0.0,1114271.9605704106,0.0,13730887.923694925
4502501.443595297,0.0,4801458.445529139,437.82364496474713,1014086.353447989,0.0,1514400.7942895782,432.1425019012403,1826225.954185673,435.26055432287654,13659978.217748864
3247719.8340978497,435.220847027216,3057297.700000065,0.0,3061824.129367169,437.76252660637954,1648469.3238118787,435.9923883574873,2433327.886684282,435.12527813108875,13450382.975001369
2830135.9996457733,434.77740846855255,2732647.6773814387,433.84199850405696,1491947.808788871,437.75205632579065,2924230.3351998026,440.5589655037344,3166111.0786073143,439.57771179039304,13147259.407763794
2715154.5354050123,0.0,2108020.2895432045,436.2281841588831,4106899.0515629654,0.0,3528415.604775014,0.0,2186518.851187864,0.0,14645444.560658218
2182540.5641716677,442.3869656130766,1800807.5851200416,440.9462819646567,2389686.014822007,440.7688462905104,3863353.198363886,440.5637858884591,3195127.6546894205,440.85957356794853,13433720.542620344
2026838.125144766,441.862953664509,1297667.5260161,0.0,5677837.991016387,443.9225308665114,3410816.326976745,443.6692528895846,7433816.801425985,443.7442572133632,19848749.969574615
1711311.3273618645,0.0,516615.2890780782,440.359301476354,4408596.290613698,0.0,3110835.403201335,0.0,7171430.482096087,0.0,16919229.151652537
1514243.150853475,438.6873106463388,113486.23225773589,439.07833208911524,6204869.307525447,435.9062957730469,2902404.4936136026,437.5752794145742,7929011.753989855,435.53616441319633,18666201.721622452
1047826.3852923936,432.66015605944006,774588.0464322688,0.0,3874340.1932709315,434.9995786700753,3531922.2811649297,433.0464634262808,9229507.09899546,433.03137417357425,18459917.74272831
1221603.260312986,433.5696481895205,2397025.7767392816,432.3936517618305,8700674.937774165,431.04647386111606,5051387.312595027,0.0,9825668.878487784,0.0,27197657.175683055
54162.491743158906,0.0,3608386.4615352787,435.4469554858096,10767464.534766313,0.0,2732780.250211138,439.2690725162975,9745396.305717431,437.4306721593576,26909502.19067348
1185072.1553192066,439.404923958941,1816017.3464512676,0.0,4885919.042469432,441.4270792130875,2420925.990542255,435.6582146864292,12048251.95642306,435.05654339747895,22357938.03796648
1861191.1136088169,435.69988765924586,3191965.571131208,432.45727443984526,7778489.008036031,431.429626364433,2196383.9442209257,437.1688921045523,11767119.157610433,0.0,26796885.550287984
2318956.6930058287,0.0,4004233.803094495,442.3261215649554,4188011.010903067,0.0,2435707.8687162404,0.0,8632977.689837655,438.532033114924,21580767.923711963
1257605.5587105488,435.06773129288376,6314527.749318716,427.4770317180884,3828517.218510713,426.7723062417116,2245018.462749689,429.4186784610029,10562927.16443019,429.84564964200274,24210744.73511721
3286269.8694203272,431.01915822993345,6687977.75049605,0.0,3837389.992251702,428.95571920811557,2107852.3089351007,426.8836099617615,7925809.715597454,428.6858160786838,23847015.181004114
2281009.947100076,428.57183728938253,6047714.811324576,431.7318803782441,3217532.3728687116,0.0,1930839.0261897033,0.0,7208924.779866488,0.0,20686881.241067223
3983160.780672864,0.0,8636167.070899827,444.6598437071384,2992939.467689839,444.1623791427894,1749829.104300369,443.39907605459103,6603454.1262996085,443.24376353855985,23967326.014924955
3561828.2747872877,443.2806538285649,8018086.252785815,0.0,2831942.3099146755,442.6411169176724,1808039.7440109965,436.63784254355556,6405682.428663935,436.54004124140533,22627338.10981724
6134973.54679927,435.40523671627136,5721467.8604237875,435.97284462317043,3605008.703221359,436.3887391461826,2233102.835687324,0.0,7253783.342983146,0.0,24949644.05593537
5405557.498332035,0.0,7068103.277399842,444.05167787677374,2118473.6221640124,0.0,812768.8202113569,441.20651523133876,4488903.803769989,435.3705870217449,19895127.650657363
8750553.208010366,433.78067817272535,8288364.84122075,0.0,955378.4606641498,426.80089580310647,477007.1781818382,425.7685863198933,4433589.42279727,430.45700456463624,22906609.918039232
9984250.349410875,429.5552865766661,8065444.9946042225,427.31126607087293,839171.8229177127,435.11643824810204,302902.9173902836,437.80574560996246,2640625.3550290633,0.0,21834125.228088662
7975095.995379696,0.0,5651285.801352032,438.72134305525896,26920.17651291308,0.0,302773.5179232853,0.0,1973120.9512237464,433.87285217665277,15930069.036586907
6560882.751767767,435.36540887262606,5020370.957999662,433.12975266459017,841485.5793982386,433.9772262106592,549859.9206608286,437.59277947737064,1359575.7809900583,436.83291319304163,14334351.888896974
6461242.991642016,439.5097701054073,3972310.9693305064,0.0,751486.6931396083,441.5556497182576,1977181.1785892025,441.3474379252176,618196.8754074671,442.17777503481716,13782183.298741585
6016183.745638331,0.0,3578048.709788864,441.39959343105255,2237922.1246401104,0.0,2780462.3581864317,0.0,1919.820573409849,0.0,14614978.15842058
5271388.817379266,438.50337851303607,3489284.986568662,437.0928674693668,2923699.4432908,437.0205689460295,1531907.9775253,435.5084652268736,497685.138276145,437.9427891247913,13716152.431109453
4545945.880680992,437.4083383394366,3432643.650987495,0.0,3113852.5300155217,436.3380447138657,4152212.6490144576,437.55740036125775,842052.6705370133,440.9721659124257,16088459.657184806
4536359.426422521,434.2713520362436,4765186.349721883,434.6396173604042,5006269.427920522,436.09844602234574,5366951.988978196,0.0,4174220.0897950963,0.0,23850292.29225364
6735051.554313023,0.0,3539735.6406404963,443.5695471671591,4526254.806929025,0.0,4303977.564491596,441.1273401256072,5732326.7113625435,438.81304652307847,24838669.7876705
3543126.8763394756,436.46678997989005,3477428.2704677004,0.0,3920153.6442177426,425.7024155896881,4565949.911646769,427.7137904075597,5448269.058882237,429.5688513463487,20956647.21340125
2769246.542738803,430.4760568897434,2169747.440656264,436.1938758929094,4143117.0170774953,436.0586801577921,6079030.485763724,0.0,5910965.172866153,0.0,21073409.387715377
2610561.890990098,0.0,1965355.4115059017,431.1232714786346,7733493.132017565,0.0,6259800.132357078,425.0594265643731,2818004.9989272496,428.80862326097724,21388500.557119194
2314534.9653760986,430.00760156439725,1600974.3450488055,430.308417499206,7592018.377094713,431.12991871287136,4311551.067853735,441.2538018319806,3896880.8879893348,442.17311349565585,19718134.516215786
2138962.0140077686,437.4362797319063,1237956.369092919,0.0,8501390.88570397,432.3199286046973,6004725.249383054,433.9938783257421,7900156.327134899,434.16945813190324,25784928.764867406
1572838.0085501366,0.0,676371.1797127452,438.56059592795924,8698800.668243589,0.0,5348076.3662797455,0.0,6435096.346520286,0.0,22731621.12990243
1378099.9423132406,438.4628863947452,325564.57490327157,439.5230113282845,6560345.917007797,433.73339109936353,4430400.957974169,434.64853171673207,9947132.974666925,435.0749708259498,22643725.80965677
1099580.898058031,437.0037786174706,10851.785307040995,0.0,8835587.342786858,442.39921420236925,6693623.552294438,438.60072388971116,5876304.219475438,437.4171765571885,22517703.218815073
418512.61398103175,433.1917279700107,1540592.8702998976,430.9727480527443,10539159.51899744,430.31439580232774,8313650.789591892,0.0,9414614.047388805,0.0,30227824.31913089
945216.9949005338,0.0,1907848.1675426937,442.13310599317583,9384488.362872237,0.0,7037493.51256104,442.0621396231221,7223868.208333388,438.7292783366315,26500238.170733847
1512837.633724552,439.05812771785355,1559894.7992351232,0.0,7200905.59269138,437.7353049185774,8765236.759494485,437.4059625353594,6731919.524819663,440.294584435838,25772548.803944807
2228657.11985461,435.270247014047,3408674.285302793,436.5959899628715,9544806.498835482,432.1861954820719,7574730.5204535145,0.0,13093320.138699166,0.0,35851492.615578026
3241519.8161164504,0.0,2298801.67760714,437.56529359296024,5048251.567378343,0.0,5894314.648076151,436.5067249581655,11465108.633178333,436.6213656831441,27949307.03574065
3166210.3617154215,435.1094794439547,4822136.4648177,433.8303126527256,4460751.818841656,439.97339965790195,5294014.950177076,435.0556972775334,8666937.836121984,434.3290631747742,26412229.729626045
2571326.667900636,433.48693639069563,5008784.30035089,0.0,3944663.2845401084,435.37491793196335,4575466.396155556,441.0480001892773,8020093.027244532,441.24122976295126,24122084.827275995
3107260.224502284,0.0,6097630.673759937,433.6206352898607,3315780.7575916946,0.0,3807290.7894340144,0.0,6789058.092671141,0.0,23117454.158594362
3125973.011641102,427.46750147353833,5799933.078241223,433.45100486852107,2725784.368909757,442.3297173132843,3547005.2846636786,444.73970258730094,5567251.70055873,445.6176799865071,20768141.04962072
6408498.500823226,444.8572347146097,5304749.883448927,0.0,2236246.4498526594,444.7697676036969,2972987.947484014,444.11525088425276,4620651.05968602,444.28774391220816,21544911.87129196
7092381.648452704,444.1856040214558,8984544.518974332,444.06205989789026,2453361.7690475937,0.0,3373047.461859155,0.0,5231734.913320291,0.0,27135958.559318
7293913.898539707,0.0,9505081.086476982,439.9572469612978,1212663.111130897,439.8564155716133,1836999.0969929358,439.89399365089355,1489489.7852603318,433.7030244043672,21339900.38908144
7578289.573493325,430.60845729069484,10055772.91293285,0.0,908.5199443781512,433.02196720867204,20288.094554699244,431.74558296612287,157422.00419735708,430.6933910881134,17814407.17452116
6419227.955443506,428.97207958778097,5693886.748766772,423.3492024506852,649902.7295664917,421.7884611154234,741667.7065614512,0.0,980495.343915072,0.0,14486454.593996448
6616513.104790164,0.0,5977588.257202855,439.5403796489774,2605679.01937511,0.0,1768196.1566524303,433.24616903234886,2130900.8611204014,431.45079903220346,19100181.636488676
4852162.605413636,432.6901909001346,5196701.510023748,431.9029472999977,3055768.5896321717,438.34718128607096,3236358.1725821965,442.1338827689606,1884096.7551484227,443.98312954633917,18227276.690131977
4452967.761161002,443.00081195086045,4382834.184150106,0.0,1836332.170295214,444.1459174085953,3172457.6242993153,444.1026131975687,4459739.911896014,443.8641016047768,18306106.765245814
3938476.0305007133,0.0,3763989.9678863003,434.7837932801627,3739645.548472571,0.0,2618673.4374732873,0.0,4045874.038859443,0.0,18107093.806985594
3795906.1706140996,442.69396801942054,3707368.9330640156,442.9587053320959,6114962.110356033,442.4672742736957,3683400.551271802,434.97241757626836,5706428.071519075,431.44515894821865,23010260.374349173
3485356.401315497,430.1161886698048,3409672.2469085795,0.0,3685021.6908155098,431.6732838536278,6631818.78439909,438.4830360188124,5606110.943045682,442.982486790392,22819723.321479693
3698314.025841434,440.1016056668331,3906563.6712760828,433.4062154685131,7462419.402666956,0.0,8318394.19067277,0.0,9617923.80785454,0.0,33004488.606132917
4798285.139075332,0.0,4349685.416140804,432.93937111873703,11978323.273221105,433.25083071813947,10077865.527984053,437.65299419017936,11219234.668395625,438.29345455020444,42425136.1614675
2273937.1483729193,436.2125888235126,2589448.1603246774,0.0,11953186.208595082,431.69170347962313,5791808.859295268,435.9115811800276,10141410.89758399,435.9289484197227,32751531.018993843
1808206.9091429957,434.25627097118195,1781137.0556526454,432.67670725152476,10374542.1221118,437.6259763769703,9964296.033777114,0.0,7273452.073204342,0.0,31202938.752843495
1292668.264557779,0.0,1321252.2607246481,434.88494243989857,11638558.753112387,0.0,12306545.995099187,423.1003548487768,9875805.739416316,421.1513296206624,36436110.14953723
1002779.007389768,417.0362643126253,868858.7729738582,414.45879407391914,8184133.180945738,416.09582539262954,8575358.838083938,420.24822054752804,10735448.586626498,424.5460024351762,29368670.771126565
384121.66025978164,435.24295801595207,519221.415478715,0.0,7055808.883531817,439.57588822229775,7413313.398883363,443.9008994806406,11639216.477624387,444.58236970190416,27013445.137893483
90773.45478885931,0.0,211793.0529319088,443.2167340760251,6260195.554766969,0.0,7460518.731826225,0.0,10831236.337972773,0.0,24854960.34902081
509088.5802680783,438.0299740023406,264545.57379446144,437.666884927726,5084476.090170294,438.0622840984159,6667548.027527404,440.64208370568474,9580171.417119559,441.314060999829,22108025.404167533
775186.2572595768,434.6166293920057,2499843.4770160397,0.0,4907236.251083765,430.40206599909357,7101178.416949973,426.2208980704461,9632122.526915625,423.6989907909729,24917281.867809236
3602839.526049784,428.60851560094983,5086167.1934132185,425.8151432267322,5157938.917884233,431.31464607198814,6546490.143817,0.0,10527998.554375548,0.0,30922720.073844686
5841983.466213228,0.0,4114923.5534441974,445.11433151795774,2672378.8134274986,0.0,4786707.007280658,438.3341062496489,4625575.22757409,435.58610722267775,22042887.10248466
5798343.684512729,431.91758736487196,3242447.3820958524,0.0,2861873.876965607,433.86425010554245,1990693.2674541066,436.62240728692257,3420669.1929263426,439.2340926301542,17315769.042292025
5602531.20502387,443.05316397865965,2583476.3664963916,443.1416153404916,969945.3545542923,443.4427315283582,1002418.1163128199,437.2220586204111,1886549.005066955,0.0,12046686.907023797
7206585.029747469,0.0,4364217.730728441,432.7792970941623,174677.39022026735,0.0,69608.838111186,0.0,565688.6691644334,438.15647759146316,12381648.593746485
6965239.65434165,434.66983381742347,3708560.9989294517,434.80323055219844,829381.9421485461,434.6595109528149,883222.4541744398,434.74745869364955,119310.65672572663,434.77947412237654,12507889.365827955
6870250.431298043,440.8032024403215,4993927.303932823,0.0,1482895.987210377,439.8936091879081,1374180.1359539158,440.36248003538185,1361195.816915253,440.8903714202372,16084211.624973495
6545820.430635211,0.0,4028990.1140259877,436.342584033618,1630083.3956143914,0.0,3462025.4307578476,0.0,2602662.326077656,0.0,18270018.039695125
6186533.987006098,430.73421176102096,6970764.527211947,438.40645820467415,2245824.6206274177,439.8981266704307,3897870.097212701,436.3607422571371,2102525.2468919735,436.38637440516885,21405700.26486344
5780940.168062984,440.8524298533949,7558315.127923686,0.0,4123402.899084134,438.5145533623285,5088601.245517447,439.3487324401016,4580264.08389855,439.98705345737596,27133282.227255914
7245395.744504798,441.1525686676235,6479627.917799269,441.034183849503,7256862.810134908,0.0,4974565.600803266,0.0,7164192.8987573655,0.0,33121527.15875212
6555146.213916057,0.0,7393298.435165535,441.3114491056239,7478635.707014905,437.7070398258621,6748502.65976281,436.9992255304075,6805660.387146299,436.9691585667308,34982996.38987864
3782142.934773336,431.1542936588857,7534103.085296099,0.0,7732258.882052307,435.5300401400521,8233865.043270074,426.03879424726796,8611510.03321167,423.2786199365439,35895595.98035147
3220181.3309604046,428.853837670973,5929947.957025474,426.93357977556394,10361364.568953397,423.3840128348535,8074195.686563415,0.0,7961922.288865174,0.0,35548891.00379814
3361717.896013757,0.0,6748904.696941328,436.56597845951813,6249733.206850068,0.0,8931920.473673128,439.5242587309797,9239849.802963857,439.8321998536271,34533441.99887919
3280233.780780095,438.53528087273764,4605972.189101685,437.81183884302465,10861101.445478145,434.98848826356,8000521.540714471,436.3554459524979,6930204.881716367,439.4488515703801,33680220.97769627
3032760.011453728,437.9137352109441,4298566.256078186,0.0,10351824.06243001,441.50084319250885,6980786.573066201,441.4326929275291,6733233.843545209,441.38062636638915,31398932.974471033
3095316.9876328195,0.0,3999547.401807761,439.5984439440812,9730388.620771183,0.0,7278941.217610039,0.0,6523560.493042359,0.0,30628194.319308102
2837456.5934521356,432.17691797451073,3823714.080742774,436.24548210784695,6557442.291157785,436.7585213609186,8477274.158169929,436.76373270205846,10280234.365045719,442.48069430183,31978305.91391679
2674526.9206195036,441.9332740361947,3549930.1972935894,0.0,8688219.723028855,437.8272630972546,11134612.79813961,437.6763996403397,10987544.090275543,435.2373124435488,37036586.40360632
3381454.6126402672,435.14803778047184,4942759.529566057,437.34011551813614,8787792.33357775,0.0,8772551.205788929,0.0,15101826.867195899,0.0,40987257.0369222
3627020.4270423166,0.0,3528212.638867925,439.3471984022357,7333753.605859664,441.49900363349764,12241894.95741449,439.9036054439457,14933257.486317055,437.81012510408306,41665897.67543404
1923985.4708391577,439.2881460888554,2278529.0478372937,0.0,7314305.085597516,436.21646392394325,11844142.60220229,438.1431278721461,12822364.265002651,438.1884248651818,36185078.30764166
1763377.3018661186,437.1330120153361,1810571.37054398,437.5264007851399,6947301.691220911,437.9044959216966,7212728.233340798,0.0,12739962.653988449,0.0,30475253.81486898
1523905.2182241594,0.0,1467567.2277393725,438.2539551929826,4445864.679415283,0.0,6142883.65872911,439.98868812397257,9833600.06568868,441.320929461767,23415140.41336938
1335115.3474283265,441.19239890621526,1184343.4993538393,0.0,3814455.80583048,444.21980879227226,6052579.598679937,442.43995050073937,12868474.824748104,442.35382005454755,25256739.282018945
1056402.1549126508,441.92386435848834,882459.3680022773,442.1098039887399,3102960.8754757163,441.8710999820246,5200999.382723111,441.3723045974265,8579998.017596347,440.79306874938146,18825027.868851777
836645.3136161822,0.0,487490.15307347255,440.9276435409895,2601141.4636867074,0.0,3603263.587349978,0.0,6699972.547404315,0.0,14228953.992774196
592402.4967350125,444.9250699730716,168933.98883246264,444.7624966061791,1909054.0096003676,444.6348998257032,2748238.389733734,444.93559120659967,4484510.54200024,444.5626372927525,9905363.247596722
361984.47422602127,443.58733451122936,191893.50134423675,0.0,1117212.823628092,440.026192634764,1571699.126937721,431.3974552840494,2493791.0364857046,417.04032452347576,5738313.013928729
738481.4295542785,410.8135850535028,1358076.6133441867,407.5388411352982,743695.4565687916,0.0,1084807.8959829824,0.0,1067060.7395982924,0.0,4992940.487474721
1703872.7350053296,0.0,2446507.8593193577,440.6103562366472,2263625.403783802,441.7306180910543,797237.6354564399,433.84227897222485,1506110.1869373915,433.9793778165594,8719103.983133439
2239742.25211417,434.0851134293757,2474382.8549457425,0.0,2203067.2366886153,429.6730903521787,2566680.925221769,434.68860391841713,2609245.5743124224,434.74830361506037,12094852.038394034
5949985.238069602,435.4412104402112,5355937.75958098,434.3941002702899,3043265.527785746,438.32274973422165,4679774.876880176,0.0,2677941.7387488266,0.0,21708213.299125776
4153929.673776414,0.0,4729615.48708184,444.2613712468679,3338507.069368922,0.0,2602311.7565213954,442.4168105851327,3854204.006554647,442.5969380206505,18679897.268423073
4241832.315886082,442.50782858460377,6465985.58786902,0.0,5341748.592190075,438.21141071070986,5422716.0175864175,437.79470205731985,5803353.4432101,436.0111784304112,27277390.481861476
7380392.768859385,435.6259754580014,4988654.954666062,435.9110148802919,6763161.5744319735,439.160605102141,6277865.387489376,433.9098823770293,7126855.453519002,433.2671474084449,32539108.013591025
5716697.440674721,0.0,7668447.568362157,428.4687701782561,7133559.690992829,0.0,3617361.1339978045,0.0,6084683.4184999075,0.0,30221177.7212976
7074071.068568346,440.6344648388187,7021663.235335972,436.1070424475609,8214502.883465373,435.72167014534256,5637244.425072726,435.7723157709045,7367686.812035393,428.4419626136402,35317345.10193363
6277418.252350997,427.5438461249321,8187296.199258048,0.0,5846564.936439993,432.4274576860218,8599795.474531753,432.6366332293251,11689988.904380798,443.3024200278409,40602799.677318655
6172573.529955127,443.64471330410174,8315265.217614262,443.4976304758279,12819352.105129408,0.0,9970997.777944472,0.0,13817273.72951601,0.0,51096349.50250307
6719086.456810548,0.0,8340795.624942309,442.51016287190504,10698174.287264636,442.5266981120256,12008798.577791844,441.3189946621265,14707040.509020777,441.37491721202775,52475663.18660297
4692669.855302226,442.8821152054147,6131349.972894954,0.0,10843514.331313787,440.28062268844934,10385968.83332309,440.68654842446364,14292527.135731904,437.79041807050606,46347791.76827034
2499860.953165333,433.2831855816892,6373968.880588017,433.8886546961112,8322448.242202301,437.7158901189069,8915608.807280812,0.0,15359561.837430842,0.0,41472753.60839771
2166087.6071864655,0.0,2942828.0742434203,440.5620505378064,4701223.526692458,0.0,12060335.965102633,438.14923050003785,13207142.315442981,433.09751387966253,35078929.29746287
1570435.0087253754,431.56992245629243,2005126.1800213791,0.0,3149741.6446882966,436.4000902598091,10025523.524896778,436.73701405053157,7382626.941085973,438.0362640898828,24135196.04270866
1194718.550203237,440.7151996451978,1397277.5160075424,441.1054970523453,2007581.132583423,440.7869887584607,8529571.385527605,0.0,4928754.342289367,0.0,18059225.534296628
652762.5658943427,0.0,758830.8394377175,434.60105525245194,1063368.8724807503,0.0,7505635.615578134,432.1144907077607,3268585.3619950535,428.9782036262941,13250478.949135585
332192.9924653934,430.4141199942106,440617.3007079626,434.34808497858967,1449.018640857533,437.626642268889,6638622.723149936,439.3993617001309,228679.81716612785,444.08400086025773,7643747.724340079
1930888.6268064613,443.39224040533867,866827.029742276,0.0,1094654.8290260397,444.0767522667973,5917325.540550909,444.1524823586875,1873940.2486060718,444.36844999021105,11685412.264656778
1922522.1348767793,0.0,1868327.6982017974,440.03831084327135,3939952.3426731084,0.0,5786652.923075847,0.0,4651073.164809959,0.0,18168968.301948335
6349812.866954335,439.962727207565,4117591.8631595103,440.8968404814667,6394144.002083758,441.53037505386817,5274607.24475054,432.8651825630619,5633615.213674022,433.4810562794238,27771959.926803753
8499535.532039959,433.7059207364401,7328542.66457468,0.0,5532958.069988617,436.10052424792883,5167445.250787474,444.6898979269983,5225281.853273759,440.867876013583,31755518.73488341
11379510.597036546,439.6796637124154,5925035.101996304,439.9986887017229,7781927.882795236,0.0,2179405.733048724,0.0,9659098.87114261,0.0,36925857.864371836
7202519.452743405,0.0,8737224.78177457,407.3102883752246,5311082.600751501,411.06723706197414,1460226.6296664027,417.1761711767062,10080919.859654725,427.17880047146843,32793636.057087686
5655241.348314607,438.6655173826305,8240874.204310251,0.0,10052308.225512795,442.24188116665266,910202.1493463895,438.40684007253986,10790786.192454776,437.85116331670315,35651169.285340756
4910589.068396516,438.89005348824634,7507187.231255915,438.6370364689524,6436736.611646192,438.62145954725344,232021.51071927938,0.0,11808955.570995538,0.0,30896806.141562946
4356143.466078225,0.0,6325005.34946109,432.5950793813483,7667189.541120462,0.0,470878.5857788067,434.9057040297019,12615696.059835257,439.40310182416596,31436219.906159073
3715796.1458251667,441.3096111245311,5456313.196246391,441.759211371965,8962868.207461322,442.35644430187006,1159777.6105920065,441.7643488621627,11533714.418834817,443.99086465558537,30830680.759440023
3257437.010709806,443.4776034842647,4815898.193028318,0.0,7947475.461163367,439.87948063933817,1688800.859392624,437.0678164540268,11319465.579391593,436.3457048707348,29030833.874291155
2800717.833450744,0.0,4766163.97186871,433.1053401955579,7783054.433807331,0.0,2094083.2932619536,0.0,8888794.895376561,0.0,26333247.533105493
3876059.338187437,435.23947656232605,5419021.067355399,433.0073453122661,8415084.434467908,430.0326764577848,2600404.188604282,433.2692919791206,9990885.01277605,436.7331296960778,30303622.323311083
1501189.4610239184,439.35879982943,2463392.0454745484,0.0,4717391.376188928,444.18972007609136,1720460.7366826555,441.15962544293654,15291525.44558568,437.8395461510658,25695721.612647228
1032448.102936517,436.657635359001,1261791.8264844238,436.2102259911855,2363755.1279746443,0.0,3140519.478278251,0.0,10169855.747609453,0.0,17969243.15114464
536593.5928856606,0.0,664877.4424480251,436.73862465678894,1430678.4535441673,436.7480043057275,6764444.964626574,436.60858276879543,12604761.873648964,436.2448204124342,22003102.667185534
1890.8813858938897,436.5082392243538,110682.36784533507,0.0,23295.48891210919,443.6337642454176,2961530.414206689,443.6981954910085,10831577.746477656,444.04296127168755,13930744.781987915
1270264.8840027344,443.4077673987031,149268.59199547322,443.988710547452,506580.6416426617,444.20922337198306,5271387.325696974,0.0,6401843.1303623235,0.0,13600676.179401485
1618178.2600657747,0.0,1402259.240447707,438.4375826181262,2154855.840597455,0.0,4762915.373127606,438.5057662534991,4945067.797547192,438.75958801710345,14884592.214722624
3412078.8803773946,433.1818480113383,3498920.133953173,0.0,1875980.105765968,436.9827213851022,8665567.155500473,435.1293220270847,3661812.32389176,435.1309207973969,21116099.02430099
4833536.716135449,440.7884363601333,2359495.843166247,442.41544948900406,3627349.2406492312,442.84373266417697,8455109.537285589,443.92478221783574,2124175.5525474385,440.8783027836046,21401877.740487467
3081215.0124340495,0.0,2892362.7606043266,441.0743792418773,5462588.194291014,0.0,8984643.909523992,0.0,1277306.6014727987,0.0,21698557.552705426
4328059.6161888335,427.7488678793895,7137949.9210854815,426.8825237913696,8448558.102642044,425.01213752868136,8816047.639970623,431.0477659023948,769264.5143616679,431.7334542799335,29502022.218998034
8306649.647514952,437.03688620763086,8384921.451135857,0.0,4992022.538676731,439.45604579343535,9090558.76602255,439.732674352927,1412741.8449739332,437.76262179304587,32188648.23655217
6869736.880751149,430.1503746386242,11093993.417353725,429.8394090392703,8694996.578726323,0.0,11710940.487952383,0.0,2054039.6868430353,0.0,40424567.04141029
5659399.130205542,0.0,7292558.392128696,431.7816953031874,9476044.336893937,425.1738790608721,15034295.628030818,424.5975755791417,2069005.3037350918,422.13470042459505,39533006.47884446
