241577470714.45703,13745496923.346775,247108719131.69955,12455500998.21107,242078111437.37167,15255854883.95584,241162376742.14127,15161557006.387362,253064011228.37518,13800997185.662886,1295410096251.6084
3144649.777776429,0.0,7317589.5806403,436.829880164294,4415643.631558409,0.0,7881304.115966882,434.8029488401927,5370607.820466076,434.16805367877015,28131100.72729078
5369680.6359992,437.5668152125342,6961310.372209755,442.01002152236424,5784670.0771306,443.3083743829348,5032332.475957259,443.77692673600103,8379930.844677418,443.972653309111,31530135.040765397
4578685.641263723,443.6826481512579,6268879.052953187,0.0,7314857.208573071,431.84004337992786,7992941.709452291,430.44494816741906,9003606.746858867,430.27770083812925,35160706.60444168
4279525.406338306,0.0,6248153.176603414,430.0005296872624,7055922.735503798,0.0,7107077.64312847,0.0,8737898.277895495,0.0,33429007.23999917
3907819.000744727,428.27344359758337,5745045.657309554,431.89488642214303,6827224.06165969,432.96739624832657,6150450.362245193,432.0063755976318,7540511.409345307,431.9556747144706,30173207.58908105
3773672.57722167,435.0687654971425,5381316.961836099,0.0,6126940.227726675,436.7294348864502,5517092.560296778,441.34327762722404,6550786.342396115,439.6059310357477,27351561.416886378
4358881.945475906,440.3952314974216,6527781.997236114,438.97570166328666,8053388.817292756,0.0,6257458.729982471,0.0,8046075.574933624,0.0,33244466.435854033
5281417.712304587,0.0,5074039.138397202,427.1602201504729,8624521.748269899,426.7354892534302,7442604.888358805,431.9757868033701,7300854.830793661,432.5942428086678,33725156.78386317
3096730.2767849327,435.5994900718936,6156099.360917748,0.0,7587952.793749338,438.97139453235553,3534124.5263622627,438.5776971852172,6146596.526862889,438.81209008474514,26523255.44534904
3059063.317453715,439.3677170452812,3932773.3654272254,437.41385030429166,6106321.287379007,438.58944910158766,3095253.1677322006,0.0,4218104.002584242,0.0,20412830.511592843
2647873.4231150304,0.0,3754441.023321816,442.55179513151813,5508656.410149684,0.0,2949398.947315405,443.63083155360897,4026613.8874905217,445.2635720549418,18888315.1375912
2517395.852058485,444.70718585465715,3673992.941823082,0.0,5324811.469120673,442.86194892912175,2202394.374420389,442.1649560386199,3382046.0095660198,441.53783126315335,17102411.918910734
2150233.121356302,440.1559690973928,3441967.9027359025,440.50594823283734,4961024.384159758,441.85024988785113,1397510.6920616927,442.43168596729646,2599018.221876822,439.1967230173476,14551958.46276668
2021788.25021441,0.0,3222655.6632144656,440.19398336710697,4129500.980361229,0.0,1111131.1642670978,0.0,1576967.3764893906,0.0,12062483.628529962
1783104.0539837081,429.86831923830476,2596374.240092636,425.8114507212141,3409190.2648471775,416.6249517312795,564847.9020007517,417.13597831262297,1014932.2201221157,416.3927282985768,9370554.51447469
1599596.9429990167,412.6025160305544,1858740.3786642742,0.0,2746759.8403879874,422.8287095745767,508202.4832700496,420.79368387038926,479290.3293883853,420.60467567891106,7194266.804294868
2538007.586956224,425.7487779578812,2594409.166998807,425.74697728909223,1901230.307142058,426.3999967807134,1177842.6367759968,0.0,604278.1842726402,0.0,8817045.777897753
848250.3592290321,0.0,914732.7901209764,443.3673408938805,665017.7131032246,0.0,1916755.7623687694,443.24795974351815,778336.0627450704,441.3636928645982,5124420.666560574
391627.8598475004,441.25660646819097,479514.817150453,0.0,359715.9739743339,435.6393607571723,1503406.0780409565,435.2386297306763,1535233.0316251277,436.91643281088966,4271246.811668139
111198.84536501723,436.6603818722904,81531.78603825877,436.2672246451273,126918.02016138374,442.01865849578064,2515079.4115059264,0.0,1869822.0550926628,0.0,4705865.064428262
489139.9919956349,0.0,1098684.2716721275,436.5083338663394,1102503.732938686,0.0,3234026.9916915963,436.8332923245965,2614233.8710442805,439.37807297601245,8539901.579041492
2143775.339260488,442.0057516826603,1116565.5891896691,442.9640656837962,1555611.339813212,444.2497055276076,3255895.2654953357,444.08605793664236,5089530.728669561,443.95542244287446,13163595.52343154
2209345.5908118216,442.102328449403,3105417.9170936225,0.0,3478305.687637373,441.0898409591484,2435900.237423026,441.2632797114743,3440973.735966295,441.1054970523453,14671708.72987831
4217812.185713982,0.0,2014085.9168797154,443.64481106598856,3984083.2596979043,0.0,2637802.877953175,0.0,6582162.2183500985,0.0,19436390.10340594
5205684.364125201,443.55068632220133,3015848.9047397175,443.8550009435909,3743161.2924406077,443.85588163642797,5726175.339801243,442.0937852854257,3437786.541200919,441.58053985905946,21130871.378201738
3980096.7521492485,440.8550363170146,4850520.458085735,0.0,4545152.921734239,439.8543974932703,4374093.003742307,441.79895733417777,7497033.309770927,442.40349164730355,25248661.357365243
4106905.640523618,443.11059970718503,3514567.7155256956,440.461712677496,7566509.129871061,0.0,10785649.450094214,0.0,9155151.53585186,0.0,35129667.04417883
6164777.309488154,0.0,7064434.902454532,442.5876946535082,6686457.956772483,442.7018529671949,9004441.505888082,439.1655865303695,8171247.935602862,438.08973712865213,37093122.1550774
4943318.054527131,434.0017370710757,10355152.086910259,0.0,8808832.719937818,433.9682458250893,7070858.260858724,436.9184240200908,7004833.37381453,437.2596627485731,38184736.64411812
6417870.475579724,441.35759712201826,6850522.059408725,442.3405049090454,8419731.071959158,438.4891481191888,10252640.266071392,0.0,7362210.068738161,0.0,39304296.12900731
4725601.943111805,0.0,7815387.281007198,423.93979460271476,7583400.75472563,0.0,7097941.108048869,419.6215026259876,7435935.0542085655,426.0201326645722,34659535.72253196
3879125.2516664634,421.6889837674327,6063512.274316803,427.30029215159624,8683726.676929986,433.4340211314772,6872010.7239968125,428.0061269286166,5712342.119458281,420.9803091716001,31212848.456101492
3814029.725965485,428.1962917526633,6117539.040606609,0.0,8554259.175860997,430.3933249745871,6695240.628100966,431.11773227334777,4936224.362776497,439.1789986296284,30119021.81965818
3713259.7117377184,0.0,5576348.645235379,437.9577462490817,7116455.3151011905,0.0,6108777.235240993,0.0,4739426.897121476,0.0,27254705.762183003
3517272.5328265256,440.8630489722547,5156235.432390845,440.9302508940635,7520472.219565554,440.82144425823253,6782231.284794674,443.59896546907095,4247350.470078844,444.2804886660547,27225772.433854703
3091860.923432894,442.6534769103043,4595303.924346093,0.0,7226032.855270078,440.48329928954377,5228202.421116954,439.0763211441956,4242588.459879692,436.533415439056,24385747.330558497
3211921.080096798,435.52222016471944,4336281.387137086,431.93139441133576,7679403.45495113,0.0,5031827.320336714,0.0,6422151.817577081,0.0,26682452.513713382
3252447.941482175,0.0,5874688.803004089,430.3575364825729,6774103.917630455,430.19872213880313,7739570.144662278,435.4340528905715,3933022.5565473735,434.02297581864934,27575563.3766137
1635694.149840498,437.0224662394267,2594572.137610876,0.0,5956338.327212894,433.4153592189996,3640480.2374566677,433.80974708332184,4123661.2220397326,435.55161719096145,17952485.8733504
1134766.24949191,435.94792182297005,1905939.297673395,438.6655173826305,3984385.1337249344,443.1291305383275,2825587.31614034,0.0,2961016.2205804344,0.0,12813011.96018076
651295.9894650751,0.0,1159836.8143506828,441.83056532577575,1594160.408221856,0.0,1688615.1706767438,439.16836468366057,1649766.1957558764,438.1103291595399,6744993.687729403
195553.61855896574,438.11662155510203,397467.3436042516,438.3776291018169,196980.0270125744,439.89783831771024,566249.1037537089,443.06983733363967,488164.06407192186,444.4110212620268,1846618.0299489927
388846.1781647902,443.31901453048744,384106.92734627146,0.0,72736.23995922407,443.5130671475567,591828.0533535447,443.63132033288446,652179.642738998,443.65048132914495,2091471.1554461687
2292561.9195751823,0.0,2737387.3984359456,444.96981323903196,2259920.5268496554,0.0,1298185.7121647173,0.0,1154032.6118273933,0.0,9742533.138666132
3713954.476791272,440.672368895398,3413283.219890937,440.88274396505113,1995818.6660308337,439.7404541637134,2044671.8283385544,440.17608215884735,4421112.077047453,440.5799831538165,15591042.319731386
3771058.210598258,439.9958038730252,6268744.903637676,0.0,3955310.0855343915,444.7075787777259,2742795.118417077,445.0264681723212,5749992.077398437,444.8943940766368,22489675.01983074
3893361.259452334,0.0,7513667.854865832,444.4591935268091,3902989.130053981,0.0,5419323.438518325,0.0,5115531.057899444,0.0,25845317.199983448
3991964.041450136,431.1446910784111,7554441.920755206,430.4862740486131,9585898.655896654,427.51706338605703,9323672.404830623,427.1140029488825,5679037.602956907,434.76163503201974,36137165.649556026
5057458.645179424,432.94542274987896,8937358.282613007,0.0,7665339.366623116,433.8843533046069,10431674.050546823,434.38238465790596,12141506.052888703,433.9767584730692,44235071.58677026
2321771.986953625,441.2735317537988,3974805.531420889,441.7461258518343,8604196.24235544,442.6124093621815,9224530.08422736,0.0,13001566.62310642,0.0,37128196.1001307
2043803.0867041105,0.0,4133998.8362856964,438.2360206372542,9435111.75185614,0.0,7113832.956306537,437.9486956377979,9933701.453440627,431.3829428901282,32661755.652252275
1826566.7303741553,430.03883081627595,2744331.8199566673,0.0,5887446.969833079,435.8470324859072,8250517.628943573,435.61070590987015,6226447.288583562,441.9306548073092,24937053.864915054
1492630.6792541014,442.6491946299871,2512047.7322889157,439.20017225367627,4676330.10109684,439.54258677145015,4309199.799502846,0.0,5369805.3667312125,0.0,18361335.07082757
1118936.321573072,0.0,1886176.4613793155,444.27284150094516,3700471.4917035867,0.0,3278017.2161414404,443.0808560872875,3680378.7617451698,441.53511988518534,13665309.141360058
596561.9593695909,442.3964922350224,1365624.5564202634,443.1426882860039,2612842.4802003517,439.9563816717358,2318648.553219731,440.25385712467573,2506222.7733706795,438.5604048599929,9402104.632404793
246492.87112319958,436.64788078072655,813952.5090480425,0.0,1062505.298248713,439.22374348532657,988129.0594381961,438.61008813743655,1126772.1438918053,440.50161102084417,4239606.86507338
213974.26202823303,0.0,65014.517290856274,438.47109881415,191011.03326972018,0.0,327541.3507079592,0.0,276396.04370334116,0.0,1074375.678098924
2016123.4348686698,433.1628350194618,1669623.9275600829,436.7820207557956,892875.885292959,433.8043255761639,1336025.1960855722,436.62458520179126,2942244.701756855,433.6991004032675,8859067.218431095
6486953.844490527,416.26978493500906,5780491.155463118,0.0,5504619.093744774,403.2841624004918,3935363.499164409,400.98356861699256,2459474.1833581156,402.75532274984937,24168525.069059648
2101953.7318142224,414.3300829970733,8251056.929636664,417.71957725639925,5282610.401747923,430.4698900105476,4534316.575324338,0.0,3452180.180855006,0.0,23623380.338928416
1684471.9332958662,0.0,7939187.842676324,443.3026152500619,4284071.212129811,0.0,8281081.165099598,442.0072073005643,5414598.53465277,442.5761166646259,27604738.573793583
1366214.531145464,443.8792702027685,6186865.238174064,0.0,9145043.684679098,438.5271615683999,7013241.094431092,439.0976764048561,8418751.029470704,438.4775925728701,32131875.55960117
1536980.79781357,436.76117439177705,6298837.031665538,442.15543938581675,9800158.517424852,443.0414641279541,8777884.98696206,442.81003165464585,7055846.510141088,0.0,33471472.612116665
1413133.7405886273,0.0,6215307.902520045,445.0253860853438,8562485.348446306,0.0,8804809.209469857,0.0,6837218.401200182,438.15581008617664,31833837.78342119
913493.1685090463,437.7089430844817,4876929.914649238,437.5703339983321,7088957.012768426,437.51879419839344,7400792.489719729,443.47437979609924,5778027.154935416,444.0105463387201,26060400.02357927
668362.5799464112,443.9585552281619,4531066.823038937,0.0,5843826.685903839,435.7455296530794,6492026.657674249,434.35192702298093,4707958.533556493,434.3249404419174,22244989.661072277
452674.3756347718,0.0,3758251.6937294793,435.0898267261578,4801472.412622706,0.0,5044276.216876126,0.0,4546462.507334389,0.0,18603572.2960242
570443.8180196254,437.82364496474713,3388231.547876836,432.63867859127555,4470318.173835028,433.0327712824272,5335185.625007992,433.6194211719187,4544627.937683269,433.63922148240226,18310977.85616024
101696.15617165696,434.3450863570229,3427743.907268048,0.0,2299561.136315264,435.4115458139293,2972915.442570418,431.3787834668117,1068842.6990160658,434.18640591605975,9872494.663163006
6883.763692341677,432.2016898077633,127186.0006127739,435.99068883277124,64921.15350043807,431.2279892329332,119928.67824335715,0.0,83917.60072905374,0.0,404136.617145838
1356883.6019932996,0.0,518234.0779449852,435.87430292055666,1699641.8157018893,0.0,920553.9510648744,437.88992340222285,811113.4578879549,438.2733223456564,5307738.942141672
1030833.0215735369,431.4937979619808,1537200.8390668228,0.0,3170230.03009843,426.60121085343724,1480487.7284979555,430.5646217156408,2689437.2258265936,430.94885486134075,9909908.453548731
938496.7165860215,436.98812777816005,4244591.951024609,442.61085244867996,2991460.1393303475,440.2917920155221,2380590.7001209147,0.0,3916481.8164931554,0.0,14472941.214327289
664844.4320330194,0.0,5787903.4994532475,432.0837938685257,3254561.9095347757,0.0,3608552.1054620193,435.0215731828742,5270372.782445385,438.5554371513041,18587540.389732648
1039270.758534299,441.59497161487474,8672122.403152179,441.2977129857004,6080652.263029294,441.3284753424667,6288444.669738427,441.2981966373705,3605280.6426418936,441.42320776907474,25687977.67966044
802770.898563866,440.22391821007125,7132477.56872966,0.0,7135145.781720862,441.2593144266381,8215490.42956146,441.45127727679176,4538016.147381001,441.1205743406907,27825664.881041102
581975.5782283795,0.0,6819554.721980785,444.0810622127668,6677379.443836536,0.0,6468797.084406222,0.0,8205658.373098353,0.0,28753809.282612488
528431.6909001021,443.0170914235254,8448003.882313974,443.3662668602275,9572972.27489321,443.1470776626584,11464432.654992158,443.0557965302288,7590840.579859108,439.4453025071048,37606893.11449354
180476.62289213936,436.002774629766,7527054.8182052085,0.0,9080820.296864338,430.9457185001131,13800459.580209667,419.36836842883656,10469959.974950165,423.388108550532,41060480.99809162
470922.1139129898,424.45264752419513,9473471.38657819,424.7505779684625,8177947.845408643,429.24609566638105,11076238.921407184,0.0,8434114.482235,0.0,37633973.19886316
589372.1180417471,0.0,4249465.105513948,436.83983244750965,11160066.117284585,0.0,13181778.290815353,442.71888930718916,6128900.576449652,439.65671560631966,35310901.42354265
715697.976303902,441.1854377633779,3544113.8022581553,0.0,6092538.745595584,437.04589917100327,8169120.6911155125,434.12292875459184,5766123.185785194,436.23621855472993,24289342.99154259
399895.4346792465,435.19713901620395,2789763.635520362,435.96453670648367,4572802.89968643,439.62378589895883,6307612.409945149,0.0,5005413.495380238,0.0,19076798.660673045
127922.95964945103,0.0,2460474.484226591,438.54225416233373,3950462.9310450912,0.0,4834883.022734867,438.0939316446133,4161770.5195185584,436.7812626713294,15536827.334623037
113565.42746264293,441.43598379203286,1632697.492036706,441.1535353358284,2902997.14270664,440.29997679599745,3825468.290210359,440.346780326601,3203191.748775797,440.8907576275195,11680124.228226023
275540.38447488006,439.2933221178866,1058425.1659996968,0.0,1782509.126037115,434.9160385915939,2601023.115365903,434.78952099131874,2687011.3958078665,431.51987890746653,8406249.706446068
291276.83663834084,0.0,549444.8980706718,425.51167096419664,899173.50871792,0.0,1356840.626236642,0.0,2119809.10903086,0.0,5216970.490365399
299748.0286136818,423.35587919065387,1153485.3135036894,427.87050221494155,1305112.2985776018,435.0856895381007,1421600.6595850645,430.7057378343305,270049.59383018647,431.7324358716477,4452144.644354873
575532.1253729309,432.37925798657716,1075052.7581469382,0.0,1373710.3603274322,434.7809764283951,1138755.985965628,438.54617076470566,1468147.504841752,437.9298334607288,5632942.37089332
126707.81615683573,440.3891624764495,2781806.809340686,439.8278758988464,2317489.202571109,439.5907651406243,2034161.4263679637,0.0,2100770.305575379,0.0,9362255.36781549
164257.25554917954,0.0,2312913.10516373,436.03223656724873,2994577.311067275,0.0,1774397.534726565,436.56465312548113,2508309.3526048376,436.8279845427148,9755763.983985823
124052.90709339289,444.0316008169279,4598681.928536718,0.0,5235343.767750534,439.65287515311024,3850556.6496708468,439.53788466765565,3467769.236823737,439.04836134250365,17278166.760597207
99895.65020426804,438.33639671062514,3863542.465243861,442.5213483402916,5678892.425625109,443.289047714985,5990750.861853368,0.0,4096081.295861764,0.0,19730486.845581137
85491.50513691307,0.0,6738036.726638782,444.750706304707,7301745.617233895,0.0,7196586.479931009,445.63119316213584,3141250.871413306,434.6170046862493,24464436.199258056
15162.346556315095,433.9824649405514,6496642.827719783,433.44503241365993,8081227.831091065,430.5488762404981,3909406.086501833,422.2421810573578,5212496.052989134,431.8146646596622,23717087.17807744
270497.2848247118,431.7961419295671,6164393.648015588,0.0,6023685.255344685,435.6302171891303,4917476.428424098,443.7380955372192,4403380.062270872,444.0466829263774,21781187.890017536
277310.0283025944,0.0,5725501.770328264,436.38457721913863,7396536.402904171,0.0,5825202.17355817,0.0,3075904.273513953,0.0,22300891.033184372
693786.1409938595,434.52263859613987,6155867.375618039,440.896068046265,7339905.830111588,437.64395617008427,7674339.117183901,439.50545248783334,7687312.1907066945,439.5124566658225,29553402.73518605
654299.2079945169,437.51280419748196,8166609.947525321,0.0,11408524.649841553,441.71927873017546,12109577.918943238,438.7771829387258,9997627.349718478,438.54254074062294,42338395.62582971
978155.0773084294,440.27417169736844,6776264.469495773,440.3645027786545,9611178.73847164,0.0,6582879.215132913,0.0,12009491.036843497,0.0,35958849.17592673
706544.8709646788,0.0,4441966.258464296,440.7424072828262,10791909.570378741,434.24353250249123,11619331.004151743,437.88478039161697,8408658.668572647,437.4773429488858,35970160.72059523
1100060.7512455462,435.6153243639731,4018673.446479197,0.0,8608853.828557657,440.1457689170456,8924815.67126826,437.69666735729396,11309985.215981526,437.56472298834836,33964139.936015815
1496146.7726505266,436.0873939736047,3660112.7615472977,436.3477854536139,6167451.729066827,435.7982561713697,11424551.29433226,0.0,8919825.96791522,0.0,31669396.75894773
1215978.039402127,0.0,2912443.3379502683,439.1721966769112,5051025.395780455,0.0,7693520.227357915,442.1713654438096,6001443.4464444285,440.80812468689896,22875732.598622
1359897.67599437,440.87154463568737,2667254.2744423477,0.0,4475912.687019928,440.2152549751638,6097297.060668479,434.796939071031,7850662.304558629,438.2967941942598,22452778.183216628
1110826.9931341636,436.18376401783763,2072281.955585447,436.59011988052936,3729963.515448621,436.656214762236,4548598.461853805,430.299680278057,7549746.843179015,428.16860766816103,19013585.66758766
684519.8251354558,0.0,1479384.7259470809,422.7945231715607,2420489.5281549115,0.0,3140708.958854271,0.0,7185174.736224813,0.0,14910700.568839705
322760.9382183384,440.720119926587,1220584.8463940448,444.8666714248371,1847640.7442383808,444.5955256145285,2164110.8004105664,445.02263170587383,6963088.71123972,441.6189943472338,12520402.86444407
918146.1434907406,440.3749057518753,275397.4109978647,0.0,676927.7220115912,440.1618392268167,235139.168704319,439.9692652238105,9034190.00827648,441.31367405058853,11141562.273165248
140254.6571958804,441.7713282855612,631755.5665513321,441.46473254783604,1712203.193936842,0.0,1414184.4692230509,0.0,5951310.576447974,0.0,9850591.699415913
389391.86626286514,0.0,1971562.7795026144,435.52674252585126,1785603.9910895852,440.6994747766257,2477009.918802395,442.661263086795,4719150.678878218,442.5431373109329,11344480.665153379
368690.7273945641,442.1523319960706,1726242.4849787217,0.0,1803652.4621320362,440.87424786999145,2559062.453381191,440.5722700217806,3928836.5657955343,440.9889727891201,10388249.281504724
343163.51982839813,441.49977818279183,4048041.923339458,442.8684759769536,1879857.9246940596,443.28241066220903,2070840.845405383,0.0,3727515.814088179,0.0,12070747.6780203
323352.8988792374,0.0,3467006.5842744443,441.69340390718685,5980524.437955,0.0,2313357.688543868,441.45137407437375,2989576.0716978293,441.31290015414316,15075142.139028514
96218.28328156521,441.365047496927,4861399.215802229,0.0,4765600.294314627,438.77192343929084,5092890.13429735,438.5061482943863,2309766.8121022666,437.69048217424086,17127631.07339944
273871.3450041692,438.48838409732326,5895679.336429168,439.63069784829963,6777643.719212705,440.4415735054147,7075157.236380596,0.0,1844125.4119443607,0.0,21867795.60962645
75469.71601394765,0.0,5619738.813811242,437.00074321555337,8285598.731247434,0.0,8587909.972162865,434.0066957115972,1485646.2495393085,433.94748010690125,24055668.43769383
201250.49944211653,440.58152581263204,5291065.440547738,439.9381152420061,6436718.128034841,438.70480417457577,4491041.768990235,431.4488573473022,1124611.5458114215,430.75540839012683,17546868.81153732
188453.59722290814,431.5988808637869,5588518.6309761545,0.0,9313760.761162575,433.6372600502031,8723854.132912848,443.68196370222097,825800.0992129572,444.19060209772357,24642140.330194153
143533.84210742314,0.0,6388198.6976962425,440.5395886214442,10545012.249840071,0.0,7081653.981064106,0.0,840262.9192664276,0.0,24999102.229562894
75401.79273222934,435.05729550686016,6505649.196462149,431.7694719897333,9983339.1166701,437.49635630838355,8783649.868306836,433.4072417886311,945515.9673683062,433.07152136021136,26295726.743426573
61323.10289856788,432.18972103938523,4264246.008609276,0.0,12281456.965060567,435.14371138285446,11138299.314028416,430.8968340649907,2514611.554550988,433.43010199655066,30261668.6055163
69955.2029155269,434.2202118015947,4141584.1720997607,432.9981256432012,7938999.861409352,429.9170623780007,10923107.511847705,0.0,4334860.271011221,0.0,27409804.15468339
32004.560499493327,0.0,3778449.382795858,432.75864500164226,9740864.142657219,0.0,7779232.115584088,439.1417341778806,2236500.949465808,437.19974609715587,23568360.251127746
29617.88530540767,439.6293538411281,3348885.231309073,0.0,6682620.331253116,432.4569957595599,9229025.4049004,431.711883567695,2793139.3818266303,430.9866792827257,22085023.019507077
10092.096163232756,430.5535721388864,3001407.805530292,433.1300322126149,6322915.175951781,437.12190746702316,7641084.921665478,437.93440596051585,6113630.279754125,0.0,23090869.018982686
322176.74964441307,0.0,2958457.351570845,435.5373892884934,5777295.595653107,0.0,6930495.555418012,0.0,5362315.13157604,429.72912711194215,21351605.650378816
1037184.9779547921,433.9823713906942,2830486.1338122603,436.31393116122626,4760117.718676959,432.9162833724046,6167317.970539351,432.1425019012403,8981595.778760314,438.1765036958233,23778876.1113352
1105802.3619660076,438.7314773208183,3319012.128467325,0.0,6342273.160155452,437.6872469173539,7727075.1637233235,436.2050278501681,9947911.261358019,435.7157292513194,28443822.415151466
1116385.7366467416,0.0,2888914.407858726,436.6991208605285,3611625.0693769287,0.0,4984125.756330958,0.0,8926002.9966371,0.0,21527490.665971316
707159.2060353816,441.3064188779672,1170532.6722418107,443.69271957409364,2884280.4524573497,443.30759347479284,2418539.4943091143,442.99155170687646,11274583.148819929,443.0425365885433,18457309.31468381
457183.0138718693,442.64228476146315,805447.1293305317,0.0,1550344.8985574322,439.67025373899656,1707441.4392042935,439.7763793294394,8169306.873300303,439.1929864057947,12691484.636168666
658160.1622890058,438.17583612951836,454121.1989669264,438.72717498107926,161954.4350802725,0.0,388821.02082600683,0.0,9823716.806407986,0.0,11487650.526581308
835471.8359548439,0.0,387660.9582741071,434.9989207488253,384353.103867926,434.81543842310487,436572.2546133891,439.01169343891775,7512183.213159162,437.39123312610866,9557987.583155164
1222532.3564210313,437.69695283150133,1261451.5711993978,0.0,2112079.162959171,436.55092692478246,1259766.7258030835,436.5732679405636,8049488.522244143,439.0075770593125,13907068.167351583
1153918.0135716938,439.18216017233385,647661.3528599308,438.5558192787461,558433.5618011463,440.8158460794686,1432810.760998478,0.0,9094888.9224621,0.0,12889031.16551888
909247.5185410152,0.0,3710877.7989680725,444.1550300035298,3555849.2129261624,0.0,2832630.1813935274,444.5079650914146,8988047.92952245,442.9120270261649,19997984.21637335
519819.39011478,442.1305814907254,4333468.348764659,441.69631103950127,3257846.0869623986,442.2224531032645,2009872.7660859618,441.62587230428284,8124288.7849646695,442.64539904169925,18247505.697509445
657962.1829462277,443.422709494512,5338522.287070875,0.0,5106604.247960939,442.85211001166704,4831528.473737546,438.0187285384486,8425934.623523837,437.3867669851152,24362313.495554455
750006.9412619163,0.0,5122069.469672161,437.607046868632,5338054.034253634,0.0,4997495.240336888,0.0,9473680.746367179,0.0,25681744.038938645
675308.1572842998,443.70054235392047,8961866.517452246,443.6648531625842,8546107.158699926,436.82931147609276,5421671.646001259,436.12234681249237,7439264.809820987,436.28083846738946,31046414.887150988
366229.01471770584,436.1510690139024,6808591.372251058,0.0,6940593.041080335,441.7792773419328,9128203.613623133,441.66617562566046,6609918.009613157,440.22074165101424,29855294.868549023
462881.73349576595,438.4405425317174,5150797.473423712,438.6031126904257,7878402.8720345,0.0,9594858.015515776,0.0,4337697.610565833,0.0,27425514.74869081
213468.98188989397,0.0,6240774.302342792,420.97784439301466,6254460.226297036,418.5939968700041,8862085.686369738,420.68518119566215,3231395.5525589054,429.33937385721885,24803874.34585468
99730.32656460145,430.4668526573808,5015617.370525014,0.0,7541486.138240173,441.7839305808395,9576142.853538087,442.644815110817,2732365.5623364802,441.06007811844484,24967098.206880827
94129.27799321705,439.4400269784467,4491453.257250323,436.33322179011265,8773722.416860862,435.4955589862795,8049807.6312095765,0.0,1573222.2516024902,0.0,22983646.103724223
274536.7211902418,0.0,3887752.6972621586,430.9228428931844,12174168.071055299,0.0,11258133.750388924,426.7348560929816,572854.8363046837,426.5016191362714,28168730.235519428
152040.47178426592,438.60368600646905,3891561.2201450714,438.035596950822,11250354.859462395,443.18122022735076,12446263.460518017,441.1440621700895,141854.1006018674,441.30854703721167,27884276.38562401
144357.96849728998,441.34898596309773,3492989.459013952,0.0,10755159.355217334,433.53874426466103,11716027.671913704,429.7255498607899,1702876.5631623918,426.32469199303654,27813141.95577675
355370.86353291187,0.0,4201502.79310093,430.8538618175437,9735686.023622483,0.0,12078877.380353512,0.0,2545192.2424915954,0.0,28917060.15696325
266564.9327900134,440.1246002401674,3281194.778741731,440.5871180413992,10106136.84807793,441.7298427315967,8024149.791962409,441.18099048156665,3203618.5928185126,441.32228383160947,24883869.88922592
211102.3354517779,441.41836855955245,1856423.1562156337,0.0,8184882.049514484,442.1570902043844,8619920.065942174,441.26453701179094,2025047.9691829595,440.672368895398,20899141.0886717
170475.98482778433,440.131527946628,1532027.2840041055,440.6864519619996,4149333.248049375,0.0,4213439.683995993,0.0,3710241.6887498656,0.0,13776398.70760703
161688.120084903,0.0,1188312.3328222476,443.3931192627212,3267228.057231044,443.26415979180564,2717330.394546243,443.76264545468973,2756118.096202089,443.33131478707713,10092450.752125824
90037.5899608705,443.33512214768706,1018544.6481510352,0.0,2414162.838904802,443.20824535832054,1768246.1228363772,443.22151522109607,2936966.3880921467,444.107021611236,8229731.45984957
27943.825211785246,442.2691804799865,767437.8671429541,442.6974724059771,839183.5799313894,442.0898050604143,455940.8046748924,0.0,6175379.638028301,0.0,8267212.771447269
80405.65649277216,0.0,478648.5768288366,431.3115967861354,599009.622462588,0.0,549765.5532215328,432.6040959811596,5688891.564278627,438.32332231755106,7398023.212299441
1073073.489735661,426.5934370498635,211868.48407391497,0.0,1604913.668761323,427.34591470512567,1945228.0533405608,425.10223804819174,4983424.096556933,424.8843213701881,9820211.718379566
968124.2087714691,437.2814115221573,335384.7314000534,439.9626310617171,2695387.43042244,439.14805623580946,1958807.2708412125,441.19616961697267,8125822.237353264,439.7629307190736,14085723.229987593
1970965.7204898736,0.0,1730304.530397173,438.31988684001345,3202951.9173409995,0.0,5166476.715236864,0.0,9190349.404036291,0.0,21261486.607388042
2086819.0270968345,428.92163147651627,3401704.6192867155,428.28683641859095,7122358.586233512,433.31433286800706,5745578.0436487105,439.12257753808444,6554814.773299691,439.69723647585425,24913444.392180238
1214778.313544504,443.0815386829738,1649454.00506541,0.0,6927236.856578304,436.85253411523877,5121971.395494434,429.150753984148,11536780.11689351,427.3487267517869,26451957.1211297
1272792.2754724412,420.1578858728102,2201074.2980078906,419.51150555774115,9053248.382513754,0.0,4723795.602779066,0.0,9345078.845840873,0.0,26596829.074005455
825807.3127173093,0.0,4134037.6796137257,438.0713394051764,6871775.678834361,438.5579209915807,7759979.639746089,440.2468292966668,13024218.235303668,443.8501082692485,32617579.272413116
775189.9581302663,444.3332416681417,6230744.8844717685,0.0,9442385.705234641,444.00457310618356,9292039.921289695,443.4637321894523,9827163.851601208,440.2915994361163,35569296.41387398
872068.0918541336,433.06090165868596,6740406.881963888,427.77249843510765,10822268.995912105,422.4563314860042,7582424.47911824,0.0,12368919.007459344,0.0,38387370.74603929
653806.0516810749,0.0,6102427.110768431,435.3454506138468,10774466.79739801,0.0,12435100.02871549,440.7136560501467,11775372.91061726,441.0326380191772,41742489.99092495
593673.5449793977,441.89524975965656,3658856.0522623216,0.0,11717404.061254505,440.39571317291745,10234093.861321323,441.66104041860336,10497622.957303997,441.32654047666176,36703415.75566537
632390.2961987448,441.4690887465907,7248185.6991997035,440.7498369025049,10681459.587587424,443.6620178291992,10949277.696688727,441.4286278097069,10284762.714176446,440.70680647755626,39798284.01022881
1152359.723513133,0.0,7809675.177395843,435.66971638466566,10737147.01211382,0.0,8517553.408482842,0.0,9141444.622670848,0.0,37358615.61389287
689179.2723752599,429.73215406328205,10171974.22878317,433.625211641676,9380864.806607125,437.91163966785757,12134624.025217563,436.1823465027259,10224714.86359358,437.40748304699565,42603532.05541162
441517.091801279,438.8096990071526,8490884.04554462,0.0,9953610.031900123,435.82787916888014,9207784.330327611,432.9681411517668,8436200.20681328,432.60967344754897,36531735.92177969
298813.5637606318,426.28759114319763,5036776.3551939465,424.86450553928614,4073644.5877878848,0.0,7418005.281958449,0.0,4623798.429910662,0.0,21451889.370708257
123177.40344697304,0.0,6104534.270123188,440.35024765062724,3195257.24177969,440.9561329597346,3180456.7038106145,440.7313115639801,3127774.093123131,435.2262099117297,15732956.976185683
64671.03095291542,436.4073742020848,4920093.296379154,0.0,2159845.367022805,435.69687034373953,1750383.0149980388,434.0064150308065,1765315.8225678937,438.8062559011973,10662053.448836284
981.4706883379391,439.80865935059785,4888918.587718609,438.1437953387919,1427632.7633497452,438.4836090209843,563762.9082102809,0.0,379467.756926972,0.0,7262079.922957656
681462.6005313909,0.0,4734494.4395025605,443.87046250352205,777274.3738860361,0.0,791673.0049509164,444.23245314992687,412566.6280112574,440.7652758742989,7398799.915073688
2072467.6543292538,437.1215278343196,4641589.793216244,0.0,55229.148464573176,437.44797055731726,1462161.2140331755,436.73852991491555,827774.2004895746,438.65366581489474,9060971.972226942
1967861.0499684364,441.3987224587024,4405248.974813259,441.6140539750873,228370.463446157,441.67673708721406,2170621.0645731753,442.2934709585802,1389439.6083493829,0.0,10163308.144134888
2660462.3398365695,0.0,5096830.253695786,443.0149467539083,1811259.0446457546,0.0,3148411.4475981197,0.0,5327544.166546696,422.8258678966551,18045373.093137577
3752100.7550151697,423.6832084723766,5533200.290364745,422.17453447408155,3129335.526313175,429.8744688933059,3890326.7815918773,429.325365811321,4983261.338376437,421.29074973570795,21290351.03998879
2908709.709330252,419.1935556410628,2882412.210162807,0.0,1847993.467894878,419.4935862214246,4531378.158388198,426.0026445493358,7931772.938785105,438.6440129950461,20103969.81836065
2239544.718333167,439.86938937457,2533129.8863131837,443.0568690602075,4325701.37966888,0.0,5043546.08374821,0.0,6087859.748678942,0.0,20230664.743000817
2097298.9937162464,0.0,2078907.1017142767,439.81730658950676,4118600.5624943185,436.57743346759986,6282186.798290998,436.1405811926707,7021594.813336691,436.06821952582493,21600336.873093307
1984517.9021297474,432.8733727734316,1905866.1035400815,0.0,5560004.829969609,438.2352574972301,4986768.656268094,424.0850872366617,9640844.216786493,423.5413095985178,24079720.443721127
2097991.2967754016,426.40604760036905,1358569.5776813286,425.81559353666427,5088383.859452441,422.0500116661604,3937837.500972793,0.0,7577747.553033115,0.0,20061804.059567884
2031566.0426164041,0.0,1019869.3412968575,427.79113206035714,6522628.1095025735,0.0,8029034.705877985,428.86370390031226,9272866.767084602,438.19157216212125,26877259.812786546
1889955.6035047846,437.9989074317052,841309.042238432,437.8964952026978,6339422.776652005,438.03759837410087,6483249.362300215,437.5023458589234,12214179.834137473,438.18518224289403,27770306.239362016
1712944.9682131812,430.38274420941246,781785.6892208245,0.0,12191524.399927076,432.959481807566,8111932.148676941,432.2896666784763,7617481.814011595,430.8029701578354,30417395.454912473
1815759.4930113198,0.0,570289.3968007396,435.5126104591423,10850178.185061838,0.0,8650100.103078768,0.0,9449553.19076061,0.0,31336315.881323732
952459.7821642616,436.42629466871534,2260985.62223042,439.75207636914547,11308144.644160427,440.09650677731236,12705927.478360992,441.07099713571756,14100374.852928938,442.7149951710198,41330092.440715164
719640.5997339399,441.3723045974265,2920175.8407850135,0.0,14494133.523087505,437.9322149591198,11733422.57877821,438.5479857992826,14291724.293170348,437.2138929221532,44160851.901953295
576692.7484024042,436.67487266958557,3919102.8889294104,439.3398159948325,14625029.2990831,0.0,9164549.742020195,0.0,14674447.594322257,0.0,42960698.28744603
505853.87926930847,0.0,4384040.106063324,442.61678824012824,12770102.246025944,442.8151936153295,11482340.789728716,443.39292396077957,12902166.086030727,443.7289022433231,42046275.66092608
372829.7327792939,443.6335687314241,5083681.776355443,0.0,11261095.73555991,443.9900813411184,12432356.437530993,444.22392548085355,10327877.134633739,441.4270792130875,39479614.09151415
212380.82621252906,440.08755995482977,3979509.143055475,436.6154002299681,8238848.564566859,426.0442037073012,12974494.664846856,0.0,7716994.895755599,0.0,33123530.84160121
173647.53575986307,0.0,7553840.212503443,434.0430001539323,7065010.72651525,0.0,12214779.633382266,442.0455420227027,6828552.474627893,438.6926637090237,33837145.363994606
202025.5689522358,436.05254118127124,8170130.657659059,0.0,5809047.576908695,431.49444532317943,10275839.599876968,434.52554588559957,4972440.902478,438.1171936000251,29431224.495600943
159552.30629064518,439.85987517757025,8359240.09162704,436.8963320963111,6056653.041052025,437.5973449413538,10501588.545734694,435.3577830954715,3113951.277895122,435.09245952316013,28193170.06639436
90335.07301346876,0.0,7205650.668805622,441.24732229155296,4993602.381451206,0.0,9013585.675339837,0.0,415828.19570123975,0.0,21719443.241633665
