245842911813.03836,13921017973.328638,253961230124.33185,12623197342.598284,248188527411.0261,15385898312.615719,246238969976.89282,15311671672.145105,260025362078.64728,13915947147.008583,1325414733851.6328
1889096.300093187,436.3798478529501,1936323.892797697,436.5331314805929,3345520.8845965597,434.88268790693314,3787747.1592898336,434.12414569377916,3157795.8408761835,434.0638686001554,14118660.061334997
2198348.7633364196,438.0889744980159,4261116.914447266,0.0,4751187.092337663,438.6871194679448,2597631.3096707286,439.2804781218996,4007934.9201162388,438.6759358218858,17817973.732416227
2984042.6942114662,437.39950047883815,7287291.668578005,442.25227588152103,5659194.1822351115,0.0,3281028.247675369,0.0,6778251.1765281,0.0,25990687.621004414
3714903.167708171,0.0,6244870.041914549,442.6145501361305,4844392.046724018,443.1822933646565,5884905.149731478,444.2103014935674,10033033.03573534,444.1642409633451,30723877.613199517
4091329.1430319734,444.94837468323993,5464256.836600384,0.0,7315164.189654963,443.4319877732016,7565032.502637123,443.36831729262605,7576708.055714056,443.7182424113926,32014266.19456066
4172476.5641769115,443.6476461794488,4754396.7442034865,441.31628597113036,6617039.845045229,440.99051831336504,7773150.354014613,0.0,8325508.909603325,0.0,31643898.37149403
4526752.391769139,0.0,3913531.8853905615,443.9571846291584,6547609.370114845,0.0,7141555.919677807,444.2750964068784,7667082.535884136,442.9254740469615,29797863.260591574
3525566.9975186237,440.36026467121377,3875416.5055920607,0.0,6221185.467826951,440.90659270867917,5978623.3127920125,441.1692926248998,7700526.994173416,442.7705904565521,27303084.484643526
3450661.4073500657,444.95732355396365,3872431.803413097,444.0027126239564,5871864.598419124,443.35982276758284,5025546.435898157,441.7179219225729,7357890.384510057,0.0,25580168.66737137
6635170.081958808,0.0,3709185.5003400464,434.23238695542364,5799046.888544982,0.0,6246863.058898678,0.0,8733850.641043803,435.47069072362297,31124985.873864
7823014.454112807,439.0466379096028,5695270.781474983,439.25527156702873,5057074.089641031,442.6074467385811,5799657.985913239,441.0904207946335,8876395.547886023,440.69436202429955,33253615.553167116
5474708.040462676,440.3108582106363,3529970.091032056,0.0,5192368.414996025,436.90704592625514,3449191.546869041,433.23843085541347,5903162.5525638135,430.16581524457564,23551141.268073846
7141799.709988372,428.356820697306,2003968.9645688273,431.08809994270047,2494500.665561685,0.0,2234052.4477698216,0.0,3725829.2657285673,0.0,17601010.498537913
4821821.218942518,0.0,1574745.4430830034,443.77849186381303,2238216.102185509,443.7801548242098,1710742.909744945,444.22314134381264,3317661.998381048,443.95992583562816,13664963.414050892
4010260.384152597,443.60551425993435,1321331.6345219153,0.0,1926574.1428725084,439.5441221740697,1224306.3247845366,438.42316554592804,2632036.595084178,437.0526354179488,11116267.706853135
3862005.538810139,437.4030165741463,987789.996424285,436.585007356776,1720292.2041746867,439.82114991594693,557648.4903861018,0.0,2061950.8795240067,0.0,9191000.918493066
3636220.7857001987,0.0,667321.674731038,444.75886119656803,998645.7509152394,0.0,233518.074718539,441.9694613755882,1506840.6648197065,441.13642593469456,7043874.815633228
3243459.842225088,440.68317226334796,529613.101180101,0.0,589544.4504655829,439.3339677702829,1148.863255494236,442.29065312626113,831566.12722589,440.0688978615433,5197094.761043178
2999497.987136666,439.16836468366057,248761.6102799222,440.098238462391,142980.32374479022,438.6680024699869,853763.5343775288,0.0,228998.8479130149,0.0,4475320.238057538
2774704.688314686,0.0,76658.588681103,439.03811669020763,347046.67267142463,0.0,1513149.0860867465,424.41873486376545,657781.9864919772,419.52627923506685,5370624.005376726
3667690.9444258567,415.30101014351675,834892.9369468519,410.25646710485427,1985225.9276689747,414.1487097361462,4438584.993169832,414.7700266979375,3136027.7447316092,418.01836878510795,14064495.041525591
2325353.9160709693,422.07956480183014,1217802.2442112241,0.0,3708919.7280150047,425.29306489964154,1304177.5481702914,434.01156090298696,2829945.5639012773,436.79708823046997,11387917.181647602
1770543.9976754847,437.4202177469642,2250226.0835038903,443.3133527370158,3959238.5652649226,0.0,2439228.4070319915,0.0,5163938.059545582,0.0,15584055.846592354
1638139.7864864783,0.0,1984358.687908208,436.0896610148565,4621337.08314981,433.9357885725075,4602052.848738853,434.6777170623986,4746677.080996588,437.90963939543826,17594308.10008598
1359069.9420398455,437.8697330173896,4271336.460188235,0.0,5040356.704762771,440.2027420155736,4373567.437984602,439.65690763074133,7233525.156169158,443.3794485422935,22279616.809975818
967169.2658176527,443.4327691196588,4518617.801939288,442.96240883396365,5162814.958155648,437.02569167600984,7081484.381145572,0.0,5541270.171250218,0.0,23272679.999178007
655204.2171393466,0.0,4300009.762339431,436.7282980345267,4708923.450855389,0.0,7847757.817949708,443.3383438115896,6122283.74854798,441.6935008109808,23635500.756974507
359883.4000906819,440.2971843072829,2706852.882832222,0.0,7236232.527840199,439.3545810577423,5605737.416906816,437.8410696786501,7582718.125910352,439.49067728290487,23493181.337092593
119679.99421354457,440.1102644291411,6061900.681035426,440.94724772902737,7946677.871655245,441.40985180848895,6325210.4420779925,0.0,9144319.750904024,0.0,29599111.2072502
87923.67025054261,0.0,3882654.1185093564,443.4578713397531,7347234.571339554,0.0,6505430.31821829,444.6871476987995,7970984.911014181,441.05505361955846,25795556.789404582
1446503.4875003872,434.2922424467291,7242760.107362238,430.57907910166506,9227915.633179918,430.2446899153323,8353302.489234964,429.2707157063758,9088874.515725467,430.8603163291184,35361511.48004647
1622789.610898493,434.92524616045,8023697.610582649,0.0,6181618.838450757,437.64557347257306,6354939.717290232,438.35977986924973,8926298.39837634,440.086501752572,31111095.192699727
2264374.2918926403,0.0,5209146.383530985,439.4160488990404,6589245.556867857,0.0,3872037.843914203,0.0,5102489.750445667,0.0,23037733.242700253
3279035.4153164625,428.3467955040804,3755809.937763643,431.0168513250358,5447114.139320022,432.04243886108657,2913792.1120694294,431.8563466132176,5256354.255362054,431.93120907600814,20654261.053472992
4875938.739895794,441.48796660134036,4117595.8988836,0.0,4579719.666157171,432.37805081027426,2318415.810241572,432.57779087014,4099861.2641957635,424.84487086041986,19993262.668053042
3398754.2282399368,427.3078196553463,3852218.859914932,434.19726817510696,3531947.0985082933,436.2757331844745,2317131.2626819597,0.0,3528561.470698085,0.0,16629910.70086422
5460539.588757866,0.0,3999767.5579072894,438.53795553294054,3021055.04329038,0.0,1912658.4036922469,440.60900623292946,3152953.650531173,441.20632185091955,17548294.597462576
5859546.528150891,440.3076803967801,4072896.5090322103,0.0,2336688.7000498897,441.995853735162,1501831.2926673628,441.7200540525479,2177296.8782647485,441.89738360186817,15950025.829136888
5613419.917856867,437.9185931379629,3616935.7317699622,437.62540561408144,1621099.1010348254,438.24832663712453,1242874.0693501758,0.0,1719374.2598671147,0.0,13815016.872204334
5104837.041720041,0.0,3543726.4941345067,425.702055533142,845303.1531262537,0.0,764374.2670290566,428.3275666740066,1091443.6287653954,433.52492762080516,11350972.139325082
6480424.739650764,434.9569118983999,5857897.61648263,440.1176727517887,470096.7921630333,437.1912964169381,290919.19012661104,438.7845464497691,339034.5861511148,437.2970833769559,13440561.27208505
6614677.550810268,438.14694199465674,3517816.117195832,0.0,2168401.267027463,439.72268586367994,600652.3157316794,440.33108173722553,1107410.5589735745,441.90543419211457,14010717.915882604
3567943.64186418,0.0,2388919.617324103,440.3057544713125,1488866.3513340042,0.0,2226351.199858646,0.0,3062008.9027537596,0.0,12734530.018889163
3115633.525336051,438.9434480918184,1957899.8926799633,439.4086641776679,1877816.3599265404,443.8500104168619,4541669.90743025,443.42456511918795,3272208.1862169607,442.708862045467,14767436.207139617
2780541.20441199,442.75841866614707,1462098.3446572674,0.0,5112611.742974479,442.92839742039837,5582419.692876394,442.7902614844689,3590970.3643805766,440.4630617787632,18530410.28944006
2846303.6952160536,437.37241893657153,1144770.8892936355,434.80219760996204,4287994.170324588,0.0,4108927.0993113914,0.0,6271284.379071374,0.0,18660152.40783359
2518496.0354260756,0.0,981816.0068778185,444.11848389637896,3653100.7389695537,443.72635948460487,5734964.408382971,443.42739741837323,5323425.679394313,443.94475172477206,18213578.086043257
2497090.7348950934,433.92559406869947,571991.7697761856,0.0,7341110.141729199,433.4447524588766,7044174.447294375,433.80254959466475,5258297.673499053,433.6952698992551,22714399.635359928
2250024.6655446785,443.3032985291893,370610.9069883976,444.37021545687605,7211942.599955647,443.94465383065034,5870217.109855149,0.0,5711099.967694788,0.0,21415226.86820648
2213540.41484032,0.0,139573.32212866613,444.1086870347319,5764858.524187017,0.0,6339425.3553635,444.7433376837168,6067976.041526763,443.80588338771605,20526706.315954376
1960171.520773237,442.6521143575796,166899.33425215376,0.0,9861244.132309208,439.54536969659654,7199047.576806539,438.15056547255034,6898409.76766913,437.7471069129468,26087530.426966704
2722835.369741005,438.6126681534972,2981904.2721405956,437.38087561948674,11667399.576937642,439.84190503946803,5667774.736861098,440.9906149089901,8180640.254463235,441.9513184566368,31222752.987525754
1075001.3522155995,0.0,2848357.1771012857,439.47139425658594,9457973.83659324,0.0,8277233.71104392,0.0,10801358.311656395,0.0,32460363.8600047
919175.7572371431,434.3323426772567,3103634.546287868,436.621649756409,10735330.495749934,441.71559598607496,5163283.718363231,441.37288517577605,5774590.2027193345,440.811309728557,25698209.574140836
746426.903756799,437.8539248647954,3755091.9779105415,0.0,6698049.440573765,434.16599383061094,4126933.286566156,429.5259602733498,4983118.604377659,429.1909167654407,20311350.949980658
572235.2462400612,431.5100750616905,2508348.4661592976,432.10002277186135,8012737.966424238,0.0,3779347.820725555,0.0,4537806.107118735,0.0,19411339.21676572
335204.06416700804,0.0,5819945.590046416,443.1779032903539,5053646.918568304,444.1026131975687,3436034.9271272426,443.9601216373856,4042960.559490301,441.4142069242229,18689564.71424432
158357.0563092737,440.98617155403764,2861863.3775789263,0.0,4242702.060660195,438.193575010986,3016803.528890385,437.63349156052794,3137687.4473979548,440.38001109444804,13419170.664085954
69220.56442387414,440.979313508021,3977413.3483871873,441.11351881463276,3275800.7365405383,442.83545303913706,2536285.9155886113,0.0,2423955.070670708,0.0,12284000.56389628
808833.6263830716,0.0,8427724.374611067,442.6854019747362,2587197.296400032,0.0,1918535.426328173,439.8597790766699,1685217.5904512631,425.3722297146115,15428816.23158437
582743.4294704237,423.59985810332284,6205456.010599161,0.0,1692597.0612356744,421.02802593006044,1264303.0673193263,417.0593308169451,1732571.9967926897,430.0244096862967,11479363.277041811
2104149.6453581513,432.69521261162515,9456095.5925879,435.617020963545,833248.4206762611,429.06459861971547,856900.7210786861,430.1422871445465,122470.72682741888,430.1054377544668,13375022.731085509
2588400.5644326685,0.0,9665918.453943752,432.23203221410114,474297.3765007933,0.0,1061460.7795533095,0.0,201677.7904249926,0.0,13992187.19688773
2894297.69145053,442.45706392802947,7543866.770126701,436.2586219038776,1745333.4462095548,436.8770864472718,1651121.5096671148,437.40852840487776,1030779.4525151764,436.6687163310097,14867588.53998609
4885308.22356075,436.79708823046997,6197648.950133597,0.0,1445636.3658139175,441.10327420598753,2360754.484518117,440.9688819597021,3582512.2256832947,441.2615388459412,18473620.380492914
3376650.4005205985,0.0,6623469.704967666,442.95276036648676,2629448.0934133134,0.0,2201774.512949219,0.0,4328603.129016505,0.0,19160388.79362767
4737897.9409192465,435.6450167645999,5774826.092912102,433.83498691771325,3752285.028875222,433.65687517070427,3285883.618079678,431.55031066232186,2767503.6888063927,433.4566041944359,20320564.513386354
4167539.7224029857,435.1332719515516,6048232.016633336,0.0,2187895.056370829,435.59637989978495,4662100.982137281,436.3895904592215,6554235.266622798,435.8164634604365,23621745.979873
4434218.657018514,439.5454656601612,5003909.2460719645,439.74429614712125,2585555.096035461,441.25399525402287,2694191.3773685205,0.0,6694330.7727653105,0.0,21413525.693016835
4018011.6739821993,0.0,4785513.301539066,433.0862407551097,3494704.072518289,0.0,6025831.898681584,433.59401964806636,5877657.59000876,434.9177297484831,24203020.13472005
4780526.749468878,430.71992825277886,4821171.88215652,0.0,3450238.831291901,438.6166815721449,8336195.829327521,432.78553032011365,7138589.140000868,432.4473350650422,28528457.001720898
5845865.523060659,435.9074283494671,4721121.464089773,432.86592711483405,6686225.726417476,430.46804918532973,9652839.054009464,0.0,10964328.67936549,0.0,37871679.68834751
6562718.825396832,0.0,6598347.417830156,437.29546864910054,7060545.118357293,0.0,7674151.829661683,438.5035695313162,9648813.73858699,438.61238148354715,37545891.34125262
6235949.671289865,440.8649797761017,2935172.282407867,440.320488229708,6665444.557593108,441.0148617492593,10975878.59752947,434.5153236528135,9004194.959523663,433.49281666149545,35818830.27681404
3511962.568624935,433.4002442478722,2731386.9937343905,0.0,10058428.821652113,434.2221785109764,12675134.594395975,441.1288866198718,10352661.697204407,439.01609709325993,39331322.443018295
3125311.8292495785,0.0,2374679.130516982,430.9358484847317,10327403.666663382,0.0,7196171.642302649,0.0,9524231.316785656,0.0,32548228.52136673
2874487.0228704414,438.2541459940198,1715734.5002803747,439.2749190132479,10776785.998795452,439.6859052434955,6573561.709710726,443.02235570062334,7112307.083374534,444.14003851352527,29055080.692395993
2395049.286397355,445.3147857938352,1412770.2701793823,0.0,10582137.529230932,442.83467379625034,6023840.356789495,442.9565612277407,6123202.355334162,433.71040545597236,26538764.6143576
1765492.909257539,425.5055555696456,1001972.3536303383,418.98113002578276,9348751.517818058,417.71316377898944,4367487.457178956,0.0,4827293.941086906,0.0,21312260.37882117
1363485.507374492,0.0,541949.1669149848,443.902269732135,7663718.153379841,0.0,3451809.129334515,444.9425728604968,4088642.9147175397,442.6179559555471,17110936.33451992
1183170.0008076024,439.9825341482316,177084.09975517055,0.0,7718477.977575016,440.0885219612983,2831537.5544445915,429.9953866499903,3967476.1683766423,431.2386115993648,15879487.106013382
1310745.4864571637,432.8720697646867,853264.0830397676,432.97372800926996,9761715.353102073,432.85159494312074,3293245.3903460437,439.9251373846988,1816098.039682626,0.0,17036806.975157775
198405.10134913947,0.0,1264440.6794282985,436.9385267675768,6114298.819417709,0.0,502437.16604825633,0.0,80297.935582625,439.9994579957645,8160756.639810791
375871.1211391353,440.6182635674116,1821784.680960452,432.64444289718733,8852654.795899993,434.22189755140255,352657.18731752795,434.6593232689059,399782.5182880694,434.09952740503144,11804926.54705987
1190590.0197815944,434.09653221441926,4009331.7772043357,0.0,5793515.40141043,439.3231345853298,696013.916154245,437.38268102112,871990.177204406,431.0482273475858,12563183.142330179
2443461.9223036016,430.4431995857344,2195466.092634337,430.1059890703845,5115339.848941659,0.0,2541091.9268609094,0.0,1651650.452458176,0.0,13947870.79238734
3699492.3686179076,0.0,3475545.755371459,445.05922838735864,2939518.9438110394,444.8431786906501,3686771.301877956,444.9316579769488,3511487.2100561014,445.0368958256057,17314595.450695343
3838249.470408863,442.33885272061787,3047146.8418657617,0.0,2378040.862783657,439.40751333435475,2215669.5874254145,437.08774316443163,4401884.280119637,431.36399505571745,15882741.24070761
5180202.684026026,433.10152017270144,5537015.1597415535,434.50660231149425,1495409.2146525357,424.65659564047286,2023807.8543101316,0.0,5533940.137959045,0.0,19771667.315407418
5717991.06610742,0.0,5515484.942457479,428.8101759210054,350432.2620665811,0.0,3446674.739251405,440.3360897545817,4517791.909796741,441.3424068771049,19549685.40835218
4988997.001109339,438.20673704473495,3889068.162664947,0.0,246061.3199584014,437.09040019643675,3671716.5063612345,434.96386582326943,7228675.78429842,434.2075690952335,20026263.242964502
6064641.998373505,436.5000055287034,5090325.042677303,435.7344954848026,2826162.582619476,434.4773461753024,5276578.7981699845,435.1291339372321,9781834.335414644,0.0,29041284.598236036
8539711.903624099,0.0,6546388.445644756,438.62317964377525,2993457.658602818,0.0,5800680.80674421,0.0,6784561.978231152,435.99191626595933,30665675.407942943
5909454.72963648,436.5097535010483,11386272.207099583,437.0218021848638,3728380.3108933656,434.47228301321223,9591809.334342634,440.3715343641289,8178300.465936169,441.4724769606146,38796406.89575825
4889541.247043194,441.24974000826273,7205991.595125726,0.0,2080324.00015344,441.5728885053997,7898386.068855265,441.142805556219,12197493.42357828,435.58478783137286,34273495.88497781
3724154.3124483153,0.0,4876934.160362473,430.3949811414414,4396199.352519173,0.0,9809648.055153722,0.0,9564602.434107857,0.0,32371968.70957268
3440725.107179468,424.5963219166526,5867906.7611051,413.7465566776409,2835436.1706936494,412.38244044083245,10582077.191366775,417.02244291089204,8458268.928444996,424.1822128683635,31186506.088764798
3126196.0164529155,430.04241328516696,4559688.482037205,0.0,6930417.335483341,444.3527575697181,9317033.003757555,443.95992583562816,6604244.675143846,445.20331251201037,30539343.071284063
2801785.4680718817,444.8567432302542,3867424.7422061935,444.6760489092298,7214399.978158762,443.7786875055658,8322815.090214109,0.0,6052067.621502431,0.0,28259826.21163302
2614821.3052914757,0.0,3292868.1526899133,443.009292724451,4893483.460623554,0.0,7246373.651561256,444.18707403221157,4779905.445341959,441.22072915627956,22828780.43260407
2438698.949679575,441.53725025078546,2659370.1097070435,0.0,10279608.80840544,441.2427770558639,6046419.095243256,437.7571010348229,5276895.394239412,437.7728070055272,26702750.667210072
3832649.5471300776,437.27571294436643,3652033.918794139,436.76960745391096,10810678.831513518,436.9263890383941,7167355.349221272,0.0,3204121.9324043063,0.0,28668150.550772753
2701826.4349041665,0.0,1380505.0666299765,442.6856939935288,10343872.413593002,0.0,1971725.813502833,441.1199944259263,2295787.9221795676,441.4260145592144,18695042.88251252
1777671.6323728708,440.4871542643501,1215574.8540364963,440.3453356243723,12605925.476781627,440.97738170257867,450550.4779311273,441.6002990114329,974623.1719430101,441.8847748331463,17026550.90801057
1540625.2972851521,443.2659164947119,369142.33381556656,0.0,8080840.439687141,433.44801862051696,335903.87460987445,429.66419551684464,57942.52900265749,429.3773741400524,10386190.229905164
1061155.6726453928,0.0,190147.89369955665,427.60123603550255,10766994.382386714,0.0,728190.4605179974,0.0,934173.5536159871,0.0,13681089.564101683
618949.1587865085,437.3268154974408,692551.5500657839,434.54514765892475,8683094.069685606,434.80914658864606,2222198.0721233953,433.5395844943826,693853.7087214886,430.0896339657999,12912816.86971099
139996.66771593655,430.2674935772946,1736279.00263884,0.0,7431813.596387482,428.2759034406881,838495.9803203436,429.2950639507585,2295582.199146419,432.6914928141435,12443887.976162802
648587.657924273,437.9261183749584,2248957.8789755707,443.2498139059021,7047922.382894731,443.8439436531534,2504917.4556219955,0.0,1586095.69560818,0.0,14037806.090900684
1372716.5534026544,0.0,3543187.5656354404,442.0200171515364,6462322.2863925565,0.0,3540112.623677519,441.7239307052366,1977320.713307912,442.02351087611845,16896985.509874817
1959495.9664007893,443.8458028050524,2741399.8799287532,0.0,5928912.43353033,443.84228021465634,4937859.811007382,444.02974010818957,4231892.0248359665,443.62633483480903,19801335.459861185
2512158.703283836,440.9731317901823,6035616.702298883,441.031768494381,6717217.338849375,440.18416639518637,5274553.443900673,0.0,5780812.0667342255,0.0,26321680.444133673
3739049.908010158,0.0,8379885.768882548,425.90234098995995,7124908.77200924,0.0,4495553.002084878,428.2274406271842,5099037.743536419,430.1493636852329,28839719.473668545
3371046.6402941374,435.4965010217566,5590297.03119036,439.1435541455958,4848654.826942952,432.4129687855397,7543389.438648817,423.06950284026436,8977453.65700959,424.1282387646669,30332995.844851416
4955784.445653562,419.1605653860327,8954794.534466472,0.0,3185049.9980754103,427.61821986486245,7143973.941587915,436.5401358971818,8579843.21074603,438.46384131142827,32821167.91329185
4229221.349306915,0.0,8135593.617734307,444.80160558135714,2952248.395446786,0.0,8992718.495427141,0.0,7546137.034896589,0.0,31856363.69441732
5269191.941026464,439.5161027646343,8844572.714692896,439.3521840644682,2243547.9162364765,438.40598087077746,10623586.20559363,439.7227819046851,9558044.624908593,440.45034200947464,36541140.84984967
6857412.515691174,443.4735006165516,8050805.434304739,0.0,1685209.7798549978,444.0975191396631,9605481.06672305,444.4288761584695,9998756.355077393,444.22294530998494,36199441.37449258
5067714.045851499,444.4223030352264,7164533.752970326,444.7411762678751,1085499.017902012,0.0,11698963.737140996,0.0,9317833.899337787,0.0,34335433.61668192
6664497.695858116,0.0,6175423.336959935,442.8321412758084,507410.14494623156,443.04565650341647,11561623.688368373,442.9362907214354,11428916.718922505,442.3337018594457,36339642.73284552
6108534.654727478,438.7502173847665,5231240.613517955,0.0,1900.4002708088453,439.130239993439,10259263.786342468,439.65565947499863,11346264.206919309,440.7291889683833,32948961.92708384
5333048.473825664,444.7109186518446,4944576.944289935,444.8580210918375,437129.1053599208,444.00917541868193,10465581.46265264,0.0,11650642.56541383,0.0,32832312.129657157
5600834.062203772,0.0,5595340.401249557,429.04183084814605,3385106.363270217,0.0,10119617.2684436,431.76687925463676,9244797.609602958,435.0519367842607,33946991.56541699
7000873.283688499,437.4130900250181,5360507.432689756,0.0,2263206.3819685164,445.4805232565215,8838552.74055934,444.98063164316073,10663746.292477902,445.4398164844506,34128659.445445426
4298918.734587744,444.9852542126006,2558081.8221613527,445.3167557882979,4568001.371146538,445.18283585802465,4286638.2397147855,446.0091046503101,4436321.155051606,441.1454154545718,20150183.96202799
3065558.7513144854,0.0,1484024.1946016408,440.09650677731236,5219876.6905814465,0.0,4273487.8667457765,0.0,3222334.445298474,0.0,17265722.045048602
2774007.0472433087,440.2766750445959,976494.4368755339,440.87801314444437,4778599.684146733,441.3714337327659,1777432.578557396,445.1157092710463,2153361.7043400696,445.7399202025026,12462108.832914438
2778454.8654244216,446.2588300696608,481940.4157175719,0.0,6670570.5740975905,446.3638060735594,813175.4274122085,445.61324153098064,1368064.7233522069,445.38571657697815,12113989.62759825
2516402.412038497,0.0,971.1437353866045,444.7682937336382,6730301.665367051,0.0,3898.4859934300857,0.0,548135.2873574718,0.0,9800153.76278557
2114805.235017552,438.21627524444256,1046029.5287213438,432.36811507676583,4884888.673807159,431.4422002746036,494543.26578416576,438.2474680565672,388918.1650010307,436.38334757406807,8931361.525737477
1778140.445089637,433.1106510710059,857124.7113983025,0.0,6188473.407779515,430.15809480303903,1002591.9277368706,429.68510354939605,1045345.2308803236,431.56011633649786,10873400.236850407
1403555.9884161644,434.20054568758644,1519299.5011897527,436.9592952276153,6619899.494556707,0.0,2392366.217616434,0.0,1004511.3461685677,0.0,12940503.707788544
1206360.1711200755,0.0,3606879.953407615,441.761925502841,4631252.602285518,440.3543892481105,1273134.4294380627,440.2526055772397,2989758.0201478302,439.7151947945296,13709147.260514226
1594545.658606167,441.56029824741483,3494409.0162761956,0.0,5960257.790935569,441.3280883679484,4190217.5809577396,440.9693648908586,3545262.861872871,437.6772559847666,18786454.443656035
353080.78369599395,432.79632259855026,6277035.219664633,426.94064167085844,7068678.727697236,426.23344091148135,5481171.308276652,0.0,2484512.367932933,0.0,21665764.37767263
133915.6759934465,0.0,6115285.437440396,441.4600860305876,9511836.430873934,0.0,2942749.4588431823,438.9900593768473,6032502.688133106,439.0869506331242,24737609.228380106
825610.7626662202,437.83497563192793,6860940.30039077,437.81612324907553,12415610.772380281,444.34942307314554,4669588.41292766,444.35579788962184,5409558.750357217,440.0236921351291,30183513.37873413
1222918.1101321962,437.0907797750745,6200091.782235614,0.0,7275190.405210063,434.48100297687,7947771.261485758,434.8761123193008,3527223.1183699425,438.6453509843161,26174939.77067963
1265781.8172162632,0.0,7932493.159884228,443.21048947046313,11442782.341334255,0.0,5012857.959820597,0.0,8839278.751430547,0.0,34493637.24017537
3298340.7188694533,437.81012510408306,8124392.525894586,438.330766036966,9502377.44758018,441.0933199949258,6230007.908380644,441.67528364510144,5289772.312883919,441.73633645111624,32447091.559440013
2511160.970870687,444.72850293409147,9007611.527452454,0.0,9272599.414622055,445.2975490857455,9742886.762730734,444.78480163627376,11583040.63605703,444.0636270375869,42119078.18621366
3432523.6533815335,442.463870772781,8895678.092038134,442.15475964057765,6831002.140507911,0.0,10066320.013295442,0.0,8936119.870354142,0.0,38162528.38820758
5695651.324066732,0.0,7495686.689295394,440.6138277127656,7938604.2487195255,438.7012671191833,5201310.620625285,440.8032024403215,9172010.856179269,441.6396288611217,35505025.49681234
5802405.455284282,441.68981849670223,6945912.777596326,0.0,7816920.680506166,443.9749051688569,9484572.531416265,444.42151819768384,12343110.047835795,441.93366207274414,42394693.51254278
7482797.9913944425,439.98022645171017,6506560.309615437,439.7349794533503,8512793.516198305,439.2473172471798,12910380.317240084,0.0,8239421.978121863,0.0,43653273.075093284
6258930.289480431,0.0,7048949.965805004,431.684761224948,7405679.068888245,0.0,10715589.16783412,442.27705030286376,15124037.316514267,444.2321590869223,46554504.00249268
3582830.480033082,444.67653999439864,4386525.609330253,0.0,6606338.606971994,444.4256386257075,10284849.835198196,441.59264697302234,7710326.8148795115,433.59448656099244,32572635.635725185
3107065.5441646925,431.96586954851904,3109525.455453613,431.66439856593996,4406091.978143145,431.2661398188793,10177959.965309247,433.2331168458081,11889060.207701754,0.0,32691431.280297235
3051023.6429082896,0.0,2807693.9886034373,436.5904985907558,3939976.3722017067,0.0,5931307.066113223,0.0,6720060.558907372,434.50660231149425,22450932.72583493
2979186.871974904,439.8980305528152,2346955.184398253,439.8338333697811,3282409.187110952,439.6826404205196,4941977.9807614805,436.3736998301554,5322223.538459904,436.16165183125787,18874944.712561496
2867805.2364909523,435.64294287815704,1790816.1071455928,0.0,2716582.8232647185,435.8241996603488,4218603.388045169,440.8547467084237,4775507.5141156595,441.43549983829325,16371068.826451177
2816201.799031841,0.0,1472671.332105871,442.72258880000425,1824449.07858182,0.0,2658380.62114041,0.0,4063386.8774567423,0.0,12835532.430905484
2840910.581881428,445.32059732763304,1148429.5242676162,445.05421074435156,1159852.2235929684,445.4103506064679,1967925.0815676942,443.59876998574856,3423333.4613169893,441.2420034080511,10542671.498558769
2425932.4928244962,438.7012671191833,800798.688690868,0.0,80431.00837428388,434.5754447873916,163272.9603740729,433.4736830319944,3053311.2860420994,429.68730451329776,6525482.874005273
3405188.935606579,430.59823433127815,491548.87771177373,429.67263184650955,2328181.340549772,429.69427438107545,1115715.5398223216,0.0,772591.6040416466,0.0,8114516.262872651
1979887.7731381229,0.0,1105703.6956121617,440.04408165335053,1869388.2659454981,0.0,2628639.314243429,444.0213181478839,533456.365946002,442.8960475703882,8118402.376332587
1812689.6051314797,439.73229017187265,2333712.5379249672,0.0,1841615.7950906851,439.7260473238243,1773457.5895019565,439.81307900800186,1874326.6466944779,440.65452520657465,9637562.100285279
1776015.9056140126,443.34254180753726,1380477.696440338,443.0013968213732,1803854.6333406302,442.4339222223468,4200291.986992644,0.0,2848661.4390249155,0.0,12010630.439273393
1781441.3945467519,0.0,4417300.512290909,439.42170748987365,3470667.44487603,0.0,5122316.942252325,432.62584891339947,1222351.2428478317,432.3187217596591,16015381.90309201
1592949.9275207252,432.55641451435787,2518297.8263240517,436.1355736721556,2485600.5993204378,436.8862824325688,5413268.608232906,443.9889063746004,3125466.451909648,445.55338033636275,15137778.533865098
1631688.648118537,445.22802482863307,3101782.507269146,0.0,4770027.482038143,444.6200723091285,6135167.8302813135,445.28385916556465,3576456.0097904624,444.34559827105517,19216901.955052175
1404293.5198693739,0.0,6388328.500737545,439.45278438312954,6949126.988839683,0.0,4556972.734153454,0.0,3219302.637095135,0.0,22518463.833479572
1240216.504619183,445.13903395699106,6967969.339503266,445.855414434639,7734523.6789056035,445.56412852594855,4538318.337533435,441.99236044776495,3782345.1987289926,441.99740632506297,24265593.607634168
1114499.0895343714,441.33563449346383,9448592.444938852,0.0,4986280.033547748,441.8489892475667,5827582.4124541525,445.44967216313916,4254487.179193848,445.2417113158063,25633215.03567619
863287.4299673511,445.8373460038054,8771458.2454511,445.5504222100454,7842039.203945402,0.0,8300517.258106111,0.0,7908656.774953262,0.0,33686850.30019144
1244701.5305544783,0.0,9562708.308082704,438.75977925866584,6031021.677526038,439.0946118451773,9705655.983099319,438.15209116538284,8403115.707243558,440.745205421873,34948959.958193794
159398.32401829184,441.4286278097069,7880091.705572552,0.0,8408031.508645892,440.9220426645782,11790863.375962853,441.44808298040056,10064806.428771488,441.43646774683356,38304956.57819227
59350.310979144626,442.2266299928436,8939311.715876685,442.3257328389079,13537179.28940466,442.5270871913792,11931654.957450569,0.0,10645048.645475062,0.0,45113871.99863614
741333.877009552,0.0,6751983.217864529,438.82146336019605,14208501.852689281,0.0,8991002.356784713,441.7177280935958,9112479.107803505,442.40971353304843,39806623.361056566
1443477.6434044524,444.18080205412554,4271964.731704149,0.0,15773708.898382528,444.89655698199766,13294934.096361378,444.5677420266608,10093999.034477552,444.22637592694906,44879862.27580705
1009910.9398284444,444.00594399780164,3848451.2715349994,444.58806395657615,10285728.465086129,444.3593286359154,14704975.360176926,0.0,7958781.174658439,0.0,37809180.164621525
3119854.4119930547,0.0,3466513.858048651,442.4064081344562,7517497.567176171,0.0,8111275.427820036,437.7038043241946,10493386.852801679,434.50472679996193,32709842.73277885
3625972.956538072,435.5068636809941,2936015.6046425295,432.63886453423004,5825987.993267132,431.87190993882086,8349595.567192145,436.2429298651726,12640287.292107875,440.41401762254657,33380036.088333394
4138575.655425882,442.3764673620706,2529991.727879554,0.0,4866777.583790281,446.5448844759313,5083972.123593413,446.65058966507627,8602866.760114593,446.40280125659206,25223965.825546484
4309491.336544576,0.0,2026707.3382241407,445.81750203780115,3743871.212527235,0.0,4151372.346273548,0.0,8751437.580753965,0.0,22983325.631825507
3709016.5844402863,440.3919561319925,1448163.3433863476,438.51254757820794,2533503.809326368,430.09974090607676,2831708.483133188,424.7998703613677,9487208.358472534,421.10561075779583,20011755.488484457
4752918.613324077,424.68776915224913,915960.8865499259,0.0,1845446.3857228237,430.2639993109847,1459883.5411281872,435.4783204567311,10756353.549648035,439.10648725221733,19732292.51294922
5155660.548782605,435.36522057861544,513934.9371703293,435.1897072746845,478537.2269368049,0.0,542770.7197730768,0.0,9609763.946947636,0.0,16301537.934538305
4711574.163798839,0.0,1780948.4722122108,441.66200931645545,1070094.4701198717,442.30882391711265,1920823.706984479,443.37915560751,4573549.75544921,443.35581971344897,14058761.274373166
7113626.384467769,443.00861035134545,2223536.8364359164,0.0,1609127.3808319678,443.04263408521797,1328290.5556854806,437.74739245295325,5480229.969971054,437.180663575609,17756572.106692653
4878017.294557142,435.79863350907283,3561652.038358436,434.0178296757843,1398810.4981850323,427.7767703911335,2833764.0888322038,0.0,2948151.765085574,0.0,15621693.278251963
4744337.669635699,0.0,3874110.6768883723,437.4660307841537,3196991.243569384,0.0,3766351.156105718,440.94357784692454,2048128.4212066634,438.21446295454666,17631235.79147742
4165145.314211519,435.94744982773364,6386012.785553766,0.0,6918765.669347249,438.0526572881094,4334972.807417529,438.57893922791544,1151892.2618542674,441.5760846082259,22958542.993515287
4429431.701258325,443.75648326787336,8233365.821294833,443.52743007930445,6901076.844842787,442.8355504446907,2910667.599466598,442.1265035092038,15890.553328826647,0.0,22492204.766158674
4308167.22601657,0.0,6812574.5024886,441.78363975053605,6989899.795979393,0.0,3802980.777021838,0.0,638643.491456726,435.8935546938431,22553143.47015757
3918758.3809919464,435.9058238679421,9838518.279222656,436.3011662417283,4096570.00762339,436.7848635959807,5878718.949852672,441.08810146183976,1318808.5823222422,437.90325769606306,25053562.183225773
3600767.9879012126,433.5734764748004,5942519.758920702,0.0,4938337.562025393,434.2212419804775,6653893.979873992,430.5897616156725,3430097.8807712053,433.0766450866813,24567348.630617663
5506965.444441262,0.0,11864070.455671055,437.0699039289631,5461690.959519589,0.0,10849026.783572238,0.0,2444510.5679871202,0.0,36126701.2810952
4473182.326351703,431.9076727820834,10950960.552962739,429.690972836574,11458706.161358334,428.9940172508248,11186710.453002684,429.5705011740683,2667053.0661968705,435.12217472699854,40738767.845211096
3044265.873151871,439.19528585153364,9763180.090865152,0.0,11336509.604467213,443.3026152500619,8950017.639825068,442.80428546260777,2995172.3149743187,443.1187920940265,36090913.94426228
2782265.341345667,440.7726097648122,5969038.468145168,439.88601618164694,10606519.30599509,439.5800152664555,13577268.828544492,0.0,4866587.227076147,0.0,37802999.40974778
2524663.4352243426,0.0,5230875.130302313,441.29510128500084,12701208.044861099,0.0,8975878.1316156,438.6749799811523,5159684.387269531,440.71886572678034,34593629.81821988
2493486.1433219374,441.68875257508046,5106556.334179107,0.0,11111133.42448133,431.8405065229762,6634301.942668622,431.6280282328485,6450941.758717308,432.1085550271111,31798156.869210668
2221132.4704893176,431.39043005423486,4725570.352643572,434.93896428203396,9681258.128914557,431.17082217891334,6751480.924850724,0.0,8177398.857321287,0.0,31558138.234435968
1849814.2494196843,0.0,4108034.6502337246,425.17244241237125,7515369.220791269,0.0,10843451.130172042,427.73814410385717,8734425.286542373,421.9765891566131,33052369.424334764
1636015.5929594715,423.1142263822375,3117865.4377920916,425.2201263706416,6342957.938133419,429.21827567438385,11018626.13306469,430.10424324149375,6507265.080394019,438.9773288236351,28624876.81654418
1439220.3717228826,442.08155360271934,3179834.0799842672,0.0,6885902.867667642,442.0244813649705,12594469.426464347,441.84966805297984,10041171.196657052,434.7307487005146,34142358.628947906
1365555.5775914972,434.88757275790306,4208572.625337571,436.0690695887738,5098222.877176371,0.0,12071126.394403648,0.0,11731820.752493193,0.0,34476169.18364463
466873.970702209,0.0,1554409.9944826108,426.0325735380474,4338739.902330433,429.83142500293565,11053901.621842764,435.17136418902487,12621629.975500785,437.7333062567374,30037284.233527787
187121.88401055336,441.0033659029605,1135544.1488254939,0.0,1766562.7020932953,441.06259041081756,6258704.87421311,437.18531538005016,9913533.192215135,434.1608442957226,19263220.213473577
