1037253859.0172352,1162880146.4226458,1289986985.3869743,1426200087.339877,1418783490.2694004,1308393119.7742376,1482296146.6075325,1339803436.578625,1876789130.8285558,1310743017.3804104,13653129419.605494
3273623.3500805143,3880936.419067624,3964032.1016291603,434.7847322388629,4290079.632701321,5283969.5907690395,5528533.599528766,429.5004862975868,5477354.05762709,5830307.150102855,37529700.18672491
2826923.6601606533,3249654.1588224163,3353121.2428026665,435.2826693464834,3783705.5523834936,3975044.947008999,4075819.8674965403,0.0,4054990.7514726715,4334894.393199249,29654589.856016032
2318217.107653375,2900293.0955175026,3012244.225921399,0.0,2815192.7159333215,3002642.7451775274,3129144.6743157194,422.15709508728986,4307574.7466653185,3696407.4161280817,25182138.88440733
3126945.56296847,3876396.4384139124,3495609.8472845177,428.1348270068269,1528870.0223224992,1727694.1934816167,1641225.8357437078,416.7920196837312,1321708.9920144426,2720611.044145854,19439906.863221712
1004457.9792231248,1325851.7172488035,1305811.1168192204,415.91006786722716,167722.74813444566,849.0513620877579,132735.05314694083,428.39984321743026,121780.55131492832,47266.57331523705,4107319.1004758724
802053.0180959121,823782.1559968619,829192.7233657532,0.0,1100762.1982365448,439.52550614075534,870099.5755529092,0.0,1354913.3571299596,82265.64276060788,5863508.19664469
534376.7433691111,439.1542826828979,386457.36880801985,439.97263045497823,1642717.4282163156,0.0,1901141.9738509983,443.66661304291296,1009590.3271369846,0.0,5475606.634907611
296187.5067349634,0.0,101693.58624010826,445.36955813362374,4230525.434274094,441.23262314418577,4075965.3664669306,441.14966868842686,1910851.1789182362,441.1488953670803,10616991.973379668
45469.34938531256,441.1337194843383,203372.6925810263,440.07380372240584,4716185.5901989695,444.0960497215998,5655799.556083127,0.0,5349915.824998201,443.65204556517835,15972511.968865128
684537.4528976699,443.61323621697466,982668.3257302153,0.0,2884810.7482467275,437.76899939398857,4804216.294665013,429.04347663012857,2839785.655826922,0.0,12197328.90307879
1694496.6150405302,424.09134053722937,2384511.7616596203,429.0370764377876,4683420.3526391,0.0,3548341.5418364317,438.3303843016151,3186953.378261071,440.314613867969,15499455.422851896
1592335.8572119696,0.0,3044059.2955315183,443.9782340468464,7301000.121694883,430.86465018111903,7627144.650044343,430.8611462089227,6382790.363094306,431.3968082138417,25949067.388415672
3681734.408973467,425.3444602662858,4504745.037013049,0.0,10010649.195957536,948.9579940048309,7480968.240274464,0.0,9850204.430533454,940.8337945394632,35530616.44900078
5042184.85563133,437.97117995127047,4840070.995700335,434.8039817859984,9492061.95430093,0.0,6495806.724487936,433.561805084472,9407742.816893257,0.0,35279173.683980614
5498243.334670553,0.0,4659642.163565944,435.98020872313003,6052641.098918048,432.6330074079423,7923914.340578298,435.1923412806151,4415340.242394247,436.16401413738674,28551521.149698637
6085232.462226227,438.89455038216715,4438246.316532533,0.0,5286358.021912779,444.38080855146796,4810919.217377587,0.0,4731503.552549171,441.87420342008915,25353584.720160652
5030666.635802904,441.18756475593915,4026035.6174507923,441.4521484565578,4331453.210257596,0.0,3846912.928497846,443.83836629090524,4805921.680240122,0.0,22042316.550328765
4878335.346069639,0.0,4297750.073757214,442.5515032893522,3528371.865250932,442.8704243867286,3615708.5835669935,442.31028153186554,3684859.198302434,439.6665090656956,20006792.465665486
4167650.6965848976,438.3457496747133,4323816.607206848,439.97916876556144,3033666.879985317,433.3166644318544,3226262.8355996627,0.0,3022283.301363935,424.52335360781376,17775416.485677138
4014464.064171448,424.9667427762557,3771897.0990938325,0.0,2330366.761904742,426.8302131282671,2635076.233738869,434.5931747878589,2571762.2018879866,0.0,15324852.750927571
3772425.014258692,433.36843161152586,3506041.2657226836,438.2003466832202,2177141.483463379,0.0,1903902.2383837856,439.42746213849153,2164285.466474671,437.9797550857026,13525544.44429873
3515805.627152165,0.0,3769781.3936619074,437.8384987320019,1641256.4128575856,437.91335420161846,1780097.245997266,437.15579234172947,2609164.3347354163,443.58733451122936,13317861.50938413
4120697.012520711,443.69584865292296,4855472.324457608,0.0,1737856.6082269088,436.18121249727017,1302423.8619017827,0.0,1586546.6371061702,436.41494219187064,13604312.736216523
4208800.415165382,435.5995843202266,5139967.553691111,439.2678265616549,452778.123850056,0.0,451138.9807009207,442.1443695092011,861182.4045605987,0.0,11115184.489748461
3666177.001922804,0.0,6012787.025757603,436.8337662399656,196352.50312310632,436.3949821856014,176296.44109590468,436.70849881271323,693122.4746555198,437.00577062289517,10746482.389572803
2234770.6961947354,444.3612901858787,4443703.147858627,0.0,270895.049541397,437.7735685357832,214334.000322187,0.0,393013.02708045684,437.67763658336526,7558035.733492709
2076600.743393911,437.04504529537456,3528786.2405424085,443.7379977342155,872901.9937536238,0.0,410706.41673591005,438.974074515001,144090.03319508774,0.0,7034405.184738485
1978951.9001274803,0.0,3256090.6892261757,1451.2465880747075,1856113.706766532,439.8509379734792,571108.4540683407,433.85864024292874,69495.62653371494,922.1588795774971,7735007.491768112
1620932.5074196944,424.4651759990639,2940672.6614147807,422.8243582707949,897186.1046638414,421.0711740080514,2757961.127928601,0.0,430490.1531994539,432.90883623757514,8648943.824170887
1274677.9533560984,434.296645614798,2310823.6681101415,0.0,3297525.5284279757,426.8293082123154,1084645.5123310613,428.6107055494881,1139638.2598490296,0.0,9108600.658733685
1202888.7642338325,432.139533655746,1976669.0052521848,443.1835616245364,2672739.1888205144,0.0,3291329.7319451068,1229.378625632313,1663723.454267133,1228.8456304368992,10810683.691870121
1003174.6200025609,788.6693656200205,1497715.3210990056,1231.26195871543,3850487.665348017,1210.1952681877858,5578255.985942544,434.1359409963624,2837021.1098892707,1208.6371994147041,14771527.602014335
1062951.735197683,425.4653602188543,2116513.975817397,0.0,6608809.897280522,433.4621103393218,6916168.175087537,0.0,4741632.613694746,429.4972793565176,21447364.8218278
275116.4911426998,435.8867597561435,585083.4352703714,435.36926893573735,4510505.42109671,0.0,7548247.918549187,433.5520016021862,3823836.743453522,0.0,16744094.817542784
164584.66018178614,0.0,186959.46604089995,438.113189316934,3991805.018832004,434.73506689026044,6606760.228841635,430.2525054143107,3247460.3743714723,429.9997031194035,14199302.848732539
98505.82431558277,423.1491760084879,305508.30259083566,0.0,3335034.430624759,427.38165766516977,6122159.5866618855,0.0,3927892.470634848,432.0943657014328,13790383.240027286
218825.43854553666,444.2655867414941,705204.6214968154,444.3095110725049,3161008.441570765,0.0,5585911.593442455,444.7864721470761,6071037.675592098,0.0,15743321.132217633
1392489.935958715,0.0,1345885.2631839302,444.67870078202753,3226134.697262386,444.4728327857083,4700913.039330479,444.35442483677156,7667309.878315001,444.464394008802,18334510.784402926
1503358.0228961294,444.56950907725036,3017799.8035999155,443.97559052200927,3007206.979728697,441.52863208021995,4667765.125862992,0.0,6488387.426478703,440.05966359663773,18686287.491961714
3057127.4412537976,437.40605756702695,2452056.998573011,0.0,2923634.991002999,439.2463589148361,4571369.43189483,440.2127523263363,9200254.243784528,0.0,22205759.971677974
3407820.351166255,442.1696174057845,3132674.3290933394,442.12961053592073,2541144.317205585,0.0,4420205.559220332,440.8310000987524,6494609.004309537,440.8516575737968,19998219.54288066
4118044.961708717,0.0,3218646.760205826,439.79914778052006,2312247.909775547,438.45515172290334,4165822.5564629864,0.0,9640202.488824701,436.48174108279136,23456279.413018364
4605790.602847801,938.4029787428115,6320032.535485529,0.0,3806748.1912191478,437.1254191007913,5124735.465043508,433.9977141063609,10322735.852794793,942.8496864031215,30182795.02318913
5990607.351134658,439.12075774423386,8549491.874552919,438.5269705295652,1596478.6206898354,0.0,5622903.556235942,443.61167225459815,7151418.9211646225,0.0,28912221.583178505
4852739.238719931,0.0,5771815.569574473,443.9163642385172,1364107.29495763,441.73759644866186,3820154.398179451,438.18165356140435,10268359.357019305,437.4429329705622,26078937.13699801
3434526.1653681775,434.1881850419606,6629670.622154939,0.0,1268901.5627302208,428.22042718119496,2192285.7597688804,0.0,5490404.864671673,431.95845507603224,19017083.34176119
3463899.9933770094,437.0133593813594,5754262.5317876,441.9200811989488,959747.171387295,0.0,2086336.3749975194,443.78944806762166,4834430.360666528,0.0,17099999.1551046
3264382.3093618993,0.0,5774100.440786184,435.8484478224311,973017.0096680043,438.894837421078,1580121.9597996916,438.4857100417606,4381298.288403041,441.1931723800904,15974674.430186484
3246039.604744746,442.93512132575216,5735912.112442711,0.0,652871.3449292169,442.1394173754311,1417901.260414626,0.0,3727089.771163903,444.341871604147,14781143.510105507
3049395.5374163715,444.42799319031104,5740964.18551736,444.17894009472803,430418.67257835955,0.0,1134072.266752403,441.88273809954944,3554491.391878061,0.0,13910672.54381394
2913657.0461800573,0.0,5654110.370436729,435.348463063951,256043.7031791415,430.0554576505796,784412.9446254559,429.1715205885588,3189818.3075477267,429.00782084715405,12799765.955231259
2670351.73263157,422.59031911115363,5524612.274638164,428.0791142207895,137994.63905004822,434.65162836818615,414032.68302179355,532275.5251904981,3536785.2350147227,418.11030382199533,12817755.52091232
2864040.6599165616,423.4701285807737,6218661.6682372885,0.0,494206.2248170656,424.4474573726989,817084.8216972235,16092671.492043963,3712838.0803208346,440.6417943768139,30200791.506413266
3192474.5125199254,440.3073915068859,4965802.36561243,7151272.426022694,972540.4511905239,0.0,1671560.7983431302,12026411.89974997,1192661.6069061705,0.0,31173164.36773635
2316363.3733938416,0.0,6495823.965974813,15598181.134335382,1666308.5278911565,436.62496397181246,1139846.0223139706,19481586.36629128,366925.45249360416,441.5610730117901,47065913.02873103
1442752.1719596195,440.2634846505452,2703894.8247463675,11954067.535696035,2285886.2607666636,435.62993440448514,1786303.422148649,13056601.534582464,388707.82052581967,435.13054461509,33619524.59438929
947822.4909682526,436.40264434175634,1466168.871846156,12943120.383146163,2583816.508026597,0.0,2641423.6342439824,11489394.4268117,553017.9641415701,0.0,32625200.681828767
616135.3956447196,481.8608017547797,930024.249359001,12205128.755751038,2118061.193099838,426.5726480369656,3108326.978795494,11298506.17427665,2680245.4265997554,432.39968814633926,32957769.006664436
243023.66324998648,433.3695510385073,494188.88390936016,11915345.50171126,3649161.094789758,431.56557440478934,3355537.0754088336,11335631.469519118,1542474.0267830668,427.3174334795176,32536653.96793031
182828.57192483626,425.8793670402755,67910.74433215798,12327205.575590363,3634487.1830933094,5347945.801608745,3436366.6486559426,12109286.84800184,1865088.8588122537,0.0,38971546.111386485
548041.7024463926,419.9210077106753,857751.898055782,12374111.106280172,3313409.525106383,10070186.001261622,4243989.587506865,10756844.893641917,3468835.7802699027,2931983.9764991337,48565574.39207588
2492980.8599445494,4050408.819468974,2747375.879992743,11008076.106950842,4590398.547074318,9974260.560541447,4450839.290690893,9910137.176942239,4026512.6443404234,10994698.96440602,64245688.850352444
2952786.3115195814,9639736.990406126,2644065.6450494435,9682302.533544855,2943491.07074038,8786776.053047897,6166459.621684428,7985071.600631603,3126730.6854659775,9610171.327514952,63537591.83960524
2483943.453193923,8599556.17968404,3389672.948927698,9098317.922335638,1897693.4754539107,7913587.347998309,4887476.071972113,7273572.324564072,3744589.2689456167,11247210.4200057,60535619.41308103
2017228.7909038602,8123429.130369795,2908762.7254183083,8664927.830026593,1978008.36548849,7176545.521191509,4791525.30253364,8168441.446265044,4386879.027296569,8906872.684993241,57122620.824487045
3085900.7654493544,9478423.208500529,3865947.6430620635,11523151.592870777,1555034.3829297454,8827921.964638764,4703346.574835097,8388514.918312385,3704896.6794353733,10177799.100002436,65310936.83003653
4416073.702748848,9376320.84558205,4856344.300042252,10975258.79990102,2375303.954565688,10374496.176645549,4635623.376605728,10664893.717198035,4737505.478190055,9894461.951377979,72306282.3028572
4534668.889689847,10012304.924450697,5997431.188392292,10452483.664615335,783448.0263366955,12061730.198441872,4678055.156109697,10378714.449725635,4618793.515361744,9535207.860242099,73052837.87336591
2422708.2353993724,11609303.481789831,6797688.9013589015,10934053.859342419,645376.281578162,8296513.7086331975,3136315.1117613623,12538033.276453234,4382803.991947583,11001472.684693592,71764269.53295766
1705557.898298472,7294796.6345732035,4595000.740893418,13834117.197780171,306480.20964136405,10016406.468331635,2160021.5833743545,11448309.530178774,2569270.9771530265,8737114.376884652,62667075.61710907
1259828.2729252032,7955489.139983925,4110725.9033611147,12845736.508431675,106689.05268128296,9744465.618289575,1601832.6127253876,9017299.759405313,2196350.730661419,8291066.984914483,57129484.58337938
1890325.0151898682,8124129.177097533,4776262.770406118,11734029.945608983,674353.8488270368,8640700.796880921,1288673.0538894967,9019259.709140247,2804913.5169594605,8655842.002899753,57608489.836899415
935541.2680494934,7951384.761926381,4127828.7394740325,10159667.213385576,797514.7805934837,7750901.227708762,362425.0557815846,10368046.273804989,752675.6486484557,9297234.173556002,52503219.14292876
637839.7463821451,8221074.481271767,2079293.4588053715,11611733.053952904,778061.9486922274,7662670.554032092,213587.93761996724,9440177.342497809,259555.83165151428,9298196.840737477,50202191.195643276
326944.66236648196,9426169.108851446,1812433.3668892314,12699559.84561675,723220.3477304929,8285693.689250547,179804.09417075268,8511535.00015815,11386.950092453051,8686503.314817674,50663250.379943974
24069.74882587814,9325603.740068745,1143250.107449745,8297102.224176505,827851.4920752933,7826285.30811725,476578.90014563076,8950686.62276368,490024.7212934764,8429086.963423625,45790539.82833984
306310.57193942234,8237285.183728276,981808.225224243,7376786.215548351,1773907.596197509,6714594.0578449415,1355771.9964717382,8835654.726183938,2006589.79471877,9407048.329884665,46995756.69774185
1321172.279920822,10093301.339361481,212151.71460703088,7949363.724557528,1842970.230272211,9031740.491545415,2012298.2051329105,7890899.768310498,847957.3232748442,8195418.1580929505,49397273.2350757
1419979.814707309,9642203.619018491,566304.1259646922,8790198.069430223,1392408.7328435997,7975596.156506648,2558667.841316914,8055124.637591172,1321703.767091651,8356500.133941781,50078686.89841248
1760596.3230205295,9524404.37105541,1141402.28210796,9639833.18748658,1563897.0748444952,9622930.813449526,2422591.130082713,8357427.402469833,3466206.8874151916,8129649.611795442,55628939.08372768
1891273.0257090388,10040673.44907866,1129618.8765933292,10013763.406837191,1445116.5325097144,9456554.379610216,2624555.3436760004,8590645.907318465,2940689.486608363,9429524.864047244,57562415.27198823
2178167.5213026283,7852018.175803708,1607307.1791574555,10049559.729961593,1617124.2592686482,13591167.951598717,1757057.6763512031,9448717.98098983,2678955.1103006224,9341666.849997692,60121742.434732094
3559110.658926288,8026279.7228971105,2374117.030294049,10442386.621466244,2304593.2562732967,9236436.914042734,3052499.1831368124,9481130.607376592,3850922.6097107218,9788743.453558082,62116220.05768193
4631619.732342543,8736837.712197268,4484597.118182222,12217388.759839086,2514777.952621494,10237745.697933057,3367648.287576809,8797317.419137249,3928276.5106068663,7036029.3527812455,65952238.543217845
4474410.636327011,10280298.092404202,4279191.696185773,8479296.507980265,1777503.7894353098,9632063.392268939,2218701.5513708224,7859006.795308592,4644777.210439019,7613106.16525188,61258355.836971804
2459124.8968769126,9847789.781327114,3552440.6121148183,8525062.367299715,1270501.4145490807,8258672.456848652,2265240.3945480897,8290846.374939108,4650573.8619442275,7836983.222894233,56957235.38334195
2120155.2436124794,8571517.883901065,4176030.156192136,8957568.400750518,1200342.3204900268,8187808.17246813,2096626.9723079756,8940588.987113716,3552016.233392057,7849794.793310328,55652449.16353843
2099758.352088222,10369295.347817376,4521590.480912366,8925322.120246563,1251032.8431488823,11199880.782229636,1614467.106820742,8833976.115443785,2984289.7141605574,9263126.545515494,61062739.408383615
1711752.4703035029,8694990.264878485,4614970.94524364,9744441.326714035,1520455.9959468653,11983698.39269979,2216314.786244743,11265926.544306966,3386804.638071389,8773174.89195278,63912530.256362185
2445176.209108192,7992982.980376736,5327349.142366415,13799620.383828806,614184.5728691361,11630056.855988884,1580755.3064462848,2701498.7858301504,3840284.068106504,11173140.000027055,61105048.30494816
861797.2528525683,9634927.384709345,3236688.4278272903,12466811.942122607,322088.9086716792,8271682.56807117,699942.5787822884,0.0,1656152.149967379,10994571.943195108,48144663.15619944
597392.5713068384,9483905.842870753,2004705.9609056797,1900959.5614259676,136258.26866140764,10772837.052383829,125936.18345237292,414.7453330317402,843249.2167516046,10015066.054523557,35880725.45761504
298065.839438841,11514804.651246466,1560979.8307464097,419.4505860594541,271357.40906362154,12440638.439446718,279045.4160562717,425.03753052244633,325650.89384477463,9900813.53809125,36592200.50605094
155269.81420016874,9007297.473474352,1251941.3211077317,427.5820740831986,603865.5440617686,13062751.660054585,782970.8864597004,423.9090878272886,151607.27741317003,10055909.657363236,35072465.12529662
405939.1750473023,9249954.953044618,992680.0446628163,0.0,1091833.0199183782,10663419.28383318,1392127.1121916012,0.0,487371.0045532025,10395784.876736205,34679109.4699873
993710.4977940499,9121838.327622151,472728.3432822645,411.7898116243975,2114157.0351784467,11317230.882862957,3117190.4059300506,399.3812134705214,2212333.2753779944,11263093.056852937,40613092.99592595
1877225.0378752458,9742032.877318695,254633.25124465645,415.48819605976047,1422947.5278957465,9217723.594440341,3597901.7057154104,428.8188527575609,1406560.3366884827,13429081.930481104,40948950.568708494
2184801.26016081,9524015.646882176,904579.8665284241,431.76687925463676,2096853.5806655786,9599585.06483662,3125501.399090031,0.0,2042027.8058937676,18041186.06651324,47518982.4574499
2359608.7389766853,11043971.281891963,1518100.4189242327,0.0,2476766.537059199,2235046.5545107727,3978965.8173174607,423.74340158917516,1904534.0327577607,11420100.918540966,36937518.04338063
2693811.7875815206,10150130.241913626,2240912.8967131823,429.1356605769993,3419753.211866561,0.0,3050205.431065211,950.2562314001265,2765104.121190146,8567334.031611543,32888631.11383377
2721776.6824015994,6592776.965495016,3154301.351623478,435.44488348467354,4902533.6272898195,425.1828583339722,2104549.011662635,425.5544836484374,6309401.703012156,431.51987890746653,25787057.04358908
5351975.246272863,430.7724593665978,4497643.066765376,0.0,4912854.551594249,440.7888223888518,2071242.6263294697,0.0,8726893.874459278,437.35408141054023,25561918.280784402
3612256.091662461,438.2228568443415,5556263.965661827,438.2431752042416,4642770.027849606,0.0,1646705.2193788434,441.89621968537983,5031902.111073344,0.0,20491215.77787782
4894491.668923524,0.0,5386181.517426487,442.6962069266539,4566229.832827453,442.82308288210055,1929566.2506372547,442.4929480819706,10562144.124222757,438.13731146316576,27340379.54358683
6773095.316633162,437.4179368506679,9438010.412520677,0.0,4558025.827210445,435.5470000876171,3989021.8712097253,0.0,8810439.266270448,439.8094279802874,33569905.46820937
6570814.9493668005,440.0377337705881,8073880.002467749,438.1272046279969,5708116.378612202,0.0,2072229.1240064965,439.6734223585353,11173727.298856325,0.0,33600085.59167033
4206290.897385553,0.0,8622946.411342105,444.52199993906015,3327292.849613992,442.80486981430823,1432845.1942066145,442.4980053954328,8403799.341660814,437.1040654427488,25994941.623149674
3231215.7655544863,436.4255378185507,8185209.5704801725,435.79665249342116,2694611.473813511,437.83630869015286,1740367.6636971934,0.0,8540361.951323314,443.9926271232416,24393520.475994803
3318842.0080714123,443.90970838785927,6261188.154309847,0.0,2646433.503978851,435.53578752987556,1537277.8528089263,435.19949088601226,8166088.311306494,0.0,21931144.475462336
2958179.9292051927,435.6661338233732,5440093.02363007,440.59328894134364,2315612.9774915883,0.0,1043089.8393555138,437.41004893435303,5581747.818724648,437.8703996513159,17340475.128278363
2542257.0439758454,0.0,4849794.001381893,435.85637387683846,1891432.2844301036,440.1649187015866,825113.26825276,0.0,5115458.847995565,442.72755400595724,15225374.194882752
2603044.2811160674,441.42465955262156,4980754.503733393,0.0,1834283.1689152583,441.7533954895322,972773.4586393724,439.9812841429442,4829821.111974403,438.98776207956337,15222438.67147976
2398090.194800479,428.6671957051219,4522584.031545402,425.1624759307041,1575412.0492232721,0.0,926722.443178502,429.26476636731553,3964349.1730349693,0.0,13388440.986220628
2173615.734147031,0.0,4418459.920087351,440.53679309256023,1252533.5712062484,439.8702543219792,969002.3123284412,434.72549188965087,3439204.3685543183,432.24121928739214,12254563.280081982
2711414.6997800795,431.56178149524015,4566000.853581228,0.0,1761250.4728335359,435.21313223219283,1725720.438533051,511.45170386622533,4176438.183291433,440.50845421647443,14942643.38309114
2585860.643256247,441.10762327417257,4826319.5340818325,440.1797392766001,619027.5048460455,0.0,530719.4494307877,442.0558304468829,1113687.7093144474,0.0,9676938.184122358
1388572.384821919,0.0,4438075.811161277,445.21227164047343,434210.9374915523,445.21364999993364,374477.12094862777,445.284450079988,601258.6133567698,445.5396746817069,7238376.1178265475
1187367.13013785,444.54084532419375,2597146.3984048543,443.71628653453763,205422.886930264,439.45144146354454,157409.44475378573,0.0,71250.33058379492,430.89969303789746,4220354.799076909
799919.303244507,429.4602655603855,2263274.3138150233,0.0,31671.80136898687,0.0,354637.8376509334,434.46937643644054,797735.1063507972,0.0,4248102.292072244
317788.66223114665,442.5024792690904,2045026.7020688897,442.6417008387975,562025.4906185422,442.83545303913706,1320159.3725258363,442.73495334304306,774505.1030208581,443.7248925216775,5021719.769944284
121041.21228184097,0.0,1855218.2650440629,444.6016129420502,887922.436509875,444.5236684763949,1256744.9480739748,0.0,2509684.5576516325,441.9085381124854,6631942.453380916
418158.268722377,430.39010468663486,1423645.282262516,0.0,1320566.7571920885,429.30540821381146,1642749.827832862,429.5663766285307,3132799.673382411,0.0,7939209.071281783
1207174.9473314187,440.2012982583188,1065989.8335046654,441.2717908073725,3538273.849190278,0.0,1956362.847362922,441.8039018442712,3872844.491293364,441.7489367500393,11642410.99461031
1065504.7730292932,0.0,619601.7301814483,442.2559675800876,4246330.351118912,442.2592707310483,2477023.093896,444.2517641394294,4673028.136328896,444.57225785053305,13083261.423814852
3395950.420255491,445.20793970916037,321270.0855861434,0.0,2204937.561467772,438.7840682921981,5447101.337407497,0.0,2778861.3283884865,434.9749549742636,14149439.700068366
2128256.0849479963,431.4885266645263,1023924.2454214802,434.8249234729305,4979217.224007809,0.0,6417033.314149674,433.3709503303667,7184621.82254172,0.0,21734352.37546915
3959280.3482042355,0.0,1793273.5297891987,437.93459648341246,6214121.722080255,440.59994213649395,4513553.751027429,444.18854405269724,9261670.722853325,444.39777817215725,25743667.19481529
5650192.66853424,443.00900027857693,2954943.756726945,0.0,6298418.580282055,443.1605389599584,7139172.106195967,0.0,7647805.824877387,435.93442316257773,29691855.040579
5264199.015037503,436.53871606484466,2327076.51713021,436.48618876043673,4736359.688478641,0.0,4180195.7113903095,438.5783659765652,9706793.606123686,0.0,26215936.141431153
5014245.067604611,0.0,2156950.5530917333,426.82776986400347,4703854.653910394,426.3332685341536,4108406.170987946,427.0238628783291,5994751.32680207,430.85819553969793,21979918.81549357
4539210.403778186,438.03864674597463,4118835.8685798203,444.60995874264216,4596800.121055975,446.4821982917492,4317409.72344272,0.0,5963869.41504684,445.7293608956803,23537900.39206822
4637437.520636778,444.1827620282505,5959343.312692047,0.0,3716803.0323118963,443.1404448604039,4461737.519318264,442.74274238612753,9322307.635026693,0.0,28098959.085934956
4075452.207926414,439.3127812441493,4983463.102341237,439.773305288837,3193682.2241410143,0.0,3579386.808400878,439.9782072371117,10159381.692119129,440.4238448495264,25993125.52306729
3733426.7301033824,0.0,6456921.825485458,443.4807295296685,2438716.8998053637,443.54755929048815,2882836.290944831,0.0,10119047.044417018,436.5833032087996,25632272.402348083
3526811.7303489987,434.8241721667647,4783958.815168734,0.0,1747976.5515702988,435.7576961786955,2233634.002532142,435.6537838663635,10641089.742359502,440.57140231132666,22935217.6490342
3113333.966667935,440.74974041233224,6552620.274296924,439.05649995845545,2010395.7663994737,0.0,2467522.832584117,436.75122569224493,9125303.594574738,0.0,23270492.991989248
3517553.8900723234,0.0,7767867.590636126,441.2869761916243,2989535.9268578556,442.326510291686,2200646.9753572773,441.8659600086211,12526648.990031049,442.2138081638624,29004021.066209286
3778850.2690688134,435.4300033285557,8108751.164380781,0.0,1490513.2957919673,437.4131850597828,840679.8785216551,0.0,10831212.823658727,432.3983879877424,25051312.67299832
3480971.106649963,436.2446313569706,7705641.797525473,436.2098479403886,1358046.1320670927,0.0,569682.014010072,439.6860972934158,5891833.562221409,0.0,19007486.7530506
2150976.660816691,0.0,5846807.486473265,441.1266635377761,1213748.9996007949,440.87202735366753,505778.10039660137,443.4912802582792,3979858.936078886,443.50310157831444,13698939.176438965
2029156.2448170364,441.9671327893004,5519714.760608196,441.7085214131226,892972.664096771,441.9594680327477,362967.2346510691,0.0,2615724.295146646,438.6594959415738,11422299.493937895
1845577.8480404797,438.6421015959627,5497558.131876527,0.0,720385.2551835157,0.0,165460.00168377705,435.8746803899621,1343289.889687748,0.0,9573145.643254034
1857326.1963905266,0.0,5110866.30792357,443.8912100864867,276454.6834967963,444.0565749960574,40255.13217210539,444.0593174300368,187627.58793315405,443.2654285202857,7474305.180447186
1761727.4407356565,442.55841032385587,4408168.96463173,442.8927349006835,133051.80163004214,442.6483187192202,413349.46505706804,0.0,798245.861856189,437.08271387086467,7516308.716088501
1542778.426410475,437.1675631073232,4197372.846295228,0.0,606051.9489153886,434.58482555979674,1226889.4304610414,9140450.383019079,343708.67957516987,0.0,17058123.46706505
1316147.3662300992,435.2129440698774,4014090.4797961465,433.4033231379681,2540150.661046909,0.0,1135300.9595908744,16682506.443506865,1428940.220928321,440.4000482997947,27118445.147414725
978286.6333864273,0.0,4384513.707980027,9671905.689386854,2835793.6529807337,432.54145232230974,2850160.0373547757,11712135.350078173,3509697.0535551286,425.99840795396693,35943350.664582394
1118266.5637461247,428.2987722234407,4940906.28791808,13287029.896568477,4297688.287082185,428.9943828975521,4085874.386625228,9457667.914746467,3275453.3009937466,421.20278622419926,40464165.133621655
333491.16962822113,416.58529600548917,3560926.173387041,13123238.99048399,5400271.774054177,0.0,3949775.405012969,10764096.51353683,3714181.9895705692,0.0,40846398.60096981
35754.764844211335,0.0,1957877.127956638,12055502.862379976,7995209.24517526,427.7136995407518,3569322.5651318436,12352807.428482056,4612724.79608445,428.8100845877513,42580055.313838564
314202.5023076032,429.18195039030576,1607336.0960873067,11858048.639375823,7598955.770651084,430.3683000046815,3268266.0942237373,12954452.56242208,4244172.0547895245,425.30258827824,41846718.57269583
610112.423299045,423.1976526037722,1294275.5217052307,13204617.993664332,7530223.292440101,422.52424576372033,3263336.9139617174,16767987.577026637,5431617.435452824,433.37841337289836,48103450.25786163
1239349.1761115456,433.86256713152574,578049.4586214732,12499931.817815812,7998286.696328408,0.0,3140256.3514073007,15072975.35854545,6917179.700114881,0.0,47446462.42151201
1763948.1032607693,0.0,212572.54863611478,10126653.530758496,6632302.444991228,8107376.060929295,2316094.1376910047,10997511.472270368,7382661.031783798,412.03303360337407,47539531.363354675
2174279.4271800867,411.974182268665,1206804.9853373684,12334420.370159736,6503390.197116556,12129238.527081633,3569832.705657334,9981974.109335799,5640334.382351711,620285.2043036203,54160971.882706106
4639142.845983744,1113073.3705617532,1485508.459775148,10120447.503947696,6935402.374390936,7836310.558077982,1949689.9629000411,9579421.504989186,6753942.7844038345,9096301.39832294,59509240.76335326
3310827.689991989,8686695.101456054,2063008.069225138,9496937.390306925,4348963.7266926225,9167837.18945424,1466640.1160590937,7243006.320741436,6740835.272775365,8515100.428892836,61039851.3055957
3418006.349164125,9068054.469291897,2168357.719628531,8823817.453973498,2954546.010061337,7920983.623224211,1238562.6675924677,7230556.503434242,7791739.313108003,9828636.685979031,60443260.79545735
3851520.10147976,9600316.342189008,2693673.7449854747,10901164.073868757,2269269.3916102946,9526358.013155352,826828.6840670631,6872499.381655716,7404739.497076625,8610554.974699948,62556924.204788
3328905.705959808,9974113.680533327,2555144.041402596,11123280.019146612,1472975.0773969537,9329090.213627884,403825.64865306136,7213984.243717968,5075093.714570373,8949811.394493768,59426223.739502355
3943865.291563812,10084405.17051421,4616510.199615335,8028414.537322887,1150677.658571995,8058400.555450409,301456.4421801874,6943621.98964794,1758145.6304555,7948161.428520646,52833658.903842926
4657445.824957732,9124160.530149337,4592200.820047781,8593468.550824044,666440.6267023733,8038920.458225667,275286.46877206693,9120067.949240178,641567.4771073441,7962007.966549042,53671566.67257556
3677809.3302838854,9753070.22722421,4859933.531935787,12005552.985867001,978089.8333659405,8141855.156042608,842183.87118596,8257531.354633709,1001897.2938455349,7836041.794508246,57353965.37889288
2431295.5656386693,9017680.27478681,4448189.408017681,11596312.300497064,1284389.3572532623,8394443.347614033,971754.5237508155,7145913.784606185,1685102.1058763936,7936334.58903893,54911415.257079855
2074842.1478920684,8646043.674387643,4435173.009911192,10900889.086162092,2143963.560811894,7711898.112283579,1625423.6396126554,7555494.9992870595,1632403.6599816764,8893172.105749609,55619303.99607947
1697513.7236575105,9414879.121455796,5108167.511920268,11139324.469941152,2781005.376037615,9160463.491519975,2837258.725302386,6758736.0026354585,3674208.1135838684,8931265.962710442,61502822.49876447
2396670.933181325,9512174.41094212,6339452.200765886,9748632.62476393,5772101.701769065,10624731.476580769,3907002.393529663,7654124.048127497,4366007.972036062,8938467.835855527,69259365.59755184
677045.4967595449,10015106.482528066,5128579.323483676,12023459.786314743,4060352.5869263518,9223644.2319188,3772286.7796558724,10292195.403555995,3069589.1738066953,8550382.089448573,66812641.35439832
371699.24729138,9518703.527367657,4030744.0472601643,12117835.113230078,4206459.086709595,8851873.75189729,2958024.6280587153,7395871.190101465,3774381.18848003,9081858.294283062,62307450.07467944
194619.84653834862,10058216.377191817,2226827.4784515854,10719580.13669034,4760001.455024443,10276374.892248001,2154679.283175621,7143192.128271237,3630707.4734059772,10429378.525770923,61593577.59676829
384656.3370368699,8594325.811308585,1731259.8447722793,9775385.474571187,4478600.300225255,8302462.913454971,2154014.9049627213,7685337.104537883,4333946.836517275,8383335.938394563,55823325.465781584
1484646.414830083,9614654.983835476,1114905.3219942607,9554346.910101997,5811360.143687773,8335193.711465224,3436687.222844738,8452488.62822263,5609959.960787044,8734831.539566014,62149074.83733523
2257143.386624757,8687642.523991682,305718.65019770653,9541260.613939498,7107694.750453463,7938327.91653939,2029053.1608148066,8739823.878094198,6182942.797964042,9177954.306122031,61967561.98474157
2249378.5899524363,9659245.871728877,576193.4693917582,9275542.288456429,5970778.559677897,8931828.499519758,1613099.662101549,7330295.05223771,7007553.52157603,9525616.018820215,62139531.53346267
2442709.6623511263,9059451.91892088,958769.0793912566,10587488.700195882,4127865.9549308186,8742718.82701584,1191566.7527320804,7484353.629311783,6928299.775413228,9308161.998791268,60831386.29905417
2667525.7612806032,9543880.505680518,1281303.7604098537,8854364.281474303,2100422.2603204753,8687542.890555255,1049079.6796001978,7690846.859628173,5378925.923853437,8043204.057174098,55297095.97997691
3035751.3870660006,9786785.133219315,1705488.125151035,8866568.10758564,1898201.4579529327,7713057.984792861,877199.0174394505,7567628.141686396,3425678.832669432,9296120.187283318,54172478.374846384
4356635.4442848,10191970.066070454,3508140.89754815,10774170.664755495,1355605.440209,8029666.725258,430895.0321958412,7615308.861469533,337933.28820699855,8353512.828150906,54953839.24814919
6140993.410351618,9216802.815318331,3938812.6598850964,8185778.290922496,476212.96309467964,9329990.993082747,746209.0307682585,8938901.572324188,529134.7140830812,7701180.926943565,55204017.376774065
5841334.318567222,8679250.768700235,3223014.493972851,9711872.199478993,813642.2347984262,7689656.501649884,995499.8800162353,9362214.447150426,1312173.7226042429,7512170.143140002,55140828.71007852
4400552.500847438,8566623.208969489,3361294.964108185,9374684.091186685,1751238.7488900013,8130343.7373926835,1213159.8414307162,7977244.416229533,1409597.6429918977,8645378.064788077,54830117.21683471
3490112.7265784256,7939563.930242974,4935289.715517681,9189452.096468398,1757938.9332575337,9283758.896503901,2279064.4932456343,5006802.82471599,2163806.0089643532,10926057.301103825,56971846.92659871
2930118.9968073256,8855527.433061507,7739768.5606093295,12079905.753164712,3397826.572834597,11948345.039188676,3473940.805867384,0.0,3976020.2983355983,8932980.113931142,63334433.573800266
4834250.979180944,8784021.775592128,8280426.915612982,9460646.165874084,4075168.9832499246,9770689.372084932,5092165.227219814,409.783165204662,4785211.121880311,10011088.367665745,65094078.69152606
2061522.5474514144,8991886.212847482,8291200.658305958,432.2876246151957,5551719.881398542,15933183.120697983,3779139.7823253996,427.40152753042736,5013809.930219274,10507729.700679462,60131051.52307767
1867077.5900104693,10488438.219042372,7653083.071187626,422.65463852056405,5445686.576703596,10508605.047248712,2974601.5576614537,0.0,4857333.297766726,11599013.5959505,55394261.61020997
1412269.1461328678,10056526.921326205,4228134.28605044,0.0,5853846.345549674,11929838.751189724,3061107.093120716,417.19553566488514,4604723.844084147,11175105.652560921,52321969.23555036
729906.4690390244,11141476.386155194,4058567.0950874123,432.75864500164226,5445555.57994981,10927437.900889844,3333316.0417706985,428.8603237521025,6289174.288612181,9744338.922755174,51670634.30322809
475691.30862142035,8604516.16252347,3329904.0111095137,423.73528566783165,6242736.22430276,9777665.993940894,2559684.7952102143,432.5237034864798,5687287.9522958975,10167921.294624653,46846264.00161798
10556.900940352905,8647519.467126021,2802635.3502079356,0.0,6733102.346439177,10233368.77863946,2118966.6401460785,0.0,6309645.010586289,11916233.809455827,48772028.30354114
805043.8170649888,10012218.271888478,3914348.9952336075,424.8789413238011,7870056.248749275,12993311.127315538,3331859.072444622,431.3712042794599,7490493.902336657,11206183.536383744,57624371.22156252
1679538.0030125105,9234347.41529603,1209999.5993286464,421.8765810424109,7502323.593865346,12330149.437879873,1957843.9858526331,419.6243013959367,8338718.010195636,11200956.693967441,53454718.24028055
1883693.324964228,10666731.328092253,716545.2686590392,421.40353425675426,6213302.080758325,1831754.1090250434,1507316.1018376164,0.0,9829817.42985205,10116260.81790173,42765841.86462454
2345984.165412958,9856129.18242424,252633.36951132555,0.0,3718342.98343094,423.58203340490985,1631799.2607298626,425.19219718033224,10815820.480409695,11451651.606740383,40073209.82288999
4625514.250673087,9963777.918877902,714329.1929812832,430.5214395094628,3039959.271842785,0.0,1157593.8554331495,437.35921196237774,8194005.958056287,699443.532585305,28395491.86110127
5577575.271950592,1773860.1800582125,1570874.2968246834,443.89395047829703,2328890.0652272296,443.8599915825454,1306080.9408374575,443.4944064965001,5997427.729133076,443.4123573471189,18556483.144737158
6404116.453052376,442.7256068530941,3207770.4786718236,0.0,1743266.4439061428,440.95188345689525,1040691.592457383,0.0,4502603.152323799,427.31652649649277,16899759.114428334
5941852.872175776,424.3868851629658,2641614.4097687323,418.74174430634287,1144049.4185072733,0.0,876605.5998934709,430.55062568086663,3221148.169520512,0.0,13826544.149120916
8833749.742643768,0.0,2992423.5201736433,440.4778060670265,597250.5492981072,439.8321998536271,1141792.318019017,438.74954806920124,1400746.8814350278,437.39427395514485,14967719.465397507
7972725.563738897,435.0773213755099,6930023.036342501,434.5585604175701,859830.4078721927,435.91016543344705,212758.16463825747,0.0,504585.6389465001,435.8533543935489,16481664.210939968
