249107304354.18414,14137395748.70327,253391451842.72363,12714139034.068027,244675537784.06937,15395642690.92843,242421456325.83505,15318952052.393873,254340531751.01703,13817012354.87668,1315319423938.7998
3128759.219121988,0.0,3685677.0456563537,437.7935596526383,4890758.565667027,0.0,5272082.202196983,0.0,5905963.204530733,0.0,22883678.030732736
2869619.0756639894,444.0000688076126,3051615.9029785907,443.3917521527427,3558293.5189512013,443.67756372312004,3944023.5400043335,443.7101256351457,4383536.39728483,444.48941689719805,17809307.70381016
2506597.8413486048,439.2930345575182,2646581.049164259,0.0,2788782.6778910677,438.43424082823293,2607603.9860298703,438.1923351500061,3433326.340510961,437.21845048356965,13984645.03300578
3069510.521698523,442.260728019217,3610849.769187728,442.23614971044276,2857771.0291447085,0.0,2993652.5101624634,0.0,3679994.658686976,0.0,16212662.98575813
2815361.5154998167,0.0,2468019.183921109,437.9797550857026,2689562.718789269,436.20843025573646,1283897.8210873853,429.7928855510037,2522047.687897922,429.5757257121203,11780622.483992107
1825193.5278586012,432.0296445206864,1452799.539615215,0.0,914488.012453654,436.05395785281866,396584.258252953,441.9190141656615,557115.95732614,442.24061829065937,5147933.538741393
1300074.1961954967,441.6238379566463,1141989.4302763464,442.2248815178369,309642.668438901,440.94840665185643,160120.34076840244,0.0,122029.10785244606,0.0,3035180.540657719
1066919.5311975786,0.0,944136.1392678255,440.0191720732919,341414.13915213913,0.0,1107380.1377123126,437.5504583566967,1337457.8860518108,437.09894087525043,4798622.501952972
824527.5046263394,438.01043776112897,689930.6400115917,0.0,2346458.7640908677,438.4434070022773,2141118.5679428163,442.87169086227584,1420287.0494610234,443.1675625701644,7424085.019230835
651788.7784743169,443.34185840743044,494616.84921747283,443.1578076161127,1987641.2504471405,442.654936797532,1964018.5960505628,442.9589977115708,3380032.173627044,0.0,8479869.761417069
471355.7140852908,0.0,455064.6040869234,443.22717466898297,4336637.115492958,0.0,2313921.979087473,0.0,2422722.282055112,442.12825120635875,10000587.050233632
304049.54352157586,441.2205357634003,85660.91020363956,441.53008455730446,5013869.90001735,441.36814383061767,2292865.800243449,442.8886428476992,5666349.2847687425,442.90929874477206,13365005.355460498
195049.3011120966,444.0926211172671,421437.86821633775,0.0,5697360.405740812,443.5280163411767,3695350.6179711125,443.71922035628614,4123240.7153199604,443.91587483093514,14134214.164092965
29052.622346586544,0.0,693224.5198758837,443.31442651431996,3122464.5212765792,0.0,4037251.859956901,0.0,6786254.335434132,0.0,14668691.173316598
1060841.306748355,440.4353105019774,1721322.0826802072,436.7740610001434,8190035.034131875,434.35539429212014,7413231.930588786,435.27683452627684,9659142.935277794,435.0100116873242,28046755.141039025
2014832.2360951887,436.54723519740907,3717955.6946534025,0.0,9073257.03624151,430.2694246435519,7139100.330187487,427.5162463382963,11150028.323032297,427.4388225392924,33096895.391938604
3100592.2149678953,418.52829713288816,3053200.8522658614,427.5989655723165,8226047.453539344,0.0,9842051.08509489,0.0,9912074.642659264,0.0,34134812.375789955
2780457.121996965,0.0,3843221.52364535,444.91327105075607,7326688.796686598,441.3025495501084,5988909.719473404,440.26858740998154,12290808.19397823,440.38627252525436,32231852.22646108
3565179.0773740388,440.3115322982604,3119113.6996598216,0.0,7154509.523284866,443.88876333667656,5258969.749879144,444.82017984004494,11685382.502239177,442.411657908234,30784925.98457043
3258594.5452059326,439.6510509613394,6490618.2415013565,436.8417281719189,6086308.425388125,431.13924365079805,5068598.951326337,0.0,9125306.08625311,0.0,30030733.881697644
5697067.763194681,0.0,6387336.151669374,433.4947767872138,6406316.836157248,0.0,5121409.57865469,438.9705331163118,8658026.626381315,437.686866302041,32271467.108233515
5383650.96177659,439.82922112011215,5705518.905116314,0.0,5914873.9658848485,439.7386292451124,4845144.955428487,436.8077971934738,8175722.186356434,437.748439436164,30026665.098649662
4987015.454685928,438.47701958642244,5056639.440845096,440.75311759351246,5897799.460491878,441.5571023731053,4856581.406480653,444.9281181297189,8159219.91916512,444.673691715518,28959466.070718072
4867853.94442442,0.0,4411848.603523971,443.403861134475,5399585.603814444,0.0,4572631.990236401,0.0,7689418.943651421,0.0,26941782.489511788
4667140.136174523,445.4880149016305,4644251.038696954,445.50359044398203,5108408.559354992,445.1430692772676,4922064.2021608,436.37407816501735,7215250.216588726,434.3723565956868,26559321.03408538
6543458.833600415,429.7389419273754,5920986.162181179,0.0,6608544.944786843,418.87652306418994,6117504.132911868,424.3219480570392,9229364.238067057,425.5495363644607,34421556.79849677
4533412.550942876,430.82131558404205,8273005.126369581,437.3974098543722,6282880.886368354,0.0,2535111.5717765624,0.0,4053089.475617709,0.0,25678367.82980052
3807115.572665481,0.0,4418887.714739594,435.56857881906194,5003698.863295163,440.38444224244853,1857493.3321608596,440.49072017612053,3664890.4392071376,440.94222580049575,18753843.30803527
2942244.299311575,440.9233945872359,3863833.7875174177,0.0,3817811.6558750994,441.497551360896,1641979.6816585201,444.25813615408447,3058140.458624635,444.79767472020444,15325781.35974407
2803412.1993825813,444.9876147106338,3342630.11785575,444.33353586498635,3315822.355821862,443.7392691766252,1273301.218789409,0.0,2177742.1989734834,0.0,12914241.151242837
2614908.901404574,0.0,3313637.0864669164,442.04243617743737,3359201.836188447,0.0,589918.9442324677,439.08829132593473,1183164.6506440616,438.18155819242315,11062150.731222164
2480283.198501088,438.3788700115949,2931613.365752559,0.0,2820043.971815767,441.6063045944021,124734.98049494797,440.07024455755504,14436.676235510371,435.6156071296507,8372867.863826165
2163612.0620347736,431.86338702633225,2670082.2363768737,427.37621418888426,2529998.0492252316,421.57737058834,436619.9327929268,0.0,658418.5547543864,0.0,8460011.652155995
1487911.1223796816,0.0,2372011.9462474054,440.14961798616497,2018637.962746901,0.0,1242530.4299793032,446.29859839074413,821162.2794351041,445.64095866777814,7943585.829963439
1220439.4684287799,440.8144948162421,2167537.7957150964,439.998207894313,1528961.098213023,434.6827850137372,1603531.6043730716,431.9089699913329,1787026.8455741522,431.87422600577685,8309676.0909878425
1537499.9681441693,434.723520618353,3140274.30907548,0.0,1857212.4423129936,435.5965683938,2666238.4905334096,432.40897522084737,4290430.213917139,425.37375758884446,13493383.526805013
374759.31387067406,0.0,1128626.8286299394,419.33072159305465,440460.93369576195,0.0,3230799.8884353917,0.0,5265728.516764969,0.0,10440794.81211833
68331.43005999042,436.365376629164,803315.4214119423,433.5900042384124,53830.24212162274,431.9831091809498,3498459.0587311573,431.0965922814567,6134612.3169716755,435.8123124419995,10560717.31669116
190233.8838143609,435.8959140967613,184431.57598696757,0.0,154323.54730481294,439.01590562819064,5866835.215327259,439.6048751483989,6366265.515583427,439.4914448015553,12763843.746156503
1671194.5838402433,439.40310182416596,243706.06711890697,442.58409470971924,1409800.382234911,442.39065956063865,6866397.302064472,0.0,3860244.585136224,0.0,14052667.29825085
2970333.2542568347,0.0,914572.8670469527,439.0896320269325,2207930.689262584,0.0,6233514.657024503,439.0394570848185,4630831.428639695,439.2555590779601,16958500.28087876
1868856.0725453757,439.84478785043933,2553916.645068416,0.0,3090416.853450507,440.4906237993676,6797022.792520343,436.94459588505947,5409450.712866811,434.0336427579421,19721414.390101742
2921348.215956404,433.26863928145013,1425827.3818330101,437.78042242731425,1803700.910963212,433.5482670588831,7595733.870629196,0.0,5206177.653286612,0.0,18954092.6299972
2687831.876353683,0.0,2092964.224176276,433.92194661029515,4292395.962352994,0.0,6689827.235433958,443.34820434661685,9215353.62847523,443.53231564226365,24979693.72925874
3494310.924585255,444.23392347078936,4986829.705274769,443.972653309111,4764315.168264215,443.5033946768999,6333817.042196571,443.4481036011688,11875310.355668142,443.48356254638287,31456801.837626558
5221319.200212027,442.11698851152744,4475782.2441459,0.0,7262869.014043521,431.032169635964,9919543.382995214,430.4386901511617,12229480.317116393,429.75618773574234,39110727.50254909
8986767.086930785,0.0,3807905.013178744,432.0603336661883,7812216.6069368385,0.0,10381428.719994918,0.0,11936536.222502898,0.0,42925285.70987785
8604403.546887377,436.26372678632686,4121411.8716630335,439.49825664705156,4763742.036085217,435.5481307977526,10528023.211325906,434.3079818412916,14827388.739628602,433.8559288613357,42847148.879615076
5408699.088236398,435.2078637488605,10122918.831341684,0.0,7818975.886365674,429.92339704385023,5849621.41583716,429.2533257941417,11897450.581939403,427.9554508966321,41099388.14375781
4933945.921207402,428.7861566155542,5739645.631229408,434.31219794426823,6347775.40168426,436.3627284045235,7230527.145641216,0.0,9208483.090004018,0.0,33461676.650849268
4545954.758458899,0.0,8096631.626391802,444.1653188665904,5731800.184552744,0.0,5253844.503299338,441.815536422254,8262263.501296131,441.75862977683056,31891822.313483976
4349569.738058091,442.07291417123156,7329661.711858342,0.0,4872151.142932712,444.270782693779,4382488.364641869,444.23019867684104,7467257.362849298,444.15434409627414,28402903.048579954
3998501.6199502004,444.2136339024607,6694405.984756463,444.20647908611016,4306450.254967438,444.27088073178277,3622877.3083247705,0.0,6097548.767498058,0.0,24721116.62649065
3768742.438437861,0.0,5437156.760146136,429.3654697134721,4067959.5250621843,0.0,2949613.8061408354,434.57975989239907,4695704.960241657,441.0967990855845,20920482.532057367
3223387.114770115,443.90041010715703,5128838.02244874,445.0163361093999,3543880.670499249,444.69913108475913,2425246.7698816294,444.3759042782251,3735089.134233924,442.21147700211,18058661.915092237
4103319.558789492,441.09486625066523,5962986.498309793,0.0,4058811.1560261296,441.7699711581841,2329177.449132333,437.8432597681281,3464653.4797710767,438.6564374951385,19920707.506563496
2779405.68455497,0.0,5149524.628910908,432.7499940351584,4397342.030859671,0.0,439101.4169024481,0.0,188715.64901447692,0.0,12954522.160236508
1302243.8959072889,435.85307131913544,2115168.5371934655,432.0693279880848,1727151.2074284381,437.8266918091989,59734.58239494528,438.0666687265193,606643.3543943864,438.7270793744879,5813124.120157742
855535.1121539572,438.5476036854916,1255231.3724177373,0.0,1165228.6363192203,443.2216127965593,687293.53396446,443.28319148163195,669401.7814960413,443.4737936760135,4634458.962553056
390834.851551547,442.3703436124161,680938.8916350274,443.41811933177587,504506.7392670083,0.0,1276610.3400618096,0.0,2160927.9760948485,0.0,5014704.587073185
95459.36319835838,0.0,201303.33449502118,444.27323365685453,351867.2779015974,443.4206585589917,1215462.7068818759,443.48151104790554,1158108.4477974824,443.20395233754255,3023975.509629936
761143.4229440499,441.41062604500524,1963197.4709689857,0.0,520361.0307619212,441.89301894665124,3787080.762856649,441.89651066392713,3106792.482067621,439.56984176265837,10140339.939596646
1392066.6181967387,441.4240788380569,2945073.523237455,438.34498615247946,1148138.1587050848,437.4527231040135,3411565.183347113,0.0,3893914.867912221,0.0,12792075.573186707
1519718.05556072,0.0,1876750.5112571735,433.1856694513405,3251194.6689626733,0.0,3164689.6550203334,433.72787806036143,3994522.2858936647,440.5945424265171,13808182.684784504
1712246.3787219794,441.42146564142365,3302720.5392985838,0.0,3878657.027185439,442.7181104744748,5005709.405025048,442.58964059345345,6444146.984516446,442.61883174615457,20345249.68279595
4212796.887259617,443.6493081593586,3883188.452505341,438.5023279154702,2311408.2002601097,437.83345214675336,5721366.13541908,437.84868747561484,6050429.036490713,0.0,22180946.545710556
6841223.483072985,0.0,7772778.0058432,442.9433072252046,4349576.732209329,0.0,7945245.259158579,0.0,8110351.853772208,436.5138231717246,35020054.7911867
5805754.930006972,430.8121887696769,7265739.201563063,417.3333001666625,8158207.436964822,418.64674562303685,10062308.923427425,416.1328075829102,10852474.943528434,405.1224050588336,42146573.48293792
4077311.2149430793,409.7448011718008,8016800.618587052,0.0,8479213.566711878,418.9405014511156,10004987.177627979,416.6070195115188,7537939.129121894,421.26342246700955,38117918.262736484
4172608.0354987704,421.61692292968513,9466560.388112634,421.24209203080915,9538930.95078886,419.2240195087293,10570983.851538891,0.0,5542366.885901451,0.0,39292712.19487508
6140137.332681819,0.0,9876539.849802447,439.24166314679775,9124230.37852299,0.0,9387965.997028345,438.4049307398636,6522633.6953332145,439.05458496285104,41052823.954547666
6340706.549135124,438.44646247879655,8867985.501888832,0.0,8448246.19077171,437.78699094141996,9047864.512510676,441.25099723142256,8584996.273972843,442.04068915865497,41291558.553418994
6342655.108161286,441.668888613446,8251450.458272435,442.2355668588113,5904402.516710475,442.5274762714171,8172667.888920834,0.0,8606885.760181058,0.0,37279388.164177835
5927925.898269356,0.0,7389161.889105308,443.05296897608423,9061176.426892698,0.0,7365388.747346362,442.72881966450296,11198129.773869803,442.93258765628747,40943111.44985982
5339727.266812414,443.65781378088445,6683505.315738845,0.0,8987273.99918053,442.8149988221753,6664142.601917871,443.7880785125607,10918810.65253927,443.4485919778785,38595233.54567202
5098260.935028497,438.2068324246767,7363977.593640629,437.0699039289631,10231505.512080034,437.1129862728176,8410836.234114524,431.6871678479495,11104720.770130899,430.9739473947288,42211476.09583246
6911362.336923478,0.0,7660989.853591112,437.3282404609652,10066092.884944165,0.0,6388186.741928472,0.0,7661266.255858203,0.0,38688335.4014859
4167430.5894314647,438.53021821239224,3106121.5471928073,432.7495289392309,9099472.674948465,432.25012833749963,6718438.227014954,428.81985746658233,11663600.195840776,429.5398897681239,34757225.12405119
4910519.969167901,432.0407699911028,4175139.504381671,0.0,4836297.488412284,436.338801260599,3639557.572643445,439.7745541126487,5519943.52962611,440.41546277548036,23083206.63381955
3634048.447854678,439.50833089012366,2997489.23555407,439.95955441677,5434727.077894215,0.0,3073294.9537142357,0.0,4063519.3433664874,0.0,19203958.526268996
3244015.42170433,0.0,2506262.6264783745,425.4271502047613,3683422.4958394286,424.6269492189626,2234492.578130041,423.9358667437919,3681170.1149379984,437.4858036897803,15351074.71286003
3085588.3663524305,439.41710387949905,2118857.573546797,0.0,3092363.1531146904,435.69941620094323,1351333.9727304257,435.1911183453249,2094850.9296853265,435.085313433997,11744739.38838153
2754487.5666233664,433.9761971892921,1852820.5044642405,435.1556562114858,2517834.299230149,438.0416965835955,460255.4233436223,0.0,741095.901271436,0.0,8327800.868482798
2683151.7278866004,0.0,1394932.7333491293,444.23686414171334,2191101.4065499553,0.0,300112.5355226337,434.9257159448242,58248.09304317223,429.3163938177222,6628854.975325395
2392807.500261537,430.30501453931066,998362.1176438408,0.0,1626056.9196044335,430.8516488866642,353469.286622446,434.529766213719,1153079.2630324485,439.2989775483067,6525510.072571894
3435884.4374471297,436.55272548125043,816879.4960485331,433.1371142162727,1209798.3747824878,429.636504676188,1810070.073172524,431.3496697493489,3938254.8856454603,432.35632278942734,11213050.299433047
1502686.6193205824,0.0,212421.8071349475,437.717983788963,240381.6670352298,0.0,1695745.650173646,0.0,3841641.3519959296,0.0,7493314.813644124
920071.6914010278,443.3897015035819,1396540.5338973757,443.88837185921005,951869.4948048749,444.141802165705,2319606.592383129,443.4827810209154,3601764.794622992,443.5854775240051,9192071.595243473
658704.5393515041,443.36431408509884,2044359.7563867324,0.0,1201978.1535074068,443.0096826528836,2672029.1363230767,438.7077676973303,4988498.011300144,438.59193332714636,11567333.270566626
373878.92159346136,438.841932925124,1231739.4388709066,438.8470984441841,2849464.0179888094,0.0,2900987.335710117,0.0,4602363.900906822,0.0,11959311.304101486
155247.77785624497,0.0,3363481.888613303,442.97790573715935,1935016.6766442107,435.85259952926344,3522799.189481607,431.2715904536408,4419545.0862095095,430.9794829057752,13397831.700383503
63813.5143115596,430.1518451247671,2158618.5642883508,0.0,3874485.9680339578,438.39223410058173,7062116.5667796945,442.886694277617,6441266.4790334795,442.6164963122362,19602055.13971686
387133.9800806789,441.26792208671776,3485840.445224564,440.946957999272,4397230.649267188,439.849016041554,5762552.124946764,0.0,7192349.318589199,0.0,21226428.58200452
1382788.7950640507,0.0,3627585.724561215,427.5616426137492,5186105.0872398075,0.0,4407108.554698261,429.0671590021979,8014871.635394869,432.12877410763673,22619748.55453393
2937760.2975479276,438.5865827224504,3693871.346900102,0.0,5824767.2330769375,443.22610131431213,5637352.511587306,437.05035835349514,7903494.078655013,433.8072232614073,25998998.13803294
3675301.5704072565,433.9433646149439,5120481.099899104,434.44143777885387,4785330.971963686,434.61409617281413,11226958.988178179,437.81593282924825,9340859.317919564,0.0,34150672.76319918
5868686.6671510395,0.0,10649944.43073363,440.8967439269185,5535711.585633464,0.0,9691522.121310879,0.0,7246326.36912687,440.6870307374174,38993072.75773055
4225690.123599841,439.3753880582064,7450892.2423499795,439.6749586753577,8198913.019062092,436.3960227095378,13130093.855755266,435.3679508577108,9854314.18685391,431.5831521730975,42862085.82509357
4727487.771401176,433.6658426739755,11326645.416261902,0.0,9626109.556999648,431.7281771254175,14046002.083062168,432.4205846250004,6905130.245786277,434.48100297687,46633107.36911858
5292275.2549690455,432.5037261730087,6682076.423972177,432.6836814476075,12118307.102133363,0.0,9138593.20728507,0.0,11169366.080662047,0.0,44401483.25642933
4669899.450927214,0.0,5976291.294392481,422.6937720425737,8659298.01156062,422.52672868363476,8692671.19594467,420.1866484282858,13309334.26106007,426.7966433157274,41309186.41767752
5398327.24545739,427.71660729775533,5493828.284082299,0.0,7913190.8549095355,427.8654100037149,9398431.078083381,431.20979387338883,13378065.756225798,435.1407017656857,41583565.15127134
5186372.192123199,443.49118256404495,5587525.136229882,443.68831938165994,6916697.819099782,443.13264181783205,8890099.946442517,0.0,12226580.557841113,0.0,38808605.963880256
4764748.225629881,0.0,4922415.480228976,441.8718758374539,6647844.237220703,0.0,8132978.988247962,441.1289832761234,11094284.822010217,440.96646731978615,35563595.72066417
4689330.177075642,441.3073862205338,4555243.004770267,0.0,6325772.489215778,438.2563402178889,7593620.496444688,437.71731761904533,9532030.99716291,438.0832548528774,32697752.528968193
4719693.610411694,439.7850252990438,4294502.45959919,439.092217687692,6814741.374306948,435.20588810049617,8871060.049878174,435.14926047365134,11673566.289479412,434.3812599923621,36375747.397326976
7024314.56428192,0.0,5926925.430804037,435.63766398358257,8970789.57263222,0.0,5464638.263058894,0.0,11414244.523606969,0.0,38801347.992048025
4734848.630923502,441.3212196831763,2605404.6149807586,440.8454794344172,3570919.9009762127,441.24915975383607,7348719.89474425,441.870033185258,8132316.775648196,444.41494529208643,26394419.518110268
3516499.9807795756,444.82322655966396,2201795.9388321703,0.0,4210976.447369686,444.2400009002781,2912020.4705698015,444.2874497759988,7840749.343322506,441.68477963981445,20683817.216330614
3067280.2108715414,0.0,1920347.6127894053,439.49940796574236,2404284.150817232,0.0,1975307.152465963,0.0,4520502.426743945,0.0,13888161.053096052
2677603.1886637565,443.4553316863262,1435286.6531297644,443.38296378988844,1950471.2862335858,443.4203655697518,1060807.0312250818,443.80666605237064,2200160.5572313843,443.41811933177587,9326546.199930003
2541384.5790329827,443.0128021050561,942656.0653509094,0.0,1252110.7282272775,438.0776306807933,167777.70347685603,437.25168557481555,484186.26688881184,437.5380013391719,5389871.223096537
2076155.9123423584,438.38898846120094,626906.3682452621,438.61362372270384,104133.6540075065,0.0,749781.9643168974,0.0,398156.70420816756,0.0,3956011.605732376
1935466.6203204624,0.0,150099.73915778377,436.3837259256594,1484623.7137103938,435.01978722066417,1793118.3911554215,435.2905748363065,940154.6971222153,429.4773973907521,6305199.33295165
1671936.8073291022,430.4613303068893,1156061.5303078215,0.0,2364708.8139991392,435.14013746710134,2552057.9875554605,433.8675225923964,1380138.7049807785,440.2887107652445,9126643.601873435
1445035.3168492226,440.50083996987576,1361738.7358769272,440.6389975506509,1975542.006712746,442.09708601418566,2079985.5096718364,0.0,4092228.601002401,0.0,10955853.407036668
1472052.4441986056,0.0,5062530.741181204,432.84684878376,4129472.7644587182,0.0,6945943.613852289,428.45299525273794,5220233.191980409,431.9118424109726,22831525.967357673
1030250.3354200915,431.7176232033977,5517476.3311565565,430.88816515326397,6795498.94517587,432.7117664860106,7740944.2562549105,435.5418177412795,6467980.243488872,433.57954584611144,27554314.55041473
208564.16748941832,424.27732649971074,2878236.572801001,0.0,5378805.076841771,418.6086189549141,6658505.612669836,418.4511371617213,8361620.852874831,423.01376724793084,23487416.63352672
8106.513097923893,0.0,3520984.3529198077,436.85414557364413,7030507.813403688,0.0,5326548.99629036,0.0,8726001.02076918,0.0,24612585.55062653
472247.67546247377,439.55947679026417,4511192.577756779,434.5001318651341,6661955.433507521,434.6300465638214,8696581.481409827,428.52695595758973,7431967.42404637,428.1638725911786,27776109.97266674
1474506.3487685318,417.8857896500062,4193665.2173984493,0.0,5628845.269478157,426.3691131825532,9150987.114311682,430.081916258538,10772718.456108183,428.7574830979419,31222425.50036719
3436989.5462769684,438.30862648562754,5721155.426442865,438.32589896104577,5278496.835867447,438.10575298538447,10036276.623057032,0.0,11930286.2249527,0.0,36404519.39687544
3605889.6315878946,0.0,4083076.2023233026,443.6508723871192,7910396.574758477,0.0,5077713.090258269,444.3870861791798,9706542.36058066,444.4383928157513,30384950.335859984
5853782.047595267,444.8008194035684,8968544.81263489,0.0,10501499.977649176,443.6287786924133,10933154.953157224,443.69614200632594,10182838.896369088,443.28055622710406,46441596.093701966
6183632.232746123,442.8978013567646,8700515.357491206,435.04714224962055,9611118.358242143,434.9656513263404,10107581.349639738,0.0,13743838.473429281,0.0,48347998.68214342
8333262.695283152,0.0,11018268.37789712,443.6213494487857,11662137.998286255,0.0,12109425.26222616,442.990479493108,16154657.915210076,442.8441223012183,59279081.704854004
8077482.286407564,442.624183875174,8817826.006489899,442.2891956408743,13024620.277762052,442.19681067317276,9367110.299309772,442.60783595993973,14472772.170886887,438.6256642514577,53762019.38454658
4196796.692695974,433.32011519239626,9783440.348564543,0.0,10709776.248386184,426.5106545787805,9935048.552083569,427.2253036761139,9759750.48899432,430.8463932669294,44386530.23319131
5240075.975887313,0.0,6082287.4994329205,435.47897982893323,7696388.073727766,0.0,13995045.95709478,0.0,18044979.644067578,0.0,51059212.629190184
3920760.9128679507,433.2178281417539,5531052.587714159,437.06174391304205,5873106.827900784,442.33797803762343,11616770.64754198,441.7972122393922,16435948.936330957,442.3005642816421,43379836.62768244
3677736.908755723,440.6158527657632,5113655.177861432,0.0,7148061.718724033,443.41489650834313,7901917.0832775775,443.668470709518,12317473.125494985,440.81285400774703,36160612.52618774
3503668.94620452,434.907113259221,4378827.322573218,435.66754798526586,5971552.011446712,0.0,6690879.757356533,0.0,9855445.904320616,0.0,30401244.51656284
3171995.4530886943,0.0,4002223.5213598125,432.96506844159615,5401892.653191996,436.17828301046757,4475842.968972043,436.65773006578064,8818740.940014834,433.64118293234543,25872434.97889183
2807413.7406112645,430.77688362429575,3512725.1420677775,0.0,4391878.544083521,431.0965922814567,3665776.7850579508,432.6907488623219,7024393.8741192985,437.9218318158544,21403920.5719964
2464907.671946433,443.5263552698974,3233249.3482036428,440.62771416427705,3662284.7401848105,435.04704824019376,3411077.328593341,0.0,7623493.588793692,0.0,20396331.878839593
4393386.725322933,0.0,3794777.8945759144,429.72426573387764,4196418.593146389,0.0,1394281.217223587,434.64581045339463,1041435.6215032068,431.53893293853343,14821595.960781155
2006023.7894684153,427.2703661454713,3717875.4615831655,431.7913262800289,1399918.3773211734,431.85699506272255,449102.00156214373,432.95873693392156,485133.7636985997,437.58726300215636,8060214.858320921
1819207.218356783,442.326510291686,1730173.3428970594,0.0,801492.119697964,444.03179668191274,2177781.848727428,441.62248173530105,1607291.9799475179,441.67063269462255,8137716.161048155
1746704.8550393973,0.0,1179448.6781631783,442.00943926663786,170749.3124090203,0.0,2699651.5487814704,0.0,1699338.0174406888,0.0,7496334.421273022
1598253.1875398373,443.50144069364774,820284.6639326281,442.94779010788193,336391.51952039707,442.45813356119226,3068157.797264314,441.98828501559046,1923587.6699486964,439.40338952865204,7748885.137244779
1373901.5733998104,438.12701393747557,556214.2774890525,0.0,799330.17349474,438.13969521866227,3398713.2099253773,436.95351020704044,2533335.5539149125,437.1355746835311,8663245.14401794
1084276.1262072725,437.31665102700447,346721.354882218,432.3025692516077,1644183.389128453,0.0,5225315.725431217,0.0,2753588.5513858893,0.0,11054954.766255328
886418.56195005,0.0,534577.79425883,441.32712093462186,2474931.954891887,441.6878804612166,4564710.832588067,443.6826481512579,4692417.075533787,442.9217711626712,13154825.838643331
730036.7320323996,442.6369321946923,2368020.8784823557,0.0,1975369.3691009388,442.4651349241513,5571857.8667903915,442.4710668078226,3788089.965520984,438.4447437680143,14435140.829804763
518868.6386721135,437.6967625153217,2902278.4211833426,437.28454580325274,2712115.626949983,437.7635736619859,7308313.706971296,0.0,5333969.337079868,0.0,18776858.475738585
256516.94954669368,0.0,2811765.455410765,443.6611379055173,6017997.727690937,0.0,10376328.748832792,442.14611734760547,7133392.637802248,438.69792130846764,26597326.02446
743541.4903982907,438.0877352288951,4925960.191250262,0.0,5344160.965130006,426.73711738892575,8165979.183399827,426.71242533518887,8915162.909200491,430.2429429602703,28096526.519599788
835694.3294121118,430.51876967871675,3509774.2059433926,427.6495572085756,6665681.095756133,434.76933382829594,8421121.809474573,430.56084637979944,11669820.277244864,426.94879030188696,31104242.165128473
1460037.761369223,0.0,3218531.1335479585,430.37409597036645,8679326.025017299,0.0,9307014.753047395,0.0,12436258.62381497,0.0,35101598.67089282
2479990.1773556997,439.70645553643544,8086093.985230582,443.7830894906074,7045996.849644052,444.21980879227226,9140646.446255466,444.3699212114577,11055893.135126006,444.5613611275926,37810837.23424796
3666962.9862441556,440.22863500354674,7370078.768088218,0.0,8621728.444015358,428.0737439832008,9105498.488458361,420.02666285013765,11956205.065114822,417.0521600572734,40722179.1331228
2517167.5790650663,420.30884548706797,7645216.732483125,422.95991235192844,4765890.214170659,0.0,13491103.796469793,0.0,13221620.441340223,0.0,41641842.0322867
4689085.909986341,0.0,9200371.916557526,442.6349858388705,7093918.134360452,442.03350711540423,11618628.145939806,442.30464547473144,12139609.328321975,442.8514281226965,44743383.25973265
5156178.62277957,442.0584511597616,9105827.809938733,0.0,5644548.496869909,441.601267642799,9349209.146404684,442.3886181609392,14006114.76947091,442.46523216686364,43263647.35903293
5958581.472224659,441.5161411717646,8247738.382173704,443.80030698195475,8751552.96351924,443.4377502680539,8023131.368921633,0.0,13644824.807384942,0.0,44627157.7484226
7532905.294057319,0.0,9838695.173713524,439.30329111007296,13187830.689576685,0.0,8603760.330535913,440.3512108058806,11660196.02413453,442.8661379078538,50824710.032657795
7414044.093462777,442.99934978133507,7507085.7148872595,0.0,8546104.140036575,442.23255548319,5198864.761803707,441.8307592537931,12402716.205064174,443.2941232423882,41070585.27204225
5366879.434810223,443.42808108221806,9533021.692182837,443.85823016774657,10527221.183937173,443.66407099803075,5320574.845972731,443.30515315458143,3826692.5480818134,0.0,34576163.96052018
4992941.132126575,0.0,5970493.063139425,443.0160190861212,10337683.154247835,0.0,1737461.9689811459,0.0,755141.4139575916,440.11545985007007,23794603.86393151
3643044.5363101703,439.6804318912934,5285245.043486961,440.0608178585574,13077797.591307169,442.60939285221986,631342.7192415379,438.9414383822228,246405.78304733403,438.71484207480137,22886035.68031623
3584083.515634673,438.3888930019467,5240731.050070464,0.0,9632224.80369675,433.7415207515642,203830.38379459697,437.1071971820405,1042025.1115638107,435.5917618473748,19704639.694133073
3034682.987436337,0.0,5112116.32781998,430.54243105655013,8279798.876892679,0.0,1195268.4615031858,0.0,967988.6941500827,0.0,18590285.89023332
2610566.0738133276,428.0520823588444,4809443.365064535,434.35014655493427,8681937.344258666,439.027202353032,894455.9500085069,431.2905301709253,1686011.0080646682,431.4088255487147,18684577.869996693
2276278.536463455,431.7635457838379,4510810.374483736,0.0,6707089.8232888,435.49197928863464,2839365.3332697074,443.4581643785588,2132204.6911408496,443.5131648514328,18467502.985500854
1982671.0889856108,442.4454927725867,4337101.367411191,442.6701201955583,5787617.84200465,442.50841215412026,3194199.160985776,0.0,3150434.3668353828,0.0,18453351.45024773
1988159.5423311433,0.0,4700665.121790813,442.12912506011764,5068052.464171049,0.0,5928978.945919659,442.4122412241224,6177811.392311101,436.23782546941374,23864988.245715518
2979558.3146487237,436.30891965932955,5662314.810491756,0.0,4562638.011252299,432.03094246271036,5337742.0886495635,432.2466945976085,4241334.6230660025,439.00518385084257,22785327.43984891
1740462.612962283,438.71092245909773,2977746.321560534,442.52621176379563,2585319.56578713,441.3675632647415,6255527.086033289,0.0,6915049.999622622,0.0,20475428.190663345
1133654.842046803,0.0,2308890.5459104413,431.45856594657823,1382101.105543361,0.0,7006502.548725468,429.1468204484791,6495941.833480654,430.49621553357906,18328381.977308657
927916.1942716779,432.9034372250362,1695375.8189530112,431.99006103494406,271459.6578687775,433.4451257320014,8584992.968205675,430.59814223475087,6059601.685451865,432.6220373441246,17541507.883554578
494499.3321452717,433.8675225923964,1320199.977372084,0.0,178022.12508126325,436.393563297321,9596031.270232348,440.57024536937143,8674846.044201672,440.48725063958483,20265350.06761454
350006.4320658101,0.0,965798.9039925669,440.3812633663652,581858.4756087952,0.0,8717026.326407064,0.0,7662505.508386483,513.5834534488308,18278149.611177538
151469.59424808,440.5911676749904,512171.90085969283,442.9404811066725,988285.7791238353,443.69516416315776,7863852.069015878,439.49604996975455,10357105.501171142,439.7254710698639,19875091.292752612
356139.0399327794,440.04331220326134,12010.257083592325,0.0,1643517.982189051,437.74092030427784,8768076.419228038,442.109221470099,9782324.744571151,431.86635147947777,20563820.202810064
1112668.3636850885,431.10333100572564,528159.5762103192,433.0297907944391,1634676.7358174373,0.0,10686608.041524263,0.0,10494152.87574753,0.0,24457129.726106435
1833337.7306072994,0.0,1254881.5455503403,443.9921375474891,4159604.8769268515,437.4784837038516,14912096.933677092,436.99438797935784,8510903.651171662,432.03798856978045,30672575.24093105
4249456.165526871,429.99143761558634,4079553.8663784093,0.0,4735242.240859046,424.8272998099608,14003170.476401491,424.5876360298855,13045823.110009102,421.43784895385016,40114946.70339733
5993454.678294271,423.4219457548881,2506763.8905723407,429.05243722020975,4772640.230599998,429.5438305128285,12528166.612081412,430.5576235845122,13487357.53791414,0.0,39290095.52529923
6181225.25625679,0.0,5017787.574131456,440.13951432330435,5579621.273247866,0.0,14099415.187162586,0.0,10388456.145924985,436.79234991883635,41267382.368587926
5462151.307533256,426.9343040617656,4113331.5914325365,425.6657829577306,7506620.682009638,429.35814424058964,15563294.10818042,428.63643912122615,11895243.136157062,428.6868201643998,44542780.10680346
5565234.677030768,437.2288002988313,4336193.949475554,0.0,7273793.458004055,437.51651227394433,9460063.37010015,439.72595128139267,15591500.85482328,434.7139461263423,42228535.494643785
4925972.324152121,435.0954684730361,4643475.09736699,432.74236658819007,8453576.543538533,0.0,6913021.951704479,0.0,11274365.438412625,0.0,36211279.19300981
4815694.653246181,0.0,7751004.264479501,442.5295189528405,5265505.417449513,442.8974116252584,5425922.821394206,443.1148909196556,9895899.529814526,435.7476045163721,33155790.97580994
4724091.6406240165,436.09598996310245,7794769.331307976,0.0,7085668.7623278545,436.71806663355017,3929030.080692951,436.601576155551,5112507.3107254775,444.06930801171234,28647820.61061904
4468521.656116187,442.80691505740555,10234726.516464813,439.88736175858287,10066428.914992737,437.6540407218838,2792473.9157336876,0.0,3192029.7989039104,0.0,30755501.15052887
4584785.6902399,0.0,10255880.94970528,428.42381926094845,12155182.390154066,0.0,1248008.2933136637,430.45709660080024,353851.07475066086,437.7860389706407,28599005.065118402
6698813.362918036,441.94084087182335,11983838.855354482,0.0,12869108.652810374,442.3897846727462,411426.26621038,442.8488954106194,662306.2145752741,443.77007943162613,32627264.301468935
3203170.1237722207,444.00065631963474,8111719.103875058,443.75560296944155,12133911.816592759,443.8364093549151,1152216.8591447764,0.0,1455456.034870614,0.0,26057805.530924074
2888231.12461908,0.0,8569821.621899238,433.67079364197224,13345601.738863472,0.0,1066171.5130285192,431.0160208453178,2775010.9484759844,431.1904918456221,28646132.824192625
2533076.9902569535,436.52925075195407,8095947.164846333,440.0210954925105,13276009.203736069,443.3970253376849,3260905.326043983,443.05979416836027,2478074.668721618,443.0033464009027,29646219.364117112
2175401.644376009,442.5844838900082,5200079.957372123,0.0,12958280.274855727,442.0599071247878,3027453.8775806422,441.80487136903236,4105397.2069173623,441.69136893733616,27468381.101733185
2048419.461022337,0.0,4546563.797013919,442.05592750976876,8742333.512720795,0.0,2168332.777949636,0.0,5486753.362570583,0.0,22992844.96720478
1921834.1559385909,435.50884206291005,4089266.679556684,432.74041326087126,7447695.636838448,432.5974961650452,3490943.0113525065,432.82377090415326,4950128.754848603,431.51266471350635,21902033.42172194
1705805.7444604363,430.6763463703571,3399262.0753323487,0.0,6243871.163932536,432.6839604201273,4802341.317076389,438.5636530380626,5590487.161153463,438.8956985400634,21743508.281613544
1420906.2359358282,440.3223179809525,2949766.372913852,440.7187692501678,5369035.9322859,0.0,6288819.1993056275,0.0,5623809.426728424,0.0,21653218.208256863
1169979.7371032787,0.0,2720099.358854357,432.40897522084737,5129381.708141405,432.1846182776852,5233143.870878358,438.3066225848968,6198260.04546076,427.49019323062186,20452595.11084747
1638121.7422680915,427.22349049601036,2964089.4895826154,0.0,3828242.814793628,423.9195312022943,6316733.794601524,423.54870524398905,5543496.998498398,434.58126081857563,20292394.11273202
467135.9258222064,434.4591568462302,1034317.0341153082,435.3917716417681,727210.9381568718,441.0898409591484,7336254.046105499,0.0,9378064.173744462,0.0,18944293.058713794
271002.23568006157,0.0,806807.6492946441,439.1213324143467,278355.17671401903,0.0,6836652.020129043,441.50442553562897,6796710.007947915,441.5623320096986,14990849.277855644
