8375861717.17557,10355478297.974205,9130555919.49448,11316073576.58645,10584009528.879612,11344815642.811008,11356701341.271973,12217034659.362244,13460180814.039593,11387161880.40393,109527873377.99907
1164260.0785746034,1536231.541545305,1526637.4879180542,422.7329128119868,2771361.460974497,2019384.8746144157,2060139.9162647652,415.3444489831285,2330586.840554384,1669735.9126445102,15079176.19045233
1030496.1055834176,669021.3243189905,756047.0012635255,0.0,101796.45517016387,488016.52544565185,1036247.2262411386,0.0,266377.9758762587,607601.078988189,4955603.692887336
1615529.5949617291,817013.3892487071,1318904.1814773718,427.48619930668474,431963.8918281144,1672745.3984002636,1895251.8304035906,433.4822696226554,1855650.2388757328,1559778.3085756737,11167697.802240113
2032895.1941608214,1335404.5776197203,2534625.9184323596,430.09716818530234,940410.2562249966,3347376.7241518144,1645270.4256770483,427.18922428609625,3490219.9110632096,2030266.8918317165,17357327.185554158
2741516.737167242,2791114.854538415,3568056.823742527,424.2961039672663,1190536.6489090677,3019468.774867398,3375303.602519366,0.0,3398121.0626705955,3453442.3361859103,23537985.13670449
4116712.515488774,3769610.5722237504,2644698.482188505,0.0,1590057.738469578,3498572.295236377,4113907.4721704256,423.9543461689108,4299590.55489348,2946471.505461883,26980045.09047894
4784068.913844711,4451826.3619113155,3114897.1099133682,429.0141287464789,1491994.1838207657,4213840.760868772,4305603.778570241,415.9023351494551,4704637.7574995095,3793917.411265042,30861631.19415762
3891208.2856444307,4434287.008346297,4554490.584356579,408.5546745631295,1742507.3295283173,5349208.953922965,4730277.532490286,408.5996988573506,4492417.770536281,7697162.999844186,36892377.61904277
3821449.4891075543,4514288.928876225,6244250.130551288,0.0,3759538.0451708436,5912137.941781394,6518601.121403203,0.0,6304906.248253743,6438283.942908998,43513455.84805325
4973877.05701997,4133419.674175082,5519005.919841173,427.21977352491245,3679952.064997084,6015744.384889722,5617727.5460823,427.41486587357326,6083679.5287156785,6053791.019314699,42078051.82967511
2069464.6539555062,1999937.3178744197,5549508.631202941,418.3327993177899,5491235.427441149,2677116.8093521628,3761134.0511396234,421.28316826710807,2719583.8588250657,4840277.136214001,29109097.50197245
1536467.4987137485,1445596.4780289815,4209862.970181592,435.0017404253379,4225611.594318409,1804508.3199892875,2813439.4262633706,0.0,2126958.3024824723,2887246.242850806,21050125.834569093
1134071.084862303,872241.5084512398,4033887.585963047,0.0,4051228.930396413,1127737.4585587825,1272002.110328856,415.91058339196906,1407974.2082519156,2079774.193705918,15979332.991101867
340069.83372486616,406621.8231229997,4091688.56546534,421.9729629236831,5078716.754182382,529140.0897108428,588708.8040845479,428.0729248062604,622451.76668307,1764817.1395516198,13423064.822413396
413577.04301551805,207921.29221126073,3738784.139852255,425.67496302529713,4949306.617275901,216263.03801080267,465498.05669512285,422.68640622293606,171176.09771278023,1542796.4906557803,11706171.136798667
2028933.8979781813,1320825.9112829673,4086953.8826039587,416.65150804612733,6655527.269230236,2534302.9478142583,2470116.388836513,0.0,1851905.5984860596,742693.1785046818,21691675.7262449
3575881.3248140668,3264258.1944899377,3296842.182695154,0.0,6213020.915892577,411.5752295102779,2953864.3267118246,418.5238598810036,2675952.0874600755,238167.19458623353,22218816.325739257
3096548.0480863615,3459121.019013947,1761271.5265450117,426.12725616009095,3302806.130974697,0.0,3734445.7645205646,426.83419480403836,3011092.3979483107,108322.31585637006,18474460.164396226
3409630.29684974,5015944.492263126,1608765.6592081436,431.83587513719647,2948707.670719623,431.3493924947406,3233152.198127693,432.82535277701515,7032432.106551935,441640.67075052304,23691569.10509119
4577329.086624955,4268543.887992484,1217270.3516329306,0.0,2353101.894217315,430.2343003386713,3858806.387750747,0.0,4040611.7581789177,1270108.250285454,21586201.850983143
4426624.293033061,4253524.925918959,919135.8182752618,432.02065185086633,2080900.9853677982,0.0,5289159.448275804,5571464.453940487,6007804.096104061,2678436.3133830326,31227482.354950313
3893875.2605802356,3988661.4572507115,719029.3703237112,412.0345514819619,1089626.5086136693,413.56467436853956,4957483.74216062,12544891.78330841,4315216.92944674,2040515.9156631911,33550126.566573136
3806514.3320810013,4610088.771373568,431274.2538678304,406.69984748245037,601064.1281368013,409.71745033518926,5744932.959593135,13646328.362679385,6123993.637799194,3205396.7903264444,38170409.65315518
3944189.235672478,5043334.214384677,232922.79331037586,0.0,441670.0623482065,427.51851592312056,4519243.05529975,11078675.190256564,7182354.680272459,3241932.6113891555,35684749.361449584
2226938.3842701046,2993761.220063812,514608.97580496385,430.3349072433347,706350.5445535427,0.0,2359132.5402067495,10837794.630822342,5517820.111880057,2948287.2874488356,28105124.02995765
1767255.5129100948,2398277.650417592,1131545.8892815928,433.51297880115146,1270623.6396086744,433.3469770453299,2265527.241293211,11369910.541607684,3268814.812173135,428.47679486355463,23473250.624042697
1349491.862203983,1977266.0658454506,1674341.473688817,0.0,1634478.6401254595,419.55495537737767,1853131.4043320885,11931149.609793454,3074922.0160410698,420.12588338946097,23495620.75286909
1170524.2294675126,1104735.363938199,1827136.6869879307,428.82214091368587,1938013.6921069622,0.0,1467076.5214819366,12014794.232364785,2314262.5687353443,431.43776234026535,21837403.55498592
1103546.06452888,811184.7231607112,2748587.9625505214,427.27843668582693,2589594.927701018,422.86938527575506,1207557.5496075319,12206681.675998326,2271223.0219860934,426.35764585096354,22939652.431000896
832980.5877452232,595477.5173848843,3218746.856536631,1218451.9927632634,3010421.1472414127,424.92324109657505,1078436.5831079704,17503245.702592704,1866629.6016171747,430.16572333292737,29325245.077953693
1038645.4917043075,412877.7602507448,4304400.530630998,11307867.59838602,3476519.2518943236,429.0423794407373,912405.0353800514,16887845.40282803,2562246.1471836274,428.35135235191916,40903664.61198989
225548.86288844678,430.9126050010081,4941722.13231747,12806743.26024457,4512329.725787409,0.0,132638.9631780704,13514455.074802836,663834.7367853096,0.0,36797703.66860911
44449.14180802982,0.0,8559769.204460269,14046933.611926591,4845868.842452016,431.56437176771396,618566.512116595,10013818.023924893,287598.12231499446,425.04596561572646,38417860.06934078
235067.9575532347,418.7193621830928,6260547.340559212,13460555.116462449,6445913.34433778,405.0176771994906,741906.5577256882,10111512.236823553,427015.49382499,416.65676797766866,37683758.441094264
629478.2500417338,423.32249759665325,6296257.229361666,10820047.549979206,6639266.462325817,0.0,2040448.6529711997,10492945.477440199,415803.2602360641,0.0,37334670.20485348
1092439.3263971184,436.7150351993982,5702854.870598534,13930279.414536603,5836648.9218328465,434.1237712502256,2327085.6212825854,12563723.023554077,1064877.6495132418,429.93781139947095,42519209.60433286
1638992.4674813652,0.0,5009595.943610119,10434515.527875409,5528074.113388562,434.86333746035336,2311998.252672592,10503756.413096005,1345828.1961447536,433.8290973603273,36773629.606703624
1986395.6211106374,435.52674252585126,5094749.536999838,12906084.998243948,5577355.339490175,431.91351028507034,3897437.3378447476,9758383.256030554,2375871.7652682886,434.6229156560806,41597579.91815665
1973057.616456898,435.454113459638,5082953.560162074,12153369.633566778,5379307.374096806,0.0,4078868.71783413,9743626.782313878,2886126.1953682094,0.0,41297745.33391223
3674616.230501208,0.0,6198561.987167904,12543499.982541095,5354471.235396027,433.83863291432743,5022122.848843414,8151018.496537061,3819338.927310701,420.4009130244216,44764483.94784334
6203964.100107886,419.3141276866769,5250226.4315193,13070167.438837968,5327344.912122039,416.7942631179173,5699786.61801196,11359204.585588159,3958819.190620439,424.63706973737357,50870774.02226829
4150938.5875453316,424.3132733921589,4841318.717272097,12656050.047378315,2526715.8873346685,0.0,6106255.802990465,11405704.62605517,4300010.370189182,0.0,45987418.35203862
3877898.1773665254,429.08425948304415,2835916.4254243,12823734.411803044,2073493.7556564051,430.855982564301,5067049.158172816,11844156.380674096,4550385.914660434,422.7482693338216,43073916.912269
3310699.3092063363,0.0,2418419.32559265,14189507.65105529,1306099.8449608241,423.4498209883061,4379269.89971371,11014618.411753846,6655167.346445845,431.119670979007,43274636.358220465
2731652.672742863,429.00553542216306,1948708.3727436322,12887369.549016055,771511.564045227,432.68675016511065,3996996.475641672,16528417.138866572,6009857.702291109,436.04035818593917,44875811.20799091
2752234.71867904,438.1376928623021,1326353.0361657334,11422486.283205686,278940.08071744005,0.0,3218649.412077401,17767836.42088775,7290786.762362928,0.0,44057724.85178884
2604426.8042463134,0.0,980072.5128457046,11224258.235024435,56438.32748152617,422.12602645057564,3237404.711239176,16919882.81172483,7081072.72520403,425.2956703098967,42104403.54946277
3552186.331725559,423.89212959658505,608347.376834312,10491522.396699272,1123054.626358198,424.25792486252953,3547954.772756503,10108173.735938555,7222866.687694575,422.86725360366376,36655376.94531503
4251166.955616503,423.32285363921255,418284.6876106883,10934169.670411354,1328530.85015559,0.0,2300667.3706694627,13038906.902147459,5655351.653773921,0.0,37927501.413238615
2277894.5235424475,428.82926542495136,1721776.581028713,14172102.567123435,1962931.9457918874,425.7685863198933,1147703.7044553317,10796776.173394194,3548257.410302881,427.65945894735324,35628725.16294959
2328346.570929189,0.0,1209503.7656300724,10835415.225488715,1750014.5108307553,424.30334714894434,1000545.8193886759,15059277.864153553,2380678.0211386196,428.0191390489408,34564634.100045785
1944130.2966687263,432.8155825706495,2939042.766160674,12367395.211523654,2440980.385132254,438.5501829665036,697544.3059494403,13534879.127053432,2001671.1875008172,434.18228589100426,35926948.82804042
1592583.8739245362,432.1838760678394,2641831.8486225586,13533733.78255289,2883983.0432314323,0.0,320639.5151892578,17266665.09264078,1462131.4190559527,0.0,39702000.75909348
1127064.6025765247,0.0,2690828.0847612917,11158593.494882211,3335373.661410419,427.2013709379322,279709.49245601596,17230915.83523216,1064098.2058891084,429.29671167609587,36887439.87529034
772872.5008159578,432.9437468966248,2793637.916627563,12119272.391001865,3508932.961341156,434.50491435038657,1774117.8056169243,11644419.444934834,846535.2814030662,430.4700740939353,33461086.220476706
586003.0406339447,432.5776049796793,3738606.9074261347,13382367.654448293,5173104.00780647,0.0,2570864.0399620803,10111376.53002494,212859.8394136535,0.0,35775614.59732049
308001.155035317,0.0,5704531.716511191,11446292.65072617,5650237.815036155,436.7817364738124,2151716.1232551965,12687658.6689719,433706.8835214611,438.6249953158511,38383020.41978918
880732.938739242,439.9562855286612,5885173.270508795,12450082.091301566,5669059.775839952,436.46792547075074,2565260.242317426,12397434.47608247,583694.475244302,423.2760391809755,40432736.97028393
1253896.9029238834,418.119942413818,5004200.999990473,13819970.818413207,7671081.978872359,420.70970810405976,3199317.907744402,17286582.463475052,1941906.2974735398,0.0,50177796.19854344
1888173.523329535,437.2601375895228,7587396.299755415,16445812.124669183,5773690.934875525,0.0,3660673.9464938897,6152042.674360175,2995950.515563751,445.33616116518,44504622.61534623
4830022.920483271,0.0,6644254.324927496,10948262.504972309,8532683.176765276,436.23328832901814,4179053.1084829965,435.86128062641427,3285727.6160078677,434.0057601103734,38421309.75196828
4740838.568937002,434.94901852339945,5790031.624527088,8491770.16610234,8061335.892108305,439.413267611204,6684203.097727363,0.0,2523046.6653742227,432.5755601951554,36292532.95262265
5644034.135758497,428.68462943799267,5012671.603344101,14660234.643273903,7605113.307780413,0.0,4299660.888294463,425.233777985051,3140562.845724168,0.0,40363131.34258297
5253478.344692701,0.0,5079553.708727961,11380478.87110238,7660203.052701737,442.1163088845076,5889454.51349582,442.54391552814036,3760637.0007611103,441.7127855121546,39025131.86449163
5715608.524036616,441.86838450947783,4736041.177964999,12119373.876153778,7704068.486823599,435.11860116500424,6348367.593681596,0.0,6022768.55994567,434.7026825580288,42647539.90827449
6457323.948516957,435.40062271582735,5448784.30099597,12787827.15736639,7435634.056351767,0.0,6788565.402486904,442.07922383513346,7522050.7838235,0.0,46441063.129388034
7578671.912794324,437.61028093999226,5356194.295958068,14087497.284480589,6761297.047850532,436.48249812790436,5624873.09889483,433.9179251246676,7613455.168373675,436.3109053349896,47023733.12996154
3906449.3764990545,0.0,3222088.4378345995,12272577.487674985,5335482.592649841,436.9801605087661,4970694.970717268,0.0,7030696.4352196455,438.2604425214519,36738864.541198425
3281226.2816105187,437.331375413406,2770119.931399135,14388626.863554588,3210315.819948321,419.65552770496674,4274953.687869894,412.73616337683063,8091850.736869932,414.1865395428009,36018777.23085843
3084707.1410399526,410.038218335147,2100184.274003409,2706411.4398954744,3003365.968672536,0.0,3987865.7996427803,434.4956307987146,7053289.074811907,0.0,21936668.231915195
2960208.3352963137,0.0,1924837.9046132467,439.0086300793055,2616156.676252508,864292.2115878185,3457010.422905866,428.9309525163928,6644243.713207451,430.1611278005923,18468047.3645736
2411296.20420587,426.5937082242887,1755879.7443202806,422.48540960037906,2114524.6175070717,10773196.760773512,3027381.769634391,0.0,5712519.27181529,423.9151574185145,25796071.36253166
2256177.3981273947,427.1792536702221,1466309.6709969158,430.48286827510145,1676058.820372495,12412857.450104244,2228383.7251065904,434.05245153343867,5800460.757324214,0.0,25841539.536605332
1946365.709500179,0.0,1940101.7082639923,434.21730859649654,1094353.1778173032,9437895.0510861,2658997.2448216295,432.0160166002706,6239437.245780702,432.4841223246399,23318448.854717426
2579951.4096608725,432.1029904746002,513631.10197390034,438.7502173847665,358374.7943632659,11246352.278071554,713847.1260775375,0.0,7648713.415319322,428.4401390916481,23062169.418813404
1162255.98026763,427.44254332300005,284963.25345418596,0.0,368456.4322250927,13250266.881314516,329848.2180330542,435.4672998169462,4051861.8823325345,0.0,19448515.557470154
916618.5205315243,438.62155510781736,769053.8430903808,438.1474187646397,1992839.392847962,10318460.755754719,26523.277745898,434.1094492691623,3163633.372868481,433.7546035903157,17188873.795865696
782910.3894922951,0.0,1401561.364138687,437.3606371370283,1039584.7196063967,15248938.043309245,132312.76938635588,439.66170829579886,2347990.111432116,434.96377184982964,20954609.383482378
439478.19584242057,433.99855611606,2385233.190610719,0.0,1351892.5738218739,12812959.90408064,552425.6357048238,0.0,1772143.6454633474,437.12608347028356,19315004.27016341
252367.49624159897,430.2358633402622,2712169.608216117,430.8509112480892,3688086.282868809,10394023.811974498,954265.4738914362,435.7972184960553,1065027.8421427626,3406845.5064996276,22474082.905827932
24326.864114839183,0.0,2746707.0348965055,443.50603258160214,2796680.8397007952,12737973.588738367,2413790.2568492857,437.53115503617033,237597.49732827055,3193107.288548917,24151064.407364596
302251.4819512909,433.00846287458995,5617910.229740572,0.0,6028627.8785197055,9282213.504336134,1440717.2027062564,0.0,49155.04105528491,3353849.7478369535,26075158.09460907
564763.6251469414,435.18500377196983,3802018.5411945,435.62786066163846,5514638.133555641,12041532.361104129,2224884.836184292,435.43593643345264,399306.1641468589,3891173.7573674284,28439623.667500656
2121734.764805651,0.0,5068965.362574504,434.33899553442853,8880810.258793281,12159425.361546898,3434230.2254491774,438.1068970199609,1541245.8120898865,3754391.1308315243,36961675.36198348
3766658.8393441555,1346646.9603855787,5275326.906322155,423.5576160032719,8792451.930537565,12142885.342141118,3483462.287202039,0.0,1879316.6518105397,5736723.977655014,42423896.45301417
2218640.277930936,10300164.918009048,6477699.067808557,0.0,6206054.4354966,11034190.39528687,5149137.111753979,416.63616015257674,1844724.5137766316,3240256.6953075984,46471284.05153037
2798268.573777419,10361990.778317556,5857981.405544026,420.4259335752116,5652064.071106556,9750969.54770786,3578744.8631924232,423.9658631472391,2074129.5100992683,3323119.438760473,43398112.5803023
3543121.0104151946,9861699.275764063,6619345.546397579,426.06719544504807,5023686.851282722,9832403.77448765,3418261.162186168,430.1699513093986,2451297.887670028,3383955.4245907734,44134627.16994093
3962273.3631676123,10085722.165799877,5690140.380764718,0.0,5115142.705855063,9833517.688312136,4958343.857457169,0.0,2659642.6454928475,3321703.539874759,45626486.34672418
3958491.5836372697,9716810.18593858,6082517.263447932,424.1210015601715,5427437.09539226,9442197.636543512,4169590.921293849,425.1798951319214,2837301.7134483303,3317833.952182403,44953029.65278083
4107655.3847115687,8746999.344255708,5375367.200443211,427.51070865245526,6178342.655096261,10130628.912466241,4482591.958730444,427.36913787701377,4588530.693647107,3943718.247772495,47554689.27696957
4369076.204019039,9708865.295712657,5530192.202765338,427.9026041224979,7049195.672314075,10503136.810382944,4940460.076902605,0.0,6390148.429332433,4741788.125612153,53233290.71964537
5394491.473421405,10013534.581117772,5624873.943217091,0.0,7555705.500580658,10014578.441540433,4517339.662688329,413.39661798758493,6208225.8405966,4434818.460489128,53763981.30026941
3948290.7598195462,10173668.378218275,4412888.057632075,415.779767024738,8893521.108927643,10852234.974393824,3669442.8079921342,426.5003542048694,6928628.867515702,3279511.63846388,52159028.873084314
3190761.078367285,10238110.161013475,2676058.128125294,421.00601501117933,7099817.910252082,10525953.622659799,2315585.896476537,415.47816396528026,6712067.885316021,3280185.104487358,46039376.270876825
3218194.7357485294,10613629.98443198,2139417.4765832564,411.9285798320789,5157917.144699279,10802679.255023267,1704277.85567231,0.0,6032127.068917993,3235868.0342181465,42904523.48387459
2677925.9103090074,9250887.087546937,1600201.7186665637,0.0,3849718.627398333,10382151.172881005,1564081.673628212,425.17495655361915,7571432.4596703695,3331930.73067463,40228754.55573162
2579387.186838664,8677179.253018158,699860.6249199016,424.2062554256673,3033800.473978924,10322153.46543541,1730031.780702027,418.85107660467116,7024700.793885697,3696317.459621956,37764274.09573277
3005196.4691548184,9470382.549880318,972357.0657622197,424.2496998192383,3706482.531875559,12329750.312195638,1432801.0838264362,420.03901903695873,7752565.248783908,4739773.351000293,43410152.901198044
2805094.194072977,10482731.465850811,1438718.553332311,0.0,833650.7868444866,10271988.291165845,471453.70478043216,0.0,7777670.319462955,4630804.434658174,38712111.750167996
1328477.9076770518,9868368.697379202,2660827.7568915305,415.7093681246922,457.64808921047484,10100790.209143244,182964.183123709,422.3703616989004,5087940.311449833,3265666.546071743,32496331.339555345
836501.7173607772,9700852.84713654,2351666.0268040802,427.0010394712758,830591.2350407348,10856086.030807229,739002.8222067298,433.5211001928085,3551331.5748794056,3399382.4757081205,32266275.25208328
277603.1570365474,9647384.683034193,2537319.0634966292,428.89166068222045,1346741.2156971155,9715181.70779397,876873.0155063885,0.0,2363655.0297316154,3259713.2178664883,30024899.981823627
54504.00475659419,9980628.416448135,2836136.2420352506,0.0,1606467.2809502766,10268423.138884844,1768568.5813082152,432.0603336661883,1185076.2878866326,3381043.967273362,31081279.979876973
464576.53495659854,9795383.413512146,2768664.0780318943,430.94396584754605,2033552.285390136,10818844.214316579,2123323.774269335,428.88215862198103,124945.33286227334,3310748.4951845575,31440897.954647988
875703.5117680475,8948390.84487498,3501050.3029623227,423.1295216914034,2939584.7866041507,10502028.432319582,3677487.84360027,421.24667524811144,1198613.015715589,4382130.76536583,36025833.87940771
3188929.872280714,9892019.587420706,4031263.0740170754,0.0,4389865.809581056,9811051.299470488,3795902.7383267423,0.0,1240168.1214543285,4393084.270773608,40742284.77332471
2774915.1723309373,9963183.726138137,5064567.438194635,426.8951056038856,4425826.347722631,11133978.862078791,4215199.704803364,411.0451642830353,1467379.9904147706,4392936.101972167,43438825.28392532
2371091.931874236,9716446.231031455,5790225.174890586,412.4648145147131,3892773.904390557,10411395.51990735,4147043.2753834953,407.0740077238814,1832442.2653069566,3155937.8662530635,41318175.70785994
2945899.3204234918,10294793.830439558,6828272.631641199,418.41165478968185,4013868.271072567,9350886.365075745,3099916.3378674104,427.72651214174937,2869702.1057044514,3325949.5527653405,42730134.55315669
2748488.2684171326,10452967.30395824,6527804.285047391,0.0,4505690.157462088,10451772.276337165,3114589.4588695453,0.0,2679610.704831021,3360640.317770289,43841562.772692874
4444509.540054569,9735967.10698752,7184002.370717138,435.07948390353704,4229303.46391716,288124.62441835384,2829062.0558122653,433.51456571583117,4608411.697542977,3387516.711794632,36707766.16529424
4850998.596833425,8872784.527453475,7296320.507479562,429.30659829374764,5351617.871190378,430.16636671528994,2125613.084420885,436.32092854514315,3601929.2880983045,3587414.225333575,35687973.894703165
4805270.747393244,9422072.745083934,7882549.631501935,0.0,7843182.693371781,426.40080956739905,3531941.130735237,5377648.018456754,6570100.555820695,4703752.717806433,50136944.64097959
6222758.657007055,9922065.868534094,7991291.785285093,434.4592506017534,8631994.740562893,0.0,2645085.221707591,9741150.247470884,7269645.972929058,3585474.1012967285,56009901.05404401
5458578.212976436,9364173.569450857,7264809.036900126,420.1038790310717,7826819.785356374,424.3735562296576,1451893.1413642569,11423358.247227408,7164455.345130285,4743152.13222473,54698083.948065735
3076146.214989133,10171305.460150054,4543416.040166567,426.30383889579656,5933302.915184767,423.3816979001738,1521890.5280303182,10739778.055507826,6107228.471051176,3272216.226478373,45366133.59709501
2830653.671035504,9217812.778782686,3477579.155299016,0.0,4417071.3776654685,426.9112186482761,1179052.459819705,10089146.518109538,7008933.173325428,3341572.4921420966,41562248.537398085
2551192.9532375783,10888899.391774883,2344802.4636526816,422.5612265544127,3351788.066884082,0.0,1084436.3959136948,9671410.04573765,6454670.399921529,3344481.1739711654,39692103.45231982
2466824.1717252047,10249167.366839707,1619400.2580729097,428.2200628526154,2785310.668571546,429.9515839797238,669330.4730373009,8857713.337930646,5369584.050664788,3302433.2697273716,35320621.768216304
2201862.1114310184,8545656.64448889,747938.5696433953,0.0,2049533.832387808,409.9942123713515,520061.04784800025,9118554.311356485,5636483.308326376,412.3771189400297,28820912.196813285
3195602.408286308,9889443.71316379,609152.0189128048,412.88920280456864,2318065.318112119,426.23939676354905,1452313.3802524772,12317398.697501883,6104035.133514254,0.0,35886849.798343204
1557151.7792364748,11737265.377948355,792529.5343708054,429.755270370655,223623.8992870776,0.0,2200412.5813530823,11833093.83366568,3875747.0980876484,434.10523710162954,32220687.9644566
1053570.6850578594,8413905.193511283,1456556.766824099,11785839.553122591,446829.76396115846,434.657258756604,1876253.4800084883,11616659.811568163,1692096.0751120562,428.6859073590091,38342574.67233182
931663.203376737,9155119.601273868,1256413.7414423805,12438003.233120006,865897.3901220285,428.78031202053444,2177842.618575428,11897379.582030253,508827.9637510302,428.6066906609294,39232004.720694415
732500.6523925294,2510048.796315218,1828896.5361540725,16725631.079695981,1261887.248948193,0.0,3726690.416649227,11012545.183589002,197332.98395935964,0.0,37995532.89770359
439991.5785317525,0.0,2627835.3164296993,11376323.03641922,1667888.9995438731,429.1998835152306,2973711.352461313,11033918.092197426,739464.7062774196,429.77747170525043,30859992.059215926
295339.3541783866,431.094653783357,3288600.4022961576,11337952.075154034,1762659.9062243903,435.9102598162663,4727605.63059091,9581048.424219094,1153155.6426969506,437.8175514030601,32147666.257824928
116234.83439499717,437.889637676242,3552958.5176019366,10536671.596020581,3679451.5579455746,0.0,3937827.7918361453,10310778.884380661,1204272.694775868,0.0,33338633.76659344
881000.4116229488,417.47886027772677,4998842.006167098,12533742.83112042,5218566.821302216,429.4118091206283,5570324.69494279,10387489.543685451,3573291.836404742,429.2573528063497,43164534.29326787
1251022.2581369784,0.0,6748117.323000523,12680214.654195992,4510636.727042005,418.7750170982413,7201274.912855077,10362796.536322923,4130751.2843202488,423.8392107905778,46885656.31010164
1541023.282474557,421.1821668288691,7159443.895268234,13633297.761671297,5472288.79854416,426.3552079938349,6184734.535878306,10258198.168687938,6029388.419133886,429.10337339829493,50279651.502406605
2323567.897673003,430.9001541661129,7418612.366165181,11846607.640654834,5584049.714368059,0.0,6315915.015871452,9293622.346026726,4657488.916886214,0.0,47440294.79779963
4244070.467253354,0.0,8040525.563316765,12635288.87884453,6154360.822310969,433.34305948435326,5246312.112015363,12356300.118394943,4627824.60333366,432.27258819783316,53305548.18111727
4922260.338438587,434.7602267451277,8029016.223068519,12644228.318932328,6508039.477170834,431.82124061105895,5057540.854590455,12889614.985749187,5007670.785110143,433.3341053252375,55059670.898632735
3020412.709206296,426.89537716197236,7351069.8292934,12826537.96123043,6936570.467840251,0.0,4392457.142635663,12926266.987080798,5741197.073325955,0.0,53194939.065989956
3490607.334498577,422.5849083019515,6144715.465380959,11911108.456213512,7315945.672925515,426.5477038959234,3520838.108527704,12752159.364195611,6339233.427184239,432.44742795428044,51475889.408966266
4504830.52439533,0.0,6078321.219124962,12325877.7183322,8911582.70609905,428.77574604153614,5099993.36969737,12648303.028048232,7828548.572417865,420.48880536383456,57398306.402666405
5716195.54794997,420.4594745639954,6222249.728994937,12591960.242185064,9870281.445230784,425.73923458686016,3306836.834876817,12824608.765093293,7739210.96430422,429.25497319909425,58272618.98231744
5114002.274648501,425.47165429129655,4859787.999697015,13557897.553080844,9037690.75746372,0.0,2730241.0870633856,13219640.332510086,8905722.572715163,0.0,57425408.048833
5076082.851569713,0.0,3019652.8561293352,12650838.058618942,7989220.131580794,429.0318649936421,2183765.356923458,16800190.283613894,9669528.42242485,422.52930031002376,57390129.52202629
3324105.093119922,424.7678738143991,2558631.0759255704,14277289.513625203,5594568.723170193,424.9667427762557,1801443.3183619594,17228847.9379726,7942490.268914096,428.1260867873243,52728653.79179292
2996093.537507249,427.1904933069598,2128964.7294538114,9058859.472140234,4420413.470266026,0.0,1338960.477596018,15073682.693203703,4729125.999121031,0.0,39746527.569781385
2949223.9687711145,426.1280679073335,1014797.9693194948,13331191.637286564,4085323.308054376,432.3237348524152,994424.4803085703,17867161.20939383,4477895.382743364,426.5890079163869,44721302.996687986
2498779.2995547345,0.0,406646.5070958873,11149670.828522047,3297583.6266980437,402.683224168523,566066.1480163111,15956845.88319257,4128902.3556796582,405.5706973685907,38005302.90268079
3444339.170994673,414.1602113110667,1068409.1685799449,12661017.679936944,2247156.72445468,428.02359792951535,501727.6887221039,12093388.182256889,1939572.0296883814,427.85477131069695,33956880.683214165
3090290.767480599,427.54321056344577,2327097.049002679,12453557.36364222,199945.7397612586,0.0,827244.8966085787,11337869.460206462,256150.65007915237,0.0,30492583.46999152
1956827.9477027766,0.0,1346009.5886687117,11989591.555509128,570540.0611941096,432.720322917607,2039325.328576859,11342629.084348323,1089289.9198381922,431.9406613805086,30335078.1468224
1712722.6719353748,430.8086856507016,1601835.414766344,11036905.214079639,1181699.3025307169,431.0894845403208,1770788.695012895,10538219.569598658,901884.7126311545,430.82657059197766,28745348.305295568
1514209.098756636,434.5327673858137,2017740.7863437918,12378931.971538251,1707793.286406726,0.0,3487570.540579045,17530981.33529518,1634618.0358263946,0.0,40272279.58751341
1407429.6886032124,437.5612993919288,2024757.2177695034,11496624.556816874,2333519.0540903355,432.0265851167723,4338281.062439686,14667891.157177847,1335964.4558650935,430.18033777837036,37605766.96098484
1115612.6273717713,0.0,2572693.725055001,12012820.1682644,1894315.1794910238,421.9154821900997,2584608.012341234,12676646.817682223,2612386.566033249,419.0426109837521,35469924.05433208
821696.7580826867,422.21251660158157,3330173.8732418404,12612547.95683048,2676675.3256016057,430.06124519289,2262367.0403891467,2853542.545618494,2474022.5624671495,436.8987023674048,27032315.234695565
596687.8936879504,440.24297852715864,6599925.087196544,12218315.742387228,4294119.326301244,0.0,4178147.1127161845,438.46918892171954,3682987.1811154173,0.0,31571061.055572014
1353505.5359275383,0.0,11296912.857492706,14406873.707605157,9612894.053368973,334.2484388027617,6534373.75608991,321.77935021623335,7447111.7183611095,293.46252724883516,50652621.11916166
2308575.8212375003,301.37362414466776,8858045.934215117,10301381.387582695,5966043.426440797,343.04458973588714,5862125.189190638,359.5772016372265,5526381.315232839,401.890075125352,38823958.95939023
2978807.7723253286,414.69783376294447,6635946.807486433,12681480.31530974,6575273.545388381,426.923168432979,5558580.34901589,0.0,6162479.077896622,427.98838440312755,40593837.476808995
5479769.763403375,428.6073293881688,12448682.784812687,11517419.761127913,8357341.907564451,431.2455395115895,6304291.36322924,430.17261681554055,7190723.624029555,0.0,51299519.229652934
5962101.406985869,439.93696162368394,10884191.596937073,12879352.417601831,8493578.277501,0.0,6534727.097936729,439.1968188287363,10459124.821629634,434.89931563709087,55214389.65168823
7899637.057105814,0.0,10749365.458257273,13548199.724675775,14767027.355683219,425.1769319711729,4448490.235623906,428.1622335504699,10739187.945074692,432.45690286621124,62153193.57248907
5759635.884360476,431.9577136427828,6871230.140962402,13968469.856927736,13195805.4405803,430.4750444049164,3485971.948229226,0.0,8977959.29428433,424.8449605123633,52260359.84306303
4294536.697845647,430.5512702151125,5276937.075378949,6992726.016157313,7651812.225426482,0.0,2422850.4382799556,441.6273254212125,6226653.959513645,0.0,32866388.59119763
4252478.096425853,0.0,4499101.166341417,431.2571789052484,6212564.78840378,430.9241341934125,2102303.587506737,430.73928033037384,5049198.737912231,429.7028953198025,22117369.000078768
3902413.354530165,429.8394090392703,3276385.1531389416,0.0,5321893.28387813,440.5188639921754,1797306.9196428533,0.0,4186321.1120513966,441.89030320469726,18485632.071817726
3810976.6356775113,436.4574224057139,2609813.383824297,436.7464883755741,3699323.4592190105,3635978.0428265617,1377276.0783665767,436.7557736129358,2853084.829209607,0.0,17987762.38880796
3441371.901649976,439.3556357430687,1731613.7811948715,429.0945935894105,2342903.2132000364,11434496.076103253,864772.8356490001,413.91949311530834,2276990.5698035173,409.35073511755235,22093840.09805822
3387368.1642883094,0.0,1142084.0357478084,422.9957252189391,649929.1361717324,12013665.430276426,1037227.5440396136,0.0,429629.0154533513,446.5756893503659,18660772.897391807
4926563.977643206,445.19258172284685,960413.8762826462,0.0,1155568.6220218306,12605243.705059776,1079122.6584140742,440.91132414265246,767824.3080514318,0.0,21495623.25137883
2192303.0237550708,437.7016156296016,1567684.1787920338,439.75735939288734,2468112.3505046815,12689995.93013029,1242736.4231165543,438.83628925627403,1239708.2496285718,435.4932981177623,21402291.944489595
1805136.4459027678,0.0,1863166.6513174535,436.79850974400654,3547042.616226443,11964206.043230964,2103374.5720136333,438.6628411661966,1492741.589884135,442.43382499339623,22776985.813751303
1408623.9384608609,437.8213598592372,3801740.5002905712,0.0,5134869.597255366,11620251.579191789,2859877.9968560683,0.0,2578131.2396916705,423.9909526848161,27404356.66405887
937887.5857256433,427.0659839038815,2499775.081605507,424.7982569746965,3850664.1765032182,10152249.143643148,4779148.082171529,432.15539569086576,2105932.9879911994,0.0,24326941.077276815
619367.2093509291,0.0,5052339.060070451,434.24652972200676,4480451.449162965,12752552.424954014,3927665.8313902486,436.3724702463846,5075407.946920414,434.625073669258,31909089.165922657
330246.10007697035,439.1325387821909,7288069.149444878,439.5286726742933,4328929.200730087,9914021.1644185,3347125.195207318,0.0,4161581.475126954,1598027.7970389968,30968878.743255164
130935.79677502184,431.23473206574636,4811332.077536497,0.0,5907447.052360173,12898873.682662169,5441068.850364259,422.67948436135015,2776432.48290425,4523280.329790825,36490224.18660962
585856.9138959296,422.91459954983293,3326377.302128151,432.12645530968837,8125015.160367313,12118447.785578063,4545105.14304762,433.5017773809142,6821404.3485474475,4346303.702974805,39869798.899371564
1966005.2505032409,0.0,6136610.357562951,429.94552393570507,8577076.761063866,14216113.75145927,6323720.925805219,430.67487229598964,3936690.3037453084,5655731.477316146,46812809.44785223
1949680.1099400218,435.60627605611376,4272233.757833671,0.0,7976840.2286668755,13331877.325332226,5640767.750478789,0.0,4977808.699567382,2638283.4742187695,40787926.952313796
2596030.0812341855,440.07072552241385,4957191.598278311,439.0782363294157,8943606.143229662,9152527.111203313,7618784.45427627,433.08400483320725,5313469.024863914,4176089.981769812,42759010.62782216
3188019.8028704477,10971704.79615514,5334238.052215588,426.93068265533196,7834490.577301664,11736805.795466095,7180616.687939958,427.94153301016996,6422207.617599131,3324836.244224082,55993774.44598776
3210451.2956642616,10124293.237854367,6730044.375209285,410.64373620532496,9227715.676383039,11504069.843635095,7711469.202872379,0.0,6477486.363234136,3185196.387264008,58171137.02585278
3487324.591776846,9072366.957501883,6546188.989597359,0.0,9452562.381036822,10872300.907917956,7248114.434540835,418.94207064889986,5771343.438544079,3258017.4855868435,55708638.128573276
4641632.106737465,9775460.58857372,8287493.728428256,426.76172183771166,6540059.357111765,12876471.58872689,5945539.104768243,423.5258954086012,7341487.3736858005,3325797.8945835447,58734792.03023293
5287381.431481236,8745629.353392709,8083615.313428063,429.7105077128504,6534953.575600122,11130725.292569293,5399203.178807581,430.6353524390677,7777702.197374695,3965477.5041308855,56925548.19264473
7497040.266677585,9533555.599153705,8162337.575264415,0.0,5433361.89747529,10819204.00865106,3507113.01518298,0.0,7142086.024551557,4621564.016676687,56716262.403633274
7678872.980885501,10661025.260094527,6175321.564778936,422.5521802953403,2954216.960654405,9698827.124376627,228265.66808098115,422.6363609454972,6308072.956295973,4503362.156621729,48208809.86032992
7373351.827182982,9124140.2664584,4212737.478198476,428.48199283148324,160846.8092823917,11029270.502517164,363382.49206327624,421.2086023161112,2755814.335658814,3513356.0872817826,38533749.48923844
4578999.0023283,9894144.030765144,1547641.2678297393,412.71323416814215,348641.9461460879,11893724.91507904,910990.7111583366,0.0,1649271.9376221981,3208828.3695837767,34032654.893746786
3934856.053557306,10737631.732241793,1263187.6685617033,0.0,648688.6124541871,11230423.419788953,1141043.2165125138,428.48399909845085,1022142.75448644,3319377.329899734,33297779.271501727
3739017.682050414,9069958.639345722,92345.28651090447,423.5087896442744,2068214.1886753684,9456235.84769853,1521478.7936678166,417.1422012170738,216320.57402043112,3298703.8080080017,29463115.47096805
3044721.356436962,9826747.260404402,393551.3390684562,427.9569064141693,1680086.387332185,8300314.322223706,2799437.4044336285,431.33959639402303,870547.1668747517,3775515.939045702,30691780.472322598
3334414.2683917778,9445589.026183087,1100461.486621257,0.0,2483902.1129438477,9965279.527587894,2636606.6287975037,0.0,2260742.5144115645,4255740.222479791,35482735.78741673
3552673.7244461896,10512282.538892744,993100.012239762,415.6138526258248,3542927.923670036,9795435.165829636,3124083.565223208,409.97918403536477,2019784.575502947,4268350.61058401,37809463.709425196
1701178.7101178577,10168555.739608955,1582146.62854075,408.5604782428172,2771741.789852998,12840688.147401676,3394220.952260761,414.4968512282557,1940381.3222869998,4007322.929349263,38407059.27674873
1425567.4529546772,9464754.264876943,1570347.0543135288,414.0007797732735,2794007.487133142,11836496.783936515,4222081.353229304,0.0,2715223.0590038896,3252510.1569631686,37281401.61319095
988498.4626558991,10154847.889340503,3132302.1906331806,0.0,2841120.4926684676,11452856.423735976,4559696.456159669,423.6172386287051,3561527.2786172936,3286829.3396856417,39978102.15073527
363665.83934189746,9568487.593880827,3034514.8070561923,425.01823874847923,4150459.568110733,10516218.37822926,4919233.928659146,414.12562331764406,3310617.752069776,3253680.136511315,39117717.147721216
108042.05045439892,8732692.757235913,3707711.356292506,404.71716057550293,4355570.592725396,11153755.719042847,4519768.995187916,397.31399901839103,3934757.4994196272,4578296.072369328,41091397.07388753
1284333.6131527408,9785943.073464239,6299777.065523833,408.0988551227581,6026320.921250224,11937030.634612687,6992225.683398544,0.0,5911857.802082166,4851045.2245019935,53088942.116841555
1238860.0853631273,9977736.320634464,6782833.758367328,0.0,6513362.779447076,12182865.698065432,8010070.442722575,406.50539169384757,6285339.565421508,3245909.246208734,54237384.40162194
