254078512755.60056,13960781398.09593,256986443733.41043,12593364042.081244,253475520198.72992,15357018326.879795,251675183856.7999,15283034167.3024,264631422707.48984,13774540664.636602,1351815821851.0266
549052.8078470968,433.8609776680542,972349.9483738819,441.8369650402352,1877121.5188279045,442.2625739313509,1245959.2863887562,441.52650179778215,1301554.0688054014,444.12622372269357,5948241.243485201
692849.6825794923,438.34565423428865,1854863.750140004,0.0,3468210.656390264,433.8187209101879,3132300.87758826,434.56165578715206,4719900.8373365905,434.7231451401327,13869867.253210684
1560827.4920124372,440.87685459160883,5534287.295640004,443.90540176731713,4322291.105880524,0.0,2796171.1580484705,0.0,5773763.922882768,0.0,19988225.75672056
1726250.8784573541,0.0,3717136.792676877,431.619977613609,4421851.54909475,428.3321231127314,5379901.970113777,427.6567336524156,5283856.746010625,430.0156839945295,20530715.560871754
3197474.0053242818,438.1203398738041,6385347.377162883,0.0,4190543.400233342,441.13081975295114,3889972.635623618,441.1951060766434,6092578.6531584095,441.64592616251826,23757678.163694404
2082330.9266477546,440.0930434480375,6468020.116697808,440.94734430569713,6289788.016335064,441.9851799748543,8423510.696027193,0.0,4568192.851405283,0.0,27833165.632680833
2528982.3189882487,0.0,5425117.332753961,434.5850131793757,5345368.429251544,0.0,6648998.74705768,433.84648603825923,8029755.585714348,433.6801353988975,27979524.5254004
4284429.268125044,440.5312021412284,4939943.546709372,442.4467568189445,5158377.931634636,443.4766266041138,7760683.138142421,441.17567319708877,8872618.145324357,441.13990570537896,31018260.8001003
3381659.86133948,441.006167356492,4216783.200816237,0.0,4550058.601109869,437.75929028435377,6812994.680804662,433.5117652860003,8514836.989880905,430.4055625083109,27478076.016736586
3948053.379007018,0.0,3915593.146733823,429.20711208628717,4358990.655509208,0.0,7256622.598908861,0.0,11246086.582213664,0.0,30725775.56948466
5502747.2877287,441.9975033622939,5310741.090721534,442.23410973645406,5170111.294683395,442.078447251395,5431490.609385989,442.020793530004,8852288.686552346,441.3945611938047,30269588.69448704
7598185.668621187,439.7945362582688,2281068.9691311317,0.0,3464937.234836053,439.5648511593766,7100184.011183508,434.05076709902875,12207374.903424514,433.90277508076144,32653498.100125983
7522323.678244039,433.78198665730986,1513263.6339608792,431.1304726583103,2064671.742512192,0.0,2835650.2323678113,0.0,6024361.643518217,0.0,19961135.843062453
4644779.464329713,0.0,1413340.884323786,436.3415437644995,1500027.0353337885,436.47549556080884,2236804.513184034,434.34283741801863,4498807.357601312,432.4490999673934,14295498.863749346
4239300.905859755,430.60468118608753,904852.706834573,0.0,1154532.8004973847,427.649375529579,1630337.7469871638,434.4804403880069,3418162.137037041,437.162626902644,11348916.194339927
4143857.3903548745,438.173356615337,431089.37993182277,440.94077718852293,676177.6563912989,440.6095848049384,950880.5932363773,0.0,2670081.2634278084,0.0,8873406.00706079
3601454.934611388,0.0,210743.57277699932,440.01359425264724,319397.94171894324,0.0,219843.06649202114,441.5315370439453,1516049.4323050939,444.3457944131504,5868814.838830155
3444595.6539812307,443.76156950497693,102399.51180567719,0.0,58105.036956798016,443.25859699112743,431357.6242369763,443.8533374222119,940171.9974752254,438.08735391673,4978398.785313742
3199151.941110239,437.1846508304977,814109.8262800426,437.1856001876197,812567.0541534451,437.12124311022467,1154789.6972717254,436.0102341669926,236673.52579153335,441.76260404077107,6219481.308939321
3083227.1429416477,0.0,2598522.7971884017,442.7037999111191,748388.1767025611,0.0,1844518.5555728276,0.0,313790.90180320793,0.0,8588890.278008556
3968413.9966539666,441.6055296712919,2974564.6108387406,439.0845565591833,3328127.0524888565,438.22934325215954,3752496.508191725,435.401093527719,2261528.5063379114,436.2778131001278,16287321.27284731
4163225.313791701,436.1622187823951,7062491.732211221,0.0,4012259.514205728,439.1378069305246,5070347.109649281,431.4461760016458,1911065.096325903,429.6959251723519,22221125.20831072
2332910.010362464,425.8737815917791,4893725.4141317615,424.01408054697964,6082240.370066954,0.0,3829120.1502896007,0.0,3199741.2577766646,0.0,20338587.09048958
2193747.6090775356,0.0,7774077.140160458,445.38384450214966,5001338.645881165,441.40365801413446,5314593.826329434,441.5359913959006,3587434.9012506143,435.95103701716357,23872956.397230137
1976049.3314625314,434.6353010666264,4934409.640776288,0.0,8225732.159215584,438.8998128218555,7632575.331231414,438.543878110925,3975026.9287142325,443.79580682685145,26745549.266198874
1529307.4089647129,444.5413361107793,6863235.682054105,444.30980523792596,6131017.209124246,443.9899834270044,6131848.445701469,0.0,3488910.4046828756,0.0,24145651.991652183
1248424.2203341955,0.0,5910843.0568073755,434.1196524137681,8245646.108813804,0.0,8285601.321064484,434.0516093145995,4041940.0445580008,444.71926855662485,27733767.642108142
940347.0802619588,444.73282554041816,5305200.678361592,0.0,5539720.580491467,444.46753398137986,6720003.342726596,445.02243496578774,4753736.72953452,444.6387296098893,23260787.27290023
453606.2282125865,444.41877128811444,5106558.394427766,444.4887299567691,7127756.425089721,444.79826434494817,6476301.2054138975,0.0,7379779.543419492,0.0,26545335.50232905
118929.09314605822,0.0,4650883.424472435,443.9859689855125,6622652.629012115,0.0,6950417.548545613,443.4748682306875,8089919.073808055,443.2939280276466,26434132.52374952
214066.75732165956,442.5065641892649,4543830.946354533,442.46737151734834,6028678.885012735,436.78344217126244,7154062.82581953,435.30695140730654,9035831.224171836,432.97046899153787,26978660.673478566
2449443.389715222,433.3069652911651,6639908.423768411,0.0,6815781.633208565,431.85542026016014,7269059.02549358,433.3887687701651,8981061.977708235,435.9467890361197,32156988.94783737
2728209.3502260963,0.0,3882214.843531661,438.32866650076386,7675984.04335185,0.0,5616715.003609309,0.0,9270891.382393697,0.0,29174452.951779112
3916003.2248109556,438.4789295470717,5774331.490876814,438.80644718344394,3856873.252468501,442.2735525692304,7367243.608820216,438.13940916663313,12161572.143475112,435.8995948163163,33078217.318384882
3781084.5633661007,433.0824210691614,3457887.041200076,0.0,3944279.0340823373,432.4267146418646,4115059.8020824944,437.2411447559168,11439761.321533283,439.9702267131769,26739814.48277147
2642668.1230564364,438.7381700170242,2977663.4674000484,438.1126172824676,2771342.2503912975,0.0,3378882.3872509305,0.0,11067813.775913162,0.0,22839246.854799174
4350220.72241251,0.0,2434523.9940066556,436.53795882470797,2215686.785575512,442.37345406724376,2757305.024719038,442.1467970662724,8539628.636712411,443.18024465249175,20299129.401880737
3772991.2506245025,444.4586048006669,2093045.1171071993,0.0,1741410.3894108783,441.50161774825756,2621374.009279096,441.5270827818629,10325966.992967235,441.64563551388545,20556556.89232976
4541515.000789076,440.7652758742989,1728542.3200456218,441.46647501702154,1437652.1485461649,442.76007399032477,1732018.3322449115,0.0,12492694.420380373,0.0,21933747.21383103
5854223.515869271,0.0,1251514.1511118577,442.59207304244825,1015328.924078177,0.0,1333078.6397784199,444.4465362584487,8557957.196613079,443.89023138332584,18013433.356291488
5274931.608703918,441.95267669845026,863437.599665821,0.0,661387.5297015473,430.03534026297257,721060.9783450193,426.6964177283038,10263762.911757467,426.5297206186216,17786305.84232908
4690346.676148388,425.11651045927215,941079.7128208767,425.7003452728658,653520.4203539342,437.03242730004337,1041101.1751788259,440.7655653653503,9543213.216662232,441.2748858327388,16871431.090898488
6222699.736402266,0.0,1930408.5905894053,442.7413792838037,1714155.690491075,0.0,1551682.0383025925,0.0,9192947.815899817,0.0,20612336.613064438
6198393.626455923,443.4158731165574,1696730.118643896,441.07360618446796,2936173.393879559,439.43235370832576,1186303.3707965591,439.3617721944957,10086784.51657378,438.100128235621,22106586.410083156
3489737.1765785166,437.9581273356585,2384712.0710732196,0.0,2041775.8983213424,441.3829487765244,2111997.0267689037,440.810827143529,9846312.376281485,441.9258044654293,19876296.626731187
3162119.179370634,441.0643297069183,4094394.3045649943,442.5529625040309,2818405.418611636,0.0,4402653.707062719,0.0,5828975.995797362,0.0,20307432.222699556
3096958.769112565,0.0,5555211.338329046,439.43494340703285,3017778.068518064,440.5690884334925,5001092.798057705,437.1962332690836,4733419.989504427,434.5857636593116,21406212.749550577
2733234.7497691857,432.87858488685686,6252623.007571936,0.0,4474893.398782021,433.8261993828544,2847996.420047786,436.9026844807404,3620022.194399783,439.04347831775874,19930512.42151778
2552838.085576776,437.37013853873367,5760051.626308116,439.8574726676596,5929928.9642316755,439.3075088968204,4845322.398777306,0.0,2886960.3171422835,0.0,21976417.927156262
2641658.300549585,0.0,4388714.593979919,441.6000084228517,6272389.887710995,0.0,8865419.728001183,441.35034050515117,1946559.9193224036,441.1685192347515,24116066.548432253
2343049.7518373514,440.5828756479575,4507768.265999044,0.0,7654387.744087717,441.4282406595334,4628944.253618291,441.1302398112484,1100836.429348205,441.6233535909239,20236751.209600314
2154327.9496110086,438.84107201710316,6238910.805308864,438.6606428699825,5842657.458784811,438.8778070954094,8322535.602390396,0.0,662308.1865095898,0.0,23222056.382126655
2369592.2835395182,0.0,5938128.704315383,431.716697445381,8945896.330755128,0.0,8683596.768230593,430.15616473595577,1241890.3464706682,429.0359792811304,27180395.342152756
2241997.930087887,433.2333033000787,8910576.510313725,433.4970169525977,8614106.333265513,436.490447260143,7944760.896933471,436.2276170362411,1771685.1895417168,438.36235694138827,29485304.670883805
987381.4246689407,431.80336560528133,8763950.212188605,0.0,7863801.489907671,432.921124147443,11515573.13136076,428.85995833386585,2383639.6596713555,429.0115689968528,31516068.513814416
830631.2657977995,430.08770451301723,5232445.988132653,429.1702397706619,5797055.437012362,0.0,6202642.269398088,0.0,1421541.2022259247,0.0,19485175.42051111
636583.1249052698,0.0,4747682.36741043,442.6615550737419,4649553.242449711,443.0284000249102,6062069.835875013,442.2454755454958,2994415.5183402104,439.8773662407579,19092071.90177752
487967.2231699759,437.4673615966992,4642482.663700356,0.0,4312762.261208631,434.25692664788227,5569149.676541783,434.61409617281413,3435872.2942318507,437.1247547333186,18449977.581991747
307253.91822266055,440.6869342747422,4306461.900089492,444.15483402981204,3971751.420572262,440.81835559029673,5017769.7751481505,0.0,5115247.538863361,0.0,18719810.21301982
97383.62000977353,0.0,3899576.8143798765,432.87486193588836,3473164.816525135,0.0,3919784.4539949773,431.8407844092821,5087542.176859689,429.6690555358736,16478746.266471334
337248.5728474779,430.09726006765715,3844949.619944386,0.0,2448420.776323058,436.76591202704856,3218210.8921949174,440.6807607513654,6776015.30809272,443.49079178753846,16626596.20412719
481711.97283227183,443.8120469465995,3442869.4015001813,444.8877088657525,2437829.896063961,444.65031756384127,3088171.3220706224,443.71178808320667,9105853.400741987,0.0,18558213.055070482
2791619.0946297864,0.0,5025993.158967421,443.3982948268663,2908518.744736263,0.0,4100793.582363448,0.0,9963953.208336864,436.07955397098385,24791757.26688258
3047484.0450788257,436.3631067203614,2862820.5268471157,436.2463328620415,1499453.4702680483,439.7529408552535,1518272.213542936,440.93218228659174,7924386.330119653,442.0285574646852,16854611.908976767
3780606.028326147,442.6846232598394,2148408.81678269,0.0,423298.4266777882,442.3021190129859,580819.9296894176,443.73662849669194,9656718.470309254,439.4534558459999,16591619.848611914
5444156.698944048,0.0,1872941.049314375,438.99149519985974,184688.4173910616,0.0,109928.1552081266,0.0,9420117.527891088,0.0,17032270.8402439
5713436.788362137,437.8858280321274,1470322.6958948679,436.3353022539496,638691.5675849111,434.31969344056785,1231018.761520682,440.2147736943332,11236713.254185267,440.2568416126623,20292372.079986896
5729582.197851353,440.190999731285,1183335.4837858046,0.0,924765.7942246329,440.96540488660054,1381723.2771060728,440.46836189946526,11526868.148046684,440.9871374931495,20748037.512918558
5389457.381238918,441.04432862992,889878.4838262799,441.07350955248234,2544160.7647616696,0.0,1518652.1888648942,0.0,8233126.69727999,0.0,18576157.63380993
5039312.98545302,0.0,586632.8263763052,436.6516689147028,3471893.5953955846,436.5795162609269,2959149.592772577,436.40387409557866,10797789.498732751,436.1984122135023,22856524.332201723
4824896.029623791,441.50297322735736,212357.55679655264,0.0,2128480.596807809,438.63072911583026,2978033.718558489,437.98394749585896,8562055.364484305,438.42488408754014,18707579.808804873
4205599.427749175,436.6756303847921,165357.42870335994,435.94999861415226,3675628.2229012186,438.7259320986417,2629987.8905542595,0.0,12079662.22173475,0.0,22757546.54320386
3718628.1867592456,0.0,826031.4636151436,442.0016760035329,3848466.546157221,0.0,5502713.196272457,443.3505475085471,14359785.540392507,443.3383438115896,28256953.623763897
5606683.941900504,439.42774987487894,4495754.050258464,435.2416407026246,6116771.0302378405,434.5647512008311,5825060.304152677,435.0016464355319,16379306.819054963,434.96377184982964,38425755.345164515
3861460.694019018,431.11800923023156,2884663.313114849,0.0,7999097.201690565,436.48249812790436,6667235.759362114,435.8867597561435,16332198.626604343,436.4536376413111,37746395.53569565
4138193.2527727843,0.0,3367807.946449668,443.50847511393556,6068839.577604147,0.0,5609860.876608079,0.0,16590879.618277304,0.0,35776024.7801871
2684568.981982264,426.1125550507881,3735101.293492641,426.49484280561376,7607840.757448099,427.3213335503972,6318212.988260366,427.5339497390115,12100049.531417346,429.4800543210909,32447910.495336186
2710841.840583132,436.0988238800694,5412189.250317238,0.0,8424423.294506013,436.29123848737675,8503068.132945025,439.5934526913191,11016214.347470107,441.8316319319779,36068490.6809685
2413976.678618307,441.38159403430876,4316971.858640303,442.1949653099612,7504152.57568411,0.0,7946065.707713671,0.0,10214840.770379096,0.0,32396891.16759483
2422705.175108518,0.0,6776021.485324907,428.5097174571978,7237396.552660511,425.074234592672,6752012.716358983,424.2783100400956,7393432.5618458865,426.83229444951735,30583273.185855348
2122958.1889280267,431.0270018913013,5605240.992049188,0.0,6496899.404777782,438.5330838548349,6167407.458061477,440.58740729847267,6653603.001368001,433.1234163394826,27047852.31609386
1951701.6795528622,429.04557959214725,5401362.4622278875,428.852558748555,5793690.52321666,429.3279293069413,5248283.763610828,0.0,5300277.043563101,0.0,23696602.698238987
2255295.2897167206,0.0,7448254.415445302,432.1412960465904,7577862.606948911,0.0,6616680.950515288,432.9708414482241,5934532.062768488,433.95589840177456,29833924.393430606
2731643.3325888854,432.8965490252406,7434071.679686617,442.08553367915243,5552146.447300971,442.65707798288486,7418142.289662842,441.89098213705637,2655915.5259122713,440.8836129023216,25794119.68890731
1557132.6205881278,435.9747328302132,7833455.235654634,0.0,8742037.67474904,436.92174274242535,3872905.6782664494,437.060415567195,430540.4328729045,437.42915148649774,22437819.028173782
881362.7051508725,0.0,8328757.938007033,440.19321339270016,4149612.1262790975,0.0,3365773.9267369607,0.0,649912.1204138044,0.0,17375859.00980116
677667.0505982353,440.4953463098564,10337273.435538173,440.60100280936314,4894661.642573872,441.70697085206814,3086656.400255408,442.0679636379606,1081234.5094625768,441.8781797638184,20079699.787891634
520189.5499487388,439.86698676072564,7107724.081065786,0.0,3687465.9156068577,437.6101858195641,2789146.9659087155,437.74853461670426,2576315.188001493,439.4641036029114,16682596.39034239
236184.29974812904,441.42243348842106,6387972.264727856,440.9091998127971,3163020.791453971,0.0,2559548.9420366227,0.0,2711341.2597667924,0.0,15058949.889366673
154090.504889535,0.0,5541410.511312032,436.64901721401804,2328919.808645753,433.7021835410111,2199014.608021849,434.1167505531939,2442019.2354165027,431.4101197631736,12667190.546356743
425278.4186257194,430.5279761314141,4701413.42644249,0.0,2017436.6408615862,437.78327827879303,1808277.0332207314,437.47648738656557,4954786.264388034,436.7960457930902,13908934.367326152
1354977.6498021134,438.5090136222595,4343745.227738367,436.8296906013958,1762722.9061326555,436.08512695592356,1490424.5111097707,0.0,2658657.274026033,0.0,11611838.992640119
2789579.6063267956,0.0,4250886.299904759,438.82787185041457,1469026.3845814767,0.0,1244633.4294984012,437.2496913268547,3538910.905713691,437.2881550310818,13294349.99174333
4662067.232583488,436.7066989724757,5182337.157979893,0.0,1978818.6183591844,434.691231861919,236746.35553048013,433.49580352680744,8412654.613768669,429.49278971947564,20474358.364745792
3933875.5136347613,427.21116127945254,5171567.087013724,426.4311558210437,394813.19052544737,429.52733485436613,1219692.4339631845,432.77111044330286,9479022.63254616,437.2103798667434,20201124.008825544
7405624.236818964,0.0,2903909.7026008805,441.33263536139776,35165.03333910422,0.0,1550025.6380928792,0.0,5952465.987998318,0.0,17847631.931485504
6609339.829180534,439.39236112626725,2630724.5846240455,439.8311428790519,434573.79125718423,431.6082260993944,1115965.4114282622,433.3087372171436,5847751.184402603,434.0702324717972,16640533.01159242
7209809.387813798,432.5404300985172,2155628.0972122005,0.0,1043670.2170483557,442.80272719894657,3195626.770435321,443.1888298586606,10753945.284433778,442.8756851787569,24360441.164615788
6753403.727489688,443.5782451956444,1516047.5133685872,439.49748910460886,1217949.3692835341,0.0,1930054.2030351842,0.0,8072751.592876935,0.0,19491089.481788233
5592044.782285214,0.0,1230403.343292596,434.53032893032895,3039086.0406094617,434.9645236384848,4117208.3719055303,434.1072963733218,6786942.816225929,435.5042258663994,20767424.46069354
5612073.46153678,441.46966957958693,868048.3807134037,0.0,3010209.5005624085,442.64247940269405,5239251.259110821,443.3070077954918,8418320.864097064,443.61822142064676,23149674.503398675
5292307.469911144,443.6528276873315,473140.9380884418,443.0991893874484,2841148.1739767944,443.0128021050561,4028448.996638351,0.0,6911610.468930454,0.0,19547985.812364366
4735436.638239073,0.0,89511.89610678647,437.7492960625162,2327697.0226961854,0.0,4500103.813232477,437.77242624139274,14681368.686282288,437.3488559722167,26335430.927135088
5761789.393305082,438.1885202371521,1719181.7658321888,0.0,6035861.6252422305,428.4441508605206,5703388.701558065,422.365665388758,13363184.898176696,422.11186562639165,32585117.494316373
5512143.38727424,420.0687294401117,1683775.4477316104,420.46070391655553,3701043.975612209,424.57778648519434,7002891.695163909,435.69687034373953,15085624.385115445,436.1531477410663,32987615.848135337
5205353.709561578,0.0,1069803.403847945,419.84963735663547,5004733.853213439,0.0,9131266.520593584,0.0,17144791.970331166,0.0,37556369.30718507
3151022.483095081,428.3701275876479,1697572.5904179288,439.155911167418,6100106.622708731,433.999959472819,10129666.563846404,435.1711760628241,15635873.56907661,433.1122350415307,36716411.63855408
2916632.9482231275,427.67017877778534,2494221.2352733426,0.0,6014051.449812206,432.1270118189264,10206270.5744494,435.6884786547336,16674093.94219282,437.97746835035485,38307003.613088496
2586558.7405042737,443.4613878309827,1917465.1570806277,441.02954639103444,8151455.151226209,0.0,9714394.371988412,0.0,9646798.968485678,0.0,32017556.880219422
2379758.3905597287,0.0,3048931.674850563,441.298777020774,5853743.0749029545,445.04850454274157,9787220.080846682,445.7408083913074,9934983.597459925,446.16033012833225,31006415.067039933
2311009.79647742,445.44967216313916,4825537.205941052,0.0,7452192.838686398,439.41336351709504,9473007.140101457,439.07574659188754,6702719.8591753505,438.6248997537881,30766229.4040637
2163670.555425216,437.05927699146685,4933519.067820789,438.92823217697304,6548939.48532326,438.17555003029605,8078933.3704230515,0.0,5340209.743567255,0.0,27066586.38561877
1838185.9963229522,0.0,6912800.977821147,436.8727255998774,7494212.81040979,0.0,9500953.244685773,434.8654039307677,5091999.02070179,434.3538012156417,30839458.1418722
2510308.7434056615,438.1248210084114,11563025.146416316,0.0,8197041.894307338,438.55830312335127,9712568.680974822,438.0016708437761,177593.32893628624,434.85760780419866,32162287.336443204
1121684.3655087932,436.2734642081978,10861417.873972481,435.79957685618956,7805039.477948559,439.36023806556886,6635692.714057671,440.1861875006696,787288.5170758788,443.7752637997972,27213318.343293816
750145.8788236182,0.0,7244377.701812042,443.6250640394957,7510768.736263913,0.0,7370047.064646521,0.0,1552948.6861202563,0.0,24428731.69273039
582960.7747607167,443.4660765727089,8397632.783114852,436.80684947645426,6371922.15364138,432.78246020131076,4605444.327257094,432.7490638443031,2348417.72411325,429.46255583289053,22308553.02989322
390487.6800480698,426.620375393295,6018609.239897948,0.0,6371229.6706337165,435.1755030065942,3908902.3052403796,435.8469381304658,2459566.491470263,438.45553367560143,19150531.485640585
207221.82870997558,441.1508286755303,5578793.515975757,437.50044439653993,4584936.28650721,0.0,3247793.0193386073,0.0,1671469.0880374406,0.0,15291092.389842061
13705.108029100877,0.0,4530294.041454542,443.50183148892074,4068908.5981294233,444.25813615408447,2744899.8397470284,444.06969980838926,1750548.3315655182,444.5567473608344,13110132.305340424
567956.2217336687,444.2591164802555,4573992.928700276,0.0,3448588.2855218374,444.5459495576546,2226188.666914621,443.8115577690051,4053166.57451758,440.91711787357536,14871666.211129664
2064463.1295578426,440.6112241005485,4402547.349783998,436.56266513951357,2884411.6638399614,436.2463328620415,1614859.7738693424,0.0,2908314.126893172,0.0,13875909.46416642
1128049.0595899895,0.0,4055833.1866818396,440.8951025060689,2401863.566395517,0.0,1080463.9193403148,435.11606209083584,5674474.048913905,432.5696118410013,14341992.361698005
3882431.85813707,435.82853960006486,4549951.904409079,0.0,3531554.0200708983,434.1585972642348,493946.2615468292,436.3761590184849,9643589.562158428,436.1043028906452,22103216.073921077
5663568.192999726,428.6330625544902,4782106.75940124,429.9890498625306,1049826.9449980317,432.7482266759524,1387044.6985097164,0.0,8112862.800059384,0.0,20996700.76630719
4282444.21102494,0.0,3938493.6726223244,437.31456119444744,635301.8111133662,0.0,1410732.6888240003,437.6835359462901,6773628.941436814,436.12206338856527,17041912.445181973
4398051.409604271,439.1659697218372,2531197.519142207,441.323831693037,1112.6198050532917,436.8929189511181,3528993.4280857057,431.39052248998377,10306042.687768882,432.84126520011694,20767579.278914176
4633439.953169573,433.8618191472649,2291544.569181816,0.0,633929.7004677415,437.356266630866,3757443.130527266,443.009292724451,10636533.31833986,443.0507264588044,21954647.949791215
3483274.0989176817,0.0,1885671.5812372153,441.4336608237603,1248047.922229208,0.0,3280556.781037666,0.0,7259176.179563487,0.0,17157167.996646084
3606967.484483422,440.49418976731283,1463507.9972425199,440.10102842812654,2043772.2161660234,438.585818361008,5787231.520920834,435.33434256438824,7481143.97915275,434.46431346009757,20384812.17765813
3640808.2531560287,434.60246250834604,549587.2534391793,0.0,1788169.4938802691,437.6480470171475,3756491.568165941,441.60407669779056,10795927.8987244,441.1628155661477,20532739.48476761
3498643.2851968524,440.18416639518637,110794.9145174587,435.4395152098204,4175860.9774761028,0.0,7105926.471777778,0.0,5488711.248375887,0.0,20380812.521025684
3582817.9399065054,0.0,465164.3562837862,439.8661218261668,4943038.929066896,440.4150774004373,3408593.177498162,440.75408251192704,11711425.861738937,440.76537237127377,24112802.065148395
3678983.4711095784,437.7744252604881,1529411.2652225695,0.0,6503454.856913552,434.7420137233359,7488119.139300061,434.3405885023032,12901515.22225576,431.23888871158,32103222.05071772
4232459.877261282,434.97833821764107,2862678.204051121,436.1540926236002,6600511.049787082,429.6378799648311,10561543.521201301,0.0,14486786.893816518,0.0,38745280.31642811
3399460.852557298,0.0,5417398.102784867,438.1519958092695,4490172.48689352,0.0,8690639.315100808,440.3112434033116,14161592.606471067,434.3039531971486,36160576.130999975
2416194.410041841,426.6092561345322,4682822.120870371,426.3366089645921,6889073.061679671,427.6639103371174,11768809.951684708,425.7896572370134,11147777.592332995,431.66134433277574,36906815.19738659
2060656.2870855224,438.62690656585465,6989058.039299882,0.0,5372937.885085832,435.7509054759706,10517778.87466035,436.50426429801695,14482853.631510152,431.52450351764975,39425027.12422159
2088730.35008568,0.0,4893092.265760195,431.1988035117607,5322990.420379249,0.0,11783020.244107112,0.0,17222426.316413425,0.0,41310690.79554917
1807750.5801332751,432.09418022622174,9107855.639743581,434.71967199734326,6408619.023012977,433.47638963798846,9049028.43634094,431.8405065229762,12654040.78774617,433.1473648949127,39029459.745090224
1531557.6730718312,437.9444086366979,9378110.41819626,0.0,6917461.499655429,436.9159587161359,10908864.508447528,438.4629818862264,10071255.5892848,436.15428160059827,38808999.16628669
1222347.998935425,434.1931479439044,9363880.152421165,423.5802510175734,7291939.989385928,420.2548875575269,10207765.688101165,0.0,7759353.535736831,0.0,35846565.392867036
1764848.3441963934,0.0,8594680.538684947,422.37337448115045,9097479.782543363,0.0,11764101.51990376,433.8177861192335,7361725.040128672,438.294122474944,38584129.71074021
588215.4443059604,438.28353133672533,11326471.934682872,0.0,7710229.157383289,444.16306507486235,11711994.435276559,443.4693978247538,2121377.980203885,437.93764487230357,33460052.805491675
448936.42229596793,438.6672378247245,7071173.429836601,435.75863934859115,10417091.614724118,435.26798848432594,10197634.40938216,430.819379560802,292129.701821798,434.423157716207,28429140.51446358
272764.2207907305,0.0,10223759.186711058,435.68904437641504,7147284.381144655,0.0,5726296.43501578,0.0,521321.3608478527,0.0,23891861.27355445
236196.62014580192,444.13269011354,6119179.663303016,444.3484423483836,6166584.776825828,445.3127173184081,4773356.37196113,445.1300777758198,1266022.640217041,442.83340753240856,18563561.829787906
39974.10505262658,436.5378641698756,5354219.7712908555,0.0,5725109.017604289,435.240135211443,3748733.7404597714,435.21764817657515,1514325.6242366785,436.8558518366787,16384106.110143615
386100.2972983709,0.0,5108765.020096619,444.17394228089927,6007146.616692739,0.0,3044668.819022611,0.0,1704269.1625373594,0.0,16251394.08958998
1041574.2223131071,440.02359596263375,4880968.083956345,439.69512382891764,4825626.71228789,439.55947679026417,1475011.206307927,442.85259707650306,4065230.161945142,441.49745454306225,16290614.015058612
1730524.2911183396,440.10429946748513,4417989.231451289,0.0,4396955.893834413,434.0094089779577,581700.2925564558,433.57067528381344,4594270.70048621,435.6084438456311,15723183.702274282
1960644.221311566,438.3882247883309,4014645.7319412483,440.82260251986725,3706455.5514544942,438.70795889372164,255357.40302074634,0.0,2532944.9192445986,0.0,12471365.745758856
2895320.0131490147,0.0,3306589.1606948334,431.9553040023,3093549.7367559387,0.0,1008777.2336780211,431.998403555094,7195962.027672136,431.25967314277585,17501493.38533064
4918355.991219433,429.4443259403866,4963822.676413788,0.0,3411314.6993490146,431.4885266645263,3043446.7958759842,432.53150907777257,10179243.352754967,433.2485930964403,26517910.228567965
6373386.232685891,435.38913522118327,2164238.914426114,440.37008949946835,1191372.3245439325,443.07373771474573,3697262.4386214907,0.0,9737034.812717332,0.0,23164613.555957194
3640590.0702331173,0.0,1789113.7042885479,437.36367754065935,546830.665017723,0.0,3793589.9270711457,436.0753034850009,8948741.890560132,437.7492960625162,18720177.445447754
4998027.455296141,439.28258678612644,1274054.4550239742,439.7292167476043,23091.8463171969,438.54311389832503,4557297.697887177,434.64515360183213,9790561.155118784,432.6964215595775,20645217.50613587
3459324.579461281,435.2287502715767,583851.2843697073,0.0,499882.18240114633,436.6436192085671,2806252.4278108645,442.8262971084161,9456014.672938483,441.5145919610659,16807081.360240035
4762085.122030636,0.0,158797.44766224842,440.46547090872457,1084362.3850580521,0.0,4249443.063071915,0.0,11365208.283236105,0.0,21620336.766529866
4848148.955719623,436.07700366945096,390609.31914627284,435.7272339866503,1202984.9963970901,444.1492488515526,3737268.1409748676,444.15826359484174,6503410.67923396,442.0898050604143,16684624.293026974
4850053.64289178,441.2383286179887,620951.5947401754,0.0,1194306.2779303927,440.51712899539257,5819140.198835421,440.18570628339495,12986863.652331438,442.6309958629472,25473079.938888967
5039478.694343767,442.9929163500885,1202374.481877518,443.3045674817285,2181277.460377211,0.0,7338069.634750008,0.0,10887772.196946003,0.0,26649858.765778337
4897821.11774672,0.0,2354590.941616436,438.3850746658654,3389417.3861941984,438.6493650011014,5396381.070124213,432.896269778521,12666848.515351744,438.1416975933246,28706807.103440348
4972424.303590395,441.0319617218172,3190967.7937378534,0.0,5644337.733309244,441.17093608796836,6851841.011453312,445.70982256317706,13695611.556216158,445.21827741197154,34356955.52930474
5427024.313328094,444.37345218219684,4652529.071756233,443.1472727480835,5900343.995746103,442.8881557035712,8181724.917101558,0.0,14783359.321964914,0.0,38946312.02877754
7482980.309516563,0.0,6168894.48624977,442.9980825755539,5959144.226290765,0.0,12114757.502414176,433.1832460913227,12109928.436611917,430.7247200338202,43837011.86713189
3824788.9038884616,428.6399982626724,7811237.865780821,0.0,5267127.036334684,432.481799711545,11661876.214243548,436.6457973350557,12700108.039052201,435.4591053438245,41266871.28600037
3389847.9624433755,436.75378388597915,6709681.914754378,436.80732333444996,8283266.910100968,437.5506485456677,12255250.368598966,433.1498810447409,13867664.347671524,436.8601175525785,44507892.62532358
3198616.3724963316,0.0,10003932.009510677,434.1718925388584,8667300.623952186,0.0,15642340.897518288,0.0,13525454.825385787,0.0,51038078.90075581
3007929.435126704,435.3575948080571,7625901.7721921755,435.36296106319196,7013591.432789888,429.6331123351797,14869788.131946733,428.14247499163713,16523983.519169815,427.85058872158004,49043350.63795723
2469665.4569062362,434.07369524505214,9446956.548739905,0.0,9837241.219098039,444.7433376837168,11696289.94784306,444.5441826943459,10134497.98134916,442.07990334814275,43586416.59505537
2515781.1500670547,440.9573885103391,10004225.661023395,435.2514266491753,10606358.691857418,0.0,11156022.14526091,0.0,8057150.304792729,0.0,42340414.161816664
2432056.3321549804,0.0,9855749.074387738,440.44089901956323,8131701.857905721,437.82221677100813,10954255.228425212,432.3592011624266,6219293.018712173,432.096869632367,37594798.23077241
2138267.0475132056,432.24251850099284,8304726.191500099,0.0,12051618.978104137,440.0942940884322,10976231.28680206,445.73498588470915,5310012.900179319,445.84030794128705,38782620.31620524
2996650.361770468,439.7339229459898,10041305.62103796,436.3520412531208,13056866.319779577,435.76316662092444,9744409.726558464,0.0,732721.7215151115,0.0,36573265.5997924
2009018.3078143725,0.0,8966937.40871546,439.7320980815972,11580726.881822262,0.0,9483469.723473884,430.8834619534998,400770.27919505734,428.5177436763669,32442221.73432475
1147956.8904899382,426.6173921206356,6018229.166104859,0.0,9427761.862010228,436.3466505877656,5735899.288808573,436.804290661043,1508696.5735497288,439.5894213776,23840283.138718072
866284.832095568,440.5470114047873,4737151.172045318,440.218046424734,11429813.23309086,442.69464942357246,3821159.5731545524,442.6696335320283,2192704.074318807,438.1205305585157,23049317.134576455
545409.1104336458,0.0,4361734.887942433,439.0870463966249,6321029.458850888,0.0,2787034.8528723773,0.0,2543322.5076676123,0.0,16558969.904813353
328028.64133398986,441.01012809290614,3686255.640728782,436.4648028851,5275673.859863334,435.2554728902789,1112887.1491697158,434.2209610221156,1729674.5831682284,434.2376318474791,12134701.063260788
32599.884504593567,433.9211984212786,3164223.0144670038,0.0,4783100.891568847,441.30380707422,99408.30385470929,442.1872926491296,2423814.446587148,441.4097550291154,10504905.363035476
800361.8827146516,440.8019477675991,2446501.8267712058,953.4892814112619,4279310.707577503,0.0,1135346.794421066,0.0,5352455.765445329,510.55420582626584,14015881.82236476
1600433.1092545097,0.0,1875688.1691012124,434.0834287414537,3427237.827653568,434.3912884656836,677761.6712439371,436.97228837316715,6287766.95467072,436.0307256018021,13870629.209655128
1134654.2524508694,438.91158200730723,1253831.5698623394,0.0,2846580.621513818,443.6806925881834,3145132.167078746,442.2169164177649,8353212.531838917,443.22697951320157,16735179.178915214
3176486.308071846,443.2183928289559,1257891.486963899,442.3895902536845,2474930.9327984974,442.0992218061178,2538640.8651347063,0.0,6934011.784323263,0.0,16383289.084497102
6913221.2397923,0.0,170268.6187218072,442.8503565871284,13463.571876107468,0.0,2602355.907259608,429.85069732088715,7822753.142933174,427.54375533031833,17523362.725392237
7712257.820678924,427.0979651989774,475123.55871829943,0.0,562823.688910489,420.22418597797133,4813128.308376821,431.29903048729284,10036030.33764519,435.29678649404696,23601077.63229788
6062511.781076888,434.50575832930105,1815435.2326759764,437.2217737653374,714311.310033619,438.8177331311798,6253019.765132235,438.3409777043895,8762165.883418553,0.0,23609192.858580202
7316929.314471987,0.0,1638937.5239574236,434.57863420457033,1200460.7738424118,0.0,5321018.639857126,0.0,5987098.166053065,422.3867552981241,21465301.383571517
4786408.718937819,417.9164974878503,2089207.842789509,420.24585205542587,2223480.6067589284,427.2767137358853,4542322.776853552,434.90824064941177,10744477.938384822,435.7096942232699,24388033.94072278
6106385.155829247,442.398728134315,3153787.9459275464,0.0,3402995.4036484784,442.9340493851334,5920250.136480476,444.3532479410821,13741070.04141865,444.4479098806066,32326262.81723974
5525215.452012112,0.0,5680521.935848632,444.3016668049639,3951736.866826012,0.0,8324534.882575679,0.0,9924587.100066978,0.0,33407040.53899622
5427624.848096791,427.7852236619613,3126964.2351463255,426.92633704870644,5986844.758020746,429.57068448904164,7830268.389828909,435.26187175069555,8547619.85410113,430.346221565471,30921471.97553242
5238789.973093059,437.2583331994004,4519179.258571023,0.0,6436224.0604280215,435.8073124565982,12552757.018668463,436.4257270308458,11132894.981522841,436.4396345837386,39881591.22329068
5769020.352663885,433.05326324805554,7015449.40315873,434.6655169234841,9636690.193929275,435.19431680598757,12831069.449831791,0.0,11815252.260085953,0.0,47068784.57276662
7014668.720982007,0.0,9563023.943312045,433.021128984107,10616091.153907906,0.0,11790024.467590708,427.97546513066516,14895572.19358279,428.85922749926084,53880670.33519707
3549510.851520824,433.62147583703415,11444897.325362457,0.0,9752460.044949716,431.76706444896814,14472915.379849903,435.74468085106383,11324851.557389451,429.9810602662839,50546366.273353755
2915334.5363362883,426.66160306935376,8567698.193478398,426.46015136594326,10991257.949685818,426.96508849713297,12955477.22581863,427.8749579991954,11060337.705607148,434.3772299886533,46492247.9499572
2687322.8404396735,0.0,8531873.475002311,431.7701201783728,5250959.1410859665,0.0,7932818.166048252,0.0,19639076.409744363,0.0,44042481.80244075
2545648.2349500502,437.61808095582467,6517219.9280266715,440.9573885103391,8236797.02420568,440.94811692057806,10688681.60946674,442.1623340627792,13712621.360566305,440.51134577148554,41703170.35448167
