378128563000.3046,13704436647.613325,535971753274.4694,12517213545.17887,567089675442.5133,15284776778.22032,562745924483.8485,15208996786.596031,594464440053.7402,13749215433.075935,2708864995445.5605
1987589.3045111233,440.8455759665133,3634010.936182438,440.144614209437,3524429.2462039464,0.0,4466313.356637137,442.29677466978217,5504682.171614822,442.55782662245923,19118790.85994094
4527347.224399294,443.66866625427605,3284009.307844116,444.5330910399663,4722747.050447879,441.61153539653253,5638118.942879942,441.49851954156884,3130430.9664533515,438.6073170428831,21304863.411153857
4344777.3551591365,0.0,3824951.6002019597,0.0,4000558.962275863,436.23678569973714,7521674.918340382,0.0,8462612.635164352,0.0,28155011.70792739
4577607.6277446225,442.74235292746425,6442301.90069909,444.53475966056425,4780317.460279135,0.0,7372492.107691009,443.7149174309985,8110661.781157048,444.3956201137838,31285156.265221044
4522404.917233762,445.0240088913469,5918464.999288512,443.9337878514921,8286497.498395432,443.3330720223095,5704187.5916447835,442.91387837910975,9161425.720349008,442.25344167441,33595198.18510032
4283540.590600177,0.0,5256845.55059852,0.0,8157344.154272412,443.31911214888447,8401922.43173667,0.0,9163403.20140268,0.0,35263499.24772261
4042312.2323932187,443.49108486985375,5003339.369222584,443.3359031528184,7076822.421145643,0.0,9291684.373254366,442.58662439383204,8244688.1405781675,443.5035900761721,33660619.453796476
3525204.604866639,441.6517392155125,4127164.8288470306,441.3055482732831,7064836.145007284,439.28996727034695,7026165.476397567,438.646019982012,8226721.517204932,438.22276145742387,29972291.688359648
3093226.542354638,0.0,3484349.712578446,0.0,7136476.263017171,439.56638671754746,8039609.143787572,0.0,8571331.621511148,440.34167575448583,30325873.191311445
4414135.331671296,442.4293525078673,4751126.925369775,442.48380630868235,6912868.8842446515,0.0,7163595.104296038,439.7787809535626,7446915.267124041,0.0,30689966.204645567
3473485.871030463,437.4874198235809,2361177.9012959474,438.0630466361289,8147017.599939404,436.38391510170106,8468655.359870134,434.0265314068234,6991167.797654086,437.45329341655656,29443687.94399642
1829057.4227976794,435.63370489660747,1694636.6104239929,435.08728798779583,4724026.712729993,437.2743832975864,5205802.204571464,440.95275266672184,4048965.4371269494,437.64091186841466,17504674.9766908
1149429.4981296326,0.0,1221807.4142178104,0.0,2721686.534648065,437.81145801098927,5468656.140552542,0.0,2124809.103098749,0.0,12686826.502104811
753408.9875175343,959.128716476431,770601.4068145776,443.6104015432871,1505330.0932231112,0.0,3370642.7736812127,443.3252621945688,1368560.3775894153,443.53026369271134,7770833.233469759
91573.27423062395,442.945158839659,260111.76150655784,443.0385392618276,533229.6718671155,442.6905610301256,2763077.752683943,443.0446815252984,501350.2211375758,443.16658705543364,4151557.566953529
836246.3765155508,0.0,452596.24498615705,0.0,98551.10490927912,441.76783854629525,2377057.733575385,0.0,683115.9473839503,0.0,4448009.175208868
1138143.362278334,431.79993895974627,810582.9165880992,430.8895484668522,1752950.7421841898,0.0,1381955.9447368865,439.97599573762625,1843231.0127127802,443.0936307266084,6928609.737614181
3454220.005611141,444.12171695557606,1672045.1528138493,445.35527268158273,2377859.4595359755,445.13932922184756,1111347.4318092905,445.17161387557934,2766554.000604784,445.44927792761797,11384251.287585704
3436154.5240258747,0.0,3364731.3453207063,0.0,1833544.535301849,437.6866759946328,867385.782930342,0.0,3910724.373798864,0.0,13412978.24805363
4152002.391138697,430.7917239856387,6131830.7301568575,429.8875030721259,5148480.320277945,0.0,389142.6334676688,435.27768150660125,4981660.345304103,437.35921196237774,20804849.7364658
8535238.033789301,437.19604338809324,5689317.844095653,438.59546861973087,6809335.951312577,438.7333894988988,1543941.5864188012,442.92674083737955,7058358.615599852,443.4693001401601,29638392.952158667
5493042.702106969,0.0,7296128.204089668,0.0,7015719.973055033,440.65732222985616,2150428.6788808224,0.0,8033031.554614535,439.52166797945415,29989231.291737236
6784364.107987163,440.11661440471215,5451629.241858603,440.28976994016307,6460284.04362505,0.0,1862955.5604796773,445.30050385522236,6206992.164901731,0.0,26767550.825740423
3696735.018289454,431.89609090201157,4401453.877139013,427.7259669090481,2821009.0889594764,424.1738120224856,3018907.4992312873,424.13735263279085,5413728.632618471,428.6391769170926,19353970.68863708
3135919.3271366954,437.27324360678233,4188604.860461394,439.6876336988177,6580084.624272242,443.01689645270216,2386201.6155298874,442.82318028221243,7736586.651790009,442.86925533880634,24029602.749399606
3039418.0009853463,0.0,3948197.7208254565,0.0,6156764.164683585,441.27333831462863,3770938.2908332017,0.0,5228642.423611058,0.0,22144401.87427696
3086929.272670052,441.98459778457317,3855082.1456871117,441.4852558357497,8473496.858086618,0.0,3852204.50943414,440.7971221698454,6541149.689985845,440.30585076718575,25810627.048690323
2571232.0536815017,438.5157950474081,3642818.0200821823,428.93515625515994,7413474.021946217,429.1852441172295,4034733.711888218,427.8159491159638,6214973.051445869,427.69688984552687,23879383.008078367
2532849.5860735932,0.0,3489133.0499894395,0.0,6543224.540948108,442.4267273954309,3920105.4157290673,0.0,5099646.4612140255,0.0,21585401.480681628
2536865.5321912747,444.3081383056904,3057212.114843644,437.33403540829937,5632405.979315988,0.0,6554899.7073983485,431.0623480481107,5651292.564564056,430.51416660002025,23434419.117001675
3461356.449068377,429.0385393220595,5298824.720268314,435.563961356106,8314410.337577402,439.7560146111644,6722912.515608307,440.0891953683287,5835859.597940975,440.1477896699393,29635548.2159637
2627674.2587279696,0.0,2233271.4827740816,0.0,10082761.512275781,441.98285122293214,6280122.356178485,0.0,3215624.2119959863,441.320929461767,24440337.125732984
1352738.0730333764,442.8832843212308,1644374.3598048023,438.3657930847077,12056755.496622603,0.0,5587077.776370916,439.139722652167,2434367.086464196,0.0,23076633.181095954
1027658.4347351871,431.7606753363396,1077890.5752742975,428.7276265362042,9052286.275864786,428.5716548259139,5749572.429219638,428.7512740515158,2233247.8927803286,428.77629395388146,19142802.195398945
757621.2954763819,434.93783673255115,800821.2971807246,442.38677119649265,6568878.465048939,438.51990220969157,5214867.975732599,436.82248733317016,1504429.2372382437,436.8929189511181,14848807.830593312
450422.1340860876,0.0,551517.9919431483,0.0,6173677.344033864,442.7421581983896,5039763.847338202,0.0,800230.5635503932,0.0,13016054.623109896
151958.3170627357,443.6975109940024,272129.53737675026,443.9159727123652,5955384.915260439,0.0,4953079.405883715,439.140010011855,254997.48936458732,437.04409654858915,11589313.462538494
455958.0905950766,436.9463028547294,263842.5749440055,437.1886381581176,5494572.754059267,436.2772458484374,4443262.537060063,442.2170135514034,257807.38857025953,441.0379518563208,10917637.01238094
1485260.299732655,0.0,678393.678672142,0.0,5218977.115300217,436.6826393751123,4158084.760387811,0.0,1317083.311792493,0.0,12858235.848524693
1890921.5332195542,441.9275505762409,2862191.313244309,443.41186905021743,4084493.316667577,0.0,4179966.1638323865,443.1386891518658,2460967.4805258843,441.5971994196166,15480309.882797908
2047860.5774607027,435.7215758441721,4587332.359244019,435.2888807785993,4875571.556396679,434.7186394520807,5129134.946290361,427.55564975308897,4557769.366471315,424.4851335971133,21199826.575742498
3237430.4069878957,0.0,5863316.689326988,0.0,3708064.6262717396,413.60341719081015,5990864.306962612,0.0,5652971.692011067,419.4789896496344,24453480.80396714
7065407.275883312,420.81954284507924,6524126.527324529,423.08017161378825,1705205.9981942733,434.10018260848756,3021929.820064941,439.70030945309423,3829782.8749541016,0.0,22148170.196627673
6265418.932486524,442.11698851152744,6708442.209643222,444.5931692744328,1223508.6931461408,0.0,2643150.3328440124,441.47799502048775,4229519.340213166,441.26008813515637,21071808.956574004
6012030.261080414,440.5304309866644,6027047.993698519,440.7503193540019,464276.1381966723,443.5024176831216,1949643.7026376952,440.31711767511774,7785983.531314672,440.1255624085789,22241186.85277608
4798279.454323009,0.0,5224629.001999029,0.0,154194.0850209241,433.1230436202497,1361381.990443146,0.0,6784559.9731593095,0.0,18323477.62798904
4793057.873899412,435.81938808909024,5160032.478780762,442.1302902038362,458807.99060458445,0.0,1273412.1591472102,437.8213598592372,7861864.823725069,437.2557690916858,19548928.352964286
4416004.448413459,434.01726828576335,4921688.076115988,433.7666591904049,1244841.396385319,437.5807004800363,964106.5876724077,438.8274892487298,6217555.561915088,437.255104327928,17766377.5177238
3919777.0880945865,0.0,4721948.955587224,0.0,2425259.7717755586,437.77204547792064,645089.517871307,0.0,6669585.92702615,0.0,18382099.032400306
3983109.623131364,443.2604512425065,4908177.078881541,443.9138193308745,2927184.410368217,0.0,335698.12987049413,438.13521377978486,5859261.167539588,438.67889895463094,18015194.398174513
3969419.873158169,437.08707891147776,5087168.669600654,436.9844286526682,5662201.404343951,438.65309236818285,398162.47335368925,439.1081153822833,6881138.048329751,438.0413153515704,22000280.34281688
3995366.8182964134,0.0,8235400.599137843,0.0,4612632.161130414,438.92220352137855,1693576.1038875235,0.0,4817234.759398684,444.14885691449314,23355093.512911316
3869348.088527992,443.25391263569145,2206195.350421691,438.27742496714984,7338893.3276578095,0.0,1792131.8516364591,434.5164490126794,3133616.7718782066,0.0,18341501.437908772
2457363.109769271,432.87802644012913,4262656.098739817,437.5343879858886,4058057.382652951,440.608620519101,3583859.764472636,440.18253027576975,3132711.151460325,440.5339012034637,17496839.244561423
2152232.8355518915,442.11019233535325,2587257.5782826124,442.96698956667797,3258820.7374588843,442.24926427833816,3988223.238214706,442.27462131530433,2752061.8473667502,442.44160344447926,14740808.279545784
1954594.1158886766,0.0,2102524.7254742444,0.0,3939791.7546149488,441.1573053823067,3591233.430162582,0.0,2342965.420344893,0.0,13931550.603790727
1594190.1132738425,441.69243487158604,1644723.7286115803,440.40158969880775,5955379.932602495,0.0,4038188.658890667,442.8129535044027,1999578.0877094378,442.8220114836977,15233828.250077581
1214380.8051256195,443.452303676027,1340889.0612243458,441.17799345091703,5125209.59640167,440.65992638689954,6991712.620658061,437.3582618511041,1567875.0142105494,435.16271055213406,16242264.908816164
967698.4594832157,0.0,898141.0156216089,0.0,9183052.090944557,437.7121786621213,3488396.137074662,0.0,1069419.5953635767,0.0,15607145.010666283
486488.17148275167,445.86281995235015,582168.5986037182,445.5855278417652,10333927.117627373,0.0,4305839.515181959,436.47483316744564,434704.5570487081,434.0266249757199,16144889.909750449
50483.358298391555,433.6778933405309,69668.64442996473,433.8929561729015,7946032.505586676,434.4202517966828,7300737.78068125,434.8469942498919,1141063.2585077074,430.56913378922434,16510152.954733338
1830394.6159281686,0.0,1473236.4435802596,0.0,10702943.239465257,414.1779335065807,9080338.434664847,0.0,1102625.926931618,427.1961133471286,24190380.034617007
2846360.7391594946,428.7305480957018,3034709.7354166647,436.05046341298595,12253791.300975455,0.0,8063711.607462517,441.5201110738048,1868895.4495072046,0.0,28068775.133643918
2880721.4905829756,443.155954223392,3495720.4701713608,440.12161754482617,8153458.338281121,439.9089882315307,11583755.177263811,433.40612216692523,4266699.491282937,428.8290827422181,30382540.389347114
4581089.886879666,0.0,3836535.875953217,424.05962927381637,9363021.25017931,423.50950235686724,10205287.198778586,430.39378501965695,4255774.971465488,435.43348783088464,32243422.57966075
4573675.46885434,434.8978125131635,5450663.769520859,0.0,5916502.249492304,444.15620584946834,9513356.839776386,0.0,4713592.230112715,0.0,30168669.611774966
5791329.611568423,443.9617859592972,5259959.440995021,443.4420478193374,5207440.555040795,0.0,6380339.550479232,440.2205491337569,5650016.044110749,436.21939392363595,28290849.045971055
7915086.932617555,434.33693406393553,4232902.909127243,432.7421805562571,4328338.684402991,433.6065332621448,5335586.045417395,436.64683905540585,6432430.767344096,440.1619354597511,28246522.833331678
7362951.700213007,0.0,5828820.537047166,0.0,4122084.8821686925,433.4200245464599,4939282.898013632,0.0,5306365.1269915495,0.0,27559938.564458594
7400786.245404486,437.1230463690903,5596429.372235713,443.3650951930861,3139934.2623606664,0.0,4597860.18526324,444.2404910228053,5960346.7653802745,444.5909111386119,26697126.1501881
6903382.624458057,444.4320156292253,8063829.612145806,444.01838032991526,2682659.5243672216,443.88201044715703,4770882.30082527,440.3520776492111,8195902.159027288,435.01950522797154,30618863.924812924
6002077.8140161475,0.0,8049674.416579767,0.0,2730463.001216052,430.2925068248885,6018301.337487575,0.0,8714328.55685565,0.0,31515275.41866202
8960451.489916587,437.24228427940454,8765214.681440704,435.5252350617053,1740128.9991789216,0.0,3270708.0665974584,437.46679124747396,10964145.637626328,438.0890698267002,33702397.19814041
5204581.308887851,436.6992155853046,8805350.402587594,437.97117995127047,468300.7319427779,437.89192349452935,2256553.1252422957,440.2899625179685,9180557.828175586,439.3957175379543,25917535.64483519
4197562.123650921,0.0,5248666.918906182,437.0016917741228,18090.062066458373,436.40945537311006,1553541.1398365053,0.0,6579095.711604379,438.0276867425684,17598267.394898333
4167855.096641736,438.5388152520775,5780519.010469023,0.0,1294056.9919099144,439.37155251826164,1036505.6678349782,439.1972020747091,6107779.854949132,0.0,18388033.72937463
3819456.278718863,438.6528056453892,4332011.177661467,440.37586901499856,998226.1613035933,0.0,618479.5322483868,440.7067100062234,5628640.094853718,435.92507842583626,15398568.905249123
3395071.2957748976,435.210403894543,3812427.830258285,433.7133018866299,1550417.5033554267,435.7207271354746,74528.85311605192,436.8495956040465,5269587.409099719,436.7788936743331,14104211.164526576
3084589.9224300887,0.0,3489100.7583933854,0.0,1756885.6931233045,430.0213786163855,777724.4224189133,0.0,4289052.275400837,0.0,13397783.093145147
2834293.155000853,435.6365328085324,3110791.0357848126,442.5368143975821,1843470.4135257644,0.0,1033457.1522926923,440.8416181852381,3634441.1107824915,439.0596597377243,12458210.942011744
2646746.1675046035,434.8735760743555,2460110.2326453887,434.4389066014987,2267900.707688375,434.8002256429572,1822143.216697497,438.67192131879654,3327690.647868712,440.22006784135016,12526773.977102054
2238512.6003299444,0.0,3411596.3794403584,0.0,5216878.480304882,443.8973760156422,2771807.23841006,0.0,4248194.840581686,0.0,17887433.436442945
3035057.4072732576,438.9919738096178,1747243.1325865763,439.41134950217537,8012585.295256463,0.0,2833198.3507667333,440.8310000987524,1512689.8826016227,440.5544344382721,17142533.857242502
1960170.1408294938,438.14703734857034,782151.3137079077,436.24009407500387,7008784.08333104,435.47803786925573,5918999.008768089,438.80931643715587,898788.5729355162,437.1568364969276,16571078.950894274
1060805.4550854447,0.0,264717.7209786287,0.0,9829478.441027097,434.5484304254235,2872071.5101584815,0.0,122664.06601142292,437.164430502968,14150608.906122005
721339.858186831,436.98025535550255,180163.31284457733,439.30808405583383,8025803.750030214,0.0,3329216.1483735666,441.7398256926972,909792.5467544437,0.0,13167633.644354736
521918.0686354231,442.3587769922961,612441.6380865367,444.98928674522614,4890767.611578518,445.6509218974297,7240840.663259424,445.3935991699473,1640920.010881445,441.42669206563033,14909107.811718214
353137.3651511921,441.25612290768004,1324160.9069401834,441.2443243596282,8566247.665697701,437.27523806958817,5143179.319212495,436.7558683622907,1158142.6895086304,440.9771885229654,16547065.455252424
140213.8421885693,0.0,3287476.2268196316,0.0,6072630.534222828,444.80425895191183,5971286.3131198445,0.0,1801944.5914708597,0.0,17273996.312080685
89189.94440961283,438.669722931574,3599400.209236114,438.22819857800346,7657003.653082309,0.0,10701437.643460823,435.13806838481355,4438327.184989607,435.0929296688349,26487105.764098033
1382043.2455944058,438.9851776488591,4476961.730085493,438.3988209870575,5437694.428969483,438.6516587579627,7735210.281276326,441.7802467586215,5334434.309029982,441.5839297840495,24368543.394789625
1965234.683552355,0.0,6183328.307566123,0.0,8899723.28340387,438.31339775159466,5519938.938697163,0.0,3218608.1323658964,0.0,25787271.65898316
4135726.6591011705,428.30114124093063,4540389.064003193,429.5990085319513,10496682.799406692,0.0,10927633.34865302,426.4270010192229,8011724.522398319,430.2085584168707,38113870.9292716
3929015.4164631832,427.71424474217844,8652901.77325568,430.2178435406291,10793147.261803191,433.713769056488,9819188.411344346,438.3650294926481,7922865.821229973,438.6782298566411,41119287.37321306
4582806.51279138,0.0,9323463.382683823,0.0,8445835.405062852,440.98626814775844,9277175.568372635,0.0,8459795.320943812,435.64511103263465,40089952.82123368
3698464.7117198473,432.6420255889107,12469974.156399747,427.182698012176,6070490.411845397,0.0,10215146.51404754,420.8164642290545,9688694.44718692,0.0,42144050.88238728
3393689.6053110263,427.20952952470356,9505006.477067119,432.1713516611606,7682033.139531347,436.1520138874296,6545089.316550572,433.7002215391933,10181524.786031904,437.59496708364196,37309510.152575664
6312418.250481159,437.92554682889596,8792343.139696643,438.1235815364769,5088593.078399895,438.6188794277662,5443853.286406074,437.7368277208012,7031653.289523455,438.23029715185754,32671051.679639887
5611703.345332618,0.0,7877384.889062557,0.0,4607334.595117277,430.5722646713679,4739319.1333593,0.0,8404986.929604953,0.0,31241159.46474138
6314887.576468704,426.725178017124,6854620.213323971,429.43846338928734,4190271.004139367,0.0,4105745.6091192006,430.9128816944005,7896387.365004758,435.36493813790486,29363634.20951724
5851841.0666355975,442.37918908300514,6301262.196312878,442.9553917250229,3880599.947139763,442.3370061716867,3647994.0831389115,441.42359491042015,7264756.461868731,441.99857077464674,26948664.848848548
6066224.9573351545,0.0,5800977.046451798,0.0,4221668.491229423,440.14519156248394,3536033.4289935916,0.0,7515117.411616263,0.0,27140461.48081779
6858451.779082009,430.9023675952852,8041009.307408025,430.929022757239,4253184.054692435,0.0,4482987.154424584,432.70553538464117,7095397.245264097,440.04206185260557,30732764.11985874
5444516.260253094,439.38190862980053,4447525.824727289,438.5998639278238,1868844.2525710186,440.2709944130364,1535077.449593635,436.72971910035585,8998541.459449504,428.24729812285267,22296688.47637873
7265056.440656434,0.0,2964458.393985637,0.0,1023536.6982526078,427.0852808261068,912236.8436782073,0.0,4164772.809331858,438.28200472837943,16330926.5531903
4140346.0976042496,435.7437377415916,2764826.0991521566,434.0398185940261,365703.23469400726,0.0,320499.3664848596,434.84624286745486,3523435.966944088,0.0,11116115.394678565
3680991.941596018,438.59059566373327,2456937.6688205497,438.1383603123886,353530.31782729895,436.4745492851912,519553.17139500077,433.6063464864757,3039628.973853901,433.96927480874893,10052822.852619326
3500608.8739821864,434.9578516049834,1946135.092216856,437.7495816053786,872735.068215987,439.67063781165973,653330.2782114197,442.4613424917107,2788390.775274233,439.80731425510567,9763394.73462845
3541046.9845211618,0.0,1321195.1566581887,0.0,971641.8437984088,427.5768071176082,1318641.02417309,0.0,2134356.5903352196,0.0,9287309.176293187
3489203.696321024,430.4470648905712,842501.8427938235,439.72681566478764,1452518.1706892748,0.0,2168927.3466004524,439.0136080603853,1598890.0650641108,440.0486984103947,9553790.357655711
3155666.698281053,440.0846739606586,447011.0936615006,442.6594138450765,3666658.6964543792,443.25937772665935,1494357.4788972992,435.38706377026534,859234.5983664198,432.6059551206431,9625122.562145073
3562254.4136110777,0.0,464055.0854588831,0.0,3605599.37388875,427.0162548048891,4047188.655298658,0.0,1464919.4784349736,0.0,13144444.022947147
3579521.7713020956,438.147228056522,1261520.0964116645,437.26678547110737,5759164.875181846,0.0,3509377.6853922782,437.31788593744943,1106072.2977241706,439.42774987487894,15217408.885661395
2026820.190307317,439.3892924518831,1307693.0490199558,443.42954608327005,5911972.092298661,443.0108524423001,4496491.611017891,439.3969642182124,1738159.784713539,437.12361582234934,15483339.077628382
1728750.775156991,0.0,2120434.963210459,0.0,8059985.507541045,431.90934062397827,6827498.048744069,0.0,2303150.94287825,437.2177858332785,21040689.364657268
1625556.7337187266,439.7815668704074,3575187.014680701,442.7721484940368,9139865.907496428,0.0,6087580.300682988,437.2598526848292,2525671.0774704497,0.0,22955180.847617343
1539771.5858857636,432.5297435027059,2814911.432639381,429.1317273180124,9248346.555216549,430.6462219796072,6857561.033133222,434.3277513876481,2250791.8792922716,434.9505220013118,22713544.072133377
1037214.5246204584,438.83255877519764,2626801.4626424005,443.20765994149906,8974646.786388746,443.352500162409,5657950.10074009,437.14107977606915,4402788.533100601,435.2302556839984,22701599.171546638
701781.8192073124,0.0,5653303.655549119,0.0,8179149.962106929,434.83149751263016,8706098.923094066,0.0,2538259.1475644875,0.0,25779028.339019425
446383.9694437494,440.0185950508053,6313012.804671609,439.2703184780083,12348483.047843905,0.0,6549035.132317219,435.6880072211213,6730644.977756898,434.78792472877933,32389309.696878858
95856.05192331459,438.4221153326864,4750163.433043305,439.56168410453154,12514251.113750203,439.223360193032,6310621.313843185,442.4959630049266,4240396.146165269,443.4495687345251,27913491.211416647
501158.58252668765,0.0,6389829.67585218,0.0,12754567.253931353,435.39958693324974,8632079.247494709,0.0,7360750.98474778,0.0,35638821.14413965
3252932.453021191,436.4151313949783,7862931.513746462,439.08905743978806,10250026.793813273,0.0,7604214.888893229,441.1827307115975,12255997.600533605,441.11400206264216,41227861.05092937
2674006.7167598386,440.6931079710919,8167063.9508990105,443.2151729081378,9714404.01475778,441.0664555318925,10271043.612101436,440.81333659721287,8831269.81315216,438.97924314537124,39659992.87498638
2605240.0661498043,0.0,7789778.046519366,0.0,13447105.026431186,439.3116309030295,5217993.273592129,0.0,7492103.025147251,438.75930115507254,36553097.5087718
4063166.073254724,439.3230387188213,8896594.432982227,439.066936978118,7129224.35560098,0.0,4985067.8212701045,439.5101538977415,7344627.739574194,0.0,32419998.322811823
4813429.364998909,441.09921515305416,5582556.002695916,441.31309362800005,5706351.828528031,442.1094156428087,4626429.976391326,442.8260049040956,6860671.8124164,437.36377255395394,27591643.696532466
4444900.009861157,0.0,6285180.816107519,432.9447710276274,4330993.172460581,426.5242988224781,3971861.964528628,0.0,7022826.960723469,430.7625972858908,26057053.155348487
3489035.3863918623,434.93107155842245,5372991.876978918,0.0,3498646.2444600016,443.38833441467915,3231516.529359795,444.43907960060073,6575268.358833335,0.0,22168781.154509485
6660082.580534368,442.6438418961035,5224000.7050032485,442.3716072294144,2654400.5355089586,0.0,2410637.8004798247,442.7027290898416,6492630.4141773945,443.89160156895946,23443523.64548358
4704199.4971718,441.4468246339085,4614091.497898527,441.9609233458235,1702106.2402124822,442.1345624500111,1691496.293830867,442.0971830951894,5501682.839071261,442.2502357587544,18215786.25791422
4603307.217040868,0.0,4401913.04943953,0.0,1110090.9547088959,438.294122474944,1169473.8666082046,0.0,5025284.36900392,0.0,16310507.750923892
5470202.163727701,434.78041306242153,4555787.076850673,432.5392220220826,292341.003040865,0.0,932470.7903613561,441.83764380870366,5420823.174912577,438.6834871101179,16673372.049659178
5560455.198961526,433.9703037972883,7117645.424721867,436.0521634037466,454139.21424436,431.040013770905,1356131.962131041,431.04444352618435,6606267.265802128,433.8387264022259,21096805.011511818
7012964.658224878,0.0,3137934.3786930633,0.0,1322847.6998112174,439.44367187563097,1965499.3189325957,0.0,3395162.4689923446,0.0,16834847.968325976
3924928.525856335,441.190658599912,3093673.226659967,444.07146290199097,2657433.9960466838,0.0,2579167.5656095813,443.9741219107022,2657586.121156631,443.72870664546394,14914562.400279257
3962897.411201345,444.0326780764831,1952647.2682323356,443.921160489929,2827237.217458192,444.0269001091284,3364776.3075220087,444.5752030024847,2687381.8907860015,445.1246648740218,14797161.775806436
3585256.6678295434,0.0,1485228.9848246712,0.0,4588138.476708803,444.81723144144166,3468677.7172653633,0.0,1451914.8382237067,441.3066123461412,14580102.808695877
3262154.181908856,437.93526331485606,1008806.0114807006,436.8681752432403,4394404.216262039,0.0,2625094.2884433474,434.86324353034667,951114.215137525,0.0,12242882.579914555
2744961.3695594473,442.35187618771613,676652.9477273212,442.5222237486331,3592675.812582667,444.761907076259,2710142.3513932335,440.636779403422,308397.7178491083,440.3334894236593,10035040.805387616
2560692.739198072,436.4643297699597,299143.3661165977,435.8841173375826,5279448.102404529,435.9129969358043,5806394.11459429,439.9948422718656,125145.43271124805,440.27272747153256,14073012.284038521
2363147.1835229015,0.0,819864.8958330118,0.0,4331882.675423656,443.97402400362716,5834553.279280422,0.0,684626.1505279553,0.0,14034518.158611951
2208476.7575097065,443.80784005452847,1954834.559848312,443.47613816565223,7583514.133287779,0.0,5765538.061331559,440.4904310459883,540937.8934205546,440.3203919274322,18055069.500199102
1755411.614425875,437.88992340222285,3811087.659927597,437.58954566468634,8354425.306881744,435.32182315424575,4642645.906859148,438.5042380966072,3742341.1351962476,436.6870911479623,22308097.615912076
3000705.675583696,0.0,6448776.548571261,0.0,6603860.690664551,437.4753466420108,7979994.8342294665,0.0,4173298.9095820007,0.0,28207074.133977618
1281400.715005099,433.50112398260194,3604519.6211289256,436.455908492076,8757355.834566712,0.0,7851387.025457907,437.00709863660074,4226873.801839763,440.0960257560979,25723284.058155276
1137631.3982199244,440.03936881378826,6205163.658331701,439.0501805363555,10717335.151128745,437.543326389636,9449329.10003129,441.2414231739719,2173866.9921535845,435.9823802359971,29685520.1565444
992806.5077143123,0.0,4220033.435837076,0.0,12597402.921433337,426.6842093439341,11011799.766504679,0.0,3219025.9680526513,430.51324599609273,32041925.796997394
817549.8036939625,431.22641901446616,6384116.0113377,433.79525887562966,12520264.479855532,0.0,5919285.862176753,436.1370853643452,5335932.802884129,0.0,30978450.11871133
600909.6615389446,435.0906729788623,4604210.420702914,436.8152843025027,10489290.751060404,440.01590229921106,8924052.77880766,434.4951619429922,5655505.864402956,434.70484136340673,30276150.59837577
460948.0025995301,437.720172647255,4586290.787672397,438.4897211373352,9495343.363833845,433.24160067760107,11094075.895178612,436.824288127955,3815814.809605257,436.8824902267778,29454656.017162457
27662.49530296617,0.0,8976092.369938014,0.0,8494490.999515953,441.18679130172575,10182938.183751643,0.0,5569538.188007341,0.0,33251163.423307218
356462.61530211754,439.8995684397034,6228500.1538714385,440.50103273236476,7570326.599262065,0.0,9202742.683374735,441.9603412194431,7134677.663824008,441.98061952536716,30494474.057196274
1752844.1785414664,436.7424143654307,9048965.590656212,436.4599771587932,8558349.832748158,436.8255202592574,9268484.21708132,431.87848763388234,10196398.272241937,426.2652073793213,38827210.26287589
2865518.1641444587,0.0,10417381.342385719,0.0,7933849.354231091,430.19669978223766,10261476.625873744,0.0,9834635.491357438,0.0,41313291.174692236
3129560.315220615,443.9224329821892,10965939.70774187,438.70461298093426,5498354.18895367,0.0,7742835.918760391,434.200452043686,13516123.558603944,433.0323987191849,40854563.54917721
3752662.7442895235,421.230281892001,11008120.513379216,426.78985760711265,6086907.3797079865,426.65979467086896,5573772.231992282,428.3248328573024,8995317.549240584,428.5713811310023,35418911.99475775
5452565.703751281,0.0,11887713.148782289,0.0,3651698.613069302,441.6832292454401,4510483.054404064,0.0,7978348.2475009635,435.3228585668677,33481685.773595717
3692095.095130559,433.2066419687577,7998912.025702513,432.7085114106691,3087545.279400682,0.0,3442730.8042413443,427.7536846654305,10397495.605417415,0.0,28620072.47873056
4306012.293151528,435.48510266616654,6997804.885952011,432.58866574015104,2286364.506137672,436.080026252319,2592619.2938233926,438.55276227785544,8184590.005153861,437.7402540645435,24369571.431029465
6295749.34147735,436.08890533182023,6703405.220086231,438.8322718177419,1526220.2563092127,438.31826454989596,1637494.4309156723,427.29820626375056,7373358.645067248,427.06942641948416,23538395.500930097
5790330.096364183,0.0,6309786.602558134,0.0,882927.6494699696,430.61269397469965,781765.4740031009,0.0,7310331.461048438,0.0,21075571.8961378
6042002.038675363,440.1823377919321,5967067.854391212,439.98868812397257,45385.87634874697,0.0,530963.3690427267,438.9542625593998,7103816.308199577,423.0825721619858,19690977.65451826
6016133.699759449,418.31245995078154,7582232.097896144,413.97004881240423,2550952.062891595,414.05144048452223,2623225.0981935724,417.5490804245123,6650597.31641343,433.5948600920573,25425237.753043953
7742673.601327745,0.0,4490621.769969119,0.0,1511064.249223382,440.56985972340334,3529976.724045764,0.0,5476895.508430623,0.0,22751672.422856353
6232199.671352736,436.38987423097257,4531365.195278336,440.97564309215176,3399104.3624034473,0.0,4195520.559532625,444.49677710647194,2835360.509032145,445.1110839908522,21195317.27097771
4230646.311999797,445.61067713030985,1893418.4845858754,442.6611657578983,3771635.9546750165,441.3366019641159,4634855.692612491,441.80050854111636,2105233.471571648,442.1069884961959,16638003.43138672
3857685.9184855823,0.0,1502172.6676070127,0.0,2766036.633255604,445.3225673735146,2032281.2951652622,0.0,1465380.6223637988,440.7370040803835,11624443.196448715
3649033.824424794,438.7735490892892,952043.5132313927,439.25929675431786,4368847.718049296,0.0,2982803.913942226,438.83131529559984,886114.3254953718,0.0,12840160.15930422
3445815.601559225,433.2904590980915,36272.82216253028,431.2615207447308,5537892.325344175,430.9623232843682,6697676.584562595,427.25449799452474,1857.0434273219876,430.6996565126536,15721667.845513482
2938702.761224677,435.9483938192285,760505.5752094314,436.0708641769941,3118565.0348944413,436.1832915117767,4786029.894007595,439.8968771447056,957909.7973070247,440.7224353911382,12563901.884505214
2636202.1261676517,0.0,1367540.2925510027,0.0,6407285.974918628,442.31339114211414,4724347.311949402,0.0,1185616.7931655233,0.0,16321434.81214335
2344086.269828283,433.9487895979854,1198566.051857557,433.61297712126765,2895868.752366572,0.0,7888412.5257409075,437.42259370590097,2265063.3245815462,439.51754203081805,16593741.426277323
3415263.3882514546,443.91342780921167,4953974.017290562,444.9246766655786,6242950.559543859,443.8315170904371,9208295.170464816,443.30622689216443,5013139.883457116,443.2601584649416,28835842.25501473
2805813.10795141,0.0,4125352.5629294794,0.0,7253027.505416318,432.0175925743131,10566936.759477386,0.0,4508253.3446920095,0.0,29259815.298059177
1524199.5678710032,427.3663255617278,5126032.440172086,426.39123694309603,9232264.326906804,0.0,14859069.093128672,429.52825124659813,4627509.965639465,438.4554381873645,35370797.13496997
1284386.026300994,436.0115561369238,7213924.270512005,440.97052392994993,9878849.317616414,440.3351266654739,15013154.21260619,437.595537767136,7967396.380437502,434.43806288226796,41359899.55828048
1048845.7723099662,0.0,9672541.920309518,0.0,13682447.443865588,434.5247018298131,11968394.666458365,0.0,4381110.349678274,437.4098588675905,40754212.0871824
721234.384894961,437.8723043308616,7869225.426070879,437.6235030818711,10889401.595276363,0.0,10621372.116374481,437.75786251043695,7607803.911447543,0.0,37710350.68773415
345867.4281962638,431.569274868601,9535600.463125808,431.29810652363085,10467359.310013928,432.21069001598516,9324994.395939138,433.32412560478184,5261411.311703801,440.4435969753638,34937401.75477293
79175.08873963116,440.17714079194747,10059574.275311943,441.14570544518386,8222712.651784764,441.85858968939664,8699871.823530715,440.6427588078609,9022565.64076277,441.10559369834726,36086104.409918256
405348.6555012862,0.0,9126041.414370641,0.0,8791901.273002181,443.13751868723597,8308836.823392214,0.0,11435371.631294323,0.0,38067942.935079336
1496578.6190764632,437.82593009411033,8278828.041706768,437.7940356538644,8844503.511049824,0.0,7399599.509543217,440.5771871122481,9640605.081389751,439.46045836678513,35661870.420377254
1599741.509038318,434.9346420407644,8075998.96929692,430.0899096033249,10466965.302629331,430.72379852918584,8545835.60189719,428.4039453919889,14433878.915164387,429.22687752361344,43124573.67719923
5302171.343344738,0.0,10446580.860054808,0.0,8460647.947330467,438.9465105418278,6913002.606931308,0.0,13864433.462300148,0.0,44987275.16647202
5399937.893218796,443.20717209532916,5871331.858182262,444.339321815437,10529098.668505032,0.0,8050499.813826009,444.4468306053392,14021224.804477315,444.3725694342514,43873869.40410336
3069364.2597293477,444.4880430184634,4218993.757488334,441.48680484058247,6230383.05101152,440.7029476571841,4616577.423168809,440.79171762579296,14382827.815753968,440.90852389395417,32520354.685189016
3405009.20834276,0.0,4207092.391561993,0.0,5497692.8661462935,444.3586420975195,3518183.1345369094,0.0,13895528.99481841,0.0,30523950.954048462
4792987.998448045,438.3972935754645,3519141.67327463,437.896590447633,4856538.531723323,0.0,2806965.1526709767,442.40514431863556,8525133.219367484,442.7756541184683,24502528.050166916
7318022.317131294,441.72625672951165,3144466.6873557013,441.9531617868355,4149394.2794562955,441.8639234484625,1838941.880544501,441.1825373520272,6465246.440462358,441.1306264388808,22918279.461455908
4515579.049337727,0.0,2565441.922085321,0.0,3563295.117146631,439.8713114845433,1293117.828070081,0.0,5369579.585811196,438.73367632704856,17307892.107438765
7163739.805918041,440.3633469230804,2282445.3639758998,440.7807159277504,2727254.1361079104,0.0,432386.6765575957,438.71359926223914,4145643.9308906547,0.0,16752789.771112215
6743176.17839653,440.1240229411398,2001323.2062514892,436.2962495831028,1970572.466029407,433.1852034184621,242685.3042734966,431.2590264858317,2413181.5885793185,425.32756671246835,13373104.935599387
6502256.65302857,421.5296174951257,1566156.1644395688,422.6953694831158,1496534.2969859745,426.5470712925974,1612480.453925414,428.95836968770715,1356421.2231228207,431.91962593363735,12535980.44155624
8039392.68336386,0.0,947842.8203779191,0.0,222485.44583779533,432.1346175888399,3938865.191272773,0.0,1170858.0754857468,0.0,14319876.350955684
8648723.919396747,436.67496738384256,43644.493884076546,432.48375070486827,899802.8145245434,0.0,4500869.3326734,435.81863334245406,1955632.068911848,436.353743596168,16050413.960485643
4689274.423652159,435.7099771114751,201071.44999944718,440.19128846846786,1625415.5041176535,440.4010116729134,3372210.604115501,439.51399185794895,1355254.3755400279,439.0953779810867,11245421.269071883
4027825.7221848764,0.0,1826351.036954571,0.0,1896519.0935194383,443.2714794791092,3829580.103558686,0.0,3008343.700579945,0.0,14589062.928276995
3725506.3040557187,444.8318755395332,2469319.063971564,444.91218951418824,4710021.138571816,0.0,2647251.583475141,441.7692925976224,2087057.7459226523,440.3805890652172,15640927.729943609
3218026.068513955,438.34498615247946,1957941.0784973432,435.27918725753904,3006517.2003817186,434.94582366734693,7433414.050318221,437.5633915833747,5705954.737111617,432.07414984060654,21324031.342361353
